-7626.9272	-4.3254	-904.219	193.44421	38.33129
-7582.998	-4.3254	-875.33563	243.03021	36.48998
-7649.5806	-4.3254	-926.8709	211.07892	38.33129
-7593.3027	-4.3254	-878.135	220.74756	36.54747
-7497.178	-4.3254	-774.46967	339.98102	28.17564
-7541.7393	-4.3254	-819.02936	295.04242	35.20086
-7651.434	-4.3254	-928.72485	212.42676	38.33129
-7636.651	-6.03521	-945.0658	173.12573	42.66518
-6439.9727	-21.51581	-643.861	461.8791	18.66649
-6451.2188	-21.85575	-643.34375	473.19238	29.36699
-5904.4214	-19.35933	-582.35846	359.2578	26.21495
-6453.5767	-21.60812	-674.12524	416.12878	20.82905
-5921.1177	-19.35933	-583.7503	361.1151	26.21495
-6609.956	-19.99211	-683.10156	459.11	24.32971
-6261.257	-19.14834	-617.3597	493.8371	18.24545
-6525.0693	-18.37289	-651.6369	399.6541	29.36699
-6406.1753	-23.21754	-653.9907	480.08118	19.70974
-6378.307	-21.60812	-636.38324	365.7016	30.21963
-6428.9116	-23.21754	-663.38367	458.99976	26.21495
-6241.991	-4.13811	-663.9244	271.05524	28.45527
-6091.537	-8.79305	-704.6423	247.79926	30.40059
-6124.3916	-13.24492	-656.32965	304.52094	30.21963
-6273.159	-9.11921	-705.4781	346.9604	25.25763
-5877.975	-3.11481	-686.6811	326.716	30.21963
-5982.378	-6.53195	-640.8553	313.70123	26.1624
-6640.1675	-4.13811	-766.1807	278.37823	34.64907
-6672.4453	-8.4868	-658.8739	415.1372	22.24824
-5899.1055	-2.19046	-666.7688	233.52356	32.79296
-6204.9175	-5.92998	-648.8964	333.99072	34.30344
-5722.5757	-4.19177	-651.1327	318.80988	26.7055
-5862.885	-6.03891	-639.6067	353.12994	22.13576
