-52880.508	-36.33923	-2689.9792	1309.3735	75.06747
-53634.543	-36.33923	-3416.3333	598.36743	78.19034
-53634.535	-36.33923	-3416.3333	598.3672	78.19034
-53475.117	-43.66964	-3341.0996	687.8115	77.49073
-53318.617	-36.33923	-3100.414	982.0652	77.12408
-53628.79	-36.33923	-3410.5586	660.3015	77.49073
-52296.633	-71.37268	-3178.1003	786.4756	81.83658
-50106.94	-66.74016	-2853.018	985.7888	66.10358
-50438.61	-67.1209	-2901.1453	995.6321	66.96457
-51769.797	-67.1209	-2999.0938	973.5471	68.53938
-51711.03	-69.48818	-3159.5288	840.66187	68.42986
-51771.227	-72.16763	-3125.8801	819.7761	71.37268
-49694.82	-67.2871	-2779.5771	1234.7754	67.2871
-49932.918	-67.2871	-2524.2976	1404.1145	67.1209
-50609.31	-66.4807	-3023.6306	956.1321	67.54603
