-19398.387	-6.73276	-677.87994	145.453	11.23833
-19485.184	-6.73276	-758.14307	69.527954	11.47432
-18500.969	-10.05932	-647.13666	162.48993	10.02148
-18559.668	-10.02397	-669.8826	138.95898	10.02148
-18600.516	-10.0638	-682.95654	129.54065	10.02198
-18723.352	-10.03095	-671.0108	145.61963	10.0045
-18393.19	-9.97948	-672.044	140.86078	9.94937
-18394.637	-9.93177	-676.8473	137.32306	9.87421
-18574.846	-9.95038	-596.91376	220.54077	9.89293
-18532.354	-10.10693	-660.03467	155.5711	10.06827
-18610.97	-10.11286	-693.87427	108.12042	10.83605
-18756.348	-10.01499	-685.05316	128.96655	9.97848
-18436.412	-9.7903	-653.2325	142.70819	9.78315
-18359.65	-10.02198	-671.9038	134.43787	10.01998
-18482.121	-9.87725	-682.86957	108.87268	9.86002
-18735.916	-10.09158	-664.3925	145.32501	10.07621
-18821.229	-10.02148	-659.2275	152.89581	9.89646
