-19153.174	-6.98212	-725.986	90.43744	10.71634
-19366.154	-7.1211	-752.961	76.188354	10.75872
-19088.438	-7.2208	-716.5442	110.54932	11.26721
-17616.932	-5.26688	-629.6286	147.97516	10.52996
-19226.586	-7.08308	-735.4572	97.440735	10.71634
-16250.265	-5.26593	-588.3446	138.53033	10.54372
-16015.409	-5.31131	-557.24634	216.28589	10.3097
-18853.352	-5.89237	-715.97516	107.76074	10.67052
-18920.703	-7.19792	-681.07007	145.13385	11.16288
-18662.777	-6.34508	-704.13116	101.55121	10.58253
-15504.245	-3.58887	-544.9836	148.62982	10.52473
-16036.369	-6.05475	-562.4152	155.43872	10.5366
-15364.226	-4.52438	-520.6557	185.47076	10.13706
-16244.945	-6.39062	-575.7435	189.12506	10.32327
-17729.066	-8.99944	-615.2645	183.72784	10.54372
-18581.182	-9.77497	-652.80695	162.88654	10.57639
-17238.236	-7.60658	-553.59125	231.16669	10.42737
-15369.353	-5.44151	-539.8524	145.37366	10.2489
-15580.131	-3.48425	-528.8151	205.51593	10.22399
-15856.451	-6.28013	-537.0125	190.45563	10.30582
-15692.737	-4.24264	-541.68	199.41748	10.31746
-15645.589	-5.21632	-524.9932	210.30438	10.27132
-17134.062	-6.45678	-546.1786	245.78406	10.37256
-16498.29	-6.20081	-527.0371	240.37708	10.1183
-16685.654	-5.91016	-542.71783	232.58752	9.82548
-16958.406	-6.1441	-548.7852	234.83374	10.38749
-17093.715	-5.41479	-549.88165	231.39929	10.22252
-16791.086	-5.56058	-548.0583	229.60266	10.4838
-17449.867	-4.7244	-565.3232	232.54065	10.35423
-17089.154	-5.9649	-548.7929	244.7768	10.16317
-16707.322	-5.11468	-541.13165	237.59882	10.02946
