-7496.383	-4.3254	-774.8177	339.1944	28.17564
-7659.7764	-4.3254	-944.6093	200.15216	38.33129
-7529.218	-6.82983	-875.61816	271.40125	34.64907
-7650.874	-4.3254	-943.1045	189.62964	38.33129
-6760.561	-5.27439	-746.55756	312.37262	28.17564
-7574.1562	-5.80426	-934.0022	185.61597	40.55643
-7590.793	-4.3254	-931.2648	186.72449	38.01073
-6446.839	-3.6656	-732.3262	226.01111	28.95294
-6299.119	-10.24273	-679.2256	290.00464	24.43549
-7305.5312	-5.92998	-864.6769	257.54956	34.64907
-7635.3906	-4.3254	-942.0781	204.28516	35.22947
-7392.0986	-8.4868	-818.81854	319.2802	34.91069
-7019.037	-6.03521	-751.12384	410.716	27.54886
-6602.0444	-3.11481	-807.9538	153.20984	34.64907
-7334.172	-3.11481	-824.2412	317.84998	28.07888
-6335.4004	-4.13811	-728.66376	262.53058	29.28648
-7109.762	-4.3254	-859.3841	303.0567	33.16915
-7596.049	-9.08314	-904.6399	241.19275	35.22947
-6454.9937	-6.03521	-699.4342	292.23938	26.35776
-7649.9893	-6.03521	-926.78326	206.53656	38.33129
-7496.256	-6.03521	-773.04944	336.77124	28.17564
-7525.788	-7.04364	-903.55286	199.9729	38.33129
-7265.947	-9.08314	-775.8664	326.2962	28.56166
-7625.2017	-9.09407	-918.8052	230.87512	38.33129
-6558.5454	-7.04364	-679.5098	323.58917	29.01012
-7634.513	-4.3254	-941.2009	199.18713	35.22947
-7249.781	-6.82983	-833.51117	300.30634	30.22584
-7458.787	-6.03521	-876.9978	262.66736	34.64907
-6282.266	-9.08314	-641.6142	298.30548	23.91942
-6901.693	-3.6656	-803.5025	204.56555	33.09188
-7420.839	-4.3254	-907.6064	253.74933	34.64907
-7459.5503	-9.09407	-885.77386	266.46515	35.22947
-7538.732	-6.03521	-844.8574	263.82104	29.28648
-6909.091	-6.82983	-826.0122	216.0592	33.09188
-6904.142	-3.6656	-736.27075	296.91003	28.78408
-6548.334	-3.41494	-707.6953	299.12982	27.13057
-6070.7534	-9.04912	-661.3177	336.57172	20.82905
-6881.8564	-9.09407	-751.8788	345.85437	23.21754
-7337.2954	-5.80426	-880.121	244.36755	34.64907
-6564.3384	-8.79305	-803.3389	230.6474	34.64907
-5987.867	-19.35933	-598.0651	401.57935	18.66649
-6253.7324	-14.09013	-697.4352	330.32446	24.7394
-5992.9326	-13.25628	-595.9891	365.9726	20.82905
-6480.6055	-19.99211	-658.53864	466.41083	19.70974
-6066.9023	-10.93273	-690.1863	268.97595	30.52903
-5951.4746	-11.44046	-591.94495	332.9038	21.60812
-6435.226	-23.21754	-666.8163	454.62378	26.21495
-6182.2256	-19.35933	-621.5351	373.5345	19.70974
-6275.4185	-19.25949	-632.42035	347.81854	22.53264
-6409.5796	-21.51581	-649.6145	461.71716	20.82905
-6550.2085	-17.51422	-650.41	467.32672	19.35933
-6491.0996	-18.24545	-670.0107	466.65985	26.21495
-6313.272	-19.25949	-633.4491	365.16272	22.53658
-6218.081	-12.85446	-694.39215	338.9726	21.85575
-5849.9243	-4.3254	-650.51825	267.21387	28.40491
-6364.0947	-19.14834	-631.88824	469.2685	18.37289
-6506.1514	-19.70974	-651.39105	353.6001	23.21754
-6449.6343	-19.04572	-674.97296	404.83112	16.55372
-6121.1895	-8.4868	-650.8036	327.6076	24.09773
-6244.2026	-21.60812	-634.39636	379.38544	29.36699
-6672.6436	-16.53516	-737.8586	334.90033	24.65902
-6416.586	-3.41494	-718.3002	285.87	28.17564
-6005.766	-4.70189	-672.6066	299.28003	23.86004
-6578.685	-6.53195	-741.4897	335.13287	25.30769
-6736.497	-13.81957	-671.5939	442.2495	30.21963
-7037.7153	-9.09407	-718.13184	352.71326	28.17564
-7047.7446	-8.4868	-707.5971	390.55817	27.85872
-6890.7354	-3.6656	-698.15106	359.0672	25.31491
