-9050.3	-59.5564	-1434.383	176.13843	100.28615
-9080.836	-82.88181	-1443.0432	187.56665	103.81152
-8512.163	-69.90499	-1357.868	125.113525	104.55863
-9027.099	-82.88181	-1460.9701	147.1112	102.06007
-9077.794	-82.88181	-1451.3583	185.41577	101.89092
-8941.631	-65.11522	-1429.2963	167.0769	101.22527
-9008.025	-82.88181	-1426.1913	182.2555	101.22527
-9080.836	-82.88181	-1443.0431	187.56702	101.89092
-8943.748	-102.20926	-1409.4667	209.38489	101.89092
-9059.296	-82.88181	-1434.3613	168.35095	108.3306
-9045.422	-88.20019	-1429.4535	194.29199	102.20926
-8214.104	-89.51116	-1220.2999	333.78967	89.57136
-9027.866	-100.28615	-1411.8975	258.29993	116.14337
-8974.14	-101.66351	-1447.7534	167.37292	91.96045
-8087.3735	-65.11522	-1223.1057	258.6819	90.0558
-8260.338	-68.8373	-1190.9099	319.8518	91.29944
