-1282.9324	-103.89035	-478.9095	60.920837	100.2166
-1017.6665	-78.10289	-398.8168	16.67273	98.57142
-1042.0677	-91.03468	-403.42728	20.51538	110.96322
-1365.7021	-106.27953	-537.10254	23.189941	105.8597
-1097.9628	-79.62264	-402.61343	65.57132	91.3699
-1289.4019	-100.76008	-469.8739	105.86163	97.87094
-1260.956	-99.13725	-479.72614	50.373474	98.70285
-1342.7955	-70.89317	-524.09796	21.73175	106.6561
-1192.9451	-98.69046	-471.2664	22.875397	97.93336
-1245.7245	-107.54245	-476.6959	48.965485	96.51464
-1262.1294	-83.86839	-470.8169	51.717407	98.70285
-1006.5483	-77.79311	-382.58484	58.977844	85.63253
-1179.7596	-96.35551	-436.41962	66.80603	90.92028
-952.3553	-85.99467	-358.2477	37.588837	93.1381
-1273.2777	-106.6561	-500.78574	30.220978	101.4792
-863.7781	-75.75141	-306.74042	61.666595	83.47963
-968.35455	-84.03416	-370.05685	35.55484	94.33003
-1340.2839	-103.51913	-508.22964	59.40268	100.66947
-1206.991	-81.9603	-462.90393	58.669556	96.44807
-1322.0668	-93.16113	-510.5934	40.989166	104.04767
-1084.3127	-77.79063	-400.0638	61.162476	93.7702
-1336.2261	-84.76566	-530.5672	10.773376	105.8597
-1188.4758	-81.9603	-452.081	39.777283	94.08121
-1285.9255	-104.86311	-485.81644	63.93393	93.7702
-1277.2014	-82.29756	-489.74774	40.025208	97.71368
