-7051.2554	-24.83442	-1096.6663	131.49744	68.02489
-7122.9365	-43.02202	-1130.1093	138.83289	76.21087
-6794.555	-47.54001	-1069.357	123.13843	72.06517
-6794.879	-40.16531	-1047.3264	217.03809	60.84615
-6987.884	-43.02202	-982.47	270.47888	65.11507
-6949.948	-43.02202	-1067.9443	149.25574	68.02489
-7012.898	-32.67483	-1045.2057	189.62073	64.81178
-6918.162	-32.08496	-1002.0628	217.1618	61.09666
-7106.728	-43.02202	-1119.4423	156.05457	65.28843
-7021.8066	-45.48005	-1052.7057	212.61475	68.72882
-7064.579	-37.02857	-1098.2827	147.2013	69.69477
-6976.0386	-44.34543	-1058.0027	217.98108	64.66654
-7027.9663	-24.83442	-1101.2012	135.75952	65.6203
-6476.0103	-59.06736	-999.6467	160.57715	66.42411
-6358.1807	-60.31166	-974.0597	157.6654	57.37252
-6517.3667	-57.56195	-923.12366	247.29895	55.99498
-6470.1606	-55.90015	-966.09766	186.1466	56.79358
-6415.548	-58.66405	-857.1017	327.1438	57.75995
-6484.565	-55.6672	-947.3215	228.69061	56.45317
-6575.259	-55.6672	-1002.2787	166.73547	60.23899
-6732.7783	-64.62117	-972.8857	204.19403	75.82535
-6404.3115	-62.25949	-935.7308	233.97137	57.95742
-6471.058	-58.65578	-889.2042	297.06262	57.57819
-6363.7554	-59.44316	-942.9901	207.40234	55.98789
-6542.5264	-57.96951	-1007.02625	177.07031	58.65578
-6540.099	-59.51512	-949.7374	283.4596	59.81536
-6340.446	-60.29772	-949.6461	199.33899	54.52553
-6488.176	-61.09666	-955.3063	274.77954	60.23899
-6903.1904	-24.83442	-1072.001	176.81104	64.97086
-6859.005	-24.83442	-1060.7102	148.24377	64.62117
-6677.8516	-61.65321	-821.48584	398.172	63.51992
-6977.5483	-43.27327	-1068.7693	154.96729	61.46766
-6727.2314	-43.27327	-900.5217	307.46362	60.69471
-6748.3105	-43.02202	-974.17426	231.72528	57.75995
-5974.376	-32.02541	-917.18726	134.67712	56.16613
-6615.7954	-39.63217	-1035.6207	115.99744	67.2597
-6902.4487	-47.74063	-1009.3339	252.59686	64.98129
-6752.33	-48.9174	-992.0459	251.43176	61.89501
-6592.556	-59.97424	-937.6332	273.81763	58.57526
-6977.66	-47.74063	-1008.5595	249.65387	64.66654
-6924.695	-47.74063	-1020.5863	252.9867	64.62117
-6560.3667	-43.27327	-922.74963	287.8495	57.75995
-6883.778	-54.86895	-1026.0701	226.81238	64.66654
-6488.664	-52.69304	-948.81	222.18292	56.84732
-6494.76	-52.69304	-934.8586	229.758	56.84732
-6882.103	-52.79583	-1014.4861	221.35168	68.14945
-6675.3774	-58.65578	-927.2681	309.20892	68.57436
-6882.467	-61.88343	-1007.94666	224.47668	68.72882
-6647.277	-55.90015	-937.9359	283.36243	58.57526
-6702.6885	-54.04918	-1013.3889	233.15869	58.68788
-6905.0713	-47.62929	-984.99097	221.73633	64.62117
-6762.931	-52.20088	-1012.7761	197.46265	63.87067
-6703.994	-43.02202	-1019.1178	178.34705	58.68788
-6831.2495	-43.02202	-1061.6476	153.76782	61.66467
-6797.768	-47.62929	-1046.7891	140.31885	67.69051
-6857.1763	-47.62929	-1036.6882	188.00964	64.77438
-6585.848	-52.79583	-913.30005	314.85303	57.75995
-6704.147	-44.4066	-909.0731	317.39856	58.65578
-6605.0234	-59.06736	-1033.8384	163.61084	77.16813
-6735.6206	-39.63217	-1067.4117	107.14465	67.87547
-6775.9414	-38.33417	-1042.0602	158.07397	60.84615
-6801.533	-47.62929	-1045.9614	174.33728	63.87067
-6726.089	-43.02202	-1035.2067	199.27246	60.84615
-6613.729	-45.30687	-1025.8557	200.20813	60.84615
-6681.8447	-32.67483	-1053.8545	187.63794	60.84615
-6688.5776	-32.67483	-1058.9019	149.1748	64.62984
-6400.618	-50.04527	-904.71326	301.0481	53.49115
-6438.8887	-57.56195	-921.59717	255.26587	55.64872
-6601.402	-44.4066	-894.9115	287.12146	57.20359
-6439.7	-46.8869	-909.53033	292.57892	53.49115
-6666.354	-51.52621	-1024.977	258.00427	62.68484
-6536.9316	-51.52621	-904.11017	281.66327	57.37252
-6383.445	-52.91439	-983.8161	157.7431	57.37252
-6721.9424	-49.63159	-1006.05927	207.79218	61.0541
-5312.8013	-46.10375	-805.11975	197.19305	51.90502
-5233.9927	-46.10375	-793.9896	175.20074	51.90502
-6776.0894	-44.4066	-1052.4728	129.75354	67.0981
-5406.7495	-43.29747	-849.97675	124.88666	51.12078
-6759.4595	-32.67483	-1028.0272	180.19226	59.20862
-6827.863	-52.61756	-1048.3218	206.15955	70.59364
-5526.8457	-43.29747	-836.46106	157.63983	51.20221
-6763.8315	-43.29747	-1058.8763	144.00488	66.71399
-6384.4443	-56.81541	-916.98645	247.22327	57.65106
-6758.628	-32.67483	-1034.3129	173.32642	59.20862
-6495.1445	-59.22747	-869.5996	340.09448	57.75995
-6716.4824	-47.62929	-1010.2246	195.46252	63.29283
-6595.979	-37.85031	-993.73016	244.43744	58.57526
-6530.498	-48.15001	-945.1863	233.06787	56.50468
-6207.438	-53.89002	-853.84375	316.80762	54.07242
-6525.147	-55.6672	-985.39233	161.3866	63.87067
-6730.0537	-52.79583	-1037.624	190.66553	68.14945
-6863.366	-32.67483	-1051.3678	154.22485	63.20523
-6710.314	-53.478	-1013.7411	190.17395	59.20862
-6616.808	-54.04918	-1018.20135	171.6181	59.20862
-6677.049	-43.27327	-1040.1571	197.13635	61.0541
-6709.498	-53.32561	-1015.204	167.11438	60.03948
-6785.296	-49.20575	-1022.173	196.09155	67.74534
-6471.161	-55.90015	-969.7263	217.146	56.50468
-6711.9004	-47.62929	-1021.235	178.79407	63.29283
-6303.122	-52.01514	-965.46985	156.47632	57.84421
-6409.5786	-43.27327	-990.8794	207.98096	57.84421
-6549.1357	-44.36526	-952.1692	219.49512	57.42746
-6502.7666	-51.52621	-987.8423	159.73755	56.50468
-6514.3994	-42.42118	-989.89557	163.45782	56.79358
-6305.522	-34.30858	-990.7665	131.26245	58.37429
-6226.215	-52.01514	-920.94055	197.09106	55.98789
-6594.633	-43.27327	-1018.4193	192.81934	60.23899
-6620.575	-44.31553	-954.3427	250.21735	58.65578
-6567.853	-44.36526	-935.4498	228.47241	58.65578
-6565.8345	-53.32561	-927.917	263.3767	58.51831
-6580.205	-50.63661	-1028.4814	125.26196	59.07284
-5669.74	-22.13175	-898.79443	79.69812	73.95489
-6754.4814	-44.36526	-1017.16235	180.89233	61.0541
-6622.319	-43.29747	-1047.1447	119.802734	64.62117
-6358.1655	-47.77325	-990.7774	167.1773	52.88475
-6711.949	-38.33417	-1008.2721	202.92798	58.93387
-6623.713	-59.17234	-980.5702	246.15564	59.81536
-6742.807	-58.57526	-1046.8553	164.28699	73.0705
-6499.3696	-39.29473	-1030.0951	92.1897	61.63964
-6498.1016	-39.29473	-1028.8265	85.0509	61.58285
-6386.8906	-47.77325	-1014.35785	136.87018	53.48249
-5842.064	-41.69893	-913.27106	114.02948	61.20333
-5859.5874	-39.50428	-935.13684	87.10516	78.51316
-7006.5435	-47.54001	-1072.2909	188.27722	66.80471
-6916.744	-47.54001	-1043.5885	187.13525	64.62117
-6577.497	-55.29988	-987.8315	213.82965	61.46766
-7005.2153	-47.74063	-1047.7139	176.53088	68.72882
-6852.3164	-57.75995	-1037.6536	198.8164	62.74834
-6988.8438	-51.52621	-1103.5344	150.10376	68.02489
-6670.4683	-57.95742	-994.48065	216.52167	67.0981
-6773.63	-52.20088	-1005.9264	194.58337	67.0981
-6970.2773	-47.54001	-1075.3312	177.6914	66.80471
-5836.4604	-39.50428	-929.1649	91.52893	64.1869
-6673.663	-52.61756	-949.0796	256.02783	58.65578
-6907.581	-46.5393	-1032.5535	185.31128	63.67736
-6983.472	-47.54001	-1088.526	131.0946	68.72882
-6652.3203	-55.29988	-983.0369	244.37653	61.46766
-6682.2656	-44.07455	-1028.3098	150.87231	63.11359
-6462.2944	-26.16173	-1035.4467	97.14026	71.4134
-6489.349	-26.16173	-1006.4095	115.0556	60.84615
-6915.823	-47.74063	-1004.2996	237.2099	64.66654
-6905.973	-47.62929	-1061.0752	142.39673	72.3457
-6894.702	-47.62929	-1054.6748	167.6897	66.80471
-6909.607	-43.02202	-1080.5422	134.14062	68.02489
-6440.37	-39.4376	-965.0197	182.72504	56.16613
-6513.2783	-38.88095	-961.8148	217.38477	56.16613
-6822.0527	-57.95742	-993.61194	210.73315	64.62117
-6898.3643	-52.20088	-1016.0985	243.18726	68.72882
-6398.263	-50.63661	-1021.6104	136.3924	53.79684
-6872.447	-43.02202	-1088.3385	120.989136	71.86227
-6629.3794	-38.88095	-976.30994	221.65991	57.77797
-5915.639	-39.50428	-945.5284	99.300476	64.1869
-6702.407	-53.32561	-1030.3228	156.15979	63.20523
-6711.6177	-55.29988	-1024.748	169.21289	63.11359
-6352.1514	-50.63661	-987.96155	121.45618	63.67736
-6877.1333	-51.18311	-994.8672	286.36536	64.62117
-6909.467	-51.18311	-1015.42993	284.7213	64.66654
-5832.6523	-40.51479	-925.5421	101.96411	68.76502
-6999.18	-34.30858	-1085.8108	198.46362	64.66654
-6568.0386	-30.65084	-972.2791	215.31256	58.65578
-6334.2207	-51.07157	-976.0019	128.43268	63.87067
-6284.3438	-46.5393	-980.1485	117.16217	63.87067
-5842.022	-44.31553	-932.3845	116.32178	64.1869
-6593.731	-43.49043	-1015.7288	147.21844	61.29035
-5748.456	-44.31553	-905.3775	106.86981	58.79998
-5745.651	-44.31553	-918.478	94.68268	74.48638
-5792.015	-43.53222	-911.2467	98.50763	56.60441
-5810.7744	-41.46089	-931.8984	84.55853	64.1869
-5818.3823	-41.46089	-920.1716	94.95935	64.1869
-5828.284	-41.46089	-926.0612	102.905945	64.1869
-6634.967	-26.16173	-1017.2593	150.53198	57.42746
-5831.937	-41.46089	-932.97156	75.51001	76.01254
-5811.316	-41.46089	-918.86707	94.6828	64.1869
-5886.96	-41.46089	-904.7173	118.831055	58.53434
-5950.7026	-39.4376	-950.9582	93.68695	72.38298
-5945.7773	-41.46089	-944.681	95.03931	72.38298
