10660 104.00159 1553.7759 420.36438 136.00937
10687 109.14753 1464.2837 519.62866 128.51025
10401 106.25933 1428.2593 511.7616 128.51025
10756 104.00159 1550.4702 424.7422 116.04368
10900 104.00159 1693.2698 318.1267 137.4781
10565 104.00159 1493.6309 521.20166 121.40235
10279 90.5166 1413.1833 496.09863 116.04368
10549 104.00159 1538.9954 360.25806 139.3389
10580 104.00159 1546.75 404.46558 151.38123
10385 104.00159 1486.6572 509.5979 121.40235
10890 104.00159 1720.9258 313.65967 157.91624
10613 104.00159 1531.4974 432.83618 128.2427
10279 90.5166 1413.1831 496.099 116.04368
10773 106.25933 1544.1923 433.15344 136.00937
10452 104.00159 1562.1316 333.06958 139.3389
10574 109.14753 1479.2162 513.7626 106.25933
10808 104.00159 1563.5603 446.604 136.00937
10823 104.00159 1527.3341 448.93494 128.2427
10543 106.25933 1515.644 423.19495 146.83678
10726 104.00159 1547.3895 439.36133 138.61343
