23106 83.52804 2341.4949 416.9358 129.64963
23867 97.12814 2449.0159 422.0608 139.4615
23016 83.52804 2261.7969 521.6057 128.50589
23498 82.81878 2452.8984 466.7915 127.43498
23523 83.52804 2232.794 580.36694 130.99841
22420 94.0849 2164.0278 580.19507 127.43498
22468 97.12814 2241.702 436.9619 129.38889
23701 82.81878 2350.519 544.6372 126.54963
23241 83.52804 2199.1511 568.7473 130.99841
22271 94.0849 2205.045 519.4314 129.38889
22587 82.81878 2162.0146 627.0842 118.09256
23374 82.81878 2293.5745 560.5725 130.99841
23338 89.25592 2164.726 692.9387 129.64963
22954 94.0849 2157.8667 584.9409 128.50589
23620 82.81878 2483.8745 387.06274 132.78072
22737 112.39139 2198.933 624.6509 129.64963
23206 94.0849 2211.566 586.34375 120.80555
23097 98.53947 2335.0134 413.98193 130.88501
22614 93.65816 2182.9844 578.55615 126.45553
22795 82.81878 2231.149 546.21436 122.57292
23041 83.52804 2293.548 452.87695 130.88501
23286 98.53947 2402.742 358.3042 132.13744
22944 83.52804 2248.3572 558.6184 120.50957
22673 83.52804 2221.5312 484.6731 129.22945
22515 104.50242 2208.536 540.698 129.38889
22814 89.25592 2170.0881 620.7578 120.80555
23147 109.69852 2222.9497 540.6167 130.79358
23322 83.52804 2177.2012 660.8938 122.57292
22261 94.0849 2204.591 498.46826 127.43498
22354 83.52804 2199.576 542.3198 125.43684
23095 83.52804 2217.2585 598.1553 120.80555
22894 102.731 2205.9744 579.2285 130.79358
23033 83.52804 2269.3096 567.291 125.46712
23274 83.52804 2151.4973 645.95386 130.88501
22740 97.12814 2295.7163 469.21558 129.64963
22444 89.25592 2177.5837 529.6726 129.38889
