1075 148.87637 501.1437 55.009064 168.70248
1195 190.47429 586.2782 26.51355 179.97792
1143 154.02432 535.855 79.08649 173.87723
1148 169.82553 565.33826 18.53888 181.68155
1196 182.91331 580.4972 49.826538 179.97792
1151 181.68155 568.39294 25.251709 179.97792
1121 179.97792 558.5563 5.5721436 181.86424
1159 171.42473 561.51404 51.310547 176.22375
1075 148.87637 501.14374 55.009094 168.70248
1131 176.60071 558.52954 18.847412 181.68155
1198 169.82553 574.9507 46.96753 190.47429
1161 169.82553 570.63904 27.128418 176.60071
1100 156.88438 511.35913 60.87909 173.60133
1166 181.86424 575.6689 25.257751 182.91331
1196 182.91331 580.4972 49.826538 181.86424
1100 156.88438 511.35913 60.87915 173.60133
