325 101.75065 213.90356 11.182373 105.07045
401 124.97994 263.59283 14.835724 124.97994
371 102.79917 232.55374 37.617035 105.07045
403 103.89323 249.6152 51.87735 122.26257
365 115.69501 240.67496 10.83609 122.59724
389 122.26257 248.79369 19.210373 115.69501
399 119.08111 257.694 23.325348 113.29613
360 105.07045 218.00348 38.10367 113.29613
434 139.52573 279.94196 16.244812 142.37836
359 97.1916 212.8866 50.372986 105.07045
424 139.52573 281.90408 4.318207 131.6733
344 103.7502 216.68323 26.004395 105.07045
335 103.07684 213.48703 19.520386 115.69501
