-9062.464	-82.88181	-1457.9417	155.33936	101.89092
-9057.367	-82.88181	-1441.4503	206.81384	100.28615
-8665.288	-65.11522	-1398.8771	93.89746	94.49258
-9077.796	-82.88181	-1451.3584	185.41565	101.89092
-9080.834	-82.88181	-1443.0432	187.56665	103.81152
-9032.33	-82.88181	-1462.9337	147.07227	100.28615
-8974.141	-101.66351	-1447.7534	167.37305	101.89092
-8637.403	-101.89092	-1233.9774	310.8805	91.08211
-8695.229	-97.07841	-1336.2131	210.87048	91.83954
-8809.773	-97.52448	-1370.147	233.4563	91.83954
-9017.33	-100.28615	-1431.9867	204.36621	91.96045
-8877.781	-101.89092	-1264.7955	349.85022	100.28615
-8964.787	-92.39416	-1444.3567	182.24695	91.96045
-8688.954	-74.87796	-1188.0479	448.99268	89.65701
-9010.841	-86.14455	-1394.9231	202.75696	100.28615
-8720.863	-74.54115	-1329.3536	224.3695	91.83954
-9065.29	-82.88181	-1454.1254	161.42517	101.89092
-9080.835	-82.88181	-1443.0431	187.56702	116.14337
-8652.964	-65.11522	-1403.1685	80.76233	97.52448
-8908.759	-77.65333	-1452.491	125.99866	100.28615
-8911.44	-92.39416	-1446.3495	138.75159	97.6226
-8657.836	-101.89092	-1268.3832	321.27112	97.55047
-8568.158	-74.87796	-1190.3401	428.77783	89.57136
-8559.118	-74.87796	-1202.4706	435.43213	89.57136
-8368.2705	-82.34485	-1246.3793	315.48047	89.57136
-8938.765	-101.66351	-1437.1631	162.90393	91.96045
-9009.923	-88.20019	-1433.6768	175.00916	102.20926
-8977.99	-102.20926	-1420.0573	213.85388	105.07169
-9005.083	-85.5496	-1420.0087	203.37512	100.28615
-8223.307	-84.47538	-1171.8496	378.52893	86.14455
-8943.747	-102.20926	-1409.4667	209.38489	101.89092
-8995.766	-88.21501	-1422.8396	175.19897	102.20926
-8802.061	-89.32391	-1435.2714	115.970215	97.6226
-8630.7705	-86.14455	-1366.3203	153.38452	97.34457
-8513.841	-82.88181	-1275.621	238.46936	89.65701
-9025.14	-86.14455	-1411.3616	201.7362	102.20926
-9047.099	-100.28615	-1433.3218	218.09082	91.96045
-8992.3125	-59.42687	-1422.3584	140.32776	104.06712
-8746.321	-76.00563	-1392.6572	110.760254	97.6226
-8737.761	-92.39416	-1396.924	154.48474	97.52448
-8911.441	-92.39416	-1446.3494	138.75183	97.6226
-8621.572	-79.88229	-1374.8918	114.07617	94.49258
-8505.91	-59.5564	-1284.1978	235.00952	89.90467
-8788.811	-76.00563	-1400.1539	136.84717	92.39416
-8775.545	-77.65333	-1407.71	137.78137	95.05278
-8798.763	-82.88181	-1396.7585	150.02332	95.05278
-8663.734	-82.88181	-1376.858	139.46252	94.49258
-8943.748	-102.20926	-1409.4667	209.38501	105.07169
-8852.953	-89.65701	-1331.0938	286.8169	91.83954
-8977.294	-76.00563	-1431.4817	134.23804	101.66351
-8757.77	-59.42687	-1393.4102	115.8313	94.49258
-8654.328	-69.90499	-1374.0974	126.2594	94.49258
-8154.4644	-79.35056	-1146.4868	367.5923	86.22052
-8325.105	-75.15376	-1218.1963	285.91162	89.57136
-8286.673	-79.16897	-1222.4066	288.57703	89.57136
-8418.999	-92.06973	-1222.2719	308.8628	91.08211
-8937.04	-91.08211	-1332.5189	289.0067	91.83954
-8647.342	-59.42687	-1321.2784	180.1604	91.83954
-8054.7476	-74.87796	-1176.1815	263.67175	86.14455
-8075.373	-74.87796	-1172.8298	266.0288	86.14455
-7940.8447	-46.09102	-1184.0641	266.96265	86.14455
-8893.91	-77.65333	-1437.6445	104.545654	100.28615
-8665.134	-82.88181	-1365.7756	153.07825	94.49258
-8682.587	-82.88181	-1279.2234	268.10352	89.65701
-8683.173	-74.48386	-1263.8026	299.8026	89.90467
-7964.7144	-86.14455	-1186.1953	282.66345	86.14455
-8927.239	-77.65333	-1437.8807	119.368774	100.28615
-8907.028	-59.42687	-1425.1865	116.89636	100.28615
-8990.555	-76.00563	-1444.5684	144.2406	108.3306
-8784.833	-69.90499	-1414.8405	90.17224	100.28615
-8629.825	-79.88229	-1363.414	134.39795	94.49258
-8552.403	-79.88229	-1285.9906	200.073	91.83954
-8272.859	-79.16897	-1206.5199	229.27722	88.20019
-9065.288	-82.88181	-1454.1255	161.42505	101.89092
-8910.448	-74.54115	-1445.2883	138.74573	100.28615
-8895.524	-82.88181	-1420.4646	133.46448	100.28615
-8763.45	-82.88181	-1415.8008	101.396484	100.28615
-8892.552	-59.42687	-1428.2986	94.262085	100.28615
-8343.202	-79.16897	-1215.5153	290.62476	88.20019
-8214.475	-46.09102	-1226.1008	260.75452	89.57136
-8703.962	-68.00309	-1257.3218	321.34302	89.92229
-7917.8784	-82.96255	-1175.1891	265.49597	91.29944
-8251.543	-46.09102	-1223.2789	271.06897	89.57136
-8710.854	-68.00309	-1209.9497	429.18384	89.90467
-8749.762	-82.88181	-1415.0154	101.3219	117.85493
-8706.471	-68.00309	-1237.315	374.1515	89.90467
-8419.629	-65.11522	-1288.5365	270.53894	89.90467
-8589.383	-59.42687	-1281.2756	313.27454	89.90467
-8604.221	-65.11522	-1281.0173	283.0099	89.90467
-8587.04	-59.5564	-1287.8882	282.56995	89.90467
-8591.655	-76.00563	-1280.3314	296.34692	89.90467
-8881.905	-82.88181	-1437.3618	123.331055	108.3306
-8863.053	-82.88181	-1424.6135	138.74475	102.20926
