1336.9601 99.13725 522.3906 22.52472 117.62522
1342.7957 70.89317 524.098 21.73169 106.6561
1157.101 96.52511 426.2258 84.24176 86.77349
1302.3779 100.76008 482.84998 94.68268 97.87094
1333.4037 96.35551 510.80673 39.799103 101.4792
1282.9324 103.89035 478.9095 60.920837 100.2166
1266.4753 72.52646 487.3687 60.733337 94.68919
1246.7875 96.35551 443.9394 83.04547 94.33003
1221.9977 103.91702 442.22354 81.02182 94.33003
1123.423 63.15535 417.97784 63.72946 93.7702
1363.703 94.68919 520.4366 54.768127 104.04767
1265.7849 70.08803 489.74652 33.229675 100.22431
1150.833 100.88898 439.8273 47.69388 94.01542
1338.6031 105.8597 506.40726 60.40805 101.88488
1207.859 98.6992 429.81522 100.97464 93.95355
1233.2543 94.47625 457.81903 61.677795 95.59421
1189.0507 100.22431 442.86932 67.44208 88.06473
1320.5283 98.51948 488.33243 86.83725 97.71368
1248.5109 115.86172 493.1945 11.626007 96.44807
1331.8882 115.35474 514.2185 37.961792 105.8597
1295.6003 96.17577 499.51938 43.293427 98.51948
1268.2646 103.89035 488.69214 55.485718 98.03545
1129.8403 69.47263 422.42416 64.89157 93.7702
1331.0237 96.35551 500.71127 51.300323 98.57142
1273.0845 104.86311 472.048 63.64023 95.59421
1331.0924 106.6561 515.1322 43.878296 108.08089
1280.4432 109.73079 448.24738 89.9176 100.67884
1315.1908 103.51913 499.82178 57.470215 98.51948
1085.8229 72.52646 413.17993 38.679016 96.1054
1299.068 100.2166 496.42944 50.778687 96.1054
958.06067 77.00487 366.27094 54.46277 92.52419
1303.1881 105.97981 501.09766 36.917175 104.99326
1327.8965 96.35551 511.9524 33.14624 100.76008
1118.969 80.83837 418.94196 62.719788 82.25971
1266.1969 82.29756 450.59692 119.69751 94.08121
1224.0758 78.37756 450.14435 76.57257 94.08121
1343.1921 91.36565 528.1912 17.682922 107.64108
1261.2605 94.68919 455.05188 88.97052 94.33003
1365.7021 106.27953 537.10254 23.189941 105.8597
910.22424 66.90479 338.87296 51.062927 93.7702
1260.956 99.13725 479.72614 50.373474 98.70285
1255.2183 89.64525 439.8897 88.96088 93.7702
