129434.36 122.43136 6787.394 542.2163 154.63593
129105.55 95.74289 6630.6895 743.7085 150.68959
128509.11 122.43136 6097.939 1247.6987 147.45378
128953.414 106.63748 6554.222 819.6245 149.67123
128948.93 107.81284 6625.8525 762.6172 153.41919
128453.984 106.63748 6664.2593 646.4751 148.78528
128486.84 107.81284 6610.0034 807.60156 149.67123
128804.19 106.63748 6700.9604 622.4043 153.41919
128863.75 123.81409 6618.802 840.6455 153.41919
127010.01 107.81284 6495.6265 759.98975 148.06133
127815.92 106.63748 6576.429 646.3955 148.11597
126964.44 95.74289 6447.1323 813.40967 145.10898
127164.79 107.81284 6597.159 684.3428 149.67123
128794.45 122.43136 6589.9424 751.626 148.78528
128201.25 106.63748 6554.9424 678.8164 148.02708
128035.03 107.81284 6608.6973 736.68604 149.67123
125842.56 142.50319 6467.205 765.48193 145.14844
125826.33 142.11165 6344.3853 841.1577 141.48924
126729.44 141.8037 6437.062 812.82764 140.47026
126405.35 142.46227 6355.8867 848.3862 150.57047
124563.664 138.67992 6136.6963 1054.772 138.17288
126666.06 142.50319 6391.6274 894.3701 151.3887
