8355.257 152.1388 1634.4359 103.08435 174.04405
9480.841 156.64426 1835.7789 96.37634 174.50981
7658.3203 121.94859 1430.862 167.33533 166.94402
8715.489 158.75555 1672.0518 136.8219 174.93867
9305.604 157.32475 1814.2958 117.07532 185.39194
9336.321 173.78304 1778.6079 154.6128 174.36157
9348.667 164.61855 1807.8412 124.92212 183.39262
9362.086 158.90211 1790.2843 143.71484 174.36157
9182.765 138.06628 1713.9125 203.08972 172.85611
9437.738 155.85728 1841.3901 103.401 178.80136
9231.293 168.0409 1786.7449 160.37451 173.68413
8523.138 146.45248 1631.3552 153.85449 169.66515
9059.717 154.96448 1711.6605 226.39929 170.55502
8975.567 171.60449 1708.8755 155.271 173.69032
8670.977 163.39345 1659.0604 154.76001 169.66515
8807.161 174.59618 1684.8448 185.4513 171.16081
9057.647 174.36157 1719.4744 154.95679 174.52417
9149.455 174.50981 1667.5327 229.64697 174.36157
8215.904 140.82065 1570.3748 161.02661 167.37363
8899.721 168.03444 1715.7639 131.43005 174.95355
9098.185 174.36157 1758.456 163.6294 174.59618
9019.563 173.78304 1733.9054 199.56262 170.78816
8976.316 172.89442 1694.3247 193.60449 171.16081
8913.5625 167.61499 1718.7677 136.12463 179.57294
8966.204 172.19218 1722.2952 153.677 174.36157
8880.49 167.263 1713.5808 175.83081 163.70543
8968.0625 172.23912 1706.372 160.13928 169.76923
7903.354 129.94727 1529.7838 146.57336 169.2948
9029.742 153.1416 1707.7664 202.05652 172.17154
8761.301 157.14642 1700.8645 116.39722 172.7754
9250.631 173.78304 1782.673 145.0946 175.41118
9070.174 151.0039 1616.4153 314.1847 167.57979
8197.69 130.35652 1587.8267 109.76294 172.7754
7949.2915 127.77573 1508.1993 160.26013 168.65767
8774.307 157.32475 1693.531 104.982666 182.19127
8954.57 149.38101 1657.6733 261.42676 169.23686
9340.79 168.0409 1717.778 207.2041 182.70499
9237.493 155.85728 1701.3424 256.54456 172.7754
9260.464 168.0409 1785.5215 140.91052 181.57419
9055.047 154.39069 1683.1606 199.32861 173.23671
9288.967 154.48308 1778.2668 137.43787 174.36157
9052.9795 154.0448 1709.0463 222.88513 171.16081
9131.55 136.51692 1622.5862 300.02905 168.79498
9017.644 160.86064 1736.5719 170.73096 170.60664
7920.86 120.21631 1511.0254 141.92944 169.80481
8113.247 150.18059 1569.2302 120.859985 170.06197
