7652.3516 4.3254 944.5819 194.12744 38.33129
6332.048 7.04364 699.4001 276.29028 23.61153
7084.0396 5.80426 822.56726 295.3977 30.21963
7021.8623 5.80426 768.2324 302.92236 28.17564
7652.353 4.3254 944.58185 194.12738 38.33129
7614.2305 6.03521 931.40784 186.3938 42.47788
6666.2607 3.6656 793.06085 300.74445 30.0373
7478.1714 9.09407 770.7252 345.43103 28.56166
7651.1333 6.03521 928.9427 203.93854 38.50505
7236.874 7.04364 844.54443 252.12146 33.16915
7258.1265 3.6656 844.4706 252.32983 33.09188
6830.8867 3.11481 813.0665 263.1466 30.21963
7607.5894 9.08314 893.29205 253.2149 38.33129
7615.8354 4.3254 933.4354 195.52795 35.22947
7327.245 4.3254 769.6786 318.75488 27.54886
7554.716 6.03521 901.036 188.86536 38.50505
7308.671 6.03521 866.4141 260.64825 33.09188
6727.6733 10.47395 773.5691 248.85419 34.64907
7539.181 9.08314 847.77 280.61523 30.77288
7358.083 7.04364 887.29047 153.34674 38.33129
6524.9004 6.82983 778.2633 207.70581 30.52903
7658.0312 4.3254 950.3709 174.10638 42.66518
7421.637 6.03521 775.7349 319.0445 28.78408
7152.9136 3.41494 833.26337 249.09283 33.09188
6836.6724 3.6656 750.5177 346.38782 26.20491
6635.4004 4.3254 801.3956 210.71979 30.40059
7438.5244 9.09407 851.01825 305.54706 38.33129
7381.2256 6.03521 764.11816 322.2672 28.17564
7535.8174 5.80426 829.69073 300.76337 29.28648
6399.3984 8.66173 701.9355 314.22064 30.40059
7205.102 3.41494 877.83905 183.35455 36.48998
7432.821 4.3254 775.10156 338.13342 27.54886
7593.8125 5.92998 945.101 170.95538 42.47788
7608.8643 6.03521 923.6575 218.98706 35.22947
7644.024 6.82983 937.24286 190.86127 38.33129
7506.273 4.3254 895.14276 225.64105 34.64907
6993.227 5.80426 819.61816 251.08093 30.40059
6463.4355 10.93273 710.55005 368.40527 24.15528
7480.203 9.04912 909.0306 188.38641 35.22947
7101.8037 5.80426 792.59717 282.85425 30.70149
6914.622 6.82983 795.3496 228.2024 33.09188
6764.825 4.3254 813.4796 199.59381 34.64907
7389.0615 4.3254 886.84863 292.21082 33.09188
6548.7017 4.3254 703.69995 258.1089 27.13057
7645.639 5.80426 939.51324 187.59222 42.19945
6785.5303 3.6656 806.15564 220.26013 34.8891
7651.133 6.03521 928.94275 203.93848 38.50505
7407.348 7.04364 864.369 271.92102 34.64907
5810.6724 19.35933 577.6053 401.6092 18.24545
6565.727 16.53516 663.8921 429.01038 24.15528
6839.9995 6.82983 809.7367 287.54456 30.40059
6428.9116 23.21754 663.38367 458.99976 26.21495
6174.0215 16.55372 617.82733 353.94513 28.45527
6560.5425 18.37289 658.90424 443.8437 26.21495
6150.089 16.55372 619.6823 371.82666 22.01747
5674.986 10.63054 573.0165 320.60034 29.46354
6265.4077 20.65559 643.2468 398.0232 22.53658
6254.2397 16.55372 628.4305 350.77264 30.21963
5924.941 17.00098 585.89124 346.1911 23.03474
6405.1606 13.81957 710.5909 337.24725 24.41807
5378.587 9.11921 561.4975 302.57532 28.45527
6543.0566 19.99211 707.29504 416.7567 22.6624
6327.693 21.85575 635.68146 453.17157 22.53658
6478.12 16.94896 646.73254 401.8551 24.41927
6481.2393 8.4868 701.81116 291.4195 24.65902
6605.43 12.2174 685.4243 367.3573 30.21963
6388.061 14.55034 638.44403 371.94476 30.52903
6410.1006 19.14834 641.4178 438.4577 18.24545
6042.7095 16.68589 599.3037 428.74963 20.65559
6392.777 9.08314 683.5797 301.6466 24.65902
6683.4775 8.25139 735.41766 349.54022 22.13576
6147.8335 20.29102 636.8868 361.29846 20.82905
6389.7275 19.35933 629.43414 485.51874 18.37289
6107.4844 22.6624 621.6624 395.4428 26.21495
5994.8716 15.11578 612.9324 322.23975 22.6857
6347.29 19.99211 643.58215 443.5166 17.51422
6552.747 14.09013 665.7809 410.99536 18.24545
5685.1724 8.25139 626.5557 264.977 28.45527
6024.173 11.83952 643.8212 327.84918 24.81566
6100.4546 22.6624 620.6834 393.44574 26.21495
6115.6445 17.37529 660.8584 329.98126 29.36699
6178.6396 15.49201 649.6839 354.61487 19.70974
6121.236 15.83616 614.5523 397.6712 20.60826
6434.0127 18.24545 667.4827 377.22882 26.21495
6296.6055 21.60812 630.7499 371.25317 30.21963
6454.0146 21.85575 646.4317 448.23407 29.36699
6154.943 19.35933 606.77386 511.35956 16.64856
6418.302 19.14834 636.98334 470.02618 22.53264
6532.2993 19.04572 665.0379 409.4317 23.03474
6386.987 22.6857 664.9646 446.0277 29.36699
6109.349 15.42878 665.34296 394.31512 22.53264
6232.749 21.51581 628.8452 490.20923 17.27208
6388.042 3.6656 711.9971 347.5503 24.35169
5862.993 9.11921 647.65894 261.87695 32.67904
5929.784 4.13811 673.74084 232.32947 24.7509
6389.5693 4.70189 735.2193 256.2638 30.11663
6323.491 5.80426 734.54553 204.87122 33.91339
6374.569 8.4868 720.64136 292.0359 20.82905
6623.939 3.41494 726.02075 338.22803 27.26857
6248.491 13.97221 667.6901 354.14258 30.70149
6835.2153 15.33938 673.8716 449.2671 31.29347
6932.4004 2.19046 703.61896 446.68353 26.63005
6684.523 9.90255 675.1743 398.3567 25.99143
6955.6353 9.08314 692.60095 396.71362 25.47573
6906.3403 11.44046 709.5269 464.41693 26.1624
6912.1655 6.82983 703.463 365.32678 24.65902
6608.841 9.09407 665.1624 392.26422 22.14375
6772.605 9.09407 666.07434 472.30396 25.31491
7076.2554 6.03521 711.2435 430.0182 27.62561
6938.296 9.20284 696.5802 382.4541 28.17564
6503.4214 13.2815 645.2327 406.07147 30.21963
6766.136 9.20284 673.63257 394.96265 24.7509
6648.0386 12.2174 665.644 471.02545 27.13057
