19251.139 6.03158 730.8883 78.26117 10.99273
19119.115 6.8542 689.6241 117.37305 10.95399
19263.834 5.53082 725.23926 89.599304 10.88256
19461.395 6.03158 757.631 62.05414 11.03947
16950.787 5.27826 626.83954 115.79877 10.65317
19160.938 6.85055 657.50116 165.07245 11.09099
19343.076 7.24914 699.58203 112.90454 11.21472
19264.238 6.8542 688.1031 123.4046 11.14495
19336.686 6.70746 745.4134 70.21765 11.41052
19331.11 7.34234 705.839 104.18677 11.50652
18593.668 7.28972 701.6567 98.75751 10.80787
19263.145 6.94046 717.07544 95.757324 11.249
19411.123 5.27826 738.69617 82.58063 11.02724
18425.92 6.88113 691.56555 95.75696 12.23642
19272.498 6.43661 723.3023 95.21405 11.13732
19302.246 6.70746 741.3151 73.99255 11.21472
19375.541 6.03158 697.39215 119.23456 11.02679
18229.95 9.89899 662.36536 130.59766 9.85951
18618.846 10.03394 682.7254 120.81 9.97998
18347.225 9.71082 663.579 135.78711 9.83311
