3105.7502 139.48946 957.0004 153.00323 170.43655
3082.8672 168.37735 961.55853 158.9477 174.07896
3074.124 167.80708 961.1749 185.15112 167.80708
2841.9255 137.60101 864.40826 138.60168 156.26208
3032.6104 162.65744 919.6614 146.73291 170.29402
2660.3623 139.48946 841.38074 70.05737 163.30281
3103.0422 148.9879 956.86646 133.40808 175.56256
2987.6428 158.15666 924.5338 151.8241 169.51671
3060.5298 151.46977 965.9415 110.717285 175.56256
3074.1238 167.80708 961.1749 185.15112 166.57277
2918.619 139.48946 902.97156 165.18433 158.76811
2930.6997 175.56256 927.969 87.79498 162.17918
2867.9583 172.16602 938.6598 41.886963 171.11234
3062.0781 180.30351 958.6957 126.65613 174.07896
3094.608 180.10432 945.85785 144.73248 174.07896
3014.4277 175.39734 931.1951 159.90814 171.11234
2647.898 145.97743 849.87946 55.99347 162.17918
2920.1904 156.6483 927.42316 85.643616 162.17918
2476.0315 131.08076 792.38513 68.799866 159.08867
3094.6077 180.10432 945.8579 144.73242 174.07896
2986.965 167.80708 925.55896 174.03491 167.80708
3058.805 175.56256 909.3578 202.55688 172.59387
3008.128 174.99878 924.8952 173.23004 163.04944
3036.6387 175.56256 933.2562 114.185425 174.07896
2935.358 175.56256 916.8224 101.75342 171.11234
2966.1443 163.30281 960.79877 68.989075 175.56256
2701.918 159.1573 881.487 72.54144 162.88988
2397.7234 113.53436 752.6743 92.07251 158.15666
2797.4724 163.04944 891.1162 86.50421 158.81538
3069.8977 172.59387 937.47034 133.45532 180.44133
2638.4932 161.11539 853.0049 64.61212 164.51193
2553.7734 155.60138 833.5675 36.733093 160.6806
2971.838 175.39734 934.2384 125.04004 180.10432
3062.078 180.30351 958.69574 126.65607 174.07896
2983.4526 170.43655 942.0331 114.27991 175.56256
2635.4033 135.1452 858.32416 61.643616 168.37735
2708.866 150.98149 866.24286 107.76721 152.81651
2966.491 139.48946 915.7382 169.58807 158.81538
2969.1426 171.11234 932.8626 95.11676 161.09023
3094.0127 145.06038 944.56555 133.8003 162.65744
3113.1033 172.59387 963.6561 142.24316 175.56256
3131.7378 148.9879 982.9878 116.92871 180.10432
3098.2646 146.42358 948.8175 130.9115 175.56256
3018.0242 151.46977 951.9461 103.56427 163.30281
3123.7302 148.9879 974.283 162.51996 175.56256
2737.2102 150.07303 866.8944 77.72168 168.37735
2548.7068 141.9135 812.92914 95.34979 152.81651
2900.8904 151.46977 870.20233 139.89069 160.6806
2917.4934 158.76811 853.5444 200.39606 160.6806
2602.1816 158.81538 850.72217 33.88318 168.82925
3073.7097 152.81651 967.9088 136.85645 167.80708
2647.717 152.81651 850.3489 70.055664 158.81538
2898.945 155.41624 911.4939 177.776 159.1573
3001.967 151.46977 955.7572 81.155396 175.39734
