609.0 0.0 71.0 19.0 1.0
511.0 0.0 61.0 14.0 3.0
631.0 0.0 73.0 21.0 1.0
636.0 0.0 74.0 20.0 2.0
623.0 0.0 75.0 22.0 1.0
617.0 0.0 72.0 18.0 2.0
558.0 0.0 68.0 17.0 1.0
471.0 1.0 52.0 18.0 1.0
552.0 1.0 57.0 32.0 0.0
580.0 1.0 64.0 25.0 2.0
543.0 1.0 64.0 21.0 2.0
524.0 1.0 59.0 20.0 1.0
610.0 1.0 69.0 28.0 1.0
580.0 1.0 63.0 41.0 0.0
565.0 1.0 64.0 37.0 0.0
549.0 1.0 61.0 22.0 0.0
567.0 1.0 66.0 22.0 1.0
545.0 1.0 60.0 21.0 0.0
577.0 1.0 64.0 24.0 1.0
591.0 1.0 60.0 36.0 0.0
554.0 1.0 54.0 32.0 0.0
480.0 0.0 58.0 16.0 1.0
