-7470.7017	-4.3254	-892.5532	246.38306	34.64907
-7511.5557	-5.80426	-908.94714	181.87366	35.22947
-6710.5776	-7.04364	-713.2451	299.4923	27.37853
-7553.51	-4.3254	-845.84784	269.9754	32.2121
-6376.977	-3.11481	-766.9288	196.9367	30.52586
-7321.8906	-5.80426	-849.0916	270.95978	34.64907
-7514.637	-6.03521	-841.8763	268.404	28.17564
-6982.2363	-3.41494	-835.98535	187.7826	33.09188
-5752.237	-4.13811	-698.28894	173.70111	32.07581
-7625.9946	-4.3254	-947.7665	176.88306	40.55643
-7554.6855	-6.03521	-917.49866	209.50598	38.01073
-7500.453	-6.03521	-873.7055	284.58893	34.64907
-6851.172	-6.82983	-726.5313	338.6977	27.62561
-6504.7227	-8.79305	-745.3849	275.99298	27.13057
-7557.1724	-4.3254	-926.2921	191.42432	38.33129
-6859.169	-10.19582	-695.37823	497.41718	30.19125
-7484.8574	-4.3254	-857.8164	284.97192	32.59545
-6981.514	-7.04364	-830.63434	339.8653	33.09188
-7658.783	-4.3254	-943.6159	195.17023	38.33129
-6838.8257	-8.4868	-763.48816	247.1817	29.39395
-7558.9546	-6.03521	-836.7643	264.57544	38.19183
-7607.308	-9.08314	-894.23535	214.36792	38.50505
-7517.341	-4.3254	-813.7288	297.56952	29.28648
-7533.2266	-6.03521	-863.7229	244.6836	36.54747
-7507.689	-5.92998	-905.78845	179.00903	38.01073
-7262.4497	-4.3254	-862.26044	221.43744	34.64907
-6712.1216	-3.11481	-747.5265	303.52783	24.7509
-7552.881	-5.92998	-921.254	163.0697	38.33129
-6752.4683	-11.83952	-776.5808	255.01477	30.40059
-7371.93	-8.4868	-908.2869	196.48358	35.22947
-7454.106	-4.3254	-860.7833	309.49414	30.22584
-6962.2827	-4.13811	-733.0703	387.99487	25.31491
-7634.426	-4.3254	-912.8623	187.28015	38.50505
-7176.867	-8.4868	-828.99786	277.997	29.28648
-7635.3906	-4.3254	-942.07825	204.28491	35.22947
-6897.4316	-4.3254	-760.7583	269.6537	26.7055
-7403.0977	-7.04364	-858.14343	220.52222	35.26114
-7197.8423	-3.11481	-841.9825	296.04156	30.0373
-7585.0825	-5.92998	-940.93835	175.40906	40.55643
-7649.99	-6.03521	-926.7832	206.53662	38.33129
-6852.731	-6.82983	-748.5574	340.58105	27.54886
-6476.726	-8.18716	-713.29913	371.71832	24.56118
-6128.459	-13.81957	-667.82776	293.1488	20.64232
-6358.23	-21.51581	-636.9203	463.7262	29.36699
-6086.808	-19.07155	-614.5122	367.24115	18.78206
-6473.1206	-19.04572	-639.56683	420.24628	22.53264
-6385.343	-18.37289	-639.2025	404.97925	19.35933
-6414.44	-19.14834	-635.0879	474.80957	22.69691
-5743.7686	-9.16953	-613.0099	269.37292	24.7509
-6534.4136	-15.83616	-708.2222	370.24664	23.03474
-6531.439	-16.64856	-648.7818	412.39374	18.24545
-6232.75	-21.51581	-628.8452	490.20923	17.27208
-6653.334	-16.64856	-667.70264	386.568	23.61153
-6313.0317	-19.35933	-626.18085	496.08307	18.24545
-6114.944	-16.94896	-637.99634	372.77667	18.75478
-6404.422	-21.60812	-634.12305	446.48535	30.21963
-6055.786	-18.78206	-623.9904	383.3405	23.03474
-6622.804	-12.2174	-715.3771	399.60864	30.21963
-5904.4204	-19.35933	-582.35846	359.2578	26.21495
-6109.802	-19.35933	-611.8417	436.43042	22.53658
-6586.1665	-10.98809	-716.31586	410.93854	29.28648
-6310.2275	-19.99211	-632.7979	385.13312	22.69691
-6140.084	-16.19792	-633.48413	365.79724	20.47737
-6381.906	-9.45388	-700.32556	320.19037	30.21963
-6284.9604	-10.93273	-691.4104	278.69037	29.39395
-6632.152	-19.99211	-716.1225	414.40033	26.21495
-6364.095	-19.14834	-631.88824	469.2685	18.37289
-6064.884	-19.14834	-597.9349	396.3437	16.64856
-6108.1147	-18.24545	-624.1487	380.19476	19.70974
-6360.982	-14.57689	-655.5586	360.4912	24.65902
-6382.7124	-20.64232	-652.7849	485.0432	24.65902
-6227.909	-20.79233	-628.08514	361.96942	26.21495
-6303.9663	-23.03474	-644.0043	368.68353	29.36699
-6325.75	-19.04572	-631.66815	441.8333	19.70974
-6621.808	-18.37289	-683.9535	365.81714	22.53264
-6473.267	-12.2174	-675.88696	443.19104	21.51581
-6385.7383	-15.96159	-642.7465	354.49207	25.17749
-6419.1636	-16.94896	-667.4236	434.09338	22.13576
-6618.4155	-9.08314	-709.6872	324.95355	27.54886
-6586.127	-5.27439	-730.6701	336.30365	24.7394
-6704.9834	-3.11481	-747.325	249.82599	28.45527
-6445.9194	-9.04912	-728.14276	314.94867	30.0373
-6041.2466	-4.13811	-676.5868	230.53864	28.45527
-6137.3027	-8.25139	-703.0891	242.87701	24.41807
-6723.4795	-9.09407	-670.81885	412.32886	24.81566
-7265.194	-9.08314	-739.7852	384.66046	27.85872
-6913.0527	-7.04364	-704.49976	377.77234	28.3981
-6777.359	-4.3254	-698.7441	375.56073	21.85575
-6721.5454	-10.19582	-697.4619	452.2755	27.37853
-6893.059	-9.20284	-685.69556	427.36646	29.13219
-6874.121	-6.82983	-692.8389	378.43756	27.85872
-6778.471	-9.09407	-665.08075	427.99188	24.65902
-6835.8154	-6.03521	-680.92456	397.16882	25.31491
-6652.2656	-9.09407	-697.5669	386.59583	23.91942
-6730.4536	-9.09407	-687.39325	398.62897	27.26857
-6671.39	-12.69145	-664.9021	520.7755	27.54886
-6770.675	-9.09407	-674.40216	419.357	29.02064
-6919.596	-6.03521	-684.94653	432.86267	26.35776
