-9480.841	-156.64426	-1835.779	96.37622	174.50981
-9406.226	-158.90211	-1827.159	93.76965	174.59618
-9389.189	-168.03444	-1814.5874	138.84265	186.23871
-9020.08	-143.05045	-1647.2732	253.27625	170.16382
-9176.488	-156.25668	-1681.078	228.25354	173.25581
-9345.748	-158.28462	-1806.1024	131.09497	174.36157
-9412.39	-155.85728	-1822.9601	166.80798	173.92612
-9039.708	-174.81317	-1758.7118	127.36572	173.78304
-7967.184	-137.09634	-1427.2781	316.72205	164.80792
-9114.458	-179.89862	-1712.2676	176.78992	174.36157
-8866.88	-171.43704	-1636.2745	212.30188	169.2948
-8841.368	-170.16382	-1666.8456	176.89111	170.59906
-8301.807	-131.3202	-1558.578	162.51965	163.19127
-9281.882	-179.50925	-1788.4478	137.40723	174.36157
-9114.18	-174.36157	-1745.7386	123.76135	181.34158
-8271.741	-159.43317	-1593.7954	136.38684	168.30898
-8763.883	-170.66316	-1657.6779	175.6051	171.3851
-9036.453	-172.27023	-1740.1875	176.81213	173.49568
-8990.283	-169.31198	-1727.8135	157.62573	165.6998
-8858.478	-171.97859	-1670.1771	161.8103	173.26907
-8933.346	-169.73683	-1673.4817	214.55347	171.11673
-9235.9795	-168.0409	-1802.27	122.836914	174.36157
-7794.2515	-131.62589	-1455.3602	226.95483	165.4615
-7701.359	-127.56646	-1471.1194	140.04858	162.40852
-7483.213	-113.47651	-1363.0032	342.06763	161.39162
-8421.168	-133.08179	-1637.3068	106.91675	173.61813
-9339.143	-138.06628	-1728.7064	225.59741	173.4757
-9193.951	-168.0409	-1772.481	116.628296	187.51761
-9109.21	-131.63332	-1501.8339	435.94092	170.59677
-9327.258	-163.93184	-1816.6343	102.025024	173.78304
-9332.46	-158.59926	-1718.4297	238.10815	171.55267
-8189.4683	-130.36232	-1600.6143	76.26233	175.5294
-9015.7295	-158.90211	-1642.4528	324.00586	170.29216
-9214.0205	-152.74028	-1742.676	220.77917	173.72415
-9112.857	-141.19151	-1760.0404	89.12195	178.39157
-9085.998	-170.57436	-1759.4543	110.859985	181.34158
-9421.301	-152.80214	-1826.2814	114.64026	174.36157
-9427.031	-155.85728	-1820.8165	136.59973	174.36157
-8722.805	-143.05045	-1621.2908	260.9491	165.22179
-9119.062	-121.40395	-1717.2817	174.50256	172.11137
-8766.085	-154.77966	-1648.2651	148.36499	165.72655
-9142.0	-151.49017	-1678.1648	224.39624	172.96335
