-135956.58	-49.68494	-5739.2925	1116.7241	88.85844
-135731.45	-44.42643	-5728.4883	1072.0264	88.28069
-135758.22	-59.54766	-5676.5464	1121.2832	88.28069
-116127.64	-49.95853	-4710.2134	1033.9326	98.17184
-133338.19	-62.23242	-5324.2905	1503.2041	92.28227
-135648.62	-52.14038	-5636.593	1199.1733	86.15067
-135121.77	-52.14038	-5635.0903	1175.6362	86.15067
-135912.23	-44.42643	-5738.2183	1073.4629	88.76254
-135460.66	-59.54766	-5687.232	1109.0112	86.95538
-135608.03	-49.68494	-5740.9287	1096.5239	93.30071
-135957.1	-59.54766	-5708.608	1065.9517	88.85844
-135699.61	-49.68494	-5739.4966	1040.8647	90.75491
-135962.48	-54.44828	-5736.7515	1138.7563	88.85844
-128851.42	-75.62373	-5055.0664	1601.0952	85.33201
-130917.33	-76.88933	-5005.2676	1737.3086	77.91049
-121846.33	-61.52104	-4780.123	1576.3154	90.71255
-130031.82	-80.98559	-5024.217	1584.0308	79.20037
-116581.6	-59.6211	-4536.1157	1527.5552	91.99729
-117571.53	-54.44828	-4592.6406	1530.2427	85.67068
-113606.04	-36.03664	-4590.6157	1020.8003	99.47216
