5300.396 14.37213 679.15936 502.59625 75.08501
4878.615 16.5323 652.6254 417.2519 73.22919
5228.0044 16.5323 694.6165 442.9201 70.03831
4942.5195 18.65038 664.56854 495.78546 72.09651
4311.1636 15.57024 528.326 508.71722 65.04
4781.9233 17.00229 615.293 408.04407 73.74339
4768.4033 20.35823 629.78516 401.45947 77.93007
4220.662 15.57024 494.97372 563.7355 69.95217
4990.3364 16.74877 705.9539 375.08954 75.88331
4323.2964 11.71608 550.0185 450.88116 67.82919
5174.6377 13.66481 628.4081 523.04785 67.2562
5347.041 14.33137 690.4491 483.1422 74.83624
4598.928 8.97927 615.81506 428.2931 67.46259
5164.849 14.66687 707.3816 436.0652 71.94379
5329.228 20.45957 700.26514 375.53918 78.78204
5071.979 12.02243 628.7328 505.8689 69.6888
4688.3335 11.71608 621.5311 481.62537 69.15806
4912.974 16.65635 647.8661 324.83636 73.18588
4595.727 12.02243 579.6698 629.19617 62.70852
5243.248 18.85085 672.3647 425.13666 75.84826
5294.7666 16.5323 704.00665 519.7441 71.20282
4825.6284 12.02243 661.8809 356.84253 90.77994
5019.786 14.37213 672.9481 369.08813 74.42449
5059.384 14.60834 693.178 412.41028 74.02799
4665.5615 11.71608 554.79803 511.48322 69.43433
