7772.5146 59.42687 1151.3905 393.09924 105.24814
7996.492 46.09102 1151.236 347.8495 122.77195
7780.88 54.60883 1144.2692 302.46277 92.4127
7979.6147 66.88482 1121.4788 377.01526 95.65807
7926.4795 66.88482 1147.7919 358.54297 95.65807
7513.022 56.96555 1099.4082 334.05554 94.02149
7017.684 54.60883 1039.8899 284.9192 122.77195
7580.875 66.88482 1110.3224 383.42444 93.52157
7604.167 59.5564 1111.1234 357.69226 97.58084
7573.221 66.88482 1128.2998 314.1194 101.80915
7367.5957 54.60883 1119.838 325.08997 101.66351
7724.002 59.42687 1115.5022 451.87866 93.52157
7152.713 54.60883 1007.9772 404.43103 93.52157
7690.6914 54.60883 1156.5543 325.3833 95.65807
7846.3853 54.60883 1107.1377 334.97534 112.0324
8139.3184 46.09102 1178.5045 367.93933 108.3306
