12542.926 125.02736 1748.1187 647.58325 157.69342
12542.924 125.02736 1748.1188 647.5831 151.45992
12228.784 125.02736 1755.012 457.13184 173.13945
12011.123 125.02736 1733.5498 447.85498 165.22017
12465.886 125.02736 1748.9177 652.4392 151.41685
12465.884 125.02736 1748.9178 652.43933 149.8714
12593.447 125.02736 1778.9006 570.7312 159.6638
12299.68 125.02736 1806.2959 547.8286 173.13945
12320.421 125.02736 1780.7139 543.66797 173.13945
12575.911 125.02736 1794.3336 548.69714 159.6638
12451.785 125.02736 1789.5096 607.568 165.22017
12408.416 125.02736 1758.7778 577.7654 173.13945
12451.784 125.02736 1789.5098 607.5676 165.22017
12540.514 125.02736 1781.6036 587.9098 159.6638
12299.679 125.02736 1806.2959 547.82837 173.13945
12451.783 125.02736 1789.5098 607.5679 165.22017
12398.51 125.02736 1766.6971 628.2809 181.96439
12066.429 125.02736 1722.8774 449.76343 165.22017
