14844.516 2.87054 506.85 250.14542 10.54277
14717.298 3.40294 494.8667 246.93677 11.1018
14576.874 4.2 486.02783 264.52917 10.92703
15038.607 3.13209 503.42422 267.95328 10.28591
14714.531 3.40294 499.8987 252.95645 10.71728
14846.612 3.41321 458.0429 301.31512 10.41585
15019.367 3.99124 478.56256 273.01978 10.83005
14719.919 3.67967 485.36014 280.7546 10.68597
14997.89 3.78946 500.07956 247.67947 10.85034
13896.4 4.09145 468.43848 275.1443 10.45992
14848.347 4.19524 493.66568 260.46048 11.31636
14797.6 3.58887 498.13327 257.18643 10.8379
15010.621 3.13209 482.3846 273.8325 11.5317
14976.06 3.0133 501.84933 243.29843 10.96905
14701.524 4.09145 490.93558 251.42868 10.62873
15008.394 3.13209 500.7707 248.28088 10.49857
15014.6875 2.87054 494.1451 250.29538 11.15347
14940.454 3.0133 507.47345 232.99847 10.71728
14545.29 3.76829 479.97885 269.98727 10.13755
