2579.3057 127.37373 786.51685 241.9701 165.2187
2587.0637 114.63248 753.8671 307.60504 162.65744
2428.6938 113.53436 726.22345 302.93817 159.61903
2236.8813 85.48887 670.3003 288.79736 152.8547
2211.4456 85.48887 667.5003 239.76141 158.76811
2427.8027 114.63248 706.6384 292.2237 160.12032
2573.639 138.81528 787.03796 198.74127 167.80708
2553.4854 130.75081 800.6924 130.46399 160.20096
2416.718 114.63248 732.678 236.18213 159.61903
2237.9287 85.48887 649.71844 321.9737 152.8547
2634.6228 132.36911 824.7655 240.31885 167.80708
2352.9321 131.61853 735.4719 148.0271 184.25049
2598.2832 127.88705 788.92566 191.90039 180.44133
2444.0254 124.10877 779.9424 90.479614 160.57045
