3393.9153 116.11183 891.3762 280.7334 162.88306
2962.769 112.98396 795.87024 118.49182 155.9475
3287.4465 89.53388 880.6193 156.31586 150.77164
3376.5146 119.73065 875.9539 257.56342 147.16432
3496.4465 116.11183 944.2168 171.78455 166.02493
3153.3877 112.98396 857.322 116.49609 158.12584
3276.226 89.53388 880.161 151.7638 165.67706
3264.673 114.83178 814.3069 200.52612 145.62318
3168.793 116.20982 826.07886 148.92328 167.25354
3227.4133 121.75436 834.8084 224.6706 171.1616
3245.705 114.78969 823.21594 220.63257 146.51575
3375.9321 114.78969 844.90515 281.735 146.51575
3317.7505 119.73065 853.54736 278.68884 156.002
3461.9521 109.2596 915.6015 215.30548 152.33353
3497.7202 109.2596 916.12103 228.88397 152.33353
3091.3682 116.20982 805.3812 142.56982 148.16591
3379.7917 117.03864 880.2158 247.01697 171.1616
3292.2405 114.78969 864.9154 177.297 146.81595
3304.5183 115.99861 845.2731 240.75598 148.16591
3226.9604 114.78969 860.0997 154.01605 150.91238
3411.5518 126.70641 869.4455 243.6972 163.9469
3337.1377 117.57095 877.84033 163.44348 148.68773
3161.713 114.78969 810.6191 172.33453 146.51575
2960.5916 112.98396 797.29114 135.3476 148.16591
3236.5676 119.73065 822.551 178.5069 145.62318
3363.006 116.11183 910.48315 216.04492 162.2125
3430.6104 111.42402 883.41986 250.93243 149.62454
3378.68 117.57095 861.59784 236.16998 171.1616
3383.5044 103.72846 891.8143 151.92902 153.6638
3245.2112 111.42402 829.3549 157.38513 152.403
3263.6553 109.15797 872.3676 132.76898 156.1412
