912.92664 48.6559 307.99066 149.24112 103.74289
625.36615 25.49187 196.09515 204.20923 91.9413
917.05914 48.6559 315.49713 175.12402 93.7702
995.34125 55.29372 322.26746 239.20258 101.88488
1101.0405 52.78627 385.1402 171.65753 109.09285
851.0546 40.62609 277.9111 155.2211 96.01831
953.474 55.29372 303.32166 224.47974 107.15633
759.3118 40.62609 267.5703 129.08472 95.13721
952.22504 57.20853 352.54596 103.58154 105.8597
884.52155 45.69527 318.39395 150.24973 105.64736
823.0178 49.34185 281.2588 136.16974 103.91702
943.55554 45.34462 299.0257 188.52176 104.85708
917.6329 42.64363 283.0361 253.36179 98.09978
645.8902 26.58857 206.1088 160.77316 94.37219
886.27765 52.51822 303.7444 170.54196 96.72222
776.26886 26.58857 228.78348 263.01224 91.9413
1002.3179 49.84234 298.6459 237.55722 98.5489
