7346.5527 100.83225 1273.5317 427.66138 169.2522
7189.308 97.34637 1317.2052 356.5619 169.1752
7776.219 107.57156 1396.345 362.71973 180.66972
7732.7173 107.57156 1324.5171 545.9813 169.31198
7432.7773 97.34637 1260.2473 599.76685 168.22682
7883.111 87.04281 1400.6694 348.97888 172.61366
7512.8667 109.20184 1342.2638 525.8712 170.59677
7415.3315 106.27166 1373.5789 310.64307 180.19183
7364.2637 97.2794 1254.8827 643.7357 165.34908
7720.768 88.99235 1346.411 447.614 170.58655
7632.697 103.63505 1371.6874 379.2445 171.65564
8048.5405 101.97304 1454.8083 460.06958 177.35191
7596.2583 88.99235 1323.859 504.54163 167.04324
7690.963 97.34637 1393.2356 364.6505 179.80763
7714.159 106.98147 1390.4481 397.8734 173.79985
7525.751 105.7589 1386.8824 338.78064 169.34705
7606.7744 97.2794 1370.3954 441.99792 167.58304
7719.6143 109.20184 1340.1229 569.05286 178.8994
7670.553 98.18858 1353.3274 478.5984 170.11649
7557.0664 109.20184 1336.9458 380.76807 175.19937
8022.715 97.34637 1367.2617 549.1223 170.58655
8010.9136 101.97304 1451.4292 481.9402 182.19127
7706.661 100.8534 1384.0891 419.79407 171.40999
8148.538 87.04281 1455.4015 368.89673 168.54788
7824.479 101.97304 1390.6189 502.6538 178.35252
7317.7305 103.63505 1297.3328 579.5978 168.0409
7609.779 110.10204 1392.9064 329.34595 176.70845
7712.6953 101.65858 1394.0708 459.9441 171.40936
7729.589 88.99235 1362.9923 410.73413 174.45773
7952.4336 114.42865 1398.5231 447.40857 181.34158
