108520.19 84.32993 4775.866 2014.8276 142.94437
108596.9 84.32993 4692.7275 2070.4849 142.94357
109664.98 84.32993 4770.0176 2014.2754 144.91917
106362.625 84.32993 4751.277 1930.0981 144.91917
109745.9 84.32993 4776.609 2118.3857 143.99704
107703.09 84.32993 4768.4893 1951.8853 142.94357
107146.5 84.32993 4827.2583 2034.8701 147.93602
108489.59 84.32993 4737.404 2040.7578 140.71614
107963.55 84.32993 4777.181 2035.4102 143.4619
106068.695 84.32993 4630.4146 2029.6118 141.94662
105500.54 84.32993 4643.873 2046.6182 143.92137
107747.555 84.32993 4717.586 2062.018 146.04059
106897.93 84.32993 4620.1 2140.6064 144.43617
107387.66 84.32993 4613.3193 2182.1992 143.92137
107499.086 84.32993 4713.9604 2113.3374 157.82838
106867.4 84.32993 4733.8267 2011.7036 159.64177
108765.95 84.32993 4784.124 2129.6992 144.91917
107440.586 84.32993 4710.0605 2000.583 144.91917
106673.125 84.32993 4648.501 2119.3057 142.02914
109611.9 82.51218 4689.1167 2144.8857 143.83733
109278.73 84.32993 4693.1597 2044.583 146.61469
106579.28 84.32993 4775.829 2081.4976 142.18251
104902.48 84.32993 4647.578 2134.1118 142.94357
