38306.957 24.04966 2088.9163 1710.3943 74.60427
39198.438 24.11566 2053.2266 1565.0244 77.18002
39418.82 16.78162 2095.4575 1612.5388 77.71526
38833.86 26.65704 2166.9421 1801.7605 81.64051
39614.45 24.11566 2096.621 1552.4631 89.24748
38725.258 24.11566 2066.2932 1606.0369 92.68725
38427.945 24.11566 2081.939 1615.7439 89.24748
39976.895 33.76005 2132.9321 1853.0867 86.39668
38229.64 27.91447 2137.5647 1823.0981 83.23729
40641.48 16.78162 2141.4329 1432.1262 80.12437
39011.38 24.04966 2137.3264 1704.8765 84.67525
41970.01 24.11566 2379.0254 1377.4431 94.85505
37178.27 24.11566 1966.488 1692.9963 86.39668
41342.797 24.04966 2189.8552 1462.8955 88.18596
40661.426 16.78162 2221.0488 1436.0515 93.69377
38251.42 24.04966 2117.6047 1535.0764 86.39668
38065.14 24.04966 2084.8826 1635.105 83.22143
38737.445 16.78162 2161.3557 1528.456 85.01036
38724.96 24.11566 2077.7751 1602.1741 93.69377
39344.21 16.78162 2127.8188 1583.687 79.20683
40775.973 16.78162 2125.0347 1514.4446 78.67908
38770.723 16.78162 2035.9061 1677.4757 77.13229
