106610.17 42.49723 3938.0125 2693.4788 98.08893
105213.99 42.49723 4008.5747 2270.8613 98.25299
108082.27 43.20989 3937.9045 2621.0564 98.25299
109118.74 43.20989 3891.043 2578.9736 98.25299
108278.59 36.03664 4078.9165 2736.9878 97.63332
105681.05 36.03664 3971.5337 2635.1143 97.29774
107560.55 42.49723 3904.3943 2575.405 91.62334
105283.21 43.45278 3704.1895 2736.546 93.37614
106021.49 36.03664 3984.482 2702.067 96.68065
109708.59 43.20989 3813.484 2752.858 99.03997
109711.016 36.03664 3714.5127 2594.9438 98.08893
104704.81 42.49723 3626.6733 2719.3179 96.68065
107182.92 42.49723 3806.494 2827.862 96.80206
107142.28 36.03664 3734.841 2554.411 96.80206
105065.97 42.49723 4054.5383 2877.0032 96.80206
109068.234 42.49723 3924.4097 2377.0796 99.08606
105964.63 36.03664 3938.543 2945.7031 98.08893
105865.086 43.45278 3733.5679 2564.498 98.25299
108922.4 43.45278 3882.3274 2814.1956 99.0809
108382.91 42.49723 4082.409 2692.4548 99.95872
105849.27 43.20989 3723.2754 2873.1748 97.41843
108736.35 43.45278 4038.8162 2415.9573 99.08606
108545.59 42.49723 3732.4666 2635.6716 96.80206
103134.336 43.45278 3836.5862 2615.527 98.25299
108456.55 42.49723 4077.0562 2671.3232 102.22691
109607.586 42.49723 3953.1797 2474.1948 98.25299
