13974.156 3.82361 455.01807 273.80762 10.43216
13968.624 3.54965 474.35117 259.16977 10.43887
14095.189 3.54965 462.67087 278.77902 10.22252
13912.514 3.60139 460.6224 304.1099 11.37761
14062.14 3.5 477.30304 265.79572 11.5944
13968.627 3.28024 466.76584 251.82089 10.80602
13238.46 3.82361 452.1232 271.16025 10.86784
13736.514 3.5 457.57053 263.48636 9.90505
14678.928 3.5 476.67944 256.99298 10.85495
13451.615 3.58887 456.7203 264.13724 10.61131
13886.305 3.82361 464.6671 262.66986 11.08828
14054.449 3.27414 478.6773 252.27911 10.36918
13584.76 3.79342 467.62714 254.06482 10.73872
13891.256 3.5 477.7062 243.20975 10.98954
13902.964 3.43948 466.90286 252.96805 10.19755
13952.232 3.54965 471.73087 257.82297 10.51951
13384.47 3.82361 451.11417 270.91672 9.71597
14006.292 3.5 467.92148 257.07474 10.59056
13735.398 3.5 456.43634 265.71838 10.21323
13775.372 3.82361 452.378 281.38855 11.6
13487.411 3.54965 453.72623 288.2581 10.28348
13610.998 3.5 466.29236 290.2434 10.43312
13149.3955 3.82361 446.11893 293.47934 10.86784
14105.741 3.54965 472.266 251.70917 10.84896
14155.548 3.48425 476.3875 255.00476 9.97898
14042.993 3.54965 458.74402 305.9572 11.46735
13736.556 3.60139 459.28888 281.7379 10.48332
