32352.424 52.51567 2284.1082 848.6433 88.3876
32218.21 52.51567 2296.843 733.7092 81.38563
32071.89 52.51567 2227.6577 902.1221 85.39471
32326.443 52.51567 2324.1602 788.4048 98.31315
32454.604 52.51567 2310.3276 724.2339 97.45837
31718.893 52.51567 2244.4512 886.20215 88.3876
32625.889 52.51567 2262.4563 849.9944 98.00743
32156.367 52.51567 2234.1343 871.2263 97.45837
31678.371 52.51567 2229.9595 892.5381 88.3876
31856.736 52.51567 2207.882 977.93286 81.38563
31769.117 52.51567 2243.8347 843.1221 97.45837
32156.365 52.51567 2234.1343 871.2263 97.45837
32296.691 52.51567 2294.187 871.59863 96.09931
31946.316 52.51567 2220.6306 912.49854 97.45837
31885.088 52.51567 2214.972 940.51196 88.3876
31639.568 52.51567 2243.9248 832.6592 97.45837
31663.635 52.51567 2220.5312 912.9529 88.3876
32018.512 52.51567 2226.8567 949.76807 98.00743
31674.102 52.51567 2244.011 844.80347 97.45837
31772.383 52.51567 2211.589 944.9324 88.3876
32067.266 52.51567 2246.3667 903.551 103.803
32077.418 52.51567 2211.869 997.7417 88.3876
32025.932 52.51567 2252.8044 878.3657 103.803
31665.46 52.51567 2223.343 840.6853 103.803
31483.434 52.51567 2208.3748 1048.344 88.3876
32017.934 52.51567 2273.0386 844.45435 103.803
31968.104 52.51567 2242.212 855.3064 104.28301
31886.473 52.51567 2251.2454 850.3384 96.09931
