86243.0 0.0 771.0 213.0 1.4E-45
86612.0 0.0 772.0 225.0 1.4E-45
86456.0 0.0 774.0 222.0 1.4E-45
86552.0 0.0 768.0 229.0 1.4E-45
86278.0 0.0 764.0 220.0 1.4E-45
86528.0 0.0 773.0 221.0 1.4E-45
86178.0 0.0 781.0 203.0 1.4E-45
86509.0 0.0 764.0 231.0 1.4E-45
85550.0 0.0 772.0 234.0 1.4E-45
86746.0 0.0 764.0 236.0 1.4E-45
85727.0 0.0 776.0 239.0 1.4E-45
86706.0 0.0 756.0 263.0 1.4E-45
86330.0 0.0 770.0 225.0 1.4E-45
86006.0 0.0 769.0 213.0 1.4E-45
85920.0 0.0 770.0 249.0 1.4E-45
85826.0 0.0 761.0 269.0 1.4E-45
85819.0 0.0 767.0 252.0 1.4E-45
