261.0 0.0 35.0 18.0 3.0
243.0 0.0 30.0 29.0 2.0
264.0 0.0 32.0 37.0 5.0
282.0 0.0 27.0 39.0 3.0
254.0 0.0 32.0 37.0 3.0
248.0 0.0 30.0 28.0 3.0
249.0 0.0 32.0 31.0 2.0
242.0 0.0 28.0 27.0 3.0
268.0 0.0 29.0 34.0 3.0
265.0 0.0 30.0 31.0 2.0
261.0 0.0 31.0 44.0 2.0
256.0 0.0 27.0 30.0 4.0
259.0 0.0 29.0 33.0 2.0
248.0 0.0 24.0 35.0 2.0
262.0 0.0 28.0 35.0 4.0
242.0 0.0 25.0 33.0 3.0
255.0 0.0 27.0 38.0 2.0
259.0 0.0 30.0 39.0 2.0
230.0 0.0 30.0 23.0 4.0
242.0 0.0 23.0 42.0 3.0
234.0 0.0 23.0 28.0 3.0
274.0 0.0 30.0 36.0 4.0
220.0 0.0 26.0 44.0 2.0
