1799.0 0.0 94.0 73.0 1.4E-45
1952.0 0.0 94.0 80.0 1.0
1899.0 0.0 88.0 74.0 2.0
1904.0 0.0 90.0 78.0 1.4E-45
1882.0 0.0 99.0 60.0 1.0
1901.0 0.0 94.0 75.0 1.0
1897.0 0.0 88.0 77.0 1.0
1890.0 0.0 93.0 73.0 1.4E-45
1861.0 0.0 99.0 59.0 1.0
1886.0 0.0 97.0 62.0 1.0
1848.0 0.0 101.0 66.0 1.0
1894.0 0.0 91.0 67.0 1.0
1808.0 0.0 89.0 69.0 1.4E-45
1842.0 0.0 99.0 68.0 1.0
1872.0 0.0 86.0 86.0 1.0
1871.0 0.0 83.0 83.0 1.0
1865.0 0.0 94.0 72.0 1.0
1847.0 0.0 97.0 64.0 1.0
1857.0 0.0 89.0 73.0 1.0
1820.0 0.0 97.0 62.0 1.0
1807.0 0.0 94.0 69.0 1.0
1857.0 0.0 91.0 74.0 1.0
1819.0 0.0 89.0 67.0 1.0
1753.0 0.0 93.0 65.0 1.0
1838.0 0.0 90.0 80.0 1.0
1828.0 0.0 92.0 68.0 1.0
