794.0 0.0 56.0 50.0 1.0
786.0 0.0 57.0 53.0 1.0
822.0 0.0 54.0 60.0 2.0
787.0 0.0 55.0 53.0 1.0
769.0 0.0 63.0 55.0 1.0
774.0 0.0 60.0 48.0 1.0
788.0 0.0 54.0 55.0 1.0
805.0 0.0 54.0 66.0 1.0
798.0 0.0 55.0 60.0 1.0
810.0 0.0 66.0 45.0 2.0
806.0 0.0 52.0 64.0 1.0
785.0 0.0 57.0 52.0 1.0
781.0 0.0 59.0 45.0 1.0
772.0 0.0 46.0 67.0 1.0
765.0 0.0 45.0 69.0 1.0
758.0 0.0 56.0 50.0 1.0
733.0 0.0 56.0 45.0 1.0
756.0 0.0 53.0 64.0 1.0
722.0 0.0 50.0 54.0 1.0
754.0 0.0 56.0 55.0 2.0
781.0 0.0 52.0 50.0 2.0
