3416.136459350586 112.98396301269531 882.4688110351562 180.76361083984375 142.2921600341797
3375.0397338867188 89.53388214111328 891.58349609375 132.804443359375 156.97964477539062
3332.9358978271484 126.97279357910156 911.9807739257812 63.19049072265625 166.02493286132812
3151.206817626953 112.98396301269531 834.57763671875 131.886962890625 150.77163696289062
3102.538688659668 112.98396301269531 821.7615966796875 163.9306640625 150.77163696289062
3311.5331268310547 117.57095336914062 895.1781616210938 161.80938720703125 145.0432891845703
3129.3904037475586 89.53388214111328 815.3773803710938 140.47894287109375 154.9407958984375
3390.488655090332 109.25959777832031 837.4862670898438 266.01263427734375 146.81594848632812
3055.2346954345703 103.72846221923828 767.5231323242188 214.43487548828125 159.2063751220703
3024.0683364868164 114.83177947998047 795.9027709960938 150.9180908203125 156.50897216796875
3160.513671875 103.72846221923828 809.501708984375 204.0587158203125 159.2063751220703
3457.648223876953 116.20982360839844 865.1814575195312 205.09259033203125 142.87265014648438
3449.0202407836914 89.53388214111328 895.3878173828125 206.2261962890625 148.68772888183594
2993.3647842407227 109.25959777832031 812.4503784179688 85.2125244140625 168.73623657226562
3058.477165222168 114.78968811035156 786.2395629882812 164.65338134765625 156.50897216796875
3043.510269165039 103.72846221923828 804.8887329101562 132.9571533203125 167.6408233642578
3192.8956604003906 109.15796661376953 826.92138671875 132.472412109375 166.99407958984375
3635.1697387695312 116.11183166503906 980.8726196289062 113.93316650390625 149.62454223632812
3521.3313751220703 117.57095336914062 960.0358276367188 93.54193115234375 146.33140563964844
3237.023193359375 125.66462707519531 875.3522338867188 104.9476318359375 156.50897216796875
3201.4917068481445 116.20982360839844 851.1785888671875 139.1964111328125 148.16590881347656
3310.473434448242 116.11183166503906 884.0264282226562 124.67120361328125 150.77163696289062
3421.1997604370117 112.98396301269531 918.486572265625 120.4759521484375 152.33352661132812
3285.123977661133 111.42401885986328 857.034423828125 161.88067626953125 152.8173828125
3147.6129989624023 103.72846221923828 813.09423828125 147.4891357421875 164.08737182617188
3142.769058227539 114.78968811035156 860.2371826171875 121.94329833984375 159.2063751220703
3487.9148025512695 127.53617095947266 918.7994384765625 144.9307861328125 147.16432189941406
3315.092903137207 103.72846221923828 806.7518310546875 238.7230224609375 149.21487426757812
3267.903144836426 114.78968811035156 853.5685424804688 160.2275390625 148.16590881347656
3357.932861328125 109.15796661376953 901.6351318359375 117.31195068359375 167.71829223632812
3513.7277755737305 109.15796661376953 953.0768432617188 122.96844482421875 150.77163696289062
3463.428642272949 116.11183166503906 956.2467651367188 97.95062255859375 168.46348571777344
3466.207077026367 137.07284545898438 934.618408203125 102.9256591796875 147.34498596191406
3275.7958602905273 114.78968811035156 860.2146606445312 145.02362060546875 148.16590881347656
3168.907402038574 112.98396301269531 831.0845336914062 135.78118896484375 155.94749450683594
3281.484893798828 103.72846221923828 883.92431640625 122.85394287109375 166.99407958984375
3295.841438293457 120.12995910644531 894.90185546875 93.94305419921875 148.16590881347656
3112.533981323242 112.98396301269531 808.9498901367188 207.26708984375 151.8046112060547
3276.1862182617188 103.72846221923828 850.0404663085938 234.98199462890625 152.33352661132812
3383.6568145751953 120.12995910644531 887.8347778320312 126.47869873046875 148.52584838867188
3412.0443115234375 138.4910430908203 926.9647216796875 76.57598876953125 148.66558837890625
3224.9059829711914 127.53617095947266 882.3102416992188 83.89410400390625 156.50897216796875
3113.623191833496 103.72846221923828 829.6825561523438 126.9688720703125 159.2063751220703
3350.176689147949 112.98396301269531 888.912109375 157.4686279296875 148.16590881347656
3461.933250427246 123.82196044921875 894.6131591796875 176.3428955078125 142.87265014648438
3268.3274688720703 129.43429565429688 878.35791015625 95.6375732421875 165.86822509765625
3129.2713165283203 111.42401885986328 830.6666870117188 165.43963623046875 143.94436645507812
3331.320167541504 109.15796661376953 924.92431640625 61.40631103515625 171.61512756347656
3288.614959716797 103.72846221923828 839.1931762695312 193.83258056640625 146.69500732421875
