5096.068147659302 19.646799087524414 660.1229248046875 298.43438720703125 69.87256622314453
4363.624883651733 17.002290725708008 577.0524291992188 351.649658203125 75.61092376708984
4919.15271282196 14.6083402633667 690.1241455078125 280.84893798828125 75.82534790039062
4974.677562713623 23.73181915283203 722.485595703125 261.3421630859375 65.2583999633789
5051.463726043701 14.6668701171875 662.3553466796875 304.7872314453125 73.07050323486328
5095.6666622161865 30.29067039489746 708.5886840820312 248.9521484375 71.59960174560547
5346.48438835144 16.3870792388916 675.0642700195312 384.68975830078125 59.376548767089844
5230.209645271301 8.979269981384277 758.4097290039062 281.03509521484375 69.08895874023438
5379.058977127075 29.458730697631836 772.0576171875 307.425048828125 56.503841400146484
4724.984893798828 20.859479904174805 630.8544921875 382.25421142578125 58.23563003540039
5387.664098739624 16.329120635986328 736.2045288085938 298.78924560546875 68.56690216064453
5167.504322052002 36.074710845947266 720.615966796875 299.851318359375 61.238059997558594
4277.804907798767 14.33137035369873 533.3516845703125 555.2430419921875 76.63865661621094
5040.837406158447 33.54216003417969 656.3336791992188 308.38720703125 68.33952331542969
4922.226825714111 16.966129302978516 682.1666259765625 278.01226806640625 79.1551513671875
5483.5563106536865 16.966129302978516 791.139404296875 233.0640869140625 71.25022888183594
5200.153563499451 15.279789924621582 712.290771484375 304.8951416015625 65.4986572265625
4476.4850997924805 18.693340301513672 608.232666015625 287.041015625 80.19526672363281
5149.355127334595 28.35508918762207 725.7242431640625 289.91180419921875 63.24652099609375
5122.249197006226 28.53251075744629 734.51513671875 254.01300048828125 63.304359436035156
5125.660129547119 24.83816909790039 697.90576171875 306.82232666015625 60.33073043823242
4632.449396133423 30.017240524291992 630.892578125 291.75067138671875 69.56376647949219
5361.75922203064 24.6612606048584 702.4942016601562 338.81463623046875 62.92335891723633
3926.6530227661133 15.570240020751953 502.87652587890625 373.21905517578125 73.18588256835938
4828.950922012329 26.24526023864746 639.4625244140625 327.6363525390625 69.1580581665039
4430.722385406494 14.6668701171875 602.109619140625 440.077880859375 66.8047103881836
5323.063022613525 39.63220977783203 809.0470581054688 178.060546875 73.1919937133789
4756.714185714722 18.850849151611328 612.6868896484375 333.62017822265625 69.25023651123047
4475.4537715911865 17.002290725708008 587.8262329101562 335.9942626953125 79.53089141845703
5010.768476486206 18.850849151611328 693.5723876953125 325.51043701171875 69.1580581665039
5500.62636756897 21.5020694732666 768.2725219726562 277.10931396484375 61.664669036865234
5451.899101257324 20.459569931030273 795.2560424804688 240.45001220703125 72.9754867553711
5066.660438537598 30.85689926147461 750.5217895507812 210.36163330078125 65.35851287841797
4650.763242721558 26.417570114135742 591.7105102539062 327.9986572265625 71.20281982421875
4834.394506454468 20.616079330444336 718.1019287109375 225.74725341796875 66.38294982910156
5293.409579277039 14.6083402633667 744.3531494140625 355.214111328125 63.029258728027344
4577.458194732666 12.022430419921875 623.2615966796875 366.61572265625 80.19526672363281
5080.620590209961 19.709320068359375 725.6366577148438 210.90673828125 79.47116088867188
4716.388538360596 20.616079330444336 597.1785278320312 336.07659912109375 67.27433013916016
5134.760988235474 30.598329544067383 736.0812377929688 216.80316162109375 66.86299133300781
4619.393915176392 11.716079711914062 580.0719604492188 478.39093017578125 86.07196807861328
4955.74027633667 31.409870147705078 716.3215942382812 254.9779052734375 76.58759307861328
5103.645151138306 27.66353988647461 707.321533203125 314.70941162109375 63.77153015136719
5148.230005264282 23.416019439697266 659.4022216796875 328.13201904296875 66.42411041259766
5189.312009811401 27.952360153198242 658.1812133789062 342.39306640625 60.04759979248047
4460.237905502319 22.210979461669922 618.0833740234375 271.249755859375 78.14856719970703
4661.315090179443 36.83551025390625 622.0238647460938 308.54132080078125 66.3147201538086
5189.233558654785 32.52272033691406 697.6744384765625 342.0841064453125 64.62117004394531
4769.331861495972 20.034650802612305 623.5210571289062 287.2529296875 73.5415267944336
4906.676174163818 19.780590057373047 709.8655395507812 281.847412109375 75.03923034667969
5267.651342391968 21.5020694732666 783.8387451171875 209.921142578125 71.34358215332031
5458.437426567078 14.372130393981934 815.6011962890625 199.7437744140625 78.14856719970703
4922.0627698898315 8.979269981384277 684.5944213867188 265.03533935546875 71.20281982421875
5053.508777618408 30.198970794677734 629.3345947265625 329.3568115234375 66.91853332519531
5517.474315643311 12.022199630737305 788.8643188476562 302.63214111328125 65.85148620605469
4447.139081954956 21.493770599365234 598.3793334960938 398.88287353515625 72.38298034667969
4537.2188148498535 17.53845977783203 598.7666015625 333.73529052734375 75.03923034667969
5079.251335144043 33.69388961791992 740.7183227539062 239.30999755859375 65.81427001953125
5371.002328872681 20.938329696655273 695.5274658203125 350.86572265625 59.08856964111328
5057.020309448242 18.850849151611328 749.7013549804688 294.24566650390625 69.09529113769531
5419.610328674316 31.174060821533203 793.906494140625 257.7379150390625 62.79608917236328
5443.4277992248535 23.73181915283203 756.1717529296875 308.057373046875 63.275028228759766
4505.487703323364 26.832719802856445 569.5377197265625 330.91619873046875 69.39910888671875
5189.88823890686 16.656349182128906 665.6183471679688 272.15826416015625 72.75330352783203
5337.350078582764 20.40452003479004 720.3818359375 322.579833984375 61.16368103027344
5025.031585693359 19.4885196685791 674.702880859375 262.30224609375 66.63229370117188
4161.099468231201 20.938329696655273 502.6412353515625 449.321044921875 77.93006896972656
5267.286869049072 16.53230094909668 789.6629028320312 174.83465576171875 82.97120666503906
4916.869466781616 26.194000244140625 658.2957763671875 300.42645263671875 68.80522918701172
5358.633269309998 14.372130393981934 760.3571166992188 305.10076904296875 62.655269622802734
5103.191204071045 33.917259216308594 703.1737060546875 321.733154296875 62.48136901855469
4829.010120391846 27.589540481567383 617.4373168945312 266.29205322265625 69.52835845947266
5683.886541366577 15.879610061645508 843.1839599609375 281.49462890625 66.33370208740234
5286.664283752441 16.966129302978516 731.1820068359375 382.6181640625 60.735450744628906
4765.645751953125 23.73181915283203 652.9402465820312 292.66119384765625 72.38105010986328
5395.612522125244 16.33686065673828 780.8035888671875 267.7677001953125 64.21338653564453
5189.681346893311 38.86207962036133 678.0503540039062 328.26678466796875 61.2847900390625
4694.990520477295 22.668550491333008 628.9339599609375 332.0771484375 76.01254272460938
4597.71736907959 19.780590057373047 633.3015747070312 234.35693359375 79.1551513671875
5181.562303543091 15.630109786987305 717.38916015625 269.63055419921875 70.57494354248047
4927.589210510254 14.6668701171875 687.8243408203125 253.46734619140625 78.19811248779297
5149.265097618103 14.372130393981934 706.452880859375 349.330810546875 65.81427001953125
4818.476810455322 12.022199630737305 593.0379638671875 447.458251953125 90.8502197265625
4860.142551422119 33.94709014892578 617.26220703125 335.48944091796875 59.51512145996094
4594.005412101746 15.279789924621582 582.6309204101562 291.36944580078125 89.91773986816406
4524.00997543335 16.3870792388916 578.6405029296875 358.90667724609375 61.2847900390625
4328.81856918335 22.072040557861328 567.3143310546875 347.3958740234375 69.777099609375
5546.15950012207 19.646799087524414 752.5205688476562 342.52508544921875 60.735450744628906
4794.178792953491 22.4596004486084 658.0054931640625 235.26287841796875 77.93006896972656
4720.7643966674805 20.034650802612305 679.9800415039062 294.7982177734375 73.5415267944336
5252.951026916504 28.569820404052734 696.1898193359375 301.2286376953125 65.77543640136719
4682.24241065979 22.131750106811523 645.9025268554688 326.7279052734375 78.59718322753906
4742.620714187622 11.716079711914062 698.3889770507812 214.72735595703125 80.98358917236328
