7596.024482727051 87.04280853271484 1384.0460205078125 224.2071533203125 167.58303833007812
7656.662567138672 115.4320068359375 1400.104248046875 234.462890625 167.09226989746094
8095.215866088867 137.3743896484375 1547.3021240234375 154.4429931640625 172.77540588378906
7545.990653991699 107.57804870605469 1301.7486572265625 373.4547119140625 183.08648681640625
7769.164924621582 116.17434692382812 1460.404296875 202.6611328125 181.21795654296875
7869.407974243164 100.85340118408203 1461.815673828125 219.7203369140625 187.75791931152344
7366.812080383301 113.47650909423828 1365.945068359375 317.089599609375 171.40936279296875
7537.944145202637 104.44815826416016 1318.0528564453125 285.39208984375 173.7998504638672
7575.580551147461 110.24933624267578 1336.5289306640625 305.6522216796875 172.12716674804688
7910.602890014648 121.57441711425781 1488.2158203125 158.2685546875 168.6072998046875
8296.162353515625 152.7402801513672 1597.510498046875 114.811767578125 172.2413330078125
7642.416030883789 107.57804870605469 1345.763916015625 268.198974609375 176.84185791015625
8234.148468017578 151.0292205810547 1561.93896484375 143.6536865234375 174.01231384277344
7686.892578125 105.98338317871094 1351.8135986328125 280.4913330078125 186.1220245361328
7929.728866577148 124.67549133300781 1447.3953857421875 224.3583984375 167.37362670898438
7409.008987426758 88.99234771728516 1242.307373046875 389.3953857421875 170.59677124023438
8235.601272583008 138.21107482910156 1567.927734375 128.042236328125 185.46388244628906
7672.159912109375 126.4456787109375 1380.471923828125 257.264892578125 165.92930603027344
7773.451141357422 130.20594787597656 1450.763671875 197.4925537109375 171.7619171142578
8109.017379760742 145.1163330078125 1525.7120361328125 186.720458984375 166.48951721191406
7613.651870727539 117.95741271972656 1360.7911376953125 228.0914306640625 180.05599975585938
7854.549934387207 122.35420989990234 1481.239501953125 185.06396484375 178.15457153320312
7686.455780029297 105.98338317871094 1377.75146484375 294.4674072265625 170.02557373046875
7664.107215881348 87.04280853271484 1383.8326416015625 298.463134765625 177.041015625
8171.58381652832 107.69135284423828 1507.624267578125 198.78662109375 177.25640869140625
7944.04207611084 126.68224334716797 1471.7615966796875 210.3297119140625 164.8442840576172
7533.38508605957 119.95530700683594 1348.55517578125 333.6771240234375 166.7763214111328
7450.011360168457 105.75890350341797 1361.041748046875 260.482421875 194.84042358398438
7876.915061950684 123.14054107666016 1454.2828369140625 201.14013671875 175.68333435058594
7514.252487182617 116.73818969726562 1387.8892822265625 203.7601318359375 174.01231384277344
7499.348648071289 115.1570816040039 1383.486328125 287.3800048828125 173.7900390625
7946.482353210449 106.9814682006836 1512.05029296875 187.7445068359375 179.9541015625
7719.105819702148 137.31752014160156 1426.2178955078125 267.9683837890625 165.89938354492188
7529.391471862793 107.57804870605469 1301.68798828125 376.4771728515625 184.21014404296875
7553.993782043457 120.76419830322266 1380.43212890625 240.2811279296875 166.99082946777344
8115.434867858887 106.9814682006836 1513.591552734375 178.51904296875 184.3246612548828
7463.371681213379 106.9814682006836 1324.145263671875 361.724853515625 170.30027770996094
7113.4697265625 115.4320068359375 1252.628662109375 250.568115234375 168.30897521972656
7818.437873840332 121.4039535522461 1500.760986328125 171.0186767578125 175.0768585205078
7795.774353027344 134.5805206298828 1454.3763427734375 215.3258056640625 169.66514587402344
7861.913352966309 120.20812225341797 1472.068359375 185.3614501953125 182.63807678222656
7651.855522155762 88.99234771728516 1368.28857421875 348.9510498046875 175.52940368652344
7744.372581481934 98.18858337402344 1304.3101806640625 420.83984375 169.765380859375
7443.884864807129 113.47650909423828 1380.3670654296875 316.966796875 186.66615295410156
7643.545547485352 101.65857696533203 1413.596923828125 218.9019775390625 177.06373596191406
7604.911323547363 100.85340118408203 1347.5404052734375 258.5391845703125 186.883056640625
7918.368316650391 140.54476928710938 1502.4693603515625 153.0723876953125 183.00375366210938
7891.312408447266 130.35227966308594 1511.2117919921875 157.8580322265625 179.65943908691406
7679.765480041504 110.33635711669922 1406.6993408203125 278.653076171875 162.6781463623047
7722.320343017578 123.71331787109375 1455.302734375 171.165283203125 176.80320739746094
8186.916244506836 134.69625854492188 1583.07275390625 127.56884765625 170.55519104003906
8156.593734741211 127.77572631835938 1530.68994140625 144.0399169921875 173.68011474609375
7507.493316650391 116.73818969726562 1395.968994140625 211.35107421875 172.2413330078125
7548.176467895508 131.17234802246094 1408.720947265625 209.29296875 172.3551483154297
7617.189399719238 97.34636688232422 1324.9791259765625 299.556396484375 169.2342529296875
7489.437515258789 128.87109375 1374.628173828125 233.511962890625 177.06373596191406
7738.868591308594 104.44815826416016 1378.7279052734375 394.18896484375 162.60804748535156
