33522.816 59.88533 2534.6377 600.27026 74.12405
34051.74 59.88533 2601.1064 587.2549 80.25228
33933.676 59.88533 2577.4941 601.6111 74.12405
34073.324 59.88533 2622.686 574.09985 103.803
34016.703 59.88533 2600.1194 550.2617 89.72325
34015.562 59.88533 2599.7705 567.5923 85.2095
33845.387 54.3203 2602.891 562.6089 89.72325
34073.332 59.88533 2622.6858 574.09985 89.72325
33595.918 68.15492 2512.5698 592.0029 74.12405
33703.477 65.69004 2572.8716 580.5591 78.22947
33419.984 65.69004 2576.27 534.6116 80.25228
33147.39 59.88533 2515.1821 550.6018 76.75111
33469.684 68.89751 2507.1145 603.0808 71.44061
33585.836 69.34026 2499.8093 668.7859 76.75111
33092.055 68.89751 2504.5269 558.7053 76.75111
33369.77 70.75626 2523.191 618.9204 68.89751
33383.832 59.90779 2548.7307 554.2385 77.71668
33595.92 68.15492 2512.57 592.0027 80.25228
33173.65 68.89751 2519.6257 563.81323 79.81705
33551.246 68.15492 2529.302 561.27246 65.41608
33431.035 68.89751 2549.4495 588.8208 82.24304
33174.883 68.15492 2509.982 547.62744 65.41608
