6920.6763 43.02202 1009.94574 232.96698 65.28843
6987.1885 13.80951 1061.5938 189.30884 68.72882
7060.6035 43.02202 1109.2251 126.76892 74.43851
6882.885 30.55366 1035.8035 227.5387 67.59782
7001.806 26.33491 1085.9557 196.04614 68.02489
6818.378 64.62117 974.84595 219.02686 68.80523
5360.2275 19.78059 796.07587 249.00946 54.58188
5470.1577 49.32004 818.1979 249.53589 54.58188
5507.2563 33.14244 849.904 152.87347 58.25325
6658.71 45.62166 964.5303 268.8695 61.66467
6724.2334 43.02202 821.0286 388.5208 57.81812
6842.8906 49.1285 1025.0375 222.67676 68.02489
6799.0522 49.1285 1060.1935 197.70984 66.43881
6895.952 47.74063 977.8593 252.36249 63.67736
6895.091 63.67736 1023.58514 178.51715 63.29283
6617.0703 37.02857 1026.8976 158.57275 73.62329
6868.2524 26.33491 1084.9504 143.44128 74.02799
5859.9976 46.74719 863.4782 201.85358 55.65229
5951.054 50.35661 882.34705 205.10486 57.75995
5819.921 43.9304 854.57294 185.47455 57.36559
6596.512 52.61756 984.2207 193.67578 57.81812
6644.3604 52.61756 976.3709 214.10272 59.51725
6581.224 50.94983 1001.16736 159.27625 58.19852
6675.2334 47.54001 1028.9655 163.25537 63.25774
6335.681 50.52188 984.25037 153.32483 61.29035
6311.3354 50.52188 962.3304 205.67401 57.20359
6342.095 50.52188 992.07733 143.66156 68.79864
5802.7803 52.69304 774.208 358.5188 59.51512
6649.3545 56.81541 992.97614 204.12067 61.58285
6741.3257 32.67483 1053.1958 145.74121 65.56113
6684.3696 32.67483 1035.037 136.5487 63.87067
6782.3623 52.79583 1028.3695 167.88208 66.43881
5352.4087 41.49408 822.5582 152.0998 58.91293
6754.267 47.74063 855.99475 407.71216 63.11359
6654.567 47.74063 853.6007 401.28564 63.11359
6651.534 41.46089 934.952 262.3822 62.62568
6426.8135 55.29718 877.2075 281.48718 61.28676
6941.192 47.62929 1028.8655 183.23987 69.49595
6849.2417 47.62929 1044.8306 186.95935 69.49595
6707.1104 60.03695 1021.4095 153.7995 65.85149
6520.591 39.63217 1015.8075 139.00745 65.25851
6534.004 39.63217 1019.40466 136.34631 65.85149
6566.3574 39.63217 1027.7382 114.5354 67.87547
6433.2783 39.63217 997.3416 138.17706 64.12527
6340.052 39.63217 1001.0275 122.12128 60.61271
6339.4087 47.87917 1006.712 143.4472 60.23899
6152.97 52.79583 912.36066 200.03156 62.79609
