51503.016 45.73336 3189.4226 673.43774 81.81037
53237.332 38.22171 3350.1904 701.34717 76.92278
53569.75 43.66964 3382.8608 672.60693 77.49073
50416.855 45.73336 3019.5286 650.5647 78.67049
53628.77 36.33923 3410.5586 660.3015 77.49073
53634.543 36.33923 3416.3333 598.3677 78.19034
49939.35 43.59718 3064.111 635.22925 86.2778
49900.695 65.28069 2714.872 1212.8787 64.68629
50415.12 67.08014 2556.1704 1445.6667 66.74016
51930.043 70.50957 3108.1863 892.2234 67.84315
45452.273 43.59718 2717.4958 888.7776 77.43421
