19391.568 6.73276 746.88153 87.60907 11.44727
19391.953 6.51844 726.66833 109.70294 11.49913
19382.855 6.73276 746.3347 77.071594 11.36882
19437.205 6.73276 713.7046 112.97095 11.47432
19271.36 5.37587 682.2849 150.63245 11.16468
19038.797 5.37587 723.3043 95.85248 10.90413
18782.457 9.92371 696.81177 122.93799 9.95038
19462.87 5.37587 754.7377 74.32483 11.23833
19252.174 7.20833 668.37024 159.1449 11.45164
19255.502 6.36553 654.07605 162.71436 10.89403
19405.973 6.73276 703.4959 128.29529 11.23833
19442.691 5.9439 730.9733 95.33746 11.47432
16896.69 3.58887 630.4506 95.16223 10.68223
19103.07 7.17635 720.925 102.789856 11.13598
17087.188 5.81378 634.3076 94.5896 10.80278
19117.133 7.17635 726.03156 110.36951 11.49913
18650.518 10.01998 661.0469 158.16278 10.02148
18258.137 10.001 656.8711 140.0849 9.93026
19407.65 6.73276 716.3489 116.137146 11.45164
19106.393 6.09836 696.2476 122.670654 11.118
19479.22 5.37587 758.98804 74.41107 11.47432
17879.48 6.28092 668.8164 117.63318 11.05577
19221.318 7.20833 674.80743 150.74432 11.32034
19382.87 6.73276 709.0698 115.82648 11.24589
18644.71 5.37773 682.2131 118.87952 10.97315
18484.771 10.08663 655.9524 140.74438 9.94686
