402.82367 130.33197 261.05664 11.435059 107.40661
391.03806 127.18752 257.27698 6.5735474 131.58449
468.35406 121.16829 285.20654 61.979187 129.46819
450.5716 135.04556 292.11108 23.414917 121.16829
382.3977 121.27625 251.60822 9.513245 107.40661
432.27615 137.9827 279.51428 14.779175 129.70244
384.51657 124.2589 253.72708 6.530609 124.2589
470.04626 137.9827 292.79425 39.269287 129.70244
379.06717 124.2589 248.97772 5.830536 131.58449
401.21198 129.46819 263.22925 8.514526 141.53159
412.0011 130.33197 268.31467 13.354462 105.71701
