13074.011 147.49121 2041.2639 352.47925 155.38664
13080.442 147.49121 2047.6951 370.83716 150.73563
13126.991 144.32755 2060.3948 374.78198 148.98947
13074.014 147.49121 2041.2638 352.4796 148.98947
12703.185 144.32755 2011.3716 240.33472 159.59308
13035.429 144.32755 2048.583 367.84302 159.83609
13079.865 148.98947 2028.3657 410.0481 178.58943
13126.992 144.32755 2060.3948 374.78174 151.41685
13079.864 148.98947 2028.3657 410.0481 151.45992
13126.992 144.32755 2060.3948 374.78198 149.8714
12703.186 144.32755 2011.3717 240.3346 177.44951
13126.991 144.32755 2060.395 374.78174 149.8714
13079.864 148.98947 2028.3658 410.04797 168.6481
13074.014 147.49121 2041.2639 352.4795 149.8714
12988.946 148.98947 2013.6133 389.96802 147.49121
12973.277 148.98947 2015.3287 381.65173 177.44951
12973.276 148.98947 2015.3286 381.6516 147.49121
13079.863 148.98947 2028.3657 410.0481 145.60748
12946.85 147.49121 2026.7357 348.2567 159.83609
13079.861 148.98947 2028.3657 410.0481 144.32755
12973.28 148.98947 2015.3286 381.6516 149.8714
12973.275 148.98947 2015.3287 381.6515 177.44951
12678.604 147.49121 1998.3345 233.72803 155.38664
12988.944 148.98947 2013.6135 389.96777 177.44951
13074.01 147.49121 2041.2638 352.47937 148.98947
12678.6045 147.49121 1998.3346 233.7279 177.44951
12934.267 147.49121 2037.3145 347.5044 159.59308
12988.945 148.98947 2013.6134 389.9679 147.49121
13074.012 147.49121 2041.264 352.47913 177.44951
12973.277 148.98947 2015.3285 381.65173 147.49121
