7411.7437 8.66173 851.6913 239.91028 30.77288
7579.0063 4.3254 871.34436 244.54504 32.2121
7080.901 5.80426 807.30597 292.5711 27.62561
6838.678 4.3254 767.8473 259.44714 30.0373
7516.01 9.09407 808.5632 288.85138 35.20086
7572.173 6.03521 922.3939 245.81055 38.50505
6643.643 4.3254 708.79785 342.18164 27.37853
6792.388 3.6656 828.4877 210.71631 34.8891
7051.952 8.79305 820.5592 297.01575 35.22947
6671.5063 8.25139 752.2177 350.2896 25.61572
7652.353 4.3254 944.5819 194.12744 38.33129
7536.0137 6.03521 886.235 307.59387 34.64907
7628.8237 9.08314 915.7503 239.90521 38.33129
7233.3594 7.04364 744.2581 358.8709 28.17564
7553.5083 4.3254 845.84784 269.97528 29.28648
7477.6167 9.09407 771.21954 344.4981 28.56166
7519.3545 6.03521 802.5165 334.45544 34.28632
7546.035 6.03521 831.43585 270.0041 34.64907
7612.852 9.09407 906.45575 230.46185 38.50505
7590.8755 5.80426 929.8739 201.48071 42.47788
7431.4575 6.82983 853.6109 256.74188 33.09188
7625.8535 4.3254 945.607 179.48114 40.55643
6840.7095 6.03521 735.18195 288.9721 28.3981
6903.104 6.82983 727.2693 362.81372 25.31491
7130.346 8.4868 861.0487 281.5133 30.40059
7527.209 5.80426 837.3352 268.6643 31.29347
6636.9307 19.99211 669.19574 423.45917 25.17749
6293.255 23.03474 638.51324 501.78815 23.15758
6194.369 10.63054 647.1594 311.06158 30.21963
6692.161 12.2174 685.3189 517.1335 26.1624
6319.978 6.03521 661.2877 370.87695 24.7394
6650.2354 15.83616 664.3537 399.8924 26.77596
5857.425 17.00098 577.5719 350.7843 19.99211
6422.9536 12.6661 706.47266 410.6167 23.49004
6286.6445 19.70974 627.4895 372.66882 19.35933
6134.8555 6.03521 641.56805 308.46234 24.19617
6381.026 18.24545 633.12836 397.41437 26.31472
6497.29 20.82905 642.6493 436.96082 19.14834
6531.68 12.2174 664.2317 419.7262 25.06802
6256.5176 9.09407 637.214 376.7085 25.52544
5867.6406 13.25628 607.94403 291.10193 24.81566
6464.479 21.51581 642.5556 444.32025 30.21963
6495.4814 20.79233 652.607 444.95905 19.70974
5933.9736 10.93273 588.22217 372.1717 24.15528
6345.763 21.60812 633.28143 365.68927 30.21963
6550.164 9.04912 736.0646 245.7243 24.81566
6412.5938 12.2174 633.1292 410.15082 24.65902
5980.309 13.96655 684.85675 341.28046 24.81566
6166.3345 11.83952 675.8501 300.87524 30.52903
6626.042 12.6661 734.228 328.77014 28.17564
6075.7383 4.70189 639.73224 375.70294 23.86004
6852.1196 9.09407 691.63354 377.85522 25.52544
6704.5312 10.47395 689.08136 413.4914 31.29347
6886.476 12.2174 681.86426 384.63428 28.17564
6889.3022 6.03891 703.2201 383.00464 25.17749
6766.146 3.41494 675.01544 452.87006 24.65902
6945.453 11.83952 697.5464 439.96204 33.19667
6689.8887 5.27439 685.62195 436.07593 24.56118
6595.861 9.09407 654.7878 409.14227 23.86004
6780.084 8.4868 692.0043 415.7179 28.08066
6970.9023 9.08314 783.3288 273.93475 29.4897
