8849.136 74.54115 1409.8588 182.60693 101.66351
8940.893 88.20019 1352.1693 291.31946 102.57836
9077.795 82.88181 1451.3584 185.41577 101.89092
8945.91 85.5496 1352.0183 265.8014 100.28615
9050.299 59.5564 1434.383 176.13855 100.28615
9029.181 85.5496 1428.6122 192.95569 116.14337
9047.102 100.28615 1433.3217 218.09082 105.07169
9080.836 82.88181 1443.0431 187.5669 101.89092
8942.182 84.47538 1352.9044 260.74463 102.57836
9080.836 82.88181 1443.0432 187.56665 103.81152
8877.781 101.89092 1264.7954 349.8506 103.81152
8809.773 97.52448 1370.1471 233.45618 92.7333
8773.709 97.52448 1379.1697 226.91003 92.39416
8723.492 89.90467 1270.2976 307.22156 89.57136
7212.6978 59.5564 1117.0555 168.60583 112.0324
