3853.1475 117.03864 1077.7528 46.427124 159.20638
3788.3228 138.8136 1043.7721 95.210815 149.62454
3473.7727 121.78088 940.4998 103.40375 145.04329
3865.0542 117.03864 1075.3468 76.14868 156.0786
3862.8057 116.11183 1064.7433 82.03296 149.62454
3786.8523 142.87265 1031.0781 82.71484 149.62454
3688.3945 139.22101 970.0426 130.07556 149.33876
3646.432 138.8136 1020.755 54.579712 147.34499
3849.7686 116.11183 1064.8932 81.59631 149.62454
3718.2927 154.6745 1019.9939 109.01306 156.50897
3700.6357 152.403 1020.8324 82.01453 156.50897
3737.299 149.62454 991.9749 179.26678 146.81595
3526.5247 143.8985 967.43225 70.54199 156.50897
3756.782 146.81595 1008.7202 127.58179 149.62454
3700.9587 146.81595 1008.7406 117.55847 149.62454
3676.6704 146.81595 1016.60626 78.003235 152.81738
3747.7097 145.62318 1005.03107 153.16559 145.62318
3789.2695 149.62454 1040.4805 126.03052 163.9469
3733.9546 138.8136 1028.8279 89.38013 145.20337
3447.5024 139.43135 922.7684 104.21002 149.21487
3777.4165 151.80461 992.29034 176.08917 147.03775
3650.6633 149.33876 946.5734 126.38397 145.62318
3450.8906 132.29478 935.70404 105.86774 142.29216
3254.508 116.20982 824.9143 205.47644 138.49104
3723.6216 149.62454 986.6069 121.059875 150.77475
3850.8704 142.87265 1052.808 113.085815 163.9469
3829.353 142.87265 1067.2294 60.77002 163.9469
3865.1074 116.11183 1072.9119 77.65686 156.0786
3742.8496 129.10553 1029.8713 71.75452 162.88306
3705.8608 142.98242 987.50885 127.2984 149.62454
3540.7808 139.22101 960.1385 131.42792 145.20337
3866.1255 142.87265 1050.521 89.43909 154.6745
3758.3962 139.43135 1044.1537 72.21948 162.88306
3331.065 120.58631 905.1597 103.13385 140.76094
3845.1274 142.87265 1059.2894 93.57178 154.6745
