8554.341 154.96448 1623.8394 234.53918 167.24141
9128.409 152.3532 1560.2405 374.16138 172.7754
8301.144 101.97304 1519.1874 253.66956 164.5721
9277.831 154.36682 1798.7146 183.49133 174.36157
8340.033 146.00894 1591.295 144.04797 171.8137
9480.841 156.64426 1835.779 96.37622 174.50981
8608.439 155.85728 1685.5635 65.921875 183.38354
8079.2397 147.69113 1542.2285 128.18384 166.60542
7754.7764 130.20595 1324.842 389.58472 161.4
7628.1636 132.48744 1420.7559 186.98303 164.38448
8643.188 161.4 1637.6937 172.71521 168.03444
9139.63 174.38966 1720.4138 218.5857 178.41022
8969.593 169.31198 1716.6 177.13257 170.00145
8777.945 177.50423 1720.8457 131.70093 172.17154
8349.397 143.7888 1555.198 185.9972 167.10321
8765.495 163.96837 1617.2024 280.7827 168.30898
8948.609 172.5982 1745.6 110.39392 173.78304
9057.647 174.36157 1719.4744 154.95679 179.96461
8208.536 136.85437 1523.4877 245.20007 166.50656
7661.745 121.94859 1436.1388 214.71704 166.59175
8139.3086 121.98983 1463.2056 427.98755 166.22816
7622.808 132.66583 1472.1907 83.3573 171.18388
7856.0254 109.84933 1405.842 355.3329 157.52885
7333.677 128.30498 1377.6733 183.46924 161.9281
9163.479 136.51692 1611.4124 321.06665 169.25342
8680.391 151.62387 1610.8489 234.7627 167.263
9403.26 165.67262 1786.6781 182.09998 179.90074
9257.955 149.45412 1645.6693 271.1355 172.27257
9203.281 158.90211 1744.9325 187.01697 174.52586
9266.962 172.7754 1799.064 108.69861 174.62762
8321.739 145.54712 1608.983 94.73755 183.00375
9068.902 149.40105 1710.7612 242.56372 172.89442
9081.929 159.65512 1764.56 121.59009 173.90163
9300.193 156.83092 1784.9287 154.91382 174.36157
9330.86 158.90211 1783.952 162.39905 178.3366
9116.996 152.3532 1582.344 360.1681 173.14804
