33993.555 54.3203 2589.1167 564.24097 95.81112
33866.5 59.88533 2596.9553 558.1135 80.25228
34005.223 59.88533 2588.6355 570.1697 89.72325
34020.69 54.3203 2627.8352 590.9114 89.72325
34073.324 59.88533 2622.686 574.0996 89.72325
33658.945 59.88533 2571.713 557.4536 89.87119
33976.797 59.88533 2592.6873 574.88794 74.12405
34020.684 54.3203 2627.8354 590.91113 89.72325
33979.727 59.88533 2563.1294 585.84644 82.24304
34051.74 59.88533 2601.1064 587.2549 80.25228
33687.723 54.3203 2574.0 566.7195 71.44061
33585.83 69.34026 2499.8093 668.7859 68.89751
33174.88 68.15492 2509.9822 547.6277 85.2095
33610.742 65.34835 2589.3745 518.239 82.39854
33680.547 68.89751 2590.0537 564.3872 104.28301
33551.242 68.15492 2529.3022 561.27246 80.25228
33259.43 65.34835 2549.2236 514.8303 90.64977
33174.9 68.15492 2509.982 547.6277 65.41608
33680.543 68.89751 2590.0535 564.3877 65.69004
33634.94 65.69004 2588.9507 529.1821 65.41608
33239.934 70.75626 2497.2217 624.4104 68.89751
