17818.766 4.51553 649.8848 105.632324 10.79676
19437.572 5.27826 753.0478 64.85199 11.21472
19177.943 6.43661 664.91974 142.81451 11.21472
19182.443 5.27826 708.2618 111.0072 10.90642
19423.564 6.03158 753.5425 67.76495 11.09009
19436.709 6.03158 750.94543 65.98749 11.249
19394.06 6.03158 703.6301 111.3111 11.03947
19265.227 6.94046 713.2686 100.474365 11.241
18582.246 7.27393 707.00055 92.46411 11.31901
17250.164 6.26498 652.8716 89.65253 11.28893
18396.406 10.02597 671.10596 121.16455 10.19265
18408.275 9.87725 682.4765 124.68439 9.96845
