7629.481 0.04 260.68002 73.70999 1.38
7479.201 0.03 273.93 58.080017 1.12
7437.401 0.0 257.40997 80.149994 0.99
7305.429 0.0 264.78003 72.08002 0.83
7586.2837 0.02 269.48004 68.92999 1.17
7602.335 0.11 275.81 62.129974 1.26
7562.26 0.0 275.99997 64.83005 1.09
7550.8306 0.01 268.76 70.46002 1.15
6938.513 0.0 251.06992 57.0401 1.16
6573.3906 0.0 237.95999 55.880035 1.08
7028.5303 0.01 251.41998 66.77997 1.06
7559.1616 0.01 279.95004 57.27002 1.68
7590.6943 0.0 272.41995 62.98001 1.23
7434.7803 0.01 265.28998 67.380005 0.99
6952.613 0.65 233.98996 74.30005 0.85
6929.2715 0.62 229.69 93.17993 0.75
6878.025 0.68 227.54997 88.09004 0.66
6232.9775 0.17 210.75996 66.91005 1.18
6724.111 0.75 236.33998 73.91005 0.71
6242.2754 0.02 210.86002 69.67001 1.06
6437.4775 0.02 222.94002 65.54997 1.09
6823.7974 0.67 232.76001 95.889984 0.67
6369.2407 0.13 222.4 66.73001 1.17
6140.608 0.0 209.56 62.19998 1.03
6315.45 0.0 218.47 62.99997 1.01
6029.225 0.02 209.68002 65.93002 1.02
