-129404.73	-122.43136	-6757.638	626.87744	148.81927
-129242.34	-113.14942	-6732.1763	656.1416	147.45378
-128487.64	-123.52054	-6594.339	693.7451	146.72157
-126502.266	-140.47026	-6464.287	732.771	143.4619
-129337.805	-122.43136	-6742.6284	624.4834	149.67123
-129151.02	-122.43136	-6632.6396	699.5112	146.3265
-129042.68	-122.43136	-6620.3916	696.7251	148.78528
-128819.234	-122.43136	-6588.5703	689.1304	148.78528
-128470.07	-123.81409	-6517.8623	727.0742	148.78528
-127095.62	-131.5253	-6144.218	1133.728	148.78528
-126818.77	-131.5253	-6135.9507	1110.8774	148.78528
-129084.98	-123.81409	-6627.392	790.65137	147.45378
-128923.945	-123.81409	-6599.799	738.5239	153.79124
-128693.28	-123.81409	-6563.069	708.6909	153.79124
-128612.836	-123.81409	-6574.0483	710.43506	157.38889
-128149.96	-132.53271	-6510.6187	743.2095	162.33377
-128501.46	-126.97676	-6608.146	750.99805	149.67123
-128403.16	-126.97676	-6576.9087	751.1738	147.45378
-128314.51	-126.97676	-6578.4897	715.9844	148.78528
-128162.29	-126.97676	-6557.6978	710.6948	148.78528
-128043.37	-126.97676	-6577.8247	691.4409	154.63593
-127868.15	-126.97676	-6561.6245	677.12744	148.81927
-127812.625	-126.97676	-6588.0693	660.3721	149.87088
-127555.51	-130.71074	-6584.486	633.1748	149.87088
-127338.08	-123.24324	-6557.9	663.0747	148.81927
-127077.055	-123.24324	-6521.8936	654.46045	148.81927
-126789.59	-123.24324	-6513.511	701.9453	142.99063
-126386.164	-130.71074	-6542.405	620.08496	164.79825
-126418.62	-130.71074	-6508.731	648.63965	146.00975
-126802.31	-130.71074	-6475.2993	714.7295	146.00975
-126706.2	-126.53001	-6482.457	735.0757	146.79657
-125409.15	-120.65498	-5873.984	1274.9443	142.9814
-125419.8	-120.65498	-5870.6294	1270.873	142.9814
-125346.29	-128.13597	-5906.2656	1217.7407	142.9814
-125077.05	-119.00577	-5929.753	1177.3594	142.9814
-124343.39	-119.00577	-5909.4004	1180.3237	142.94437
-123313.445	-119.00577	-5923.723	1143.3706	142.94437
-122632.98	-119.00577	-5946.939	1131.1606	142.94437
-122412.03	-119.00577	-5971.9126	1139.6211	142.94437
-122381.66	-119.00577	-5947.4805	1126.6602	142.94437
-122289.07	-119.00577	-5967.5913	1115.271	142.94437
-122175.18	-119.00577	-5931.11	1109.0708	142.94437
-122322.44	-119.00577	-5926.6514	1132.4385	142.87712
-122450.016	-106.63748	-5933.6084	1121.2417	142.87712
-122461.05	-106.63748	-5946.896	1127.252	142.87712
-122637.086	-106.63748	-5901.3394	1149.9062	142.87712
-122874.32	-106.63748	-5895.255	1194.7485	142.87712
-122457.21	-111.51144	-5828.981	1253.8706	142.87712
-122721.36	-111.51144	-5807.227	1312.8687	142.87712
-122980.87	-111.51144	-5780.661	1321.5781	142.87712
-118749.83	-108.35525	-5385.1387	1566.8159	140.37236
-119027.17	-88.58894	-5359.8916	1587.8755	138.22917
-118938.47	-88.58894	-5366.6514	1608.2905	138.22917
-116852.375	-91.38908	-5180.456	1702.2065	134.80179
-117227.66	-91.38908	-5178.271	1724.2515	134.80179
-118303.67	-91.38908	-5208.992	1750.0454	134.80179
-118478.9	-91.38908	-5197.2993	1766.3667	134.80179
-118530.766	-91.38908	-5205.2495	1761.1455	135.41707
-118395.086	-91.38908	-5229.34	1777.8774	135.41707
-118949.55	-91.38908	-5227.474	1798.7036	135.41707
-120667.33	-91.38908	-5229.6313	1810.8027	138.22917
-119703.734	-107.81284	-5306.654	1690.5493	139.80556
-119810.3	-107.81284	-5327.89	1707.6787	139.80556
-119544.125	-107.81284	-5320.164	1683.3306	139.80556
-119676.695	-107.81284	-5312.747	1691.3896	139.80556
-118990.21	-110.53967	-5309.061	1688.333	139.80556
-116052.26	-106.36271	-5199.218	1751.0342	136.97675
-116245.79	-106.46885	-5214.6562	1781.5005	136.97675
-116282.13	-106.46885	-5208.741	1766.9233	136.97675
-116440.45	-91.81606	-5185.594	1778.0112	136.97675
-117457.53	-91.81606	-5213.243	1716.6904	138.7607
-117837.62	-106.88264	-5223.2627	1744.1299	138.7607
-117407.89	-106.88264	-5143.772	1841.7739	138.22917
-117834.39	-106.88264	-5144.531	1896.9307	138.22917
-117810.57	-106.88264	-5178.0103	1886.2036	138.17288
-117780.5	-94.06451	-5221.605	1892.9609	138.17288
-117614.125	-94.06451	-5214.7563	1892.6084	138.17288
-117315.75	-94.06451	-5240.208	1853.1904	138.17288
-117128.86	-94.06451	-5247.9688	1758.9434	138.17288
-117033.28	-94.06451	-5230.3926	1731.397	138.17288
-116879.24	-94.06451	-5241.0425	1747.1792	138.17288
-115457.65	-94.06451	-5240.3433	1657.062	138.17288
-116599.27	-106.88264	-5303.001	1668.3032	138.17288
-116787.445	-106.88264	-5302.648	1671.4956	138.17288
-116075.44	-106.88264	-5264.517	1668.2012	138.17288
-115975.555	-106.88264	-5232.353	1726.7368	138.11061
-116235.25	-107.81284	-5235.6567	1691.5322	138.6243
-117147.33	-107.81284	-5242.4307	1723.0532	138.6243
-117100.42	-106.46885	-5255.631	1660.542	139.1023
-116907.38	-106.46885	-5267.245	1709.1191	138.6243
-116940.234	-98.45744	-5276.7153	1729.7524	138.22917
-116776.32	-98.45744	-5368.224	1614.3794	138.22917
-116263.96	-94.96089	-5374.61	1635.3657	138.22917
-115711.5	-94.96089	-5360.7656	1613.4312	138.22917
-115101.32	-94.96089	-5346.9854	1564.3843	138.11061
-115288.78	-94.96089	-5311.1226	1538.731	138.11061
-115502.41	-94.96089	-5322.6064	1446.6299	140.58607
-115112.164	-94.96089	-5336.777	1409.5259	138.11061
-116329.74	-94.96089	-5321.736	1759.1626	138.11061
-119093.25	-108.28049	-5387.8994	1560.7241	140.37236
-118277.766	-108.28049	-5381.149	1566.9077	140.31827
-119033.23	-108.28049	-5353.963	1657.1382	140.31827
-119917.31	-111.42841	-5338.605	1661.3647	140.70325
-119970.79	-111.42841	-5328.19	1666.1499	140.70325
-119381.57	-108.28049	-5392.121	1548.8633	141.46008
-118931.96	-108.28049	-5398.293	1507.8242	141.41927
-119014.28	-108.28049	-5406.627	1515.334	141.41927
-119148.7	-108.28049	-5408.212	1527.8892	141.41927
-118407.05	-108.28049	-5409.753	1474.2627	141.41927
-118368.55	-109.92133	-5422.7827	1445.853	141.41927
-117637.66	-109.92133	-5417.4424	1402.1011	141.41927
-117835.33	-109.92133	-5382.0894	1439.0435	141.41927
-117884.836	-111.42841	-5339.482	1475.606	140.70325
-116860.56	-84.32993	-5299.9004	1486.0679	140.31827
-117524.44	-84.32993	-5305.862	1491.6084	140.31827
-118237.13	-112.21345	-5354.4663	1497.3198	140.31827
-118355.45	-112.21345	-5324.865	1556.4321	140.31827
-118808.7	-112.21345	-5306.7163	1632.1875	140.31827
-119858.48	-112.21345	-5383.869	1541.7856	140.37236
-120791.734	-115.4727	-5427.993	1584.9355	141.41927
-121338.24	-115.4727	-5440.514	1589.7935	141.41927
-121615.11	-107.81284	-5481.912	1524.9346	141.41927
-120976.06	-107.81284	-5463.9346	1487.9766	141.41927
-121141.13	-107.81284	-5471.5	1493.5605	140.00764
-121295.34	-107.81284	-5493.4214	1512.0947	140.00764
-120134.516	-103.77724	-5466.475	1480.2388	141.36887
-119723.72	-103.77724	-5471.569	1503.0884	140.00764
-120138.58	-103.77724	-5455.066	1542.481	139.24025
-120554.36	-103.77724	-5458.5156	1569.4536	139.35718
-120668.17	-103.77724	-5405.709	1650.2563	139.81068
-120950.56	-103.77724	-5403.848	1619.5327	139.81068
-120074.24	-90.07531	-5344.8813	1638.8232	136.03023
-120302.26	-90.07531	-5336.9116	1684.7119	136.03023
-119433.125	-90.07531	-5353.824	1631.7529	136.03023
-119782.305	-91.38908	-5357.6226	1641.5542	135.91469
-120160.875	-91.38908	-5351.3145	1645.8804	135.91469
-120296.44	-91.38908	-5340.0093	1700.541	135.48152
-119969.83	-91.38908	-5329.873	1691.9404	135.48152
-119533.19	-91.38908	-5346.5986	1672.7495	135.48152
-119446.23	-91.38908	-5327.7144	1649.3716	135.48152
-117836.23	-91.38908	-5274.278	1586.3823	135.48152
-117955.695	-91.38908	-5274.845	1578.0903	135.50793
-118118.734	-91.38908	-5286.9995	1603.1875	135.50793
-118165.05	-91.38908	-5287.0947	1594.185	135.90369
-118248.305	-91.38908	-5298.575	1604.0254	135.90369
-117724.16	-91.38908	-5265.45	1573.5762	137.84203
-118092.19	-91.38908	-5276.2407	1542.1455	138.22917
-117657.586	-91.38908	-5290.9663	1507.3467	138.22917
-117010.414	-91.38908	-5290.1777	1487.0986	138.22917
-117786.36	-91.38908	-5318.046	1570.355	138.22917
-117850.91	-91.38908	-5302.261	1585.7861	138.22917
-117161.13	-91.38908	-5315.2974	1540.9272	138.22917
-118372.64	-91.38908	-5368.1357	1593.9038	137.84203
-118579.0	-91.38908	-5372.6104	1629.5762	137.84203
-118423.164	-91.38908	-5348.8213	1607.4854	137.84203
-118790.305	-91.38908	-5337.134	1616.1436	137.84203
-119674.14	-91.38908	-5348.5557	1621.1431	137.84203
-118749.26	-91.38908	-5313.583	1614.5454	137.84203
-118495.04	-91.38908	-5324.039	1601.9932	138.22917
-119170.94	-91.38908	-5398.5103	1687.541	138.22917
-119677.266	-91.38908	-5410.764	1689.8452	138.22917
-120620.96	-91.38908	-5444.3447	1718.6045	138.22917
-120530.086	-91.38908	-5443.8286	1706.5239	138.22917
-120222.27	-91.38908	-5441.324	1694.812	138.22917
-119811.664	-91.38908	-5401.2915	1693.8208	138.22917
-119613.945	-91.38908	-5393.753	1661.9678	138.22917
-119234.484	-91.38908	-5359.5034	1659.376	138.22917
-119130.79	-91.38908	-5366.7905	1648.1445	138.22917
-119035.51	-91.38908	-5398.716	1657.8115	138.22917
-118522.61	-91.38908	-5393.3677	1627.0869	138.22917
-118431.82	-91.38908	-5377.1035	1617.5952	138.22917
-118736.38	-91.38908	-5362.0312	1634.4507	138.22917
-117103.85	-91.38908	-5350.078	1547.8047	138.22917
-117645.336	-91.38908	-5350.1772	1566.5127	138.22917
-116985.1	-91.38908	-5316.3315	1507.1338	139.80556
-117178.3	-91.38908	-5322.3945	1520.1401	139.80556
-117025.8	-89.28175	-5328.8584	1511.0205	139.80556
-116635.82	-89.28175	-5368.304	1476.1514	139.80556
-116057.17	-89.28175	-5350.884	1462.9487	139.80556
-115649.305	-89.28175	-5332.3447	1514.8188	138.22917
-115295.4	-91.38908	-5305.5054	1527.561	138.22917
-119358.66	-119.10334	-5773.998	1198.9043	142.94437
-119170.91	-119.10334	-5804.3076	1230.541	142.94437
-119154.3	-119.10334	-5803.815	1220.8203	142.94437
-118877.26	-119.10334	-5825.932	1167.894	142.94437
-118580.83	-119.10334	-5806.731	1161.3574	142.94437
-117841.75	-119.10334	-5783.207	1154.3252	142.94437
-117723.89	-119.10334	-5822.378	1115.4136	142.94437
-117780.49	-119.10334	-5806.381	1102.2993	142.94437
-119200.89	-114.8572	-5893.7046	1029.1128	142.94437
-118878.67	-114.8572	-5903.5117	1027.8003	142.94437
-118278.4	-114.8572	-5894.769	996.35205	142.94437
-126272.49	-142.50319	-6268.1147	965.334	162.42888
-126236.73	-142.50319	-6253.048	959.20703	159.0081
-126849.82	-139.4567	-6414.92	837.84424	159.0081
-127213.02	-138.7607	-6435.8774	813.2925	159.0081
-126870.14	-133.46701	-6255.8965	984.7168	153.01363
-127124.15	-133.46701	-6243.8555	990.14746	153.01363
-126619.14	-133.46701	-6242.9497	965.9087	152.35272
-126532.016	-130.89606	-6251.007	981.90576	152.35272
-127109.63	-140.47026	-6482.511	737.2324	162.33377
-127213.53	-140.47026	-6501.904	742.999	162.33377
-127648.58	-138.50993	-6569.378	717.46826	153.41919
-127812.2	-138.50993	-6530.008	750.4009	153.41919
-127981.51	-135.20143	-6534.313	740.3491	153.41919
-128050.28	-130.71074	-6557.8916	784.43115	148.81927
-127872.73	-130.71074	-6552.993	778.41016	148.78528
-127221.59	-130.71074	-6263.22	1045.127	145.10898
-127103.45	-126.97676	-6267.188	1040.9355	145.10898
-126847.555	-126.97676	-6278.985	990.10596	145.10898
-126579.3	-125.08518	-6303.896	1003.45703	145.10898
-126510.17	-125.08518	-6307.9814	963.9204	145.10898
-124018.0	-115.30899	-5375.0923	1788.7578	140.73134
-123925.516	-115.30899	-5386.594	1769.3315	140.73134
-123960.95	-115.30899	-5394.465	1808.4487	140.58607
-124443.586	-115.30899	-5384.0913	1805.1357	140.58607
-124437.984	-115.30899	-5380.0737	1767.8335	141.53712
-123679.125	-115.30899	-5346.0186	1798.6738	140.58607
-122975.3	-115.30899	-5371.1245	1782.2627	140.58607
-122772.13	-115.30899	-5409.176	1759.3882	140.58607
-122895.81	-115.30899	-5440.292	1782.7314	140.58607
-123149.516	-115.30899	-5407.4224	1792.4956	140.88644
-122401.555	-115.30899	-5410.8354	1802.521	140.37236
-121880.23	-115.30899	-5418.3794	1696.6143	140.37236
-121386.48	-115.30899	-5387.897	1695.6709	140.37236
-120769.66	-109.92133	-5368.2397	1691.081	140.37236
-120131.91	-108.12316	-5371.9067	1652.8867	140.37236
