-51492.004	-33.19054	-3189.4119	534.3093	86.2778
-53634.555	-36.33923	-3416.3333	598.3677	78.19034
-52723.39	-36.33923	-3078.3079	901.94604	74.85582
-53558.164	-43.66964	-3398.9495	608.1931	77.49073
-52061.1	-71.37268	-3175.6692	799.2566	70.55095
-51222.887	-33.19054	-3193.9958	523.5635	86.2778
-50966.53	-33.19054	-3186.3162	517.60254	86.2778
-50491.535	-33.19054	-3172.2483	485.3982	86.2778
-50775.76	-33.19054	-3135.0295	495.83765	86.2778
-50733.867	-33.19054	-3138.2976	500.74585	86.2778
-50538.62	-43.66964	-3127.644	519.3589	86.2778
-50721.75	-43.66964	-3129.0508	533.1577	86.2778
-51153.086	-43.66964	-3078.8828	602.9822	86.2778
-51319.96	-43.66964	-3133.1816	609.08984	73.00068
-51472.133	-43.66964	-3104.9387	613.32104	72.7438
-51540.207	-36.33923	-3100.4224	603.6929	72.7438
-51621.58	-36.33923	-3120.8616	637.19727	73.00068
-51812.33	-36.33923	-3121.3882	664.2002	73.00068
-51587.895	-43.66964	-3108.9163	683.7273	73.00068
-51540.97	-43.66964	-3140.4421	616.37866	73.00068
-51122.516	-46.11847	-3065.6226	689.9282	73.00068
-50632.66	-46.11847	-3040.3875	678.1367	78.67049
-50319.344	-46.11847	-3056.8848	650.8535	72.7438
-50005.344	-43.70429	-3045.632	644.69995	74.5965
-49423.074	-43.70429	-3042.162	643.0659	74.5965
-49219.934	-43.70429	-3008.4841	618.666	74.5965
-48926.773	-43.70429	-2989.7683	611.69653	74.5965
-49003.645	-43.70429	-2983.1204	596.4004	74.5965
-48911.242	-43.59718	-2964.9524	553.4143	74.5965
-48698.152	-43.59718	-2941.5295	585.2998	74.28527
-48916.176	-50.28931	-3009.9268	612.97876	77.49073
-49141.637	-50.28931	-3004.591	659.5198	77.49073
-50354.426	-50.28931	-3060.0889	650.7505	78.57414
-50451.047	-39.04208	-3088.6018	600.3777	78.57414
-50147.03	-39.04208	-3073.404	597.0791	77.12408
-50106.46	-39.04208	-3042.8818	588.73364	77.49073
-50053.344	-45.51318	-3029.962	601.2512	80.12437
-50282.36	-45.51318	-3021.1023	598.9519	77.49073
-49803.24	-45.51318	-2995.101	586.95605	77.49073
-49787.145	-45.51318	-2992.867	623.93066	77.12408
-49489.816	-45.51318	-2978.965	597.3474	77.12408
-49126.277	-45.51318	-2953.7896	612.7617	73.61608
-53460.33	-36.33923	-3410.5217	615.2942	77.49073
-52608.754	-43.66964	-3023.0283	1059.3132	76.50023
-52236.03	-43.66964	-2965.4927	1115.1428	73.21133
-52148.613	-43.66964	-2965.8186	1099.7131	73.21133
-52815.33	-36.33923	-3075.975	934.7883	74.85582
-52386.36	-36.33923	-3083.714	971.0415	74.85582
-53114.61	-43.66964	-3127.5413	885.5925	77.12408
-52889.6	-48.57425	-3147.926	883.6118	80.37395
-52401.59	-44.33604	-3006.3325	1063.8784	76.82097
-52232.22	-44.33604	-3005.8435	1051.2971	78.79844
-52124.82	-50.28931	-3085.6428	947.27905	78.79844
-52103.555	-50.28931	-3133.9458	877.0215	78.79844
-52139.145	-50.28931	-3153.9497	814.12036	80.52892
-51874.156	-46.11847	-3117.7441	795.88525	78.79844
-51410.96	-45.73336	-3112.671	751.6648	78.79844
-50689.242	-45.73336	-3109.8813	652.3657	78.79844
-50262.35	-45.59028	-3062.505	688.7046	73.21133
-50151.91	-45.73336	-3069.6514	649.61597	74.63951
-49539.074	-45.73336	-3021.7197	614.3523	83.31369
-49047.277	-45.73336	-3004.979	599.08813	83.31369
-48885.95	-45.73336	-2973.3516	590.3767	83.31369
-48705.45	-45.73336	-2974.9944	594.011	84.563
-48385.062	-45.73336	-2958.0388	570.1394	84.563
-48295.92	-45.73336	-2942.2114	605.61523	77.49073
-46803.742	-55.95301	-2879.4385	566.89966	89.93865
-46775.973	-55.95301	-2882.8213	582.10913	89.93865
-47111.918	-52.85518	-2884.4148	610.5642	87.21613
-47547.656	-52.85518	-2892.91	699.76465	87.21613
-48395.65	-50.28931	-2943.3425	609.7566	87.21613
-48332.8	-50.28931	-2924.5273	604.7866	94.28151
-47464.715	-54.99712	-2885.9592	627.4675	86.2778
-47080.133	-55.18182	-2878.5945	603.93945	86.2778
-46631.984	-52.87941	-2841.6687	583.9138	86.53368
-46646.047	-52.87941	-2833.1868	593.4656	86.2778
-49160.07	-50.5156	-2955.2356	680.9348	77.43421
-49399.645	-50.28931	-2985.8528	641.02075	77.43421
-52068.75	-63.5536	-3178.6238	851.3928	77.43744
-51779.902	-59.34003	-3185.6091	824.0576	77.43744
-50509.332	-63.5536	-2958.7324	1063.2153	68.56447
-50196.438	-57.89303	-2948.6948	1037.4768	69.29471
-50216.78	-54.99712	-2941.9224	1027.384	70.05326
-49444.027	-51.91515	-2919.4517	681.5425	90.40947
-49348.684	-51.91515	-2929.8477	697.5952	77.43421
-49337.473	-51.91515	-2918.6404	674.90625	77.43421
-48835.207	-51.91515	-2947.5474	677.0388	81.26832
-48781.094	-52.53377	-2940.912	743.3174	81.26832
-48990.49	-52.53377	-2938.5188	751.0403	83.31369
-48909.086	-52.53377	-2937.7837	715.1699	81.26832
-48348.066	-52.53377	-2928.4934	636.31177	77.54655
-48234.656	-52.53377	-2956.4287	528.0532	77.43421
-48248.098	-52.53377	-2962.527	559.98047	79.27297
-48340.703	-46.6412	-2957.2163	587.61523	77.8105
-49067.113	-46.6412	-2974.5398	603.4209	77.8105
-48588.37	-46.6412	-2956.9656	596.9324	81.1678
-48655.01	-46.6412	-2975.8743	606.2759	79.31391
-49308.84	-46.6412	-2994.5618	610.0503	81.1678
-49330.76	-46.6412	-2955.7012	624.5669	77.8105
-49349.477	-46.6412	-2982.4407	632.7361	73.46774
-49113.67	-50.55514	-2970.956	615.7859	72.7438
-49446.824	-50.55514	-2961.7585	667.1145	96.70815
-49234.734	-50.55514	-2933.5354	716.92993	72.7438
-49261.887	-50.55514	-2937.5552	726.24854	72.87035
-49286.76	-50.55514	-2918.6208	745.79395	72.87035
-49637.9	-50.55514	-2902.3801	778.9944	72.87035
-49476.43	-50.55514	-2901.7524	762.95703	72.87035
-49897.44	-50.55514	-2964.8665	681.3911	76.65204
-49830.492	-50.55514	-2969.384	692.58545	76.65204
-49386.527	-50.55514	-2913.9514	767.583	76.08959
-49650.008	-50.55514	-2912.0662	759.30005	76.08959
-50165.156	-48.57425	-2948.1125	715.4148	76.08959
-50379.332	-46.6412	-3055.8652	628.8081	76.92278
-50114.51	-46.6412	-3025.3062	618.82886	94.12742
-50003.12	-46.6412	-3036.7573	581.3508	94.12742
-49590.21	-46.6412	-3028.8953	580.91113	94.12742
-49662.586	-48.57425	-3032.1091	589.09204	94.12742
-49726.47	-48.57425	-3001.1543	621.69775	94.12742
-50079.605	-48.57425	-2993.19	643.08887	94.12742
-50141.48	-48.57425	-3033.7847	650.9541	77.49073
-49693.01	-48.57425	-2950.928	729.5503	73.00068
-49468.086	-49.84605	-2960.782	726.4783	73.00068
-49372.805	-51.41588	-2943.9172	719.8528	73.00068
-49230.97	-48.06499	-2978.9128	687.8828	76.6985
-49233.32	-51.41588	-2971.3171	689.7246	73.00068
-48911.477	-51.41588	-2933.8254	670.0198	75.29173
-49271.09	-51.41588	-2932.5916	680.8965	77.47518
-48816.285	-52.60741	-2919.858	657.78687	73.00068
-48531.984	-45.51318	-2924.7256	624.739	71.04974
-48657.66	-33.19054	-2933.4648	638.02075	71.04974
-48679.113	-33.19054	-2913.0388	652.24976	71.04974
-48760.848	-33.19054	-2910.2007	688.61646	71.04974
-48915.05	-33.19054	-2904.5647	670.6306	71.04974
-48835.098	-33.19054	-2902.929	670.36865	71.04974
-48805.098	-33.19054	-2872.926	658.6387	71.04974
-48935.45	-54.24748	-2823.5413	1175.4973	68.39233
-49319.867	-54.24748	-2798.239	1152.1343	68.39233
-48683.85	-54.24748	-2765.2607	1147.2544	68.39233
-47841.766	-52.8494	-2681.4453	1146.127	68.39233
-46745.62	-42.4808	-2659.6785	1051.0923	68.39233
-46749.15	-42.4808	-2668.7378	1053.0195	68.39233
-47507.605	-37.42426	-2689.1838	1080.6372	67.50425
-47470.715	-42.4808	-2713.3618	1098.8452	67.50425
-47689.4	-42.4808	-2685.5364	1140.729	67.50425
-47922.19	-42.4808	-2694.9568	1079.792	67.96955
-48107.438	-42.4808	-2714.0874	1083.2986	67.96955
-47934.004	-42.4808	-2719.7253	1112.2976	67.96955
-48168.793	-42.4808	-2787.1736	1077.2651	68.39233
-48706.258	-38.22171	-2855.0635	1038.2612	67.96955
-48965.785	-38.22171	-2872.5518	1048.6003	67.96955
-48553.28	-38.22171	-2885.0498	986.2886	69.13283
-48405.508	-38.22171	-2885.1763	1036.0659	69.13283
-48629.62	-38.22171	-2885.1182	1024.0347	70.50957
-48919.703	-38.22171	-2864.8997	1016.71094	70.50957
-48739.797	-38.22171	-2820.1196	1007.82935	70.50957
-48909.207	-38.22171	-2810.0176	975.2698	70.50957
-48661.812	-38.01183	-2736.9468	968.63745	70.50957
