-7404.971	-0.04	-268.28998	64.76999	1.02
-7521.4893	-0.0	-264.46002	80.109955	0.95
-7512.5977	-0.01	-271.42	57.399963	0.99
-7085.307	-0.03	-253.95	56.58	1.22
-7541.874	-0.04	-272.53	82.609985	1.04
-7459.135	-0.02	-263.81998	77.32004	0.9
-7584.3887	-0.04	-276.38	58.619995	1.11
-7590.6255	-0.0	-278.30002	78.21002	1.2
-6946.861	-0.78	-197.42998	136.02007	0.71
-6872.452	-0.7	-228.43001	87.009995	0.74
-6796.217	-0.76	-230.84998	82.99002	0.71
-6722.919	-0.67	-236.14003	82.11998	0.87
-6390.394	-0.05	-236.17	42.440018	0.75
-7362.422	-0.04	-257.25003	76.40991	0.9
-7350.8716	-0.04	-257.09	72.74994	0.9
-7321.7407	-0.04	-258.19	75.24997	0.9
-7312.849	-0.04	-259.10004	77.13992	0.9
-7261.05	-0.06	-221.4	107.77997	0.9
-6588.6997	-0.03	-245.75002	32.740005	1.29
-6566.0596	-0.03	-246.40999	31.240036	1.62
-6553.8794	-0.03	-247.87	31.01001	1.62
-6559.458	-0.08	-244.12004	33.949966	1.03
-6565.4565	-0.08	-244.74	35.520035	1.03
-6820.0063	-0.03	-250.81	49.589966	0.77
-6618.0225	-0.05	-242.50003	47.17993	0.7
-6883.92	-0.04	-250.05002	49.399963	0.81
-6747.723	-0.02	-253.86996	33.850037	1.02
-6556.096	-0.01	-246.57004	32.639954	0.91
-6567.0913	-0.01	-245.74995	34.560013	0.87
-6592.546	-0.01	-246.23999	32.53003	0.99
-6598.2485	-0.0	-247.66	32.79007	0.84
-6554.7573	-0.0	-249.27	34.250015	0.8
-6527.599	-0.01	-244.86	35.020004	0.77
-6581.9316	-0.01	-242.88	37.28003	0.77
-6831.6265	-0.0	-249.37996	53.550003	0.72
-6762.5464	-0.05	-250.69	41.51999	0.96
-6646.1016	-0.06	-247.71	41.34999	0.83
-6682.432	-0.06	-247.92	39.89998	0.87
-6684.5015	-0.06	-244.78998	40.03	0.87
-6738.1855	-0.06	-248.72002	41.719986	0.87
-6742.4316	-0.06	-252.3	41.85002	0.87
-6838.415	-0.01	-249.29	59.319992	0.71
-6832.7305	-0.01	-245.3	53.259995	0.7
-6853.3486	-0.01	-242.5	60.150024	0.7
-6853.2866	-0.01	-243.23004	62.91992	0.7
-6901.1807	-0.01	-248.73003	54.719986	0.76
-6879.1216	-0.01	-253.09003	49.069977	0.8
-6879.5933	-0.01	-251.54997	53.90007	0.75
-6850.13	-0.01	-256.85	45.52002	0.81
-6852.471	-0.01	-249.48999	43.03003	0.84
-6831.8857	-0.01	-250.02002	43.119995	0.78
-6828.777	-0.01	-249.48999	44.600037	0.75
-6812.8115	-0.0	-251.82002	48.929947	0.69
-6845.024	-0.01	-243.78998	52.880005	0.72
-6655.72	-0.0	-244.58003	40.529922	0.73
-6682.536	-0.0	-243.91002	41.61998	0.74
-7509.207	-0.0	-265.29	76.16998	0.95
-7478.7686	-0.0	-268.22998	74.940094	0.95
-7439.1978	-0.0	-262.66998	74.12009	0.95
-7394.6787	-0.0	-263.10995	71.52011	0.95
-7367.776	-0.0	-264.12997	66.65997	0.95
-7320.282	-0.0	-262.40994	65.680084	0.95
-7282.023	-0.0	-264.94995	60.81006	0.95
-7260.4316	-0.05	-258.58	66.44	0.95
-7238.83	-0.05	-261.47998	61.73004	0.95
-7198.9395	-0.05	-262.19998	60.430054	0.95
-7180.9614	-0.05	-262.58	60.180023	0.95
-6754.8896	-0.18	-243.69	56.23001	0.93
-6735.441	-0.18	-245.23	53.699997	0.93
-6738.3013	-0.18	-244.89	54.89006	0.93
-6583.8613	-0.06	-225.40002	69.75003	0.6
-6615.197	-0.06	-224.76999	69.91995	0.61
-6593.9307	-0.06	-228.13998	68.16	0.61
-6623.441	-0.06	-226.74	74.33	0.61
-6665.213	-0.06	-231.93001	74.43999	0.61
-6723.0864	-0.06	-241.93001	69.10997	0.63
-6650.581	-0.03	-244.95	46.92	0.67
-6589.2993	-0.03	-247.55	40.490005	0.7
-7486.826	-0.01	-263.58	66.22	0.97
-7467.5557	-0.01	-254.84999	75.14	0.95
-7460.2026	-0.01	-253.42	78.68999	0.86
-7401.064	-0.01	-245.54001	84.31995	0.77
-7363.644	-0.03	-242.96	85.87999	0.77
-7261.775	-0.03	-243.76003	84.20998	0.78
-7204.9453	-0.03	-243.82004	86.03992	0.78
-7204.4043	-0.08	-243.79001	84.03003	0.84
-7193.334	-0.08	-244.92001	77.58002	0.82
-7194.932	-0.08	-243.75002	83.38994	0.86
-7194.552	-0.08	-246.33003	87.04994	0.86
-7169.321	-0.08	-246.87999	84.05	0.94
-7156.7515	-0.08	-247.71002	75.06998	0.86
-6806.9043	-0.14	-236.51	88.62004	0.75
-6645.727	-0.26	-237.25	54.72998	0.92
-6727.482	-0.14	-249.31998	52.54001	0.84
-6707.003	-0.22	-238.04999	54.950012	0.91
-6605.867	-0.19	-243.78996	48.590042	0.91
-6651.761	-0.16	-246.44005	44.81996	1.12
-6906.1187	-0.03	-256.6	40.889984	1.36
-6917.6353	-0.02	-256.97995	49.33008	0.77
-6945.0537	-0.02	-252.38994	58.510025	0.77
-6934.8223	-0.02	-250.44998	54.950043	0.77
-7003.902	-0.01	-251.57002	55.32997	0.81
-6987.5503	-0.01	-253.32997	55.770004	0.81
-7013.4307	-0.02	-245.74	66.18996	0.77
-6993.201	-0.02	-248.92001	64.05997	0.89
-6973.655	-0.02	-247.8	70.750015	0.77
-6962.953	-0.02	-246.27002	68.74997	0.77
-6998.406	-0.02	-248.13005	65.27995	0.85
-7019.4634	-0.02	-243.92001	66.84	0.85
-7016.2446	-0.02	-245.37	70.96002	0.85
-7039.7705	-0.02	-244.05002	71.110016	0.87
-7014.6597	-0.02	-246.42001	67.01999	0.87
-7042.584	-0.02	-246.72003	64.00998	0.9
-7031.5117	-0.0	-253.77998	64.42	0.89
-6981.48	-0.02	-250.93004	55.939926	0.84
-6943.4297	-0.02	-251.55002	57.069946	0.83
-6984.8857	-0.02	-248.26001	69.339966	0.86
-6969.9756	-0.02	-247.36	65.66002	0.83
-6935.97	-0.02	-246.43	73.04996	0.7
-6943.8154	-0.02	-242.3	76.31999	0.7
-6944.7666	-0.02	-248.37999	69.08	0.72
-6910.5044	-0.02	-249.69	67.649994	0.72
-6870.453	-0.02	-244.85999	57.82007	0.72
-6843.73	-0.02	-243.55	60.64006	0.7
-6744.4023	-0.01	-241.87999	51.85002	0.65
-6718.541	-0.01	-241.36002	51.380005	0.65
-6686.013	-0.0	-237.07004	59.22995	0.59
-6646.5615	-0.0	-237.50002	61.09001	0.59
-6610.824	-0.0	-235.86998	57.250015	0.59
-6596.606	-0.0	-237.84996	57.790054	0.59
-6500.494	-0.04	-235.83003	57.82994	0.6
-6489.216	-0.05	-236.52998	58.060043	0.62
-6505.8745	-0.05	-231.63004	60.859985	0.58
-6596.786	-0.05	-233.01997	61.07997	0.58
-6604.4185	-0.05	-231.17	64.63008	0.58
-6594.1333	-0.05	-234.68996	62.43004	0.58
-6593.1123	-0.05	-237.71002	62.079987	0.58
-6595.344	-0.05	-239.32997	63.810013	0.58
-6598.946	-0.05	-235.78998	68.619995	0.58
-6682.661	-0.04	-248.99998	41.730057	0.77
-6703.4517	-0.04	-247.30002	42.50995	0.76
-6688.5527	-0.04	-250.08002	44.839966	0.75
-6574.4097	-0.02	-238.72	39.75995	0.68
-6595.3853	-0.02	-241.50998	41.27997	0.69
-6693.448	-0.04	-244.05	48.35002	0.69
-6682.476	-0.04	-245.09999	47.87996	0.69
-6544.59	-0.01	-240.07	43.78003	0.64
-6543.38	-0.01	-238.59999	46.39003	0.6
-6553.96	-0.01	-242.70003	37.039993	0.67
-6562.737	-0.01	-243.47002	40.17006	0.67
-6541.7124	-0.01	-246.72002	38.929947	0.76
-6549.358	-0.01	-244.68	37.430023	0.76
-6614.851	-0.0	-248.87001	35.290024	0.78
-7119.008	-0.03	-253.21999	58.759995	1.1
-7080.668	-0.03	-255.16998	56.79001	1.04
-7018.243	-0.03	-257.49	52.25	1.04
-6806.963	-0.06	-253.23997	40.830032	1.25
-6727.7236	-0.08	-250.12	40.600006	0.92
-6834.1934	-0.1	-244.45	56.770035	0.86
-6853.455	-0.1	-246.69998	57.179993	0.86
-6508.034	-0.05	-240.49002	42.98999	0.71
-6584.4824	-0.11	-237.26001	49.99997	0.71
-6650.564	-0.16	-225.92003	78.16994	0.74
-6703.2515	-0.1	-239.84999	52.33	0.73
-6796.799	-0.09	-245.88	51.75	0.76
-6777.2	-0.04	-246.51004	58.529907	0.69
-6768.0107	-0.04	-246.98	59.050034	0.69
-6753.4146	-0.04	-247.24997	50.570038	0.69
-6650.9814	-0.04	-247.49998	41.530014	0.71
-6703.3574	-0.04	-245.88995	48.900055	0.7
-6684.6484	-0.04	-245.81998	44.53003	0.71
-6676.1787	-0.04	-246.97	45.309998	0.71
-6682.9595	-0.04	-244.95998	48.89	0.68
-6687.0684	-0.04	-244.9	45.060028	0.68
-6706.021	-0.04	-243.88004	44.619965	0.68
-6679.682	-0.04	-244.87004	43.999954	0.67
-6697.925	-0.04	-243.06999	48.539963	0.67
-6692.1626	-0.04	-245.45003	45.759964	0.71
-6819.454	-0.02	-246.75003	51.24997	0.7
-6798.565	-0.02	-251.15996	50.290054	0.7
-6802.879	-0.02	-253.16002	53.189987	0.69
-6804.9746	-0.02	-252.85994	52.750046	0.69
-6806.6763	-0.02	-250.99002	55.899963	0.72
-6807.364	-0.04	-247.47998	41.76001	0.93
-6890.118	-0.11	-256.39005	60.71994	1.04
-6903.1274	-0.09	-257.54	62.30002	1.0
-6848.7764	-0.2	-243.84001	71.3	1.51
-6831.5063	-0.2	-245.32005	68.34996	1.51
-6769.454	-0.21	-241.87003	54.45996	1.03
-6790.9365	-0.22	-243.22997	57.59001	1.04
-6775.345	-0.22	-246.38997	61.320023	0.88
-6782.4824	-0.22	-245.26997	57.93004	0.99
-6831.203	-0.22	-244.06998	59.110107	0.99
-6827.757	-0.22	-247.66003	56.409943	1.35
-6824.6147	-0.22	-251.02998	60.90007	0.99
-6895.361	-0.06	-236.12004	70.64995	0.75
-6870.1113	-0.06	-245.07004	58.069916	0.75
-6980.561	-0.03	-255.52997	56.24008	1.01
-6966.452	-0.03	-257.95	52.72998	1.01
-6956.8003	-0.03	-257.74	51.580017	1.01
-6963.887	-0.03	-251.64998	60.290024	0.81
-6945.4673	-0.03	-245.26997	70.280014	0.79
-6927.343	-0.03	-255.28003	59.669983	0.76
-6784.081	-0.03	-252.26001	36.100006	0.99
-6802.6084	-0.06	-254.50998	39.920044	1.17
-6793.539	-0.06	-255.18999	41.280014	1.15
-6749.269	-0.06	-254.62999	38.539993	1.52
-6749.7373	-0.06	-253.19998	33.649994	1.52
-6702.4097	-0.06	-249.40004	41.729965	0.83
-6798.7676	-0.12	-250.03	53.100006	0.82
-6791.1553	-0.12	-250.88997	51.330063	0.82
-6764.8525	-0.12	-244.94003	53.629944	0.77
-6745.021	-0.12	-248.33	49.680008	0.77
-6680.6035	-0.09	-248.83998	37.64003	1.02
-6666.9575	-0.09	-238.76996	52.310028	0.69
-6659.9263	-0.05	-240.40997	48.73999	0.69
-6544.658	-0.09	-243.70995	36.91008	0.81
-6605.6426	-0.09	-246.89	37.32997	0.97
-6649.887	-0.07	-247.25003	37.039978	0.89
-6638.2656	-0.07	-247.30003	38.719955	0.84
-6631.221	-0.07	-242.88002	43.89995	0.75
-6770.8945	-0.05	-245.73003	44.179977	0.8
-6768.5386	-0.07	-246.69002	46.159958	0.84
-6796.429	-0.06	-253.26999	48.23999	0.84
-6755.223	-0.06	-251.74998	44.830032	0.84
-6811.5273	-0.0	-256.53003	32.51999	0.99
-6840.59	-0.0	-252.93001	45.80995	0.8
-6760.595	-0.01	-249.98001	39.429993	0.79
-6774.6997	-0.0	-250.45998	37.029984	0.8
-6768.161	-0.0	-252.37003	36.97995	0.8
-6751.0566	-0.0	-248.45996	35.29001	0.87
-6733.4897	-0.0	-251.72002	35.36003	0.87
-6721.9487	-0.0	-250.96	35.189987	0.86
-6720.109	-0.04	-252.86995	40.65004	0.86
-6805.621	-0.02	-251.17	41.570023	0.78
-6777.691	-0.02	-252.32997	38.050034	0.8
-6802.5317	-0.04	-248.60002	42.40004	0.8
-6793.906	-0.04	-249.74	43.17	0.87
-6797.6357	-0.04	-252.1	40.02002	0.93
-6801.5938	-0.04	-248.50998	45.419983	0.77
-6807.3086	-0.04	-251.69	45.660004	0.77
-6930.819	-0.04	-253.63	47.069946	0.83
-6899.682	-0.05	-252.0	47.159943	0.83
-6805.16	-0.07	-245.60999	65.870056	0.73
-6799.1714	-0.09	-246.02998	62.250015	0.73
-6787.6855	-0.1	-245.22	61.05002	0.73
-6760.6265	-0.1	-244.44998	59.420044	0.73
-6711.5537	-0.07	-247.08995	46.040054	0.77
-6622.165	-0.09	-242.53998	45.53003	0.74
-7497.5425	-0.04	-254.18	101.06	0.97
-7418.2334	-0.04	-229.6	125.56998	0.84
-7029.7793	-0.04	-214.37996	112.01012	0.74
-7043.138	-0.04	-213.86995	114.66008	0.77
-7037.806	-0.04	-214.80995	114.510056	0.78
-7039.039	-0.04	-222.77997	96.84	0.8
-6989.1587	-0.04	-219.26999	96.379974	0.8
-6950.7163	-0.04	-244.02002	73.369934	0.79
-6946.5986	-0.04	-246.32999	76.52005	0.77
-6952.9585	-0.04	-244.14	73.37004	0.77
-6966.3286	-0.0	-247.20001	66.380005	0.77
-6960.311	-0.0	-250.36002	63.680023	0.77
-6957.8467	-0.0	-250.34996	63.550034	0.77
-6931.3564	-0.0	-256.12	51.51001	0.8
-6959.539	-0.0	-253.16997	56.63008	0.8
-6981.016	-0.05	-249.93001	51.439957	1.03
-6853.731	-0.09	-248.53	51.860016	0.84
-6734.365	-0.11	-249.81998	45.429993	0.83
-6762.1914	-0.09	-242.86	44.429977	0.83
-6753.8125	-0.09	-243.39	43.87001	0.83
-6736.0513	-0.09	-247.76999	41.669952	0.83
-6755.7197	-0.09	-252.97998	40.820038	0.89
-6737.6006	-0.09	-250.70998	42.16002	0.78
-6780.898	-0.09	-251.33002	46.690033	0.78
-6754.8076	-0.09	-249.34999	53.59001	0.73
-6838.317	-0.09	-248.72997	53.460037	0.83
-6832.7217	-0.09	-251.6	55.77997	0.83
-6804.6147	-0.06	-247.51996	52.880035	0.74
-6851.1416	-0.09	-243.98999	59.77002	0.74
-6844.779	-0.09	-244.89	58.459976	0.76
-6801.8926	-0.08	-247.64003	47.90999	0.76
-6844.656	-0.09	-248.51	48.569992	0.83
-6821.8164	-0.09	-246.7	52.36003	0.77
-6813.687	-0.09	-245.56	51.450012	0.77
-6773.366	-0.09	-248.11	49.66002	0.77
-6749.334	-0.07	-249.89998	46.729965	0.77
-6769.35	-0.07	-250.86002	50.319946	0.77
-6758.6714	-0.07	-250.47002	47.019943	0.77
-6874.1025	-0.05	-253.11995	49.960068	0.8
-6794.122	-0.05	-251.77998	42.88005	0.9
-6814.5527	-0.05	-254.13002	39.749985	1.21
-6831.452	-0.05	-255.33003	40.229965	1.21
-6741.115	-0.1	-248.59004	46.699936	0.92
-7177.9414	-0.06	-261.79	51.350037	1.24
-7178.394	-0.06	-254.17001	62.660034	1.24
-7184.999	-0.06	-259.03998	59.02997	1.46
-7185.182	-0.06	-258.99	64.22995	1.24
-7189.0264	-0.06	-257.27	65.110016	1.24
-7189.2544	-0.06	-257.53003	65.59003	1.24
-7111.605	-0.06	-257.74	63.28006	1.15
-7108.3525	-0.06	-257.87003	58.680023	1.15
-7085.8325	-0.08	-256.12997	59.51007	1.15
-6947.515	-0.08	-248.90002	62.159973	0.95
-6661.0684	-0.13	-246.36002	37.130005	0.93
-6860.306	-0.13	-249.07996	50.28006	0.89
-6845.019	-0.13	-252.46994	42.910095	0.93
-6848.69	-0.13	-253.77	42.989944	0.93
-6910.282	-0.13	-253.00002	46.42003	0.93
-6849.1973	-0.05	-252.37001	39.789993	1.28
-6855.8145	-0.01	-256.72998	34.28003	0.93
-6830.332	-0.01	-257.59003	32.77997	0.93
-6861.9517	-0.01	-256.05	34.98999	1.02
-7017.977	-0.0	-261.63998	48.950043	1.17
-7028.5806	-0.01	-254.44997	59.270035	0.84
-7002.725	-0.01	-259.22	49.02997	0.94
-7007.519	-0.01	-258.83	47.909973	0.94
-7007.8564	-0.01	-258.62	53.629944	1.02
-6988.298	-0.01	-260.34	50.00995	1.02
-6989.1895	-0.01	-259.39	49.399994	1.02
-6993.66	-0.0	-259.91	50.70999	0.94
-6948.597	-0.0	-256.08002	46.809998	0.86
-6999.795	-0.0	-257.24002	49.670013	0.84
-6977.295	-0.0	-256.33	54.99005	0.83
-6957.78	-0.0	-255.57999	54.909973	0.83
-7021.728	-0.0	-254.69	52.98001	0.83
-7038.09	-0.0	-253.27	56.249985	0.83
-7023.4683	-0.0	-253.64998	54.65001	0.99
-7045.489	-0.0	-251.31998	55.02997	0.99
-6977.4927	-0.0	-253.15	48.600037	0.8
-6988.6807	-0.0	-254.56999	46.330032	0.9
-7028.8457	-0.01	-253.46997	55.589996	0.9
-7001.0083	-0.02	-254.51006	54.909958	0.9
-7022.6875	-0.02	-255.14	56.58998	0.9
-7024.6406	-0.0	-253.47	53.159973	0.9
-6990.7627	-0.0	-255.08	49.249985	0.9
-6955.805	-0.0	-253.46999	45.010025	0.9
-6932.8154	-0.06	-259.58	44.940063	0.97
-6946.593	-0.01	-259.77002	41.860016	1.2
-6998.812	-0.0	-258.30008	40.889893	1.58
-6959.3477	-0.0	-254.06	49.23004	0.89
-6954.0303	-0.0	-255.30998	49.500046	0.89
-6943.8486	-0.0	-255.98003	46.679947	0.88
-6926.711	-0.01	-253.68001	48.060013	0.89
-6914.2935	-0.01	-255.54999	47.600037	0.89
-6912.375	-0.01	-254.22003	46.909973	0.91
-6920.6733	-0.01	-252.71	46.63002	0.91
-6936.0635	-0.01	-257.08	44.420013	0.92
-6955.554	-0.01	-256.22003	45.849945	0.92
-7043.953	-0.0	-256.32	50.799988	1.3
-6984.4614	-0.01	-258.06998	44.680023	1.08
-6998.762	-0.01	-259.54996	48.590027	1.08
-6996.5117	-0.01	-261.06	44.589966	1.44
-6996.187	-0.01	-258.63	44.450012	1.1
-7023.747	-0.01	-260.6	45.24997	1.3
-7032.756	-0.01	-260.42996	48.75003	1.3
-7017.933	-0.01	-258.36996	51.29001	0.95
-7036.903	-0.01	-255.96997	56.390015	0.95
-7035.239	-0.01	-257.70996	59.450073	0.93
-7065.811	-0.01	-259.50998	62.070038	0.92
-7055.28	-0.01	-260.76	64.79001	0.92
-7059.599	-0.01	-259.52	70.42001	0.92
-7068.1714	-0.01	-259.31003	67.94995	0.92
-7016.73	-0.01	-258.08	47.24002	0.92
-7018.5024	-0.01	-255.19003	50.93994	0.83
-6993.664	-0.01	-253.06	49.370026	0.83
-6996.503	-0.01	-253.87999	50.300003	0.86
-6973.285	-0.01	-253.67001	48.389954	0.86
-6948.335	-0.01	-253.81998	48.56006	0.86
-6970.4707	-0.01	-254.23999	52.180054	0.81
-6947.05	-0.01	-255.09	48.43994	0.81
-6917.8584	-0.01	-252.67998	48.419968	0.81
-6895.9243	-0.01	-250.72003	48.379974	0.81
-6874.073	-0.01	-250.95001	45.060028	0.81
-6874.873	-0.01	-251.04001	47.27002	0.81
-6862.014	-0.01	-252.44002	47.38994	0.81
-6840.9937	-0.01	-253.41998	47.619995	0.79
-6845.327	-0.01	-252.61003	46.519974	0.79
-6839.8735	-0.01	-252.60002	40.749985	0.79
-6842.233	-0.01	-250.53	45.97	0.79
-6845.873	-0.03	-253.09001	43.85997	0.81
-6819.6436	-0.03	-255.54001	40.419952	0.79
-6829.1665	-0.02	-252.4	45.94998	0.79
-6831.3276	-0.03	-252.57002	48.57997	0.79
-6843.761	-0.03	-255.68001	39.029984	0.82
-6844.5103	-0.03	-254.03003	44.589966	0.82
-6823.355	-0.03	-256.83	40.829987	0.94
-6830.9136	-0.03	-255.96999	44.270004	0.82
-6850.854	-0.03	-254.05005	47.019897	0.82
-6849.165	-0.03	-251.87	42.95999	0.93
-6880.375	-0.03	-257.16998	42.950043	1.04
-6872.6704	-0.03	-255.89996	46.570038	0.93
-6865.139	-0.03	-253.42996	43.26004	0.93
-7431.263	-0.02	-250.25002	92.35997	0.73
-7402.2446	-0.02	-244.93002	96.65991	0.72
-7343.3154	-0.03	-248.99002	95.56995	0.7
-7318.7837	-0.03	-247.20004	89.76996	0.7
-7210.827	-0.03	-229.01004	94.76999	0.67
-7170.09	-0.03	-234.19	90.03006	0.67
-7105.5796	-0.03	-235.74998	90.749954	0.67
-7125.079	-0.03	-239.32999	91.390015	0.67
-7097.981	-0.03	-236.84998	87.890045	0.75
-7042.018	-0.03	-240.49005	81.609955	0.75
-7021.44	-0.03	-243.15001	73.95006	0.75
-6981.6733	-0.03	-243.90002	70.79999	0.86
-6908.99	-0.15	-242.69006	69.69989	0.82
-6887.852	-0.16	-238.13	70.54999	0.84
-6823.109	-0.16	-232.22002	74.30995	0.75
-6802.0264	-0.15	-236.5	63.00003	0.71
-6850.882	-0.12	-236.53	68.139984	0.71
-6843.152	-0.08	-230.58998	82.60002	0.68
-6868.7144	-0.08	-233.59001	78.13997	0.74
-6867.395	-0.08	-236.04001	77.78	0.72
-6855.551	-0.08	-236.82999	84.41998	0.72
-6790.232	-0.1	-240.28	70.629974	0.72
-6802.99	-0.1	-242.84003	64.53992	0.73
-6826.9727	-0.1	-249.51001	61.75995	0.83
-6836.069	-0.1	-252.3	58.229996	0.88
-6882.615	-0.1	-253.32004	56.189972	0.92
-6900.213	-0.1	-248.04	59.08998	0.92
-6860.748	-0.12	-251.04999	60.090057	0.92
-6877.7773	-0.13	-249.95998	58.63002	0.92
-6865.7197	-0.15	-252.09999	62.930008	0.92
-6860.491	-0.15	-249.97998	61.350098	0.92
-6849.144	-0.15	-249.18001	60.88002	0.92
-6828.51	-0.15	-246.20999	62.5	0.88
-6839.809	-0.15	-243.55997	62.359985	0.88
-6831.4897	-0.15	-243.65	59.600037	0.89
-6807.0312	-0.15	-245.28	55.54001	0.89
-6822.208	-0.15	-242.50998	52.26001	0.88
-6853.6323	-0.15	-247.75	57.039978	1.01
-6833.7563	-0.15	-249.98997	49.490005	1.02
-6827.9165	-0.14	-252.89005	47.46994	0.88
-6786.447	-0.12	-249.02002	51.269928	0.79
-6787.2065	-0.12	-245.40004	51.64995	0.79
-6804.176	-0.12	-247.15001	58.729996	0.79
-6830.4717	-0.12	-243.0	57.330017	0.87
-6843.2407	-0.1	-251.00002	62.66002	0.83
-6824.88	-0.1	-250.02	55.290054	0.83
-6820.1655	-0.1	-251.18001	54.989975	0.83
-6799.099	-0.1	-252.41997	57.08	0.84
-6818.6587	-0.12	-250.17	62.530075	0.84
-6842.9277	-0.14	-247.73001	66.56998	0.84
-6842.246	-0.14	-246.24997	70.44003	0.83
-6847.496	-0.14	-242.13997	68.63002	0.83
-6828.3984	-0.14	-244.87997	68.57004	0.83
-6813.136	-0.15	-248.4	66.389984	0.86
-6779.83	-0.15	-243.82999	66.110016	0.78
-6778.5386	-0.15	-246.18999	67.06996	0.77
-6748.8955	-0.08	-243.64006	52.36995	0.67
-6804.888	-0.1	-241.64998	58.179977	0.79
-6801.8145	-0.1	-243.05997	57.410034	0.79
-6689.511	-0.05	-247.03	41.049988	0.76
-6731.0757	-0.05	-250.21	44.289993	0.76
-6738.606	-0.05	-250.32	50.839996	0.76
-6812.4365	-0.05	-249.17001	49.349945	0.76
-6813.937	-0.03	-249.54004	46.939972	0.76
-6848.0723	-0.03	-246.65997	54.890015	0.76
-6807.285	-0.05	-247.90997	45.150055	0.74
-6826.5933	-0.05	-249.09006	46.599945	0.74
-6843.072	-0.05	-248.36	46.15999	0.74
-6841.594	-0.05	-248.54001	47.210052	0.74
-6800.1025	-0.05	-249.18001	46.90999	0.74
-6750.9175	-0.07	-245.55998	54.60002	0.7
-6850.6294	-0.03	-246.93001	63.270035	0.69
-6832.7915	-0.03	-248.27	56.10005	0.69
-6860.0195	-0.0	-247.13002	61.039963	0.67
-6825.66	-0.0	-244.89001	53.039948	0.67
-6803.5093	-0.0	-245.62996	49.780045	0.67
-6735.3643	-0.0	-249.17998	50.689987	0.67
-6779.042	-0.0	-249.98997	56.819992	0.67
-6795.311	-0.0	-252.61998	57.300003	0.68
-6819.8696	-0.0	-249.52	53.33	0.68
-6807.1836	-0.0	-252.03	51.910004	0.68
-6824.34	-0.0	-248.34003	55.160004	0.68
-6807.002	-0.0	-249.60999	49.570007	0.68
-6769.6143	-0.0	-248.32997	48.17006	0.68
-7531.928	-0.04	-264.63998	71.850006	1.05
-7475.0776	-0.04	-240.79005	90.739975	0.86
-7441.996	-0.04	-244.31006	83.93997	0.96
-7388.375	-0.04	-250.50003	76.24988	0.86
-7362.865	-0.05	-252.45003	72.43001	0.81
-7326.1045	-0.05	-256.30005	68.14996	0.88
-7291.2666	-0.05	-257.64	67.95001	1.06
-7249.507	-0.05	-257.55	66.160065	1.06
-7222.043	-0.11	-260.18002	67.170074	1.06
-7192.186	-0.18	-255.95001	68.18002	1.06
-7166.5083	-0.18	-246.57	76.79996	0.88
-7153.208	-0.18	-254.79997	65.11003	0.88
-7135.205	-0.18	-254.06998	64.74002	0.88
-7148.475	-0.18	-252.70996	59.980103	1.03
-7151.8945	-0.18	-253.18	64.20999	1.03
-7118.244	-0.18	-254.4	57.700012	1.03
-7061.166	-0.18	-254.94998	53.460052	1.08
-7044.83	-0.15	-254.11	56.990036	1.03
-7000.9976	-0.09	-250.54001	55.810028	1.03
-6961.447	-0.09	-254.29002	51.17006	1.03
-6936.013	-0.14	-245.17001	63.20996	0.99
-6934.773	-0.14	-236.77997	72.21002	0.87
-7003.3516	-0.71	-236.77	94.67003	1.02
-6973.2793	-0.63	-236.02002	90.370026	1.06
-6968.018	-0.59	-238.79002	86.14003	1.06
-6918.828	-0.59	-237.55003	90.68996	1.02
-6945.3784	-0.59	-234.69003	94.48996	1.02
-6949.0894	-0.59	-232.56003	90.95996	1.02
-6944.702	-0.54	-235.91003	86.95001	1.02
-6864.8936	-0.25	-236.40996	78.72008	1.04
-6913.824	-0.22	-239.38997	79.62007	1.04
-6864.8335	-0.22	-241.73996	78.04007	1.22
-6873.455	-0.22	-239.55997	83.660034	1.22
-6939.839	-0.25	-242.46997	84.69	1.44
-6920.703	-0.21	-238.41998	81.29001	1.75
-6928.8726	-0.21	-234.77997	83.660034	1.75
-6867.8433	-0.21	-241.04997	72.86003	1.75
-6839.8623	-0.21	-241.58997	69.59003	1.75
-6627.671	-0.19	-241.31998	41.78	0.99
-6602.3604	-0.19	-243.84003	39.51996	1.13
-6566.0513	-0.19	-241.74997	42.870026	0.99
-6571.36	-0.23	-236.71	57.789963	0.83
-6560.9097	-0.22	-240.19998	49.24008	0.86
-6563.952	-0.22	-240.83998	49.09001	0.94
-6605.4966	-0.25	-241.34004	43.08998	1.03
-6562.6987	-0.25	-231.77002	58.350006	0.88
-6548.2856	-0.27	-226.85999	62.309998	0.86
-6520.5874	-0.27	-231.23	56.219986	0.89
-6481.809	-0.27	-230.54	52.85002	0.89
-6455.5557	-0.27	-236.31001	50.89003	0.96
-6463.447	-0.27	-234.64005	48.659912	0.96
-6494.5054	-0.27	-232.04005	57.490005	0.83
-6485.052	-0.27	-233.89005	53.879974	0.85
-6573.956	-0.26	-239.48997	67.91002	0.92
-6570.7256	-0.26	-238.15002	69.29001	0.84
-6572.391	-0.27	-229.77998	65.990005	0.89
-6593.042	-0.27	-239.58998	52.479996	1.32
-6679.229	-0.31	-231.71999	64.33998	1.1
-6751.8906	-0.31	-234.50996	77.09007	1.1
-6726.913	-0.31	-238.37001	72.740005	1.1
-6717.03	-0.31	-236.87999	73.739944	0.99
-6707.79	-0.24	-244.95998	64.90001	0.99
-6691.8574	-0.24	-241.23	61.559982	0.99
-6679.612	-0.24	-242.03001	61.060013	0.99
-6661.6714	-0.24	-243.74	59.820023	0.99
-6611.5947	-0.24	-239.00002	58.049973	0.99
-6582.7227	-0.24	-241.72998	54.54001	0.94
-6557.992	-0.18	-245.22998	48.900055	0.94
-6564.003	-0.23	-244.07997	51.42006	0.94
-6605.8926	-0.23	-244.03	57.210052	0.92
-6610.126	-0.23	-241.72003	59.919983	0.92
-6635.46	-0.23	-241.48001	56.47995	0.92
-6643.57	-0.23	-241.44002	54.569992	0.93
-6645.4	-0.23	-238.04999	50.679993	0.88
-6658.2017	-0.23	-239.26001	55.80005	0.88
-6709.088	-0.18	-242.66	62.55002	0.79
-6712.974	-0.18	-240.00998	66.11005	0.81
-6719.2686	-0.18	-238.64	67.08998	0.81
-6740.0957	-0.19	-238.09	64.10004	0.81
-6742.201	-0.19	-238.21	67.05	0.81
-6715.505	-0.19	-236.66997	57.570023	0.85
-6607.561	-0.21	-244.53998	48.79001	0.96
-6670.07	-0.2	-244.87003	56.549957	0.93
-6681.631	-0.2	-242.99	54.18004	0.93
-6656.9116	-0.2	-239.30002	53.48999	0.93
-6666.096	-0.2	-243.15999	48.690018	1.18
-6704.477	-0.2	-243.68	50.119965	1.27
-6670.157	-0.2	-243.61	45.169937	1.27
-6649.236	-0.17	-243.11	45.060013	1.25
-6697.312	-0.2	-244.27997	47.81006	1.25
-6677.358	-0.2	-243.33002	47.119995	1.25
-6721.751	-0.22	-237.34001	57.479996	1.03
-6702.0483	-0.22	-237.25002	54.180008	1.03
-6707.7495	-0.22	-238.58998	55.89995	1.03
-6690.8916	-0.22	-239.31	54.329987	1.03
-6674.6807	-0.22	-240.23001	50.919952	1.09
-6692.674	-0.22	-238.34001	50.88997	1.09
-6674.881	-0.18	-243.87	45.690033	1.09
-6629.25	-0.18	-243.09	48.23001	0.96
-6612.955	-0.18	-240.04999	48.76004	0.82
-6580.213	-0.17	-228.16992	69.79007	0.7
-6534.4614	-0.17	-226.25996	67.62001	0.7
-6433.144	-0.14	-221.44997	69.249985	0.65
-6468.71	-0.14	-222.17003	71.66002	0.65
-6512.667	-0.13	-231.08998	68.750015	0.65
-6513.238	-0.11	-231.82996	55.150055	0.69
-6483.7764	-0.11	-234.09999	54.429947	0.69
-6452.7246	-0.11	-234.41002	56.479935	0.68
-6440.798	-0.11	-236.11005	54.359955	0.66
-6443.8174	-0.11	-233.27002	54.720062	0.66
-6429.587	-0.11	-232.91005	48.799942	0.68
-6412.397	-0.12	-230.01001	54.79007	0.66
-6445.439	-0.12	-227.97	58.97003	0.66
-6442.21	-0.12	-230.62	59.420044	0.66
-6430.5776	-0.12	-230.18001	56.12001	0.66
-6422.379	-0.12	-234.83	54.770004	0.67
-6433.1094	-0.11	-234.92	53.91002	0.67
-6464.465	-0.11	-234.81	60.149963	0.67
-6595.687	-0.11	-236.79999	75.53	0.65
-6594.5303	-0.11	-236.54002	71.92995	0.65
-6560.6963	-0.11	-234.39	68.11998	0.65
-6526.4365	-0.11	-235.57004	66.73993	0.66
-6531.3374	-0.11	-238.66006	50.54001	0.7
-6547.06	-0.11	-234.71999	53.12004	0.7
-6548.229	-0.11	-233.29999	55.73999	0.7
-6532.9414	-0.11	-230.13998	60.859985	0.65
-6575.1855	-0.11	-233.07002	56.520035	0.66
-6610.7354	-0.14	-229.14998	63.069992	0.66
-6552.7495	-0.1	-239.44005	49.789963	0.68
-6583.675	-0.1	-239.27002	60.430023	0.68
-6585.4097	-0.1	-237.17003	57.67003	0.68
-6572.4517	-0.1	-237.78004	56.939926	0.68
-6571.941	-0.1	-236.84003	56.789978	0.68
-6610.554	-0.11	-233.99998	61.40004	0.68
-6599.7324	-0.11	-234.91998	60.420044	0.68
-6603.222	-0.11	-235.10999	60.689972	0.68
-6697.25	-0.09	-239.96999	63.59001	0.63
-6675.4297	-0.09	-239.60997	60.12004	0.63
-6645.462	-0.09	-239.87003	61.51996	0.63
-6648.888	-0.09	-240.81999	65.12004	0.63
-6673.615	-0.09	-240.3	62.479996	0.63
-6673.8286	-0.04	-242.84	64.370026	0.63
-6681.5576	-0.04	-242.17	60.89	0.63
-6769.6343	-0.03	-244.40997	63.170044	0.62
-6773.377	-0.03	-240.75	59.339966	0.63
-6794.5215	-0.03	-239.85	59.579987	0.63
-6795.3174	-0.03	-240.8	60.270004	0.63
-6783.2925	-0.03	-242.05002	56.589966	0.65
-6753.9795	-0.03	-245.45999	53.119934	0.65
-6782.6084	-0.03	-243.18999	61.41002	0.65
-6820.1704	-0.03	-236.96	65.26994	0.65
-6825.9473	-0.03	-236.08002	69.33002	0.65
-6833.6914	-0.03	-236.41998	76.24002	0.65
-6803.2964	-0.03	-239.92998	73.67003	0.65
-6814.8657	-0.03	-244.06999	61.519974	0.67
-6808.086	-0.03	-244.16	58.24997	0.67
-6848.8413	-0.02	-243.70999	71.879974	0.67
-6846.312	-0.02	-242.03003	70.20996	0.65
-6834.4443	-0.02	-239.44005	66.90996	0.65
-6830.4897	-0.03	-236.76001	70.06998	0.66
-6823.469	-0.03	-245.38002	61.989975	0.66
-6760.991	-0.03	-244.89	58.87004	0.64
-6762.72	-0.03	-239.99	60.220016	0.62
-6746.8677	-0.03	-240.13002	59.759995	0.62
-6720.591	-0.03	-241.53001	60.67003	0.63
-6710.88	-0.03	-241.45	56.740036	0.62
-6755.827	-0.02	-226.75003	77.54996	0.61
-6724.409	-0.0	-231.81999	65.12007	0.61
-6718.3047	-0.0	-237.09999	60.219986	0.61
-6730.186	-0.0	-240.15994	56.75006	0.62
-6731.214	-0.0	-240.20001	58.20996	0.62
-6721.625	-0.0	-240.35997	53.220047	0.64
-6778.845	-0.0	-245.43999	61.61998	0.64
-6792.955	-0.0	-247.83995	53.42006	0.66
-6791.6836	-0.02	-246.82999	55.610016	0.66
-6808.505	-0.02	-248.17001	59.72	0.67
-6799.254	-0.02	-249.67004	52.99994	0.67
-6803.294	-0.02	-247.8	54.739975	0.67
-6826.1343	-0.02	-247.61002	53.25995	0.67
-6800.0654	-0.02	-248.18	50.54001	0.68
-6775.635	-0.02	-248.06004	52.33989	0.67
-6791.816	-0.02	-249.75	52.950012	0.67
-6787.9683	-0.03	-250.84	49.890015	0.76
-6784.378	-0.03	-251.73001	52.079956	0.76
-6777.3643	-0.03	-250.53001	49.729996	0.76
-6775.8438	-0.03	-253.23996	42.690033	0.76
-6776.3413	-0.0	-255.47005	50.84996	0.69
-6799.419	-0.0	-253.69	50.169983	0.69
-6818.711	-0.0	-256.76	46.410004	0.78
-6810.7383	-0.0	-254.97002	40.67003	0.78
-6803.8086	-0.01	-251.48999	45.710022	0.69
-6791.3447	-0.01	-251.89	44.09001	0.69
-6804.7188	-0.03	-248.96	48.529953	0.69
-6804.7295	-0.02	-245.14003	49.11998	0.69
-6827.3643	-0.01	-252.13998	44.359985	0.75
-6824.1895	-0.01	-256.50003	42.660004	0.73
-6852.65	-0.01	-254.95999	48.159973	0.73
-6851.48	-0.01	-255.68001	50.679977	0.73
-6867.8677	-0.01	-254.26001	54.059998	0.73
-6906.251	-0.01	-253.73003	55.239944	0.73
-6911.46	-0.01	-250.50003	59.580017	0.73
-6950.15	-0.02	-249.8	63.990036	0.73
-6880.2	-0.06	-237.45003	68.78993	0.73
-6849.121	-0.06	-240.23001	61.69998	0.73
-6838.8823	-0.07	-244.45998	57.980026	0.73
-6828.7983	-0.07	-239.88002	55.470016	0.73
-6782.1763	-0.06	-244.87999	51.61	0.72
-6817.5225	-0.06	-245.37001	53.729996	0.72
-6758.5493	-0.08	-240.15	61.170044	0.62
-6735.18	-0.08	-239.05	58.189957	0.62
-6728.17	-0.06	-240.67	60.62001	0.62
-6742.033	-0.06	-241.32999	58.600006	0.64
-6755.182	-0.06	-238.66	60.23996	0.64
-6745.546	-0.05	-247.83002	61.909973	0.69
-6747.53	-0.06	-248.64003	66.67	0.69
-6740.84	-0.06	-249.64003	57.479904	0.69
-6750.938	-0.06	-247.35	56.330017	0.69
-6757.3906	-0.06	-247.12	48.919983	0.69
-6768.686	-0.06	-246.20999	50.03	0.69
-6765.471	-0.06	-247.73001	50.039978	0.71
-6799.562	-0.06	-247.78	55.399963	0.73
-6818.3687	-0.06	-245.60999	63.860016	0.73
-6834.279	-0.06	-247.59999	68.790054	0.71
-6837.189	-0.06	-247.31003	64.00998	0.71
-6845.47	-0.06	-244.46999	61.010056	0.7
-6860.082	-0.06	-243.54999	64.04001	0.74
-6855.331	-0.06	-243.94	65.879944	0.74
-6865.1304	-0.07	-249.95998	67.55	0.77
-6862.284	-0.07	-245.99002	72.64993	0.74
-6868.423	-0.07	-244.68001	69.09004	0.74
-6841.6997	-0.07	-244.34001	66.68999	0.74
-6837.918	-0.07	-245.50998	67.24002	0.74
-6898.01	-0.05	-249.22998	61.549988	0.73
-6890.831	-0.05	-252.81998	57.01007	0.73
-6880.357	-0.05	-246.18999	63.070023	0.71
-6868.3623	-0.05	-249.44003	60.69998	0.71
-6827.57	-0.05	-246.77997	55.619965	0.71
-6847.7827	-0.05	-246.67	57.489975	0.71
-6828.258	-0.05	-246.65996	57.320023	0.71
-6828.1055	-0.05	-244.07996	57.21997	0.71
-6828.097	-0.05	-247.55998	57.509995	0.71
-6827.044	-0.05	-247.6	53.919983	0.71
-6802.5337	-0.08	-246.66002	55.049973	0.71
-6816.4946	-0.08	-244.08002	57.609924	0.71
-6803.3413	-0.07	-247.72	57.48999	0.71
-6738.186	-0.07	-248.73997	57.500015	0.71
-6779.8916	-0.09	-248.00002	51.33	0.71
-6766.3994	-0.07	-244.24998	51.240005	0.71
-6780.347	-0.09	-243.84999	51.580032	0.71
-6795.188	-0.09	-245.55002	52.51999	0.71
-6763.038	-0.09	-247.85007	46.50992	0.71
-6794.6304	-0.09	-246.92	51.84001	0.71
-6801.031	-0.09	-244.20001	57.24002	0.66
-6809.7886	-0.09	-243.91	55.400024	0.7
-6840.307	-0.09	-243.94002	56.919968	0.68
-6819.5054	-0.09	-244.8	58.210007	0.68
-6787.661	-0.1	-240.61996	66.410065	0.68
-6610.543	-0.11	-220.75996	74.67003	0.64
-6614.9336	-0.11	-219.78996	74.48006	0.64
-6597.6147	-0.1	-221.23004	77.48996	0.63
-6573.173	-0.1	-223.24	77.14003	0.63
-6562.383	-0.1	-228.48996	73.06003	0.63
-6526.8633	-0.1	-234.56999	58.85002	0.63
-6542.9326	-0.1	-231.79002	64.11992	0.63
-6519.714	-0.1	-230.85995	66.650085	0.61
-6505.5938	-0.1	-228.23004	60.909973	0.61
-6550.271	-0.1	-227.01001	66.51004	0.61
-6567.5728	-0.1	-222.57002	68.969986	0.61
-6548.962	-0.1	-230.48	62.529984	0.61
-6548.6626	-0.07	-231.93001	62.060013	0.61
-6532.2896	-0.07	-234.62	55.76001	0.61
-6532.8794	-0.1	-235.72997	52.980057	0.64
-6523.123	-0.1	-233.86002	52.00998	0.65
-6534.712	-0.1	-233.45998	55.690018	0.67
-6529.8516	-0.1	-234.39	51.11	0.67
-6570.2046	-0.08	-241.25	51.410004	0.65
-6541.5034	-0.08	-239.2	50.65999	0.65
-6575.1455	-0.08	-237.68	47.869995	0.65
-6565.7334	-0.08	-240.35995	45.920105	0.73
-6586.6445	-0.08	-234.53	54.850006	0.65
-6575.2573	-0.08	-234.66995	54.23999	0.65
-6606.4453	-0.06	-243.37003	44.05002	0.66
-6629.98	-0.06	-244.29	50.050034	0.66
-6637.2764	-0.05	-241.90001	50.949997	0.66
-6695.9507	-0.04	-243.51001	49.910004	0.65
-6692.5415	-0.06	-243.36003	53.409927	0.65
-6675.6147	-0.06	-241.85002	52.3499	0.65
-6628.011	-0.06	-241.31	47.450043	0.65
-6609.8857	-0.06	-242.02997	47.179993	0.65
-6570.511	-0.06	-242.98003	48.06996	0.65
-6584.8184	-0.06	-245.15	42.50992	0.72
-6586.2896	-0.06	-243.01	42.84999	0.72
-6592.8774	-0.06	-239.67003	43.519974	0.72
-6596.322	-0.06	-244.27002	39.71997	0.81
-6526.043	-0.05	-243.73001	35.079987	0.82
-6659.399	-0.32	-230.44997	72.48003	0.81
-6697.5996	-0.32	-231.91997	69.84004	0.87
-6688.2188	-0.32	-234.88997	67.97005	1.06
-6699.438	-0.32	-235.22003	70.49002	1.06
-6704.829	-0.33	-232.96	75.34004	1.06
-6696.2876	-0.33	-231.81998	74.82007	1.06
-6706.825	-0.37	-236.42998	77.35005	1.05
-6686.128	-0.37	-241.20001	71.44003	1.05
-6625.5366	-0.37	-237.55997	68.86005	1.05
-6572.298	-0.37	-231.66997	64.780014	1.05
-6556.328	-0.37	-231.24002	65.67001	1.0
-6553.1772	-0.37	-231.54002	69.37999	1.0
-6557.608	-0.37	-233.48001	73.630005	0.88
-6544.6973	-0.31	-235.04001	72.390015	0.93
-6561.7056	-0.31	-232.40001	79.63008	0.83
-6526.2075	-0.31	-235.08	71.36009	0.83
-6495.4995	-0.31	-231.72	72.60007	0.82
-6539.0063	-0.31	-235.94998	64.58002	0.92
-6510.29	-0.31	-233.2	62.220016	0.92
-6466.8027	-0.31	-236.60004	54.169952	0.92
-6449.05	-0.31	-231.52005	49.46997	0.92
-6466.417	-0.3	-232.68999	49.83	1.18
-6495.396	-0.3	-234.46	55.65004	0.97
-6483.818	-0.31	-234.91997	51.830063	1.11
-6672.6255	-0.29	-233.25996	65.32002	1.04
-6647.647	-0.29	-236.64003	62.179947	1.04
-6604.607	-0.29	-234.48999	56.98999	1.04
-6577.3374	-0.26	-229.76999	62.99997	0.89
-6615.0356	-0.26	-232.19998	65.630035	0.89
-6599.11	-0.26	-228.18	65.41998	0.89
-6642.75	-0.26	-227.59999	68.479996	0.87
-6619.1357	-0.26	-229.63998	68.130035	0.85
-6611.049	-0.24	-236.79	64.34001	0.85
-6679.4805	-0.24	-239.31001	58.340042	0.88
-6708.0737	-0.24	-234.54997	62.86006	0.92
-6715.822	-0.23	-238.78001	56.419937	0.92
-6689.212	-0.24	-240.34999	53.36	1.04
-6670.2617	-0.22	-240.82004	56.149933	1.04
-6677.2324	-0.18	-247.60999	46.880005	1.04
-6643.0195	-0.24	-238.34996	54.760056	0.86
-6647.067	-0.24	-237.76996	61.78003	0.86
-6675.4395	-0.24	-233.70999	65.40997	0.86
-6704.828	-0.24	-237.38	61.079987	0.89
-6710.733	-0.24	-234.44	67.32001	0.89
-6663.709	-0.25	-232.97	67.589966	0.91
-6649.072	-0.25	-235.07002	61.909958	0.91
-6658.943	-0.25	-234.73999	60.99002	0.91
-6699.8813	-0.25	-238.41	71.120056	1.08
-6645.046	-0.25	-242.56998	51.350037	1.08
-6671.581	-0.25	-242.03998	49.74005	1.08
-6679.9478	-0.25	-245.56003	48.359955	1.22
-6678.3506	-0.25	-247.87003	49.609924	1.14
-6693.231	-0.25	-247.70001	50.619995	1.18
-6728.81	-0.25	-245.95001	51.620026	1.18
-6713.081	-0.23	-245.27998	52.540054	1.06
-6774.036	-0.23	-246.39998	54.39003	1.06
-6771.885	-0.25	-237.86	62.519974	1.06
-6775.1895	-0.25	-246.84998	53.120056	1.2
-6782.831	-0.25	-246.92001	54.170013	1.1
-6824.2017	-0.25	-252.18001	54.34993	1.1
-6817.8447	-0.2	-249.69997	56.990005	1.06
-6810.1597	-0.2	-250.10004	56.71997	0.94
-6801.6006	-0.2	-249.06003	56.410034	0.94
-6800.3706	-0.2	-251.73003	52.720047	0.94
-6786.9927	-0.2	-243.59998	59.620087	0.87
-6825.412	-0.16	-242.95	60.459976	0.87
-6875.566	-0.14	-252.34004	50.459946	0.94
-6902.8896	-0.14	-252.41	48.900024	0.95
-6928.8325	-0.14	-250.68999	55.17003	0.95
-6927.1436	-0.14	-255.64003	48.909958	1.06
-6890.417	-0.14	-255.70998	46.31996	1.06
-6938.118	-0.16	-258.17996	49.549957	1.06
-6908.555	-0.16	-254.73001	48.430023	1.14
-6868.195	-0.13	-255.56003	44.569977	1.14
-6874.8804	-0.13	-253.24995	45.13005	1.19
-6890.0806	-0.13	-253.14001	43.22003	1.18
-6910.284	-0.13	-252.23999	47.02002	1.18
-6948.0576	-0.13	-253.80003	45.55995	1.29
-6919.443	-0.13	-250.82999	48.889984	1.18
-6954.9985	-0.13	-251.27	49.749985	1.18
-6915.039	-0.13	-250.89003	48.36998	1.09
-6922.082	-0.13	-250.55002	52.920013	1.03
-6990.6396	-0.13	-249.28998	59.669983	1.0
-6959.973	-0.1	-251.55	56.34993	1.01
-6978.072	-0.1	-254.15997	59.340027	1.0
-6945.6587	-0.1	-253.25003	56.100006	1.0
-6942.4287	-0.1	-253.05002	50.839996	1.0
-6942.471	-0.1	-250.92003	55.67	1.0
-6999.5527	-0.07	-254.74998	62.500046	1.0
-6994.9077	-0.06	-252.35004	62.139984	0.96
-6993.506	-0.09	-255.56003	58.160004	0.96
-6978.716	-0.06	-253.42003	57.689926	0.96
-6870.815	-0.06	-238.27	71.260056	0.72
-6846.398	-0.06	-237.79001	67.130035	0.72
-6865.8955	-0.06	-236.48001	69.72998	0.72
-6863.592	-0.06	-239.92	69.34001	0.72
-6857.027	-0.08	-236.09001	77.82002	0.72
-6902.134	-0.09	-248.50003	55.089966	0.77
-6926.67	-0.04	-248.72002	63.32997	0.77
-6943.156	-0.04	-252.49998	60.250015	0.8
-6978.4297	-0.04	-248.01001	67.06998	0.8
-6981.017	-0.04	-247.78998	75.95004	0.8
-6948.5376	-0.08	-244.17998	78.08006	0.8
-6945.361	-0.08	-245.62001	67.219986	0.8
-6928.7593	-0.08	-245.96	69.530014	0.8
-6862.8276	-0.06	-254.63998	55.48999	0.75
-6828.668	-0.06	-254.77	58.729965	0.75
-6814.4897	-0.07	-253.74997	63.19995	0.77
-6799.376	-0.07	-251.72	61.46994	0.77
-6780.2036	-0.07	-252.84001	55.419968	0.77
-6798.897	-0.08	-252.38	51.78	0.77
-6805.835	-0.09	-248.49002	51.20999	0.77
-6801.4976	-0.09	-251.40997	53.149994	0.75
-6824.528	-0.09	-248.79001	54.23996	0.75
-6809.3457	-0.11	-250.53001	63.229935	0.84
-6809.325	-0.11	-250.25	60.23996	0.78
-6812.5537	-0.11	-246.7	56.59996	0.81
-6802.1396	-0.11	-247.2	57.510025	0.77
-6787.543	-0.11	-247.19997	56.210037	0.77
-6767.9194	-0.13	-247.87999	49.570023	0.84
-6768.0137	-0.13	-248.25003	48.359924	0.86
-6771.7583	-0.13	-244.76001	45.380005	0.86
-6738.341	-0.13	-248.05	44.59999	0.86
-6719.311	-0.13	-250.13997	41.08	0.86
-6726.6055	-0.15	-245.07	44.700012	0.96
-6728.633	-0.15	-243.14003	43.719955	1.02
-6735.2217	-0.15	-245.02998	42.460007	1.14
-6673.213	-0.15	-248.59998	38.75	1.33
-6753.7	-0.15	-244.5	47.110016	1.09
-6832.4883	-0.15	-249.91997	49.730026	0.92
-6788.77	-0.15	-242.16998	60.73999	0.81
-6747.4287	-0.15	-242.43	57.119995	0.81
-6616.0615	-0.15	-241.70999	45.630035	0.88
-6595.645	-0.15	-241.47002	44.740036	0.88
-6537.558	-0.16	-237.73	45.810043	0.88
-6514.817	-0.15	-239.76001	43.5	0.88
-6490.6714	-0.15	-238.01999	44.580017	0.83
-6504.795	-0.15	-239.24	43.08	0.89
-6500.3276	-0.13	-238.41	40.589996	0.89
-6467.7036	-0.13	-244.58998	32.740036	0.89
-6460.5923	-0.15	-237.13	42.130005	0.81
-6472.6636	-0.15	-240.00998	44.19998	0.81
-6435.4795	-0.15	-232.36	45.59999	0.79
-6438.301	-0.14	-231.70003	56.61992	0.68
-6457.209	-0.14	-237.44998	48.72998	0.73
-6508.7734	-0.14	-228.52998	58.64	0.7
-6528.154	-0.14	-229.73001	58.889954	0.7
-6500.9414	-0.14	-229.73001	56.51999	0.7
-6498.16	-0.13	-229.01003	56.11995	0.7
-6489.9395	-0.13	-228.51001	55.899963	0.7
-6489.812	-0.14	-231.54002	55.199997	0.67
-6482.9614	-0.16	-231.51997	55.999924	0.7
-6497.5625	-0.16	-232.31999	58.460007	0.7
-6453.2515	-0.16	-220.49	69.33	0.67
-6434.221	-0.16	-225.76	64.91005	0.67
-6402.2744	-0.16	-229.12999	59.570023	0.67
-6415.2026	-0.16	-226.41	58.879974	0.67
-6441.4194	-0.16	-224.75998	60.76999	0.67
-6439.3306	-0.16	-225.28998	59.680023	0.69
-6429.7456	-0.18	-223.90997	59.5701	0.69
-6418.663	-0.18	-223.77003	56.89998	0.69
-6443.1313	-0.16	-224.24002	59.539978	0.69
-6567.297	-0.16	-223.20998	74.21001	0.69
-6572.906	-0.16	-222.96996	70.050156	0.69
-6520.834	-0.16	-224.95995	66.22008	0.69
-6498.017	-0.16	-222.37004	66.16997	0.69
-6534.61	-0.16	-231.15999	66.40996	0.68
-6716.3916	-0.19	-237.46999	66.85997	0.8
-6714.908	-0.19	-232.72	74.43997	0.75
-6717.38	-0.18	-238.64003	67.11995	0.75
-6717.511	-0.18	-238.77002	68.52997	0.75
-6716.0767	-0.18	-239.23001	66.75	0.75
-6725.468	-0.18	-241.15994	71.870056	0.75
-6686.902	-0.15	-245.36002	58.579956	0.72
-6683.391	-0.15	-243.42996	60.299988	0.71
-6676.904	-0.15	-243.57997	57.82997	0.71
-6634.233	-0.15	-238.51997	57.569992	0.71
-6616.325	-0.14	-239.19	54.599976	0.71
-6713.4995	-0.11	-245.91	65.70001	0.74
-6732.6343	-0.11	-245.95	66.759995	0.74
-6770.928	-0.11	-239.73003	58.799973	0.75
-6809.8535	-0.11	-240.22003	61.48996	0.75
-6824.997	-0.11	-236.19002	65.89	0.73
-6856.648	-0.02	-250.51993	54.430054	0.73
-6844.258	-0.11	-245.01994	69.17006	0.73
-6814.335	-0.11	-241.01996	67.650024	0.74
-6773.2383	-0.11	-244.93999	59.90004	0.74
-6762.2773	-0.11	-245.58998	56.92	0.74
-6764.754	-0.11	-245.49997	62.450043	0.74
-6778.189	-0.11	-244.04002	64.14995	0.74
-6786.798	-0.12	-240.55998	71.11	0.74
-6715.7583	-0.13	-242.28	59.70999	0.74
-6696.4985	-0.13	-244.73996	54.98999	0.74
-6686.705	-0.13	-247.87001	51.08998	0.74
-6692.2427	-0.13	-245.35	54.97992	0.75
-6709.0312	-0.13	-244.78996	53.459976	0.75
-6721.1133	-0.13	-248.45996	52.73999	0.76
-6737.5903	-0.11	-247.84999	47.840042	0.76
-6727.5303	-0.11	-248.17998	53.710007	0.76
-6764.2153	-0.1	-248.09999	55.15999	0.76
-6771.443	-0.1	-247.13995	53.110077	0.76
-6773.981	-0.11	-246.79	54.799973	0.76
-6791.321	-0.11	-245.36005	55.769928	0.76
-6769.6616	-0.11	-245.67998	50.65001	0.76
-6798.7515	-0.11	-241.46002	55.44998	0.76
-6840.0347	-0.11	-243.83002	57.50995	0.85
-6807.669	-0.11	-245.49997	59.54007	0.77
-6806.6885	-0.11	-246.28003	59.19995	0.76
-6830.94	-0.11	-241.87997	61.98001	0.75
-6858.471	-0.13	-234.55002	79.40997	0.79
-6923.4077	-0.12	-248.08998	60.270035	0.76
-6934.73	-0.12	-245.27998	63.62001	0.76
-6890.0186	-0.13	-217.97	95.369965	0.76
-6885.1455	-0.12	-237.43997	73.879974	0.75
-6855.6875	-0.12	-234.04999	70.94003	0.75
-6842.348	-0.13	-228.05998	81.800064	0.75
-6859.8804	-0.13	-227.99997	85.649994	0.75
-6846.8887	-0.13	-234.50996	83.15999	0.75
-6825.5737	-0.13	-236.56998	76.99005	0.76
-6831.305	-0.13	-232.77998	80.57002	0.76
-6851.92	-0.13	-230.81001	84.01997	0.76
-6811.049	-0.13	-227.85002	79.739975	0.72
-6817.2495	-0.13	-228.6	82.54996	0.72
-6827.897	-0.13	-225.5	86.26999	0.72
-6850.3286	-0.13	-233.75002	83.259964	0.76
-6827.3203	-0.13	-235.31003	78.01996	0.76
-6804.9883	-0.13	-237.29001	73.390015	0.76
-6877.418	-0.13	-242.31999	66.39006	0.81
-6857.0215	-0.13	-240.02994	63.460052	0.81
-6824.2124	-0.13	-243.92995	58.310043	0.81
-6790.472	-0.13	-241.81001	57.499985	0.81
-6768.852	-0.13	-242.74002	53.119995	0.81
-6794.0503	-0.13	-241.39001	56.390015	0.81
-6764.5635	-0.13	-243.84001	55.12996	0.81
-6782.4116	-0.12	-245.48	59.90004	0.76
-6755.7017	-0.1	-249.59001	50.89003	0.76
-6766.822	-0.1	-250.5	56.710052	0.76
-6744.7397	-0.1	-250.29997	50.90001	0.74
-6742.053	-0.1	-244.77998	56.060013	0.7
-6737.629	-0.1	-245.85999	59.080017	0.7
-6732.1787	-0.1	-244.16998	54.50006	0.69
-6731.2437	-0.1	-245.91	55.539978	0.69
-6711.0225	-0.11	-240.31999	62.740005	0.69
-6732.9614	-0.11	-240.16002	65.28996	0.69
-6745.5605	-0.11	-238.04999	76.579956	0.69
-6754.377	-0.11	-238.89001	78.619995	0.69
-6756.555	-0.11	-237.97002	78.07997	0.7
-6571.509	-0.13	-235.15999	63.070084	0.66
-6662.0996	-0.15	-226.68999	84.39003	0.69
-6676.99	-0.15	-221.55997	89.00006	0.69
-6662.8457	-0.15	-227.51999	91.45004	0.69
-6650.5493	-0.15	-229.35	92.28003	0.7
-6644.599	-0.15	-235.85004	65.46002	0.7
-6599.9688	-0.15	-233.65004	60.11992	0.66
-6637.3545	-0.15	-232.83	63.199997	0.66
-6641.945	-0.15	-230.06001	66.95998	0.69
-6595.004	-0.15	-233.91005	64.43999	0.66
-6585.8784	-0.15	-234.78998	64.68002	0.66
-6631.473	-0.15	-234.59001	67.55003	0.66
-6639.904	-0.15	-236.42	67.64003	0.66
-6597.9517	-0.15	-234.91003	66.29996	0.69
-6599.7534	-0.15	-235.18	67.399994	0.69
-6577.7686	-0.15	-235.81	66.56003	0.67
-6560.8125	-0.15	-235.42998	64.27995	0.7
-6546.38	-0.15	-235.20003	63.479996	0.69
-6513.0347	-0.15	-232.68001	48.64998	0.74
-6509.8374	-0.15	-232.64996	48.380035	0.74
-6509.638	-0.15	-235.52998	45.61	0.74
-6506.5103	-0.15	-237.1	46.95999	0.74
-6525.413	-0.15	-235.9	48.810028	0.78
-6485.3687	-0.14	-240.19994	40.090073	0.78
-6496.2363	-0.14	-237.87999	42.970016	0.78
-6506.5376	-0.14	-240.05002	41.599945	0.8
-6558.098	-0.11	-245.85002	38.759995	0.85
-6544.6367	-0.11	-244.31998	38.100067	0.85
-6566.263	-0.11	-242.22998	40.48004	0.85
-6560.9067	-0.12	-238.11	42.929947	0.74
-6587.1284	-0.12	-239.06001	46.449966	0.74
-6575.0103	-0.13	-240.56001	46.969986	0.74
-6560.366	-0.09	-240.35997	43.94005	0.74
-6525.3975	-0.04	-242.56999	39.470016	0.74
-6510.253	-0.04	-242.92998	39.180008	0.74
-6539.642	-0.04	-241.09006	38.50998	0.74
-6554.565	-0.04	-240.15997	40.75006	0.74
-6845.95	-0.7	-228.96002	81.600006	0.85
-6840.302	-0.68	-231.39001	76.140015	0.85
-6835.9414	-0.68	-231.17001	76.119965	0.92
-6811.353	-0.67	-230.28001	74.68001	1.01
-6844.042	-0.55	-233.84	77.52005	0.92
-6818.7993	-0.55	-232.73	73.93999	1.22
-6781.3877	-0.55	-235.45003	75.000015	1.22
-6795.26	-0.51	-238.78998	65.93005	1.22
-6773.462	-0.51	-240.22995	65.350006	1.22
-6789.9727	-0.51	-239.98994	69.6501	1.22
-6800.4907	-0.33	-236.65996	71.030045	1.22
-6800.5376	-0.33	-237.94997	73.40007	1.22
-6670.5034	-0.33	-238.47998	58.930023	1.22
-6667.766	-0.33	-238.58998	59.700027	1.22
-6618.3726	-0.33	-237.64998	56.90004	1.22
-6637.1333	-0.33	-235.30998	56.050034	1.22
-6653.3076	-0.33	-239.60995	52.880035	1.44
-6679.5186	-0.33	-239.01994	59.35005	1.44
-6697.012	-0.28	-241.80002	66.079926	1.44
-6716.932	-0.26	-242.96	61.979996	1.33
-6720.98	-0.26	-245.24	58.240036	1.56
-6652.182	-0.21	-240.8	54.39998	0.92
-6692.072	-0.21	-239.21	50.509964	0.92
-6674.7407	-0.19	-242.85002	47.90001	0.89
-6693.2646	-0.19	-241.72	53.82007	0.89
-6683.767	-0.19	-242.58	53.969955	0.89
-6716.715	-0.17	-247.72002	46.949966	1.02
-6795.1455	-0.16	-248.37001	48.229996	1.05
-6771.1577	-0.16	-246.68002	47.20996	1.05
-6753.567	-0.17	-244.56999	48.64	0.98
-6766.8267	-0.17	-246.81999	49.199997	0.96
-6771.6294	-0.17	-247.66003	47.97	1.05
-6759.3984	-0.17	-247.91	48.649994	1.05
-6802.2373	-0.17	-242.62999	52.59999	1.05
-6800.237	-0.17	-243.65001	52.490005	1.05
-6782.867	-0.17	-244.82002	50.85002	1.05
-6766.666	-0.17	-248.24	48.949997	1.23
-6813.797	-0.17	-245.48001	57.570007	0.99
-6831.741	-0.17	-245.49	60.84001	0.93
-6725.388	-0.17	-244.33002	48.189972	0.92
-6749.4937	-0.17	-240.91	48.04001	0.92
-6721.165	-0.15	-248.94998	40.840027	0.92
-6727.531	-0.15	-247.59998	45.400024	1.3
-6735.7285	-0.15	-248.60999	46.560028	1.3
-6733.6914	-0.17	-247.28998	46.350006	1.3
-6753.065	-0.17	-249.93002	47.039978	1.3
-6747.5166	-0.16	-247.80998	45.42003	1.3
-6720.3438	-0.16	-246.37	44.96994	1.21
-6715.4287	-0.16	-246.83003	45.30995	1.21
-6733.3447	-0.16	-247.18996	47.790054	1.21
-6740.1626	-0.16	-246.81	46.679993	1.21
-6724.262	-0.16	-250.54001	40.640015	1.29
-6758.176	-0.16	-247.69	45.619965	1.29
-6774.8335	-0.16	-246.97	43.660034	1.38
-6819.18	-0.16	-250.35	47.900024	1.38
-6816.157	-0.16	-249.10999	46.00003	1.38
-6797.743	-0.13	-251.63998	40.55005	1.3
-6765.4062	-0.13	-249.63997	38.770065	1.3
-6764.675	-0.13	-251.18004	37.439957	1.3
-6741.2812	-0.13	-254.95	37.38008	1.07
-6754.937	-0.13	-252.77997	42.930054	1.04
-6751.8403	-0.1	-252.92001	41.660004	1.3
-6737.997	-0.1	-251.05998	36.069992	1.3
-6722.2896	-0.1	-250.09999	34.939987	1.3
-6710.0522	-0.11	-251.95001	36.880005	1.21
-6690.5786	-0.11	-248.18005	35.379913	1.21
-6664.849	-0.11	-248.85999	33.49002	1.21
-6672.8574	-0.13	-249.25	37.950073	0.99
-6686.117	-0.13	-248.62	38.410034	0.99
-6690.573	-0.13	-247.15999	41.010086	0.77
-6703.74	-0.1	-245.65005	43.75992	0.78
-6707.537	-0.05	-251.71002	37.309937	0.78
-6714.4517	-0.05	-247.53004	41.84996	0.78
-6779.4766	-0.04	-253.19998	38.76999	1.01
-6757.4487	-0.04	-251.69003	38.069946	0.94
-6757.873	-0.04	-254.42998	34.43007	1.06
-6753.49	-0.09	-250.27998	37.89003	0.99
-6753.9414	-0.09	-247.84998	39.48001	0.99
-6761.097	-0.09	-251.48001	39.97	0.94
-6803.1426	-0.05	-250.93002	43.410004	0.85
-6783.735	-0.05	-251.51	41.92003	0.85
-6780.2773	-0.05	-250.39998	41.040024	0.85
-6760.935	-0.05	-250.85995	36.05002	0.85
-6747.0996	-0.05	-253.30998	33.300003	0.93
-6759.42	-0.05	-251.19002	34.60002	0.93
-6749.1914	-0.05	-251.54002	38.83998	0.98
-6777.208	-0.05	-249.41998	39.73004	0.98
-6764.9297	-0.05	-250.30998	39.480026	0.98
-6768.4595	-0.05	-249.73996	40.26004	0.98
-6792.241	-0.07	-251.55998	41.15999	0.98
-6768.498	-0.07	-249.88004	40.44995	0.98
-6752.4604	-0.07	-251.94	38.890015	0.98
-6730.681	-0.07	-249.76997	38.680008	0.98
-6754.83	-0.07	-250.42003	39.31996	1.07
-6754.8135	-0.07	-252.08997	40.200073	0.98
-6845.9404	-0.74	-232.97005	99.6599	0.85
-6788.3115	-0.65	-233.79	92.17998	0.86
-6727.571	-0.63	-232.61	85.93999	1.09
-6764.9795	-0.55	-235.13004	82.91	1.17
-6729.0815	-0.55	-233.95003	82.39995	1.17
-6726.372	-0.54	-239.01003	71.26994	1.17
-6694.0605	-0.52	-235.07	70.66992	1.28
-6667.717	-0.52	-234.95999	69.05005	1.28
-6688.3633	-0.52	-236.14001	69.40997	1.28
-6698.451	-0.4	-239.51999	60.28006	1.28
-6721.9717	-0.38	-237.83	60.970047	1.28
-6717.11	-0.27	-234.17004	71.26999	1.09
-6753.7524	-0.27	-233.57	69.98001	0.95
-6735.853	-0.27	-233.72003	67.88995	0.95
-6700.232	-0.27	-235.19	69.28003	1.02
-6674.004	-0.27	-236.64	60.679977	0.95
-6630.549	-0.26	-238.06999	65.25008	0.93
-6615.6323	-0.26	-237.56003	61.149963	0.93
-6668.6113	-0.27	-239.85	67.39996	1.09
-6691.6025	-0.27	-236.68001	71.61	1.09
-6669.738	-0.27	-238.94995	66.94003	1.09
-6639.429	-0.26	-240.21	58.719955	1.09
-6656.819	-0.26	-239.44002	58.689957	1.15
-6639.987	-0.26	-241.12003	59.669983	1.15
-6581.7324	-0.26	-241.62999	57.15004	1.08
-6606.885	-0.26	-239.76	55.169968	1.08
-6626.3276	-0.26	-241.29	52.31996	1.41
-6674.6123	-0.26	-244.93002	53.339966	1.41
-6685.1914	-0.27	-241.94002	69.7	1.17
-6554.091	-0.27	-241.11	52.39	1.24
-6573.199	-0.27	-239.69	57.139984	1.24
-6525.201	-0.27	-238.56004	49.539932	1.01
-6545.255	-0.27	-237.84004	56.0699	0.91
-6568.7324	-0.27	-239.79999	56.160004	1.16
-6562.1885	-0.27	-239.51003	60.09999	0.91
-6596.5986	-0.27	-240.04002	57.409958	0.94
-6610.064	-0.27	-238.98001	53.380005	0.94
-6582.093	-0.27	-239.47002	54.680008	1.17
-6557.989	-0.27	-238.79	52.59999	1.18
-6561.4683	-0.27	-236.31999	50.560013	1.18
-6542.7686	-0.27	-238.32997	46.559982	1.22
-6557.831	-0.27	-240.58002	48.70999	1.18
-6559.139	-0.26	-238.29001	53.139954	1.18
-6571.82	-0.26	-239.80002	51.129944	1.51
-6564.9883	-0.26	-239.32994	47.310043	1.2
-6574.781	-0.26	-238.06996	51.88008	1.34
-6553.394	-0.26	-237.04001	46.01999	1.34
-6572.5483	-0.26	-238.14996	53.070038	0.99
-6572.8125	-0.26	-239.14998	54.710068	0.99
-6569.6265	-0.26	-237.96002	48.25003	1.12
-6556.973	-0.26	-235.54001	52.26996	0.81
-6544.488	-0.26	-236.84	46.98004	0.81
-6565.2095	-0.26	-230.54001	57.74994	0.81
-6544.8438	-0.26	-233.12001	56.519943	0.8
-6527.3247	-0.15	-237.86003	43.440018	0.83
-6535.8135	-0.15	-237.70999	44.400055	0.83
-6572.3447	-0.15	-238.13002	45.269974	0.82
-6532.0283	-0.16	-237.06001	45.240005	0.82
-6574.1626	-0.17	-240.81001	46.009995	0.8
-6544.9663	-0.19	-234.33998	48.780045	0.81
-6520.6504	-0.19	-235.62001	48.280014	0.77
-6514.782	-0.17	-236.6	48.920013	0.77
-6650.6387	-0.18	-234.26	61.34999	0.76
-6678.168	-0.16	-244.80005	48.599915	0.81
-6657.2197	-0.16	-240.12999	47.809982	0.81
-6642.342	-0.16	-240.18999	48.14	0.81
-6638.669	-0.16	-240.87001	48.470047	0.81
-6680.6113	-0.16	-239.05003	45.739944	0.99
-6647.4385	-0.17	-238.59	50.379974	0.86
-6665.833	-0.17	-241.33998	57.769974	0.81
-6644.991	-0.17	-241.84003	54.01999	0.81
-6665.2354	-0.17	-238.77003	53.730026	0.81
-6661.8423	-0.17	-238.71004	52.92	0.81
-6680.242	-0.17	-239.20004	54.69995	0.81
-6698.4775	-0.17	-238.57002	59.36003	0.8
-6696.105	-0.17	-238.85004	58.51999	0.8
-6712.1235	-0.16	-248.73999	46.059998	0.83
-6715.402	-0.16	-245.93	48.360016	0.83
-6716.9707	-0.16	-245.09001	47.35997	0.83
-6762.1143	-0.16	-243.27002	56.539978	0.83
-6751.4697	-0.14	-242.99997	56.139984	0.83
-6737.201	-0.14	-239.45001	57.099976	0.82
-6809.076	-0.16	-242.27998	70.60002	0.8
-6800.497	-0.16	-245.38997	63.88997	0.8
-6805.8584	-0.16	-245.61	62.430008	0.83
-6817.143	-0.16	-247.41	65.839966	0.83
-6787.299	-0.16	-249.25996	62.36006	0.8
-6810.4023	-0.16	-240.89001	73.139984	0.8
-6804.1646	-0.16	-245.65999	65.29997	0.8
-6777.547	-0.16	-245.8	61.760025	0.8
-6749.0684	-0.16	-245.37001	58.84999	0.8
-6701.251	-0.16	-245.59	56.069977	0.8
-6678.6714	-0.16	-241.90999	53.070023	0.8
-6660.3745	-0.16	-242.49	50.509964	0.8
-6646.118	-0.16	-241.03	53.55002	0.79
-6665.0996	-0.16	-241.51997	53.720047	0.79
-6701.863	-0.16	-239.91997	59.15007	0.79
-6698.571	-0.16	-241.67	62.200058	0.79
-6661.417	-0.16	-243.03003	59.369904	0.78
-6670.3716	-0.16	-240.62	63.339996	0.78
-6700.7217	-0.16	-240.18001	57.10002	0.78
-6698.177	-0.16	-239.81999	54.240005	0.78
-6721.768	-0.16	-237.15	57.95999	0.78
-6699.36	-0.16	-238.31999	54.34999	0.79
-6715.9585	-0.16	-237.70999	57.900055	0.82
-6815.5786	-0.16	-245.26001	54.710022	0.93
-6814.341	-0.16	-247.24997	57.03006	0.93
-6823.5073	-0.16	-242.63998	59.669952	0.93
-6822.0254	-0.16	-244.65997	56.76004	0.94
-6843.31	-0.16	-241.16002	64.509995	0.94
-6834.122	-0.16	-243.27002	61.970062	0.95
-6822.92	-0.16	-243.95998	59.65999	0.95
-6821.8354	-0.16	-244.78003	60.289978	0.95
-6877.9326	-0.16	-243.61	67.719986	0.87
-6837.7114	-0.16	-241.22	66.51004	0.87
-6871.183	-0.14	-247.02998	61.58	0.87
-6873.728	-0.14	-245.86995	65.36003	0.87
-6878.7666	-0.14	-241.77995	65.42009	0.87
-6910.493	-0.12	-255.22002	52.979965	0.95
-6955.7065	-0.09	-248.64005	55.78	0.94
-6930.1455	-0.08	-253.89001	49.339966	0.9
-6927.947	-0.08	-251.68999	50.86003	0.78
-6917.8696	-0.08	-255.15002	50.559906	0.78
-6890.162	-0.03	-250.95996	47.130066	0.78
-6874.032	-0.08	-249.11998	49.969986	0.78
-6844.405	-0.08	-252.23997	46.91002	0.78
-6852.592	-0.09	-248.40997	53.79004	0.78
-6837.8296	-0.09	-251.26	46.739975	0.83
-6833.81	-0.1	-249.40999	57.13005	0.83
-6845.679	-0.11	-246.83	58.770004	0.83
-6805.837	-0.15	-247.54001	62.23001	0.9
-6771.028	-0.15	-247.81999	59.790024	0.83
-6797.1826	-0.17	-248.48003	51.679947	0.87
-6773.3843	-0.17	-249.31998	49.910004	0.87
-6781.3506	-0.13	-246.98	49.950027	0.87
-6773.4478	-0.13	-249.47	50.28006	0.87
-6788.2275	-0.13	-248.42	50.999985	0.87
-6819.804	-0.13	-250.11003	54.199997	0.83
-6827.868	-0.13	-249.41002	51.800034	0.83
-6830.1226	-0.13	-244.81	59.71997	0.83
-6838.6147	-0.12	-251.10999	59.570038	0.9
-6875.4595	-0.12	-251.59001	62.509995	0.9
-6881.1724	-0.12	-249.72003	61.899994	0.88
-6862.787	-0.12	-248.94002	62.35997	0.83
-6817.0083	-0.13	-245.65997	61.560028	0.78
-6798.229	-0.13	-237.51	79.41005	0.76
-6784.55	-0.13	-241.80998	73.540054	0.76
-6796.946	-0.13	-239.12999	75.249985	0.76
-6797.9893	-0.13	-237.71002	77.97992	0.76
-6799.7095	-0.13	-248.36003	60.61	0.77
-6841.545	-0.13	-245.33	62.60997	0.77
-6852.714	-0.13	-244.37999	68.19002	0.83
-6860.6753	-0.13	-244.27998	67.18004	0.83
-6850.7544	-0.13	-247.36998	69.58998	0.83
-6864.0244	-0.13	-244.27003	72.689896	0.83
-6866.0938	-0.14	-238.70003	76.25993	0.8
-6868.211	-0.14	-241.31998	80.56	0.8
-6859.752	-0.14	-240.77002	73.02997	0.8
-6790.418	-0.14	-241.97	65.089966	0.77
-6764.6626	-0.14	-242.09006	63.089935	0.77
-6759.595	-0.14	-242.89998	63.61003	0.77
-6748.0234	-0.15	-245.40001	60.090042	0.79
-6748.976	-0.15	-239.65999	65.540054	0.79
-6758.813	-0.15	-241.43999	65.81999	0.79
-6788.3447	-0.15	-241.52	69.12004	0.79
-6825.7334	-0.16	-239.06003	73.31998	0.79
-6826.2554	-0.14	-240.47003	72.829926	0.79
-6851.3687	-0.14	-236.0	78.43002	0.79
-6860.009	-0.14	-233.03	77.03	0.79
-6852.6973	-0.14	-233.27	74.05	0.79
-6842.3716	-0.14	-240.12001	70.39998	0.79
-6818.092	-0.14	-243.18004	67.60002	0.79
-6828.062	-0.15	-236.61	81.26991	0.8
-6822.4595	-0.2	-236.55998	79.59001	0.87
-6807.898	-0.2	-235.17	81.06004	0.79
-6787.629	-0.2	-233.38002	75.33	0.77
-6801.5127	-0.2	-232.67001	73.92996	0.89
-6830.712	-0.19	-238.87999	72.67003	0.89
-6826.6016	-0.19	-243.97998	70.34	0.89
-6829.1294	-0.19	-239.73997	78.34001	0.89
-6857.9214	-0.19	-236.59996	74.750046	0.89
-6840.507	-0.19	-242.54001	67.95001	1.1
-6875.8	-0.19	-245.01999	69.01996	1.1
-6863.9497	-0.19	-241.84001	68.33995	1.17
-6885.0615	-0.21	-241.62	72.900024	1.1
-6884.358	-0.21	-235.72002	71.56999	0.91
-6900.517	-0.21	-239.46005	73.81995	0.91
-6867.556	-0.21	-237.82002	72.979965	0.91
-6802.968	-0.17	-236.54996	79.27005	0.8
-6771.262	-0.16	-245.18002	53.150024	0.84
-6820.999	-0.16	-245.25002	56.769974	0.84
-6818.9	-0.18	-243.14	62.309982	0.84
-6827.453	-0.18	-241.29999	68.640015	0.84
-6830.7646	-0.18	-243.68997	72.73001	0.84
-6821.827	-0.18	-242.25	72.54999	0.84
-6839.154	-0.18	-240.47998	77.56009	0.84
-6872.366	-0.18	-234.72	79.17001	0.84
-6834.705	-0.17	-236.16	75.27005	0.84
-6849.5474	-0.19	-233.01001	79.96002	0.84
-6832.749	-0.19	-238.86002	74.639984	0.84
-6813.6724	-0.19	-242.66997	70.12007	0.84
-6823.3286	-0.19	-241.99004	73.270004	0.84
-6795.5713	-0.19	-243.33	71.17	0.84
-6768.083	-0.19	-242.58003	66.15996	0.84
-6767.002	-0.19	-244.66002	68.68999	0.84
-6772.86	-0.18	-237.74	73.55003	0.77
-6809.0684	-0.19	-240.78995	81.930084	0.82
-6818.101	-0.19	-246.31999	88.39	0.77
-6800.6616	-0.19	-246.01	75.729996	0.84
-6812.752	-0.23	-243.96999	75.290054	0.84
-6787.2896	-0.23	-243.0	76.120056	0.79
-6780.689	-0.29	-237.87001	82.19002	0.79
-6796.5815	-0.28	-236.03001	81.509995	0.79
-6793.982	-0.28	-242.69002	71.86003	0.79
-6766.1084	-0.24	-239.91998	70.79001	0.79
-6753.66	-0.24	-238.37	68.47998	0.82
-6743.1963	-0.24	-241.13	67.53003	0.82
-6764.7866	-0.24	-243.29	69.989975	0.82
-6772.018	-0.24	-239.68	67.34006	0.95
-6797.2456	-0.24	-241.05	68.03996	0.95
-6806.1963	-0.23	-241.94002	66.93999	1.05
-6805.2183	-0.23	-240.49	64.70003	1.05
-6771.9487	-0.23	-242.91002	65.59001	1.05
-6774.888	-0.23	-241.50003	62.269928	1.05
-6734.575	-0.23	-236.66	64.95999	0.95
-6737.5254	-0.23	-238.67	65.90001	0.95
-6727.2383	-0.23	-237.63004	65.359955	0.95
-6732.0586	-0.23	-236.80003	63.87001	0.95
-6741.837	-0.23	-241.08003	66.14	0.95
-6693.708	-0.23	-241.23999	64.69003	0.95
-6681.9326	-0.23	-241.19002	61.739914	0.95
-6695.6274	-0.23	-243.04004	65.84003	0.95
-6707.4185	-0.23	-243.26001	68.57001	0.95
-6659.478	-0.23	-240.13002	63.37001	0.93
-6687.428	-0.23	-241.48999	65.99005	0.89
-6651.844	-0.23	-241.62997	63.820038	0.89
-6634.109	-0.23	-239.45999	58.380035	0.89
-6642.9995	-0.23	-238.98	58.580032	0.82
-6648.747	-0.23	-237.29999	61.190002	0.86
-6680.528	-0.23	-235.41998	62.55005	0.82
-6665.6665	-0.23	-235.59998	59.22	0.82
-6693.9805	-0.23	-233.49998	65.20003	0.82
-6675.1025	-0.23	-231.64001	59.49997	0.81
-6647.1304	-0.18	-231.56001	60.62996	0.77
-6675.458	-0.15	-240.36002	53.099976	0.77
-6680.27	-0.15	-235.05002	57.079987	0.77
-6696.9565	-0.16	-231.29004	62.319916	0.77
-6669.44	-0.16	-237.34	56.29004	0.77
-6681.77	-0.16	-234.47	61.98004	0.77
-6713.88	-0.16	-232.72002	62.479965	0.77
-6726.5884	-0.18	-231.26001	64.59003	0.77
-6745.7573	-0.18	-231.86	64.96004	0.77
-6687.0493	-0.23	-234.05002	67.04001	0.88
-6739.8804	-0.23	-233.14003	66.27995	0.77
-6786.1733	-0.24	-237.18001	70.16997	0.93
-6766.071	-0.24	-236.3	70.37999	0.78
-6791.8096	-0.24	-233.35995	74.00006	0.78
-6809.5728	-0.19	-234.70001	71.07999	0.78
-6782.6704	-0.19	-233.13997	72.87004	0.77
-6794.423	-0.19	-225.3	82.10002	0.77
-6810.4854	-0.19	-227.56	79.46002	0.78
-6822.7847	-0.19	-235.76999	72.359985	0.79
-6801.6055	-0.19	-239.14	68.999985	0.79
-6823.937	-0.19	-236.52	67.44997	0.87
-6814.079	-0.19	-241.11	63.499985	0.87
-6802.9497	-0.19	-239.29997	61.88994	0.87
-6795.5767	-0.19	-237.19002	61.789963	0.87
-6784.8115	-0.18	-238.89001	58.569977	0.87
-6776.4395	-0.18	-242.37996	59.580063	0.87
-6720.6494	-0.19	-240.03003	55.529907	0.87
-6722.1875	-0.19	-238.13995	58.590088	0.87
-6737.2207	-0.19	-242.28	55.22998	0.91
-6750.93	-0.18	-242.57005	51.05992	1.12
-6723.594	-0.18	-242.17995	51.030075	1.29
-6729.469	-0.18	-244.44002	48.84001	1.32
-6691.748	-0.18	-245.12	47.859985	1.32
-6690.596	-0.18	-243.29001	45.289978	1.06
-6734.3213	-0.18	-242.60005	52.409927	1.06
-6722.8623	-0.18	-244.82002	51.38997	1.06
-6709.287	-0.19	-246.74	48.11	1.06
-6712.2153	-0.19	-243.12001	50.080032	1.06
-6665.0864	-0.19	-242.37999	47.010056	0.97
-6706.2085	-0.19	-242.17998	48.85005	0.97
-6692.028	-0.19	-246.27997	52.330017	0.97
-6684.511	-0.19	-244.64	49.09996	0.92
-6662.22	-0.19	-243.14001	53.50998	0.88
-6690.42	-0.19	-244.43999	57.87999	0.8
-6693.411	-0.19	-244.83	54.290024	0.82
-6665.641	-0.19	-241.70998	50.94005	0.82
-6613.721	-0.19	-246.59004	42.929947	0.99
-6613.363	-0.19	-244.93999	46.200027	0.95
-6631.1807	-0.17	-247.46997	39.55002	0.97
-6632.349	-0.17	-245.6	39.899994	0.97
-6643.5083	-0.09	-248.3	38.36998	0.97
-6672.0425	-0.09	-248.50996	39.430008	0.97
-6695.8296	-0.07	-252.49004	38.549942	0.95
-6719.9854	-0.07	-251.30002	38.98999	0.95
-6710.332	-0.07	-252.02998	36.19005	0.95
-6725.5835	-0.07	-249.47	39.54001	0.95
-6734.2173	-0.07	-252.48999	36.659973	1.08
-6762.0415	-0.07	-254.58997	37.600006	1.08
-6768.9194	-0.07	-252.63002	38.069992	1.08
-6789.377	-0.07	-253.34999	36.000015	1.18
-6797.8403	-0.07	-250.99004	36.009933	1.18
-6799.143	-0.07	-254.01001	39.109955	1.18
-6740.8203	-0.07	-253.72995	37.200043	1.6
-6760.842	-0.07	-253.97995	37.340057	1.6
-6840.8	-0.07	-257.21002	38.600006	1.28
-6858.562	-0.03	-254.79002	38.820023	1.05
-6840.8345	-0.03	-257.67	33.429993	1.05
-6828.302	-0.03	-257.79	33.25003	1.05
-6850.6606	-0.03	-255.20999	37.27002	1.05
-6856.1045	-0.03	-257.77	39.74994	0.99
-6897.288	-0.01	-258.86005	36.45999	1.09
-6899.5044	-0.01	-261.61	35.100006	1.15
-6931.9316	-0.01	-258.99002	36.629944	0.93
-6947.5415	-0.01	-257.15	41.649994	0.93
-6932.7085	-0.01	-257.47003	38.28	0.94
-6919.963	-0.01	-259.27002	37.869965	0.94
-6942.234	-0.01	-262.66	39.929993	0.94
-6927.565	-0.03	-257.88998	49.070007	0.94
-6960.9644	-0.03	-257.63998	49.139984	0.98
-6979.9414	-0.03	-257.62006	49.879944	0.98
-6954.6646	-0.03	-260.07	48.299988	0.98
-6972.9307	-0.03	-258.06006	47.169983	1.04
-6990.7124	-0.03	-252.36	54.17	1.01
-7027.4688	-0.09	-259.41998	45.920013	1.05
-7021.8228	-0.09	-258.04996	41.590057	1.05
-7006.2036	-0.11	-255.53996	50.020004	1.05
-7015.9287	-0.11	-260.11996	43.880005	1.12
-7019.5596	-0.01	-254.99995	46.960037	1.04
-7037.551	-0.01	-256.95996	46.070038	1.1
-7037.236	-0.01	-257.35004	45.539978	1.1
-7067.004	-0.01	-258.1	51.439972	1.1
-7054.784	-0.01	-257.33002	51.079987	1.04
-7041.995	-0.01	-260.18	50.55005	1.04
-7057.2227	-0.01	-255.25005	56.84993	1.04
-7064.735	-0.0	-258.05002	53.99997	1.04
-7057.5054	-0.0	-259.46	51.720062	1.12
-7048.951	-0.0	-261.0	52.060028	1.18
-7026.522	-0.0	-263.62997	50.03009	1.21
-7044.79	-0.0	-261.84	52.95999	1.21
-7032.471	-0.07	-257.66995	59.380066	1.21
-7038.6313	-0.07	-257.36002	63.560028	1.21
-7032.6807	-0.06	-261.40002	59.299988	1.21
-7028.692	-0.06	-262.00003	52.299957	1.21
-7034.8906	-0.03	-261.4	54.820007	1.18
-7051.784	-0.03	-261.71997	57.360046	1.18
-7058.293	-0.03	-260.94003	53.299957	1.14
-7046.819	-0.03	-257.41998	51.480072	1.14
-7042.9844	-0.03	-256.18	50.49002	1.14
-7076.6343	-0.06	-255.04004	50.399963	1.14
-7073.1436	-0.06	-254.89003	48.499954	1.14
-7031.604	-0.07	-252.05003	52.84999	1.14
-7045.8906	-0.07	-249.84001	52.200027	1.14
-6997.5293	-0.07	-248.05995	53.42009	0.96
-6992.7676	-0.07	-248.92998	51.540024	0.96
-6920.0127	-0.07	-256.33	49.22	0.96
-6927.515	-0.07	-255.93997	54.04007	0.8
-6938.3555	-0.07	-253.70001	52.00998	0.8
-6954.746	-0.07	-250.36	57.34999	0.8
-6946.753	-0.07	-250.13	55.940002	0.8
-6971.9956	-0.07	-256.13998	50.02005	0.85
-6945.4478	-0.09	-257.24	50.22	0.85
-6946.1885	-0.09	-257.41998	53.109985	0.85
-6930.371	-0.09	-257.31998	51.080048	0.85
-6933.769	-0.03	-257.95996	48.120087	1.01
-6906.0	-0.09	-256.27997	50.20999	1.01
-6911.4385	-0.09	-253.66	47.78	1.01
-6896.219	-0.09	-254.34001	43.580032	1.01
-6909.5425	-0.09	-255.85004	43.660004	0.85
-6873.8257	-0.09	-254.15	43.559998	0.98
-6881.904	-0.09	-256.12	46.580017	0.98
-6850.9487	-0.09	-256.25995	41.29007	0.98
-6859.4775	-0.0	-251.64005	46.23001	0.82
-6852.2866	-0.0	-251.94997	46.290054	0.82
-6853.021	-0.0	-252.41002	46.939926	0.82
-6836.335	-0.71	-231.70001	80.07999	0.93
-6874.684	-0.61	-229.81001	85.510025	0.93
-6839.2334	-0.54	-235.20001	80.99005	0.93
-6835.054	-0.54	-232.27005	75.639984	0.96
-6802.3657	-0.53	-233.08005	73.06998	1.08
-6756.9062	-0.36	-231.42003	70.469955	1.08
-6726.622	-0.36	-227.7	74.34001	0.93
-6710.8115	-0.36	-230.15001	68.11995	0.93
-6693.53	-0.36	-231.98001	66.8999	0.93
-6666.658	-0.3	-232.24	64.56001	0.93
-6664.4497	-0.26	-235.23	60.480026	1.05
-6667.1562	-0.26	-238.54002	63.789963	1.05
-6623.317	-0.26	-237.31998	60.02002	0.93
-6630.7227	-0.3	-239.19998	59.31006	1.23
-6599.3135	-0.3	-237.75998	61.590057	0.93
-6606.261	-0.3	-239.08002	59.339996	1.09
-6541.113	-0.3	-233.27002	59.309967	0.94
-6504.7515	-0.29	-232.97998	58.640076	0.9
-6580.038	-0.29	-239.89001	54.01999	1.39
-6573.1514	-0.29	-234.34999	59.40999	0.9
-6611.26	-0.29	-234.25	63.77002	0.9
-6609.653	-0.28	-239.08998	56.330063	0.9
-6639.3096	-0.28	-236.87003	59.070007	0.9
-6657.303	-0.28	-242.38995	59.690033	0.94
-6631.375	-0.28	-241.22	59.330017	0.94
-6637.7183	-0.28	-234.65002	56.829926	0.99
-6603.3125	-0.28	-236.62999	56.299973	0.99
-6599.9243	-0.28	-235.95998	52.91002	0.99
-6626.67	-0.28	-235.54997	54.759995	0.99
-6612.3784	-0.28	-236.02994	55.640076	0.99
-6589.72	-0.29	-236.73999	51.72	0.99
-6608.1846	-0.24	-238.56998	51.200012	0.92
-6613.525	-0.22	-239.18999	48.60005	0.92
-6627.455	-0.22	-241.16003	48.119965	1.04
-6606.3887	-0.22	-239.26999	53.590027	0.98
-6627.808	-0.22	-241.30002	51.72	1.04
-6621.25	-0.23	-238.55998	50.61	1.04
-6617.999	-0.23	-238.88	52.71991	1.04
-6596.449	-0.23	-239.78	52.29001	1.0
-6535.3413	-0.21	-240.31001	39.299973	1.34
-6525.101	-0.21	-240.40997	38.700043	1.34
-6560.2637	-0.21	-242.56999	41.330032	1.34
-6584.1025	-0.21	-242.35999	44.880005	1.21
-6570.763	-0.21	-243.84001	43.509964	1.27
-6567.003	-0.21	-244.33003	42.009964	1.2
-6577.6143	-0.23	-240.01999	49.130005	1.0
-6582.677	-0.23	-242.56999	52.64998	1.0
-6575.6567	-0.23	-241.17	55.83	0.9
-6589.3076	-0.23	-241.1	52.059967	0.9
-6576.1323	-0.23	-240.51003	46.199966	0.9
-6556.5684	-0.19	-240.20998	43.990036	0.9
-6557.797	-0.19	-239.89998	48.570053	0.87
-6535.1006	-0.19	-240.76	44.520035	0.87
-6527.66	-0.23	-237.3	52.62999	0.87
-6527.283	-0.23	-237.89996	50.680023	0.87
-6566.55	-0.23	-237.75996	56.42012	0.83
-6599.388	-0.23	-235.85995	62.230103	0.81
-6562.8423	-0.23	-233.0	59.879974	0.81
-6643.9985	-0.23	-229.19002	63.819992	0.8
-6619.24	-0.23	-230.48999	63.899963	0.8
-6649.3384	-0.22	-226.45001	80.73007	0.76
-6644.1313	-0.22	-231.68996	68.29002	0.76
-6622.153	-0.22	-232.60002	65.83998	0.76
-6587.5645	-0.22	-230.43001	65.70998	0.77
-6570.915	-0.22	-231.69997	62.67003	0.77
-6549.6104	-0.22	-232.49997	65.59	0.78
-6537.0024	-0.22	-231.23	64.7	0.76
-6537.063	-0.22	-230.30998	66.78996	0.74
-6563.143	-0.22	-230.33002	68.99997	0.74
-6652.961	-0.2	-232.24	64.18999	0.79
-6654.3306	-0.2	-231.84999	65.76997	0.79
-6648.843	-0.2	-229.97002	81.49007	0.74
-6645.2837	-0.2	-228.07	75.410065	0.74
-6564.319	-0.18	-238.79004	47.319977	0.82
-6615.9927	-0.14	-242.41997	44.490005	0.79
-6649.483	-0.14	-244.16998	48.820038	0.79
-6665.48	-0.14	-242.84	48.329987	0.79
-6685.6016	-0.14	-242.93999	49.930008	0.79
-6676.121	-0.14	-244.76999	57.23996	0.79
-6723.792	-0.14	-238.00998	57.070007	0.79
-6722.882	-0.14	-245.71999	46.34001	0.8
-6714.212	-0.14	-246.18001	44.819992	0.8
-6697.909	-0.11	-246.86	47.710007	0.8
-6704.032	-0.11	-248.11998	47.91002	0.8
-6698.6396	-0.14	-246.40994	49.08008	0.8
-6729.333	-0.14	-240.63998	56.98001	0.8
-6712.7407	-0.14	-242.78998	50.430023	0.79
-6737.9087	-0.14	-243.95998	57.580032	0.79
-6718.504	-0.14	-244.12999	53.310043	0.76
-6745.0205	-0.13	-246.71	52.759995	0.76
-6761.6025	-0.13	-246.47998	48.630035	0.76
-6775.71	-0.1	-246.02998	53.190018	0.76
-6766.0405	-0.13	-241.99	62.479996	0.76
-6787.9595	-0.13	-241.00998	62.45999	0.76
-6751.427	-0.14	-241.54002	60.84993	0.76
-6763.45	-0.12	-245.15002	54.589966	0.74
-6747.2495	-0.14	-239.56003	60.75998	0.77
-6713.4785	-0.14	-238.64001	52.690033	0.75
-6752.8193	-0.14	-241.55002	67.71997	0.74
-6755.4404	-0.14	-240.31001	72.12999	0.74
-6720.689	-0.14	-239.87997	58.940063	0.69
-6740.4575	-0.14	-242.05998	58.17003	0.72
-6773.2075	-0.14	-239.88004	63.419952	0.72
-6749.0054	-0.14	-241.69003	68.390045	0.7
-6731.0186	-0.14	-237.23	66.87996	0.7
-6752.851	-0.13	-237.37	64.03995	0.7
-6733.232	-0.09	-238.25002	66.31999	0.64
-6722.7407	-0.09	-239.00996	67.69002	0.64
-6700.571	-0.09	-240.97	61.670044	0.65
-6724.787	-0.09	-242.07999	62.399994	0.65
-6735.242	-0.09	-238.58	69.44005	0.65
-6751.1904	-0.11	-238.22003	69.94995	0.7
-6761.37	-0.13	-237.65001	78.28996	0.65
-6761.4033	-0.07	-241.01	74.530014	0.65
-6749.0327	-0.07	-242.17	74.12999	0.65
-6764.512	-0.07	-244.39998	76.73009	0.66
-6757.4204	-0.07	-247.71997	76.190094	0.66
-6760.6426	-0.13	-245.05002	80.56998	0.66
-6754.0703	-0.13	-246.53001	78.92	0.66
-6757.509	-0.13	-249.96997	68.49002	0.73
-6685.753	-0.13	-244.34999	57.439987	0.73
-6673.2427	-0.13	-245.55998	52.250015	0.73
-6667.611	-0.13	-244.3	51.34999	0.72
-6669.5386	-0.13	-244.01997	52.89	0.72
-6720.473	-0.13	-240.48001	54.649994	0.72
-6713.867	-0.14	-240.61	53.61	0.72
-6698.68	-0.14	-241.64995	51.13011	0.72
-6701.7246	-0.14	-241.98996	56.26007	0.72
-6700.3115	-0.11	-242.5	53.640015	0.72
-6744.5854	-0.11	-243.44998	55.940063	0.7
-6710.1377	-0.11	-232.01999	65.68005	0.67
-6694.976	-0.11	-235.41002	61.60002	0.67
-6709.967	-0.11	-235.24002	61.409973	0.67
-6679.7954	-0.13	-230.54001	70.82999	0.67
-6667.528	-0.13	-233.25003	70.99997	0.67
-6614.717	-0.13	-236.72	71.73999	0.67
-6580.3584	-0.13	-232.37001	75.52998	0.65
-6565.9766	-0.13	-229.83	73.770004	0.65
-6557.291	-0.13	-229.86998	74.490005	0.64
-6586.444	-0.1	-234.73999	66.100006	0.64
-6585.058	-0.1	-232.58998	65.52998	0.64
-6639.223	-0.1	-233.15	69.66998	0.64
-6628.6143	-0.1	-231.49004	64.03993	0.64
-6609.89	-0.09	-241.01003	55.659958	0.64
-6615.878	-0.09	-239.81	58.47	0.64
-6653.3335	-0.09	-239.49002	56.059967	0.64
-6675.578	-0.03	-240.31	54.579987	0.64
-6665.3594	-0.03	-237.22	53.25003	0.63
-6651.447	-0.02	-239.89	45.080032	0.61
-6630.296	-0.03	-240.93002	48.830048	0.61
-6639.7837	-0.03	-235.65	50.5701	0.61
-6643.287	-0.03	-232.18001	52.40001	0.61
-6702.716	-0.03	-234.34	58.090027	0.6
-6686.092	-0.03	-235.28	56.850037	0.61
-6683.7524	-0.03	-235.78996	55.000046	0.61
-6666.226	-0.03	-237.91002	56.09996	0.61
-6702.222	-0.03	-237.69002	60.539932	0.61
-6735.7666	-0.0	-237.82002	57.36	0.64
-6629.852	-0.0	-244.56001	43.069992	0.62
-6665.8223	-0.0	-246.06	44.659973	0.68
-6656.3745	-0.0	-247.69003	43.809967	0.68
-6638.9663	-0.01	-246.5	39.45993	0.68
-6634.2104	-0.01	-245.1	42.279938	0.67
-6612.045	-0.01	-244.12	41.910004	0.67
-6622.5435	-0.03	-242.61998	43.969986	0.62
-6638.872	-0.03	-243.24997	45.02008	0.62
-6638.919	-0.03	-242.33997	50.97003	0.62
-6631.374	-0.03	-243.79	53.039993	0.62
-6641.3335	-0.03	-245.06999	53.17003	0.62
-6652.462	-0.03	-243.66002	53.729996	0.61
-6665.6157	-0.03	-243.52003	54.559982	0.6
-6717.0586	-0.02	-244.77002	49.620026	0.6
-6696.879	-0.02	-246.43999	49.710037	0.6
-6702.5728	-0.02	-246.05002	53.899963	0.62
-6705.7686	-0.0	-248.42001	47.389984	0.62
-6717.3755	-0.02	-241.65	58.889984	0.62
-6750.8794	-0.02	-241.77002	59.74994	0.62
-6757.2734	-0.02	-242.73999	59.939972	0.62
-6785.8325	-0.02	-245.12001	64.02998	0.62
-6744.2017	-0.02	-237.98999	66.29999	0.6
-6722.4717	-0.02	-240.48001	67.869995	0.6
-6734.9287	-0.02	-235.38004	79.73993	0.58
-6727.9053	-0.02	-233.30003	77.969955	0.58
-6702.373	-0.02	-235.75998	69.77002	0.58
-6675.014	-0.02	-236.80003	66.55998	0.57
-6638.9126	-0.02	-237.87001	59.87996	0.57
-6641.738	-0.02	-236.60999	62.92993	0.57
-6645.474	-0.02	-235.49002	60.25998	0.57
-6606.862	-0.03	-225.11003	74.33998	0.57
-6582.959	-0.03	-223.75998	73.06003	0.57
-6554.0513	-0.03	-227.01004	68.18994	0.57
-6548.5244	-0.03	-227.45003	65.38997	0.57
-6528.223	-0.03	-230.42001	62.289978	0.57
-6516.5576	-0.02	-234.18004	56.06996	0.57
-6520.5146	-0.0	-231.09998	52.340027	0.58
-6545.291	-0.0	-229.65999	53.85997	0.59
-6603.1504	-0.02	-232.15001	55.080032	0.59
-6615.992	-0.02	-230.96	58.86995	0.59
-6590.8096	-0.02	-235.55	56.84001	0.58
-6575.8374	-0.02	-239.69998	54.080017	0.58
-6552.0815	-0.02	-233.62993	54.070114	0.58
-6547.5195	-0.02	-235.41997	58.38997	0.57
-6531.622	-0.02	-234.62003	57.600006	0.57
-6508.939	-0.02	-236.87	55.619965	0.57
-6491.3555	-0.02	-233.39	53.730026	0.57
-6512.75	-0.01	-232.29	52.92	0.58
-6513.787	-0.0	-233.33002	51.819977	0.58
-6484.8696	-0.0	-234.99004	46.449936	0.57
-6492.019	-0.02	-237.50002	40.479996	0.59
-6496.869	-0.02	-233.3	43.980026	0.59
-6529.731	-0.02	-236.90002	45.72998	0.59
-6495.17	-0.02	-238.17003	41.469955	0.67
-6487.616	-0.02	-239.26003	43.049973	0.67
-6496.677	-0.02	-240.03998	47.620026	0.61
-6509.5986	-0.01	-241.81001	45.310013	0.61
-6514.05	-0.02	-237.95999	46.910004	0.59
-6493.5737	-0.02	-240.07002	46.83995	0.59
-6501.4385	-0.02	-239.41	48.379974	0.59
-6517.8774	-0.02	-237.67001	53.160004	0.59
-6501.1973	-0.02	-239.92003	51.13997	0.59
-6518.5176	-0.0	-240.06001	53.220078	0.59
-6517.0703	-0.0	-240.47002	54.30989	0.59
-6508.409	-0.0	-241.42996	48.640015	0.59
-6441.0903	-0.0	-240.71999	43.320084	0.59
-6492.7705	-0.0	-242.0	44.180023	0.59
-6505.63	-0.0	-242.53	44.890015	0.59
-6522.407	-0.0	-238.36998	46.750046	0.59
-6537.6284	-0.0	-238.29	47.289993	0.59
-6574.0093	-0.0	-240.95003	47.37999	0.61
-6591.7188	-0.0	-241.74	49.289993	0.61
-6574.2407	-0.0	-240.87	45.03	0.6
-6582.216	-0.0	-239.85995	45.01004	0.6
-6569.1875	-0.0	-245.22	35.96997	0.6
-6571.5312	-0.0	-241.23001	42.320007	0.6
-6571.477	-0.0	-243.81006	37.039917	0.64
-6578.3677	-0.0	-245.45	37.289993	0.64
-6579.321	-0.0	-244.10997	39.42006	0.64
-6585.5923	-0.0	-242.02997	40.23004	0.64
-6564.432	-0.0	-245.41995	34.59012	0.64
-6585.5527	-0.0	-244.6	40.22998	0.64
-6625.738	-0.0	-245.34001	44.39003	0.64
-6582.0117	-0.0	-247.09	33.589996	0.75
-6636.081	-0.0	-249.04001	41.410004	0.71
-6647.413	-0.0	-248.72002	35.460007	0.71
-6653.541	-0.0	-246.40001	39.750015	0.71
-6658.26	-0.0	-248.61005	38.049927	0.77
-6675.9688	-0.0	-248.26003	37.14003	0.77
-6694.8716	-0.0	-251.57	35.179993	0.79
-6689.222	-0.0	-250.27997	38.649994	0.77
-6715.775	-0.0	-250.69998	40.460022	0.77
-6716.5137	-0.0	-248.52	42.09996	0.77
-6692.24	-0.0	-247.29	38.050064	0.77
-6724.195	-0.01	-247.39005	40.21991	0.77
-6685.933	-0.01	-244.02995	42.19008	0.74
-6699.6426	-0.01	-246.21002	39.039948	0.77
-6705.5396	-0.01	-248.26001	39.69995	0.77
-6715.146	-0.01	-248.36	41.12999	0.77
-6700.094	-0.02	-246.07	43.819977	0.74
-6680.3193	-0.02	-247.84001	40.33998	0.74
-6698.395	-0.02	-249.15001	40.55992	0.75
-6704.5537	-0.02	-247.14998	44.540024	0.75
-6688.7285	-0.02	-248.43001	45.429977	0.74
-6683.311	-0.02	-249.31	42.380005	0.74
-6693.525	-0.03	-247.65001	47.009995	0.7
-6683.503	-0.03	-247.52	45.32997	0.7
-6684.997	-0.03	-248.14	46.37004	0.7
-6689.4253	-0.01	-248.65	43.100006	0.7
-6694.685	-0.01	-245.43999	42.63002	0.7
-6690.442	-0.01	-246.08003	42.32997	0.7
-6692.099	-0.02	-246.08	42.549973	0.7
-6689.5713	-0.02	-247.49002	42.649994	0.7
-6692.9824	-0.02	-246.43001	43.259964	0.7
-6669.085	-0.02	-245.19995	41.390045	0.7
-6652.542	-0.02	-245.94002	38.019913	0.7
-6648.6733	-0.03	-246.09999	43.039963	0.7
-6628.754	-0.03	-245.45	39.17	0.7
-6626.3335	-0.03	-244.26997	43.200027	0.66
-6628.9683	-0.03	-244.97003	40.049988	0.72
-6621.1025	-0.03	-245.76003	41.159897	0.72
-6609.0415	-0.03	-243.70998	39.15001	0.76
-6575.0825	-0.03	-244.80997	37.960022	0.76
-6573.8853	-0.03	-244.49994	36.700012	0.77
-6565.564	-0.03	-244.83002	38.380035	0.77
-6550.3916	-0.03	-245.52002	37.26996	0.78
-6726.211	-0.55	-238.11	78.64003	0.87
-6722.7197	-0.67	-239.87003	69.68002	1.31
-6692.847	-0.58	-236.71002	66.80997	1.31
-6655.886	-0.58	-232.69002	67.56999	1.08
-6693.237	-0.32	-236.35999	72.27005	1.08
-6735.537	-0.32	-235.41998	72.51007	1.04
-6738.7427	-0.37	-241.69997	61.759995	1.12
-6700.573	-0.37	-240.41997	57.000015	1.52
-6681.8745	-0.37	-241.81003	56.940002	1.52
-6671.7056	-0.37	-233.05998	61.730057	1.12
-6682.135	-0.37	-234.89	66.46004	1.04
-6683.1743	-0.33	-235.19003	64.74997	1.06
-6690.777	-0.37	-238.45	61.539963	1.13
-6669.6074	-0.37	-235.44	59.159973	1.24
-6635.008	-0.37	-234.49995	58.220108	1.24
-6581.8145	-0.34	-234.20999	55.089996	1.34
-6570.1807	-0.32	-234.17998	53.61	1.34
-6584.293	-0.32	-234.58998	54.979996	1.34
-6612.299	-0.32	-236.09004	55.39998	1.34
-6601.4985	-0.32	-235.78	56.019928	1.29
-6590.414	-0.32	-232.57002	56.319992	1.13
-6563.839	-0.32	-233.06996	59.260025	1.13
-6544.4614	-0.32	-229.52998	64.21004	1.06
-6517.651	-0.32	-230.87001	59.430008	1.06
-6541.152	-0.33	-230.01001	57.579926	1.06
-6512.14	-0.33	-235.90994	54.710022	1.06
-6508.683	-0.33	-233.95999	54.420013	1.06
-6531.0522	-0.33	-238.64998	55.070023	1.16
-6544.7817	-0.33	-232.36002	57.079956	1.16
-6564.239	-0.31	-237.42001	51.379974	1.16
-6567.3066	-0.28	-236.53003	48.849945	1.23
-6621.672	-0.28	-234.84	50.450043	1.08
-6621.351	-0.28	-237.37001	50.789993	1.06
-6677.8887	-0.21	-241.78	49.30002	0.98
-6664.855	-0.21	-245.84998	45.160004	0.98
-6643.7466	-0.21	-242.84999	49.000015	0.72
-6681.0024	-0.21	-243.65996	53.960037	1.03
-6683.566	-0.21	-241.7	52.429947	1.03
-6703.132	-0.21	-241.91997	50.780014	1.19
-6774.7837	-0.14	-248.10995	40.890045	1.02
-6754.376	-0.14	-249.65	42.399994	0.99
-6778.033	-0.14	-249.99998	42.540024	0.99
-6751.392	-0.14	-248.56001	42.36998	0.99
-6759.547	-0.1	-247.95	42.419968	0.99
-6736.3086	-0.1	-249.72003	42.089996	0.99
-6716.877	-0.1	-248.63995	40.420044	0.99
-6717.109	-0.1	-247.76997	39.729965	0.99
-6708.069	-0.1	-248.63997	40.36998	0.91
-6672.3936	-0.1	-245.13002	39.790024	0.91
