6925.6553 35.6964 1089.4286 124.2207 67.2597
6764.006 19.55452 1015.0875 204.23804 64.97086
6780.005 44.4066 983.92865 282.43634 66.99919
6736.243 47.62929 1037.6425 145.18481 86.55963
6703.3213 39.63217 950.383 248.6253 67.73051
6693.038 43.02202 961.0317 221.10187 64.66654
6803.2314 32.08496 862.97943 365.06085 63.55306
6825.699 38.63698 1055.7244 145.052 76.21087
6700.2773 39.63217 990.0529 213.41766 60.03695
5883.566 40.24326 825.9545 258.91608 61.97141
6052.7285 45.48005 841.2341 333.78522 62.98156
5501.5186 41.91347 726.5447 332.39014 58.33752
6843.522 32.67483 867.2314 345.11957 64.66654
6766.2056 24.83442 837.895 378.02576 63.51992
6583.2393 46.5179 830.03705 379.518 64.66654
6782.5703 34.30858 858.2337 363.49738 64.62117
6620.029 32.67483 820.6783 386.71698 59.23911
6566.0425 47.74063 826.928 346.99573 60.03695
5783.736 39.89136 868.76196 213.82751 62.05171
5465.767 39.79158 819.1678 208.70966 58.09705
