19297.719 5.37587 658.76013 168.45728 11.45164
19303.164 6.73276 726.39197 106.56085 11.49913
19116.084 7.20833 723.6053 87.462036 11.52302
19228.805 6.73276 721.1165 94.77594 10.71074
19236.508 6.68281 736.01044 82.54974 11.21472
19122.77 7.25741 686.2404 131.4508 11.23833
15700.041 5.72887 524.6846 179.69836 10.47425
16414.174 6.67308 587.60406 165.89142 10.5797
15999.947 5.91354 567.4814 194.21722 10.19461
16053.851 6.02578 520.0703 238.06958 10.48857
17157.963 5.3376 540.45026 247.93597 10.57922
17134.652 5.88897 550.7878 227.99396 10.26742
17135.35 3.58887 559.2491 241.01367 10.70374
17173.771 6.59242 553.6046 238.62604 10.66068
16645.164 4.8775 531.16986 251.24603 10.25914
15634.502 4.7085 536.3339 185.0149 10.41633
15096.18 4.46654 531.4585 162.69348 10.38797
