13126.991 144.32755 2060.3948 374.78198 148.98947
13126.993 144.32755 2060.3948 374.78198 151.41685
13126.989 144.32755 2060.395 374.78174 148.98947
13079.866 148.98947 2028.3657 410.0481 159.59308
12940.14 147.49121 2006.7983 366.09448 177.44951
12678.604 147.49121 1998.3345 233.72803 155.38664
12934.266 147.49121 2037.3146 347.50452 178.58943
12973.277 148.98947 2015.3286 381.65186 147.49121
13079.865 148.98947 2028.3657 410.0481 144.32755
12988.947 148.98947 2013.6135 389.96777 151.41685
13064.264 147.49121 2037.1875 427.20874 150.73563
13064.264 147.49121 2037.1876 427.20837 188.6372
12619.568 142.62119 2000.864 260.51514 188.6372
