9248.573 160.61742 1786.6348 167.33362 174.36157
8760.237 158.66147 1683.1897 160.20203 172.40428
8607.191 159.42813 1638.8254 145.71191 174.59618
8564.181 158.48166 1666.9622 111.17407 187.65248
8304.559 145.11633 1552.7847 256.3313 169.69023
7715.732 120.21631 1363.1794 295.10852 166.77632
9108.731 156.9105 1685.0109 209.77637 172.23912
9029.97 158.28462 1707.2706 178.86511 172.17154
9276.806 158.90211 1778.193 186.86145 176.72223
9104.603 146.01459 1515.8765 429.94873 170.75787
9160.638 158.4357 1761.8123 127.13977 173.78304
9375.532 138.71661 1818.6055 120.61694 180.79916
9408.202 157.93887 1800.4332 155.0509 174.36157
9133.175 153.1416 1728.5002 172.44531 172.23912
9216.165 163.33229 1695.953 244.34949 184.39275
8036.807 134.49593 1498.2007 225.39636 169.63405
7570.9116 127.37673 1418.6659 188.5719 165.4615
