1277.7056 83.86839 486.39307 38.673767 98.70285
1241.404 102.1236 463.49158 56.912598 94.08121
1257.0709 100.2166 492.9944 17.377563 96.1054
1285.886 93.16113 481.0224 53.222717 100.76008
1327.7466 99.13725 510.2611 37.77765 105.8597
1279.8083 99.05415 459.94305 116.926636 101.88488
1320.5283 98.51948 488.33243 86.83731 97.71368
1015.31775 81.40146 386.31555 38.73413 93.47442
1306.8793 96.17577 491.51038 60.927795 100.16016
985.5315 61.03354 362.76727 62.687744 90.40002
1328.9874 84.76566 487.693 99.33057 106.55519
1273.0844 104.86311 472.048 63.64023 91.90675
1327.1064 84.76566 511.16235 59.194763 105.8597
1108.3241 81.2076 370.92798 106.21442 90.40002
872.7071 41.01524 310.83685 58.78293 91.31918
904.65955 68.85696 290.82263 134.93512 87.72373
