-1075.0	-148.87637	-501.1437	55.009064	168.70248
-1204.0	-190.47429	-580.1398	40.4729	176.22375
-1127.0	-173.87723	-535.7194	55.175842	168.00873
-1166.0	-181.86424	-575.6689	25.257751	179.97792
-1195.0	-190.47429	-586.2782	26.51355	179.97792
-1151.0	-181.68155	-568.39294	25.251709	171.42473
-1121.0	-179.97792	-558.5563	5.5721436	181.86424
-1143.0	-169.82553	-566.65704	13.386536	183.15608
-1157.0	-169.82553	-569.22705	23.120544	181.68155
-1196.0	-182.91331	-580.4972	49.826538	179.97792
-1122.0	-181.86424	-556.86743	12.760864	179.97792
-1080.0	-168.00873	-522.5576	50.8385	169.82553
-1179.0	-173.60133	-570.6627	56.265076	170.51022
-1144.0	-154.02432	-519.6051	77.83722	169.82553
-1141.0	-181.68155	-565.70844	12.987305	179.97792
-1161.0	-169.82553	-570.63904	27.128418	176.60071
-1188.0	-176.22375	-588.68396	16.874146	183.05003
-1151.0	-168.53947	-572.2421	11.634766	190.49103
-1150.0	-176.60071	-561.8376	42.53125	170.51022
-1148.0	-169.82553	-565.33826	18.53888	181.68155
