-247.0	-71.28786	-154.14023	23.075912	54.40216
-207.0	-60.19711	-134.07712	14.678741	54.07372
-249.0	-77.83416	-156.02498	16.529617	57.73366
-246.0	-70.02856	-150.88913	26.57611	54.07372
-188.0	-60.19711	-124.438934	4.213562	54.07372
-223.0	-73.67715	-147.51846	4.157013	57.73366
-192.0	-59.84514	-122.64925	11.4427185	53.60886
-206.0	-63.13494	-133.1635	10.745071	54.07372
-195.0	-64.24183	-129.24384	2.4145508	55.59727
-212.0	-68.17004	-139.45789	5.671295	54.40216
-253.0	-55.59727	-149.96104	48.574448	65.00201
