-432.0	-130.78949	-278.9148	24.022034	121.16829
-378.0	-124.2589	-248.97772	5.830536	148.12529
-401.0	-130.33197	-261.05664	11.435059	107.40661
-468.0	-121.16829	-285.20654	61.979187	129.46819
-430.0	-137.9827	-279.51428	14.779175	129.70244
-390.0	-127.18752	-257.27698	6.5735474	131.58449
-383.0	-124.2589	-253.72708	6.530609	124.2589
-450.0	-135.04556	-292.11108	23.414917	129.70244
-381.0	-121.27625	-251.60822	9.513245	107.40661
-467.0	-130.72466	-285.5362	52.42285	121.16829
-410.0	-130.33197	-268.31467	13.354462	105.71701
-399.0	-129.46819	-263.22925	8.514526	141.53159
-468.0	-137.9827	-292.79425	39.269287	129.70244
-443.0	-133.76108	-286.52295	24.699402	129.46819
