-12896.0	-144.32755	-2049.0212	365.12305	177.44951
-12937.0	-148.98947	-2015.3286	381.6516	151.45992
-13044.0	-148.98947	-2028.3657	410.0481	144.32755
-13027.0	-144.32755	-2048.055	394.55957	149.8714
-12882.0	-144.32755	-2056.28	387.78882	151.41685
-12937.0	-148.98947	-2015.3285	381.65198	150.73563
-12933.0	-144.32755	-2050.7732	375.47925	159.59308
-13046.0	-147.49121	-2047.6951	370.83716	151.45992
-13001.0	-144.32755	-2048.5833	367.84277	159.83609
-13038.0	-147.49121	-2041.2639	352.47925	150.73563
-13024.0	-142.62119	-2018.7556	401.4702	148.98947
-13081.0	-144.32755	-2050.2246	455.60498	155.38664
-13092.0	-144.32755	-2060.3948	374.78198	159.83609
-12642.0	-147.49121	-1998.3345	233.72778	155.38664
-12953.0	-148.98947	-2013.6134	389.9679	177.44951
-12668.0	-144.32755	-2011.3716	240.33472	155.38664
-12911.0	-147.49121	-2026.7358	348.2566	159.83609
-12841.0	-147.49121	-2022.0399	380.59534	148.98947
