-2515.0	-153.63373	-819.48987	38.18274	176.131
-2669.0	-118.493	-835.3312	124.824585	149.84183
-2662.0	-132.1296	-829.1244	143.57489	152.165
-2647.0	-138.44293	-807.2417	173.22986	148.31198
-2526.0	-152.165	-819.86005	59.626343	176.131
-2545.0	-118.493	-819.17993	101.87549	144.57187
-2455.0	-125.01768	-784.53723	72.25952	146.74847
-2731.0	-155.9926	-835.3916	141.64954	161.10826
-2589.0	-134.90608	-790.2111	142.91443	146.74847
-2640.0	-148.94357	-819.9536	99.43793	151.29115
-2481.0	-127.92072	-810.5563	55.96875	149.84183
-2645.0	-127.92072	-828.5657	142.61047	148.31198
-2535.0	-138.44293	-793.5052	172.75116	144.30196
-2723.0	-154.6928	-864.1748	95.9751	155.9926
-2584.0	-127.92072	-840.2926	66.182434	181.39137
-2591.0	-127.92072	-821.82056	90.36951	149.84183
-2690.0	-155.9926	-847.96643	128.74823	161.10826
-2594.0	-146.10805	-841.5431	71.73572	176.131
-2798.0	-160.26944	-902.6076	75.52545	165.02023
-2607.0	-149.84183	-834.9007	88.45221	161.10826
-2570.0	-144.30196	-799.64813	114.58215	147.2711
-2573.0	-155.9926	-824.41034	87.18146	162.18327
-2473.0	-114.96561	-768.5266	133.52747	144.30196
-2422.0	-130.92986	-757.92975	115.79535	146.74847
-2659.0	-134.90608	-827.66486	112.324036	153.63373
-2608.0	-127.92072	-837.70996	82.42737	153.63373
-2706.0	-146.10805	-867.39594	81.6452	158.97328
-2515.0	-138.44293	-787.0393	150.81067	146.74847
-2641.0	-142.90666	-821.34143	100.30823	147.26303
-2505.0	-138.44293	-767.3274	125.381226	146.74847
-2437.0	-145.68835	-777.1905	69.08612	157.2056
-2549.0	-127.92072	-828.7914	66.64746	177.22296
-2678.0	-157.2056	-834.0868	106.67627	162.18327
-2537.0	-152.165	-813.7623	68.93628	176.131
-2517.0	-127.92072	-812.74335	48.494995	151.17435
-2715.0	-127.92072	-867.0611	109.14722	161.10826
-2537.0	-148.31198	-817.09357	56.740234	176.131
-2721.0	-127.92072	-871.37396	115.03717	158.97328
-2647.0	-146.74847	-848.2414	83.26245	151.17435
-2601.0	-146.10805	-843.73816	68.742676	177.22296
-2573.0	-103.54632	-808.2409	119.01929	146.74847
-2447.0	-127.92072	-783.7539	60.97754	146.74847
-2630.0	-134.90608	-798.5167	156.13043	146.74847
-2497.0	-144.30196	-794.31903	81.06732	153.63373
-2439.0	-125.01768	-734.14685	134.65955	146.10805
-2378.0	-144.57187	-766.17664	53.070984	165.6358
-2354.0	-138.44293	-761.1669	49.265625	162.18327
-2440.0	-142.90666	-774.4088	66.674194	153.63373
-2716.0	-127.92072	-868.53	112.29437	162.18327
-2474.0	-127.92072	-816.5377	37.687744	165.6358
-2548.0	-133.15057	-792.7954	147.62189	146.74847
-2696.0	-146.10805	-857.2895	86.49133	157.2056
-2439.0	-144.30196	-785.16736	76.90741	162.18327
-2624.0	-138.44293	-824.8286	121.098145	148.31198
-2729.0	-158.97328	-840.50726	130.99646	157.2056
-2604.0	-127.92072	-831.28345	95.868774	147.26303
-2596.0	-148.31198	-825.045	90.65662	157.2056
-2523.0	-149.84183	-825.5781	40.23474	176.131
