-5187.0	-153.67921	-1233.1678	206.12524	137.67883
-5043.0	-128.08664	-1226.9337	179.22888	153.67921
-5266.0	-137.67883	-1245.3804	189.73352	144.42757
-5218.0	-144.42757	-1207.6378	184.21838	160.61423
-5121.0	-137.67883	-1225.0216	152.98572	157.30756
-5035.0	-137.67883	-1204.7358	111.197754	173.41417
-5130.0	-128.08664	-1217.1244	158.40027	137.46643
-5218.0	-144.42757	-1207.6378	184.21863	137.67883
-5095.0	-128.08664	-1217.4999	159.86829	137.67883
-5093.0	-137.46643	-1220.0585	200.86023	131.0401
-5182.0	-131.0401	-1192.4146	240.50952	137.46643
