-440.0	-35.08275	-211.02727	15.926666	48.08601
-438.0	-39.00286	-214.94739	9.931961	48.08601
-420.0	-59.34877	-196.02417	36.778564	31.57554
-451.0	-53.65891	-202.74274	45.14032	42.50498
-390.0	-44.3325	-185.99261	36.350098	30.14031
-381.0	-43.69135	-182.10207	34.929977	37.23119
-380.0	-47.34864	-176.34729	25.247559	53.65891
-259.0	-8.15468	-128.09511	7.5468597	45.56287
-362.0	-35.08275	-165.03123	35.412445	30.14031
-482.0	-59.63903	-225.73813	30.131622	68.37175
-424.0	-58.3305	-197.69455	38.145386	33.56831
-425.0	-58.3305	-196.48373	39.088516	31.57554
-365.0	-6.29218	-181.12515	7.4546204	60.3324
-307.0	-25.32847	-148.5678	12.258453	40.38954
-386.0	-45.09108	-182.0436	37.261917	30.14031
-371.0	-43.14267	-175.90002	22.216034	43.14267
-421.0	-30.14031	-204.94806	26.416122	45.56287
-466.0	-42.53426	-217.60925	33.65419	42.50498
-362.0	-30.14031	-162.84152	34.475006	39.00286
-380.0	-43.14267	-172.14131	28.933426	42.50498
-328.0	-30.14031	-155.19101	24.63919	39.00286
-357.0	-39.00286	-166.01364	32.631287	30.14031
