-2705.0	-118.22143	-846.88257	128.39642	152.92274
-2620.0	-128.30882	-834.6636	126.43713	145.23253
-2692.0	-159.05086	-870.40173	79.498535	157.4264
-2593.0	-126.48243	-830.053	56.74341	154.9643
-2569.0	-142.54295	-814.7434	110.40411	144.84764
-2636.0	-154.87221	-853.9846	75.259766	166.98863
-2730.0	-120.41531	-821.86633	138.1109	152.92274
-2780.0	-159.98418	-871.72205	98.17407	159.98418
-2634.0	-157.00247	-845.47656	65.21277	159.05086
-2521.0	-117.91797	-816.63763	80.32373	154.87221
-2662.0	-145.3363	-853.90576	105.20679	149.02661
-2493.0	-117.91797	-813.61865	51.4057	154.87221
-2719.0	-156.85338	-869.34143	83.06018	159.98418
-2626.0	-157.00247	-861.60333	40.29181	162.78056
-2620.0	-146.55113	-813.2542	131.47186	157.00247
-2718.0	-154.9643	-871.99927	61.417786	167.95389
-2585.0	-148.81212	-833.27527	46.64325	159.00482
-2727.0	-129.027	-874.6105	67.852844	154.92578
-2635.0	-128.30882	-848.6496	92.65881	152.16182
-2496.0	-128.36565	-815.2233	36.02545	163.7461
-2652.0	-157.00247	-860.80566	61.43628	168.1389
-2621.0	-130.62375	-834.0553	83.59894	156.85338
-2617.0	-154.9643	-850.5663	43.888428	159.98418
-2706.0	-144.84764	-865.1693	98.260864	157.3618
-2644.0	-129.027	-817.4917	124.63428	145.23253
-2563.0	-142.54295	-826.81934	83.07062	145.3363
-2603.0	-126.48243	-835.5464	47.89502	157.4264
-2702.0	-134.62222	-853.9861	99.72131	153.30429
-2664.0	-142.61403	-839.18384	129.34796	145.23253
-2604.0	-129.027	-839.3693	58.201843	159.00482
