-527.0	-83.07687	-255.51685	18.820923	61.25345
-582.0	-27.19842	-253.48654	68.8916	81.88242
-557.0	-79.97879	-265.27832	36.022064	58.23532
-563.0	-75.89336	-262.4973	35.27298	86.13716
-512.0	-61.25345	-236.05331	57.157623	49.26909
-536.0	-83.07687	-255.66125	28.221039	72.48967
-540.0	-79.7001	-256.9473	30.04248	72.90369
-529.0	-71.61012	-246.67851	37.493576	51.50542
-367.0	-40.93677	-178.81354	15.847748	61.48283
-514.0	-79.01874	-250.28302	11.715973	78.91732
-537.0	-27.19842	-259.07773	17.344757	81.30692
-578.0	-86.13716	-268.62152	44.085052	61.2
