-20611.0	-78.01589	-2177.1226	429.9619	130.58112
-22350.0	-86.84127	-2300.1008	495.1355	109.2785
-22556.0	-92.08787	-2161.6082	761.9033	104.1012
-22030.0	-97.2933	-2183.1436	615.54956	118.60453
-21928.0	-60.85274	-2206.107	584.93555	108.17699
-21771.0	-92.49635	-2146.816	604.54517	101.8912
-21127.0	-87.10237	-2122.505	495.23804	127.50943
-21191.0	-92.08787	-2093.2666	556.1421	118.60453
-21993.0	-81.80252	-2121.3796	696.927	107.04156
-21287.0	-86.84127	-2215.2473	440.3462	118.60453
-21554.0	-60.85274	-2245.391	436.67212	130.58112
-21633.0	-78.01589	-2229.5115	446.50317	120.74026
-22100.0	-92.81178	-2308.6833	525.62134	130.58112
-21813.0	-92.08787	-2166.4077	582.00464	116.76701
-22021.0	-70.78004	-2166.005	669.91846	104.1012
-22319.0	-81.80252	-2169.9438	661.31006	108.17699
-20782.0	-92.08787	-2084.346	468.02466	120.74026
-20233.0	-75.96162	-2073.1023	373.54932	118.60453
-20600.0	-94.96656	-2070.0056	493.05225	118.60453
-22198.0	-97.2933	-2192.1504	640.9785	110.50674
-21509.0	-94.96656	-2172.29	614.2742	130.58112
-21792.0	-86.84127	-2219.8123	535.46875	108.56338
-21687.0	-92.49635	-2205.322	588.6643	116.09934
-20883.0	-87.10237	-2135.0967	498.3108	118.60453
-21526.0	-94.37038	-2109.0513	747.2295	109.2785
-21705.0	-86.84127	-2240.755	484.81274	120.74026
-22299.0	-92.08787	-2182.808	647.39844	113.55226
-21719.0	-92.49635	-2182.657	616.50464	114.15727
-21617.0	-90.74627	-2208.687	513.0425	126.99857
-22526.0	-60.85274	-2205.019	621.3071	115.77869
-20908.0	-92.08787	-2103.612	567.55835	118.60453
-20590.0	-92.08787	-2090.0962	424.70557	120.74026
-22356.0	-90.74627	-2305.2666	547.61816	127.58763
-21704.0	-87.10237	-2254.608	569.1665	116.76701
-21653.0	-98.11673	-2142.5054	674.2903	116.76701
-22110.0	-92.49635	-2253.8123	583.3264	143.24634
-21846.0	-78.01589	-2117.265	623.3718	102.78516
-21017.0	-87.10237	-2086.1067	485.0503	118.60453
-22380.0	-90.74627	-2250.539	535.4834	108.56338
-22004.0	-94.37038	-2238.0208	611.81177	119.16795
