-1363.0	-67.88723	-412.2868	102.742615	63.44542
-1366.0	-63.44542	-408.72165	120.12222	63.44542
-1024.0	-32.20998	-320.0835	51.16931	85.16211
-1266.0	-60.46457	-400.30923	71.782196	69.8723
-1375.0	-68.8401	-413.77417	109.36627	65.78635
-1258.0	-56.47829	-381.65616	91.10153	63.44542
-1367.0	-67.88723	-407.389	106.157135	60.46457
-1294.0	-68.8401	-400.0016	73.42847	65.78635
-1378.0	-68.8401	-415.7111	97.10373	68.8401
-1357.0	-63.44542	-408.4746	119.03058	56.47829
-1379.0	-65.78635	-421.4179	108.09827	71.69844
-1017.0	-37.53511	-322.55005	50.831177	85.16211
-1059.0	-37.53511	-324.97595	70.706665	68.8401
-982.0	-37.53511	-307.1032	45.09973	98.3699
-1248.0	-56.47829	-387.40506	84.01401	63.44542
