-15574.0	-3.27163	-962.406	868.97314	13.627
-14779.0	-3.27163	-931.479	811.521	17.80965
-14574.0	-4.51297	-892.32635	921.94745	11.75958
-14105.0	-6.34909	-876.3637	694.22845	23.34942
-12840.0	-4.00989	-816.18555	589.44824	23.34942
-14308.0	-4.7702	-894.89557	704.77826	23.34942
-15203.0	-3.27163	-943.7976	898.0138	7.68264
-15512.0	-3.27163	-1035.1543	824.8367	17.85357
-15208.0	-4.51297	-954.8787	916.8724	17.13618
-14256.0	-4.51297	-872.80743	915.62335	11.75958
-15934.0	-3.27163	-1016.4623	832.2074	14.76574
-15312.0	-4.41473	-960.81226	869.6947	17.13618
-15582.0	-3.27163	-970.9821	903.856	10.27635
-15158.0	-3.27163	-955.77795	814.97314	17.13618
-14468.0	-4.00989	-925.9007	607.5107	23.34942
-14157.0	-4.00989	-887.90106	598.1895	23.34942
-14010.0	-4.41473	-885.7611	611.2284	23.34942
-14226.0	-3.27163	-936.83624	559.6143	49.5014
-14749.0	-4.51297	-931.1683	972.0076	12.64674
-15181.0	-4.51297	-968.8827	895.6742	17.85357
-15513.0	-3.27163	-990.4001	875.79694	12.64674
-14757.0	-3.27163	-978.43097	699.39813	23.34942
-15132.0	-3.27163	-940.0408	845.43494	11.75958
-15570.0	-3.27163	-1024.1257	882.1238	17.85357
-15096.0	-3.27163	-951.45575	649.59393	23.34942
-15192.0	-4.00989	-979.08923	877.7777	17.80965
-15614.0	-4.00989	-986.64014	892.4448	10.60562
-15117.0	-3.27163	-961.4357	697.0407	25.16532
-14273.0	-4.41473	-884.6662	673.5213	23.34942
-14386.0	-4.41473	-887.73987	688.77527	23.34942
-14859.0	-3.27163	-930.9329	817.2984	14.76574
-14445.0	-4.7702	-892.9345	912.3139	14.76574
-15658.0	-3.27163	-977.1239	932.8169	11.75958
-15403.0	-3.27163	-996.1395	868.4568	13.86914
-15101.0	-3.27163	-935.61505	831.3421	11.75958
-15494.0	-4.00989	-1036.9626	899.0432	17.85357
-14225.0	-4.41473	-914.65375	635.2255	49.5014
-14202.0	-4.51297	-884.10065	689.3658	23.34942
-15548.0	-3.27163	-996.27747	805.1387	23.34942
-15088.0	-3.27163	-973.861	860.3516	13.86914
-15232.0	-4.00989	-1022.7674	892.4937	17.85357
-14743.0	-3.27163	-986.44885	625.3187	49.5014
-14301.0	-3.27163	-913.4431	557.833	23.34942
-15064.0	-3.27163	-965.0081	614.1893	23.34942
-14969.0	-4.41473	-937.76904	859.37085	18.38799
-15573.0	-3.27163	-979.8924	866.34735	12.64674
-13726.0	-4.41473	-848.91565	600.9098	23.34942
-16060.0	-3.27163	-1056.5632	842.59106	18.38799
-14902.0	-6.27498	-924.31024	930.48737	13.627
-15310.0	-4.00989	-991.4089	887.36224	18.38799
-14482.0	-4.7702	-904.2529	897.3666	18.38799
-14381.0	-3.27163	-914.5672	562.53546	23.34942
-14201.0	-4.41473	-891.613	671.5109	23.34942
-15115.0	-4.00989	-956.6181	852.8129	17.80965
-15526.0	-4.41473	-989.62695	862.43896	17.85357
-14894.0	-3.27163	-978.12445	565.6071	23.34942
-14149.0	-4.51297	-877.8769	904.5855	17.80965
-14434.0	-4.41473	-893.3429	693.17505	23.34942
-15229.0	-4.41473	-960.7312	876.9778	11.75958
-15323.0	-3.27163	-1038.927	825.24146	18.74008
-14690.0	-4.00989	-921.6152	655.94855	23.34942
-15635.0	-3.27163	-1045.3575	813.99927	20.70111
-15576.0	-4.00989	-999.6812	878.55414	21.65203
-13183.0	-4.00989	-840.236	592.36163	23.34942
-15601.0	-3.27163	-983.6572	827.3496	17.85357
-15124.0	-4.41473	-941.534	862.39996	17.80965
