-5666.0	-115.87724	-1154.3601	157.35522	145.32362
-6073.0	-135.0244	-1260.8239	267.786	155.52429
-5342.0	-104.67992	-1136.0668	84.31885	156.44313
-6053.0	-115.87724	-1279.4896	163.10364	161.27335
-6106.0	-114.50647	-1276.453	239.0575	139.33475
-6013.0	-98.98727	-1252.3328	196.4314	147.37581
-5584.0	-94.60214	-1194.4229	102.67322	155.52429
-5519.0	-83.46422	-1156.0566	118.582886	145.32362
-6136.0	-98.98727	-1235.4324	229.65845	141.80957
-5199.0	-94.60214	-1092.4246	130.53735	147.67467
-6048.0	-119.71925	-1279.7094	151.29993	156.34787
-5780.0	-112.28242	-1226.8309	231.95581	141.30301
-5403.0	-103.9978	-1144.2805	137.64673	152.66446
-5922.0	-124.06939	-1243.4934	143.71265	152.66446
-6037.0	-118.67567	-1198.3478	253.6615	137.74893
-5951.0	-101.27331	-1249.3066	139.9176	152.66446
-5941.0	-121.47163	-1139.727	305.37158	139.47899
-5945.0	-123.2089	-1155.4017	289.1676	141.31232
-5928.0	-123.87025	-1226.9806	199.35303	143.27725
-6199.0	-130.09207	-1263.9105	230.69287	155.8739
-5446.0	-111.77525	-1142.8424	116.58057	156.0843
-5946.0	-120.64131	-1270.501	116.5022	161.27335
-5311.0	-112.54311	-1125.5784	139.7627	145.98987
-5508.0	-112.54311	-1160.3641	122.3186	156.44313
-5541.0	-83.46422	-1206.7169	58.625122	152.66446
-5678.0	-117.90657	-1119.5686	253.06848	140.22421
-5631.0	-115.0387	-1174.7924	130.78125	160.78772
-5789.0	-89.24957	-1253.4901	143.3064	158.64589
-6054.0	-98.98727	-1294.0525	172.2124	152.66446
-5415.0	-114.66782	-1140.718	154.50659	145.32362
-5920.0	-124.06939	-1232.4133	194.28552	143.27725
-5583.0	-115.87724	-1165.8057	141.58167	156.9
-5536.0	-120.46815	-1141.4951	155.29492	148.32875
-6051.0	-114.50647	-1254.886	155.77197	156.34787
-6023.0	-135.18231	-1250.1613	201.59412	155.52429
-5363.0	-119.71925	-1151.4445	187.43848	145.32362
-5909.0	-124.06939	-1239.7577	189.8269	149.76216
-5819.0	-83.46422	-1257.9042	93.48132	156.9
-6151.0	-125.56145	-1280.0151	220.01978	145.30428
-5986.0	-114.35835	-1210.9728	224.09619	137.74893
-5879.0	-121.47163	-1141.633	325.5282	139.39284
-5858.0	-94.60214	-1258.4154	128.91638	160.4529
-5986.0	-119.68607	-1226.2258	197.91992	149.71036
-5888.0	-101.27331	-1246.2601	120.54797	152.66446
-6118.0	-94.60214	-1252.6797	209.33008	156.9
-5586.0	-98.98727	-1190.1731	111.23389	156.34787
-6234.0	-119.98507	-1295.773	209.73901	146.35414
-6149.0	-127.80901	-1241.4976	251.49243	145.98987
-6001.0	-101.27331	-1289.4081	185.2008	148.69652
-5745.0	-98.98727	-1221.698	117.877686	152.66446
-5702.0	-98.98727	-1167.4933	194.06726	145.32362
-5698.0	-109.79149	-1207.6716	127.25073	156.34787
-5508.0	-111.05631	-1149.8472	154.43433	143.27725
-5488.0	-117.53783	-1164.1566	128.13953	156.9
-5698.0	-118.70091	-1152.7316	254.46729	143.06062
-5626.0	-115.0387	-1215.3556	77.5802	158.18199
-5644.0	-122.26061	-1136.1416	275.59546	143.06062
-5664.0	-98.98727	-1192.4716	113.09314	169.91153
-5742.0	-120.83079	-1115.914	268.32727	143.06062
-6074.0	-98.98727	-1262.9967	177.49365	152.66446
-5485.0	-118.67567	-1185.4968	91.784546	158.18199
-5909.0	-126.38632	-1202.6521	187.49683	164.91013
