-33182.0	-59.88533	-2365.4417	753.9961	75.09592
-33069.0	-59.88533	-2546.4243	661.853	76.75111
-32701.0	-65.34835	-2358.4185	715.0791	81.38563
-33088.0	-59.88533	-2377.544	744.83594	74.12405
-32869.0	-63.7898	-2523.1992	636.6748	85.39471
-33236.0	-59.88533	-2537.6028	580.3938	103.803
-33628.0	-54.3203	-2514.4436	651.4519	80.27926
-32980.0	-54.3203	-2427.3298	646.5154	71.44061
-33601.0	-54.3203	-2549.6338	649.67236	100.53686
-32820.0	-65.34835	-2394.5183	667.32324	82.24304
-32172.0	-59.90779	-2456.2124	543.75073	89.72325
-32764.0	-65.34835	-2343.707	759.5508	79.81705
-32977.0	-59.90779	-2552.6394	580.1074	89.87119
-33522.0	-59.90779	-2527.1934	583.7688	79.81705
-33149.0	-52.51567	-2382.9822	757.11914	74.12405
-33533.0	-59.90779	-2551.5989	658.0178	89.72325
-33040.0	-59.90779	-2543.5176	553.87744	79.81705
-33096.0	-52.51567	-2346.6865	774.4678	71.44061
-33563.0	-59.88533	-2570.5925	595.1775	79.81705
-32836.0	-59.88533	-2525.0942	534.50146	76.75111
-32901.0	-65.41608	-2361.818	772.9888	89.87119
-32891.0	-63.7898	-2331.6658	794.9309	74.12405
-32632.0	-52.51567	-2356.425	747.15283	68.89751
-32870.0	-65.34835	-2353.395	735.9011	89.72325
-33071.0	-65.34835	-2516.2063	535.4485	104.28301
-33337.0	-54.3203	-2567.9937	578.6389	74.16573
-32949.0	-65.34835	-2365.2727	793.89404	82.24304
-33043.0	-63.7898	-2361.7637	788.7219	80.25228
-33132.0	-63.7898	-2361.6255	768.9409	80.25228
-32747.0	-59.90779	-2375.2769	766.2085	74.12405
-33299.0	-59.90779	-2555.6526	616.25854	89.87119
