-1931.0	-93.60253	-609.2575	76.93524	136.42247
-2291.0	-129.17166	-725.5139	106.7077	150.03505
-2353.0	-120.5844	-735.1783	108.41382	144.46397
-2397.0	-106.11394	-738.4317	114.12494	138.90826
-2446.0	-126.35085	-765.438	80.39087	164.45105
-1966.0	-90.06073	-626.74664	56.916687	135.74806
-2523.0	-127.74095	-761.3112	160.75214	143.39253
-2379.0	-126.35085	-747.1377	95.233154	158.62804
-2295.0	-124.84393	-734.76843	81.29407	138.33391
-2197.0	-120.88368	-675.9719	114.31421	137.55081
-2124.0	-105.96094	-687.38257	62.811096	137.67546
-2439.0	-132.60553	-733.1927	116.06366	133.75175
-1843.0	-98.73504	-601.82556	28.7771	149.21886
-1975.0	-94.76879	-636.37354	53.0813	137.05656
-2073.0	-86.18322	-627.7898	134.22375	132.98732
-1795.0	-93.60253	-515.50165	169.95618	131.96065
-2587.0	-137.26979	-828.6238	109.14929	148.37938
-2022.0	-96.18107	-656.88794	45.327393	150.03505
-2320.0	-129.24794	-757.373	38.79767	157.83562
-2455.0	-114.69247	-702.7235	195.4978	138.10373
-2328.0	-126.35085	-753.4084	72.5484	161.94792
-1984.0	-92.96571	-646.23804	61.93103	149.02751
-2265.0	-111.91786	-689.0509	109.880066	135.74806
-2421.0	-111.14765	-737.30304	189.76868	140.20103
-1980.0	-99.55089	-641.8849	42.357117	147.05824
-2353.0	-116.58029	-689.4363	174.84692	129.76233
-2453.0	-123.23008	-709.49896	172.95294	143.22617
-2524.0	-110.03629	-764.38763	201.78485	141.89085
-2441.0	-136.47173	-772.33344	102.3988	164.4178
-1998.0	-93.60253	-578.755	139.87616	132.77214
-2486.0	-118.76981	-789.6246	77.65808	164.01497
-2392.0	-111.14765	-760.5637	85.22589	138.5688
-2338.0	-118.76981	-737.2324	125.137085	142.64938
-2227.0	-94.76879	-710.6844	64.044495	138.02159
-2372.0	-129.17166	-738.0435	140.32397	139.60574
-1992.0	-90.06073	-623.47394	99.41412	135.74806
-1865.0	-92.96571	-594.5963	58.66211	136.42247
-2338.0	-123.59621	-726.3693	84.12323	161.33466
-2348.0	-126.04572	-746.91907	125.84711	145.64368
-2380.0	-142.28372	-746.9442	84.934204	151.28848
-2318.0	-126.35085	-743.1658	63.928528	143.22617
-2238.0	-120.5844	-701.60406	101.86261	133.7977
-1872.0	-98.36765	-587.3966	72.78357	135.74806
-2333.0	-120.8196	-742.1301	112.46008	142.84575
-2442.0	-127.74095	-732.9231	108.18408	143.39253
-1821.0	-93.60253	-577.76636	68.57617	135.74806
-2440.0	-132.37941	-755.16504	147.37036	143.22617
-2252.0	-127.39014	-730.40656	65.33832	156.17604
-2602.0	-138.27873	-814.5163	96.92932	168.42749
-2601.0	-142.21329	-820.8445	102.75989	162.15675
-2223.0	-118.76981	-700.7426	74.342896	136.5383
