-622.0	-90.02822	-289.46048	41.789886	65.7444
-598.0	-65.1884	-256.11322	105.57782	64.51137
-557.0	-64.94562	-269.62372	24.118378	64.51137
-522.0	-65.1884	-251.59581	21.405624	101.52536
-498.0	-65.7444	-228.75215	40.8264	101.52536
-558.0	-64.94562	-264.08392	40.312195	64.51137
-507.0	-65.1884	-221.5416	48.78238	64.51137
-605.0	-53.45841	-261.97742	64.483185	64.94562
-475.0	-68.70286	-235.70886	10.088867	75.42809
-564.0	-64.94562	-276.06598	23.979736	87.45556
-632.0	-64.94562	-291.25955	69.23233	64.51137
-649.0	-93.06632	-308.368	42.536316	65.7444
-568.0	-64.94562	-272.90485	40.397766	74.30151
-560.0	-64.51137	-265.11768	51.729095	64.94562
-730.0	-106.13297	-347.59625	43.78009	65.7444
-579.0	-64.94562	-272.75867	36.10486	101.52536
-651.0	-64.51137	-293.53802	68.25763	64.94562
-479.0	-68.70286	-230.45557	20.007751	65.7444
-509.0	-65.1884	-218.66994	53.89656	64.51137
-657.0	-53.45841	-282.48508	87.53763	64.94562
