-669.0	-218.18663	-441.93512	10.683228	206.56856
-599.0	-175.8916	-372.55096	52.97824	180.72255
-618.0	-205.92824	-412.4968	1.1941223	197.93486
-569.0	-187.08626	-376.6123	6.257141	190.50786
-649.0	-210.77104	-427.7379	12.977478	205.71649
-558.0	-182.93105	-369.65082	7.576782	181.40355
-427.0	-142.30165	-284.81006	0.75650024	193.04391
-547.0	-174.27219	-356.4416	16.96698	174.44174
-643.0	-203.84749	-417.44135	24.119354	202.18907
-545.0	-174.27219	-356.03534	16.235657	180.72255
-662.0	-217.56796	-435.75458	10.398926	206.56856
-624.0	-202.1705	-408.09875	15.501099	197.93486
-592.0	-186.71976	-383.37912	24.0513	180.72255
-617.0	-193.89423	-401.75662	23.777374	193.89423
-584.0	-188.18631	-376.81354	20.5625	174.44174
-619.0	-193.89423	-400.55966	26.34848	193.89423
-582.0	-186.00174	-379.04565	17.845764	181.91489
-621.0	-205.71649	-412.28503	5.0545654	216.96687
-608.0	-188.62724	-395.1958	25.947632	182.98172
-563.0	-186.70203	-373.78827	3.3627625	187.81128
-562.0	-186.70203	-374.5133	2.8240356	187.08626
-651.0	-202.18907	-414.46985	34.944214	188.18631
-615.0	-202.1705	-407.05798	7.5218506	191.53212
-632.0	-202.18907	-415.7829	15.378906	203.84749
-607.0	-197.05682	-401.94427	9.511749	183.34436
