-24226.0	-102.28842	-2507.3535	445.17773	128.17834
-24164.0	-97.6678	-2396.8396	554.99097	121.73685
-24876.0	-102.28842	-2600.9336	341.11328	130.71707
-24793.0	-117.97865	-2576.3918	392.8916	137.9131
-24695.0	-88.07841	-2400.477	590.44946	127.31626
-24387.0	-116.32483	-2462.4707	446.99268	129.91502
-24711.0	-112.83105	-2570.3242	353.65942	129.91502
-25483.0	-117.97865	-2587.6694	492.74585	131.53418
-25018.0	-106.82547	-2594.5698	375.8496	136.045
-24275.0	-88.07841	-2430.6904	503.635	127.31626
-24903.0	-102.28842	-2551.3127	391.04834	130.71707
-24350.0	-79.71645	-2325.498	660.11646	121.73685
-24579.0	-95.33503	-2500.6042	445.86475	128.17834
-25050.0	-107.46665	-2454.8381	553.79395	128.58603
-24776.0	-112.83105	-2554.849	383.82275	128.51385
-24457.0	-88.07841	-2409.2288	626.35376	127.31626
-25056.0	-102.28842	-2586.661	415.3003	131.53418
-25051.0	-116.09953	-2593.5115	396.2837	129.6218
-23994.0	-108.48243	-2495.442	467.41333	128.17834
