-922.0	-144.636	-454.66727	13.780151	156.38316
-1219.0	-191.07816	-597.0996	32.290405	160.55122
-972.0	-132.04134	-466.4979	60.66397	156.37518
-1025.0	-153.86165	-486.05096	69.33685	146.03014
-1131.0	-166.43263	-555.1826	32.129578	166.43263
-921.0	-137.32033	-457.2094	10.872742	171.26996
-921.0	-144.82408	-457.54605	10.667419	184.15265
-1211.0	-191.07816	-597.576	24.275574	167.03824
-894.0	-137.32033	-437.44226	22.014038	156.37518
-969.0	-154.85559	-469.35498	36.377502	146.03014
-1101.0	-156.92747	-516.36487	62.978027	156.48383
-985.0	-154.76756	-483.96234	22.270325	176.928
-1113.0	-143.65208	-504.85785	84.17377	154.85559
-1116.0	-161.0848	-529.41437	58.200806	159.69215
-945.0	-150.20662	-465.69354	18.789124	169.3565
-1178.0	-179.1784	-579.2703	19.907654	191.07816
-1183.0	-166.43263	-570.22	50.262695	160.1882
-985.0	-150.20662	-480.24713	36.950867	156.90201
-1128.0	-164.53806	-525.74384	64.1817	158.25616
-933.0	-150.20662	-461.36072	17.03955	156.90201
-991.0	-159.69215	-494.4793	3.8743286	186.60924
-1202.0	-181.6586	-588.63513	22.442627	191.07816
-1069.0	-150.47011	-525.598	19.730225	159.69215
-973.0	-153.86165	-467.4535	38.690125	156.38316
-973.0	-142.93231	-485.14215	7.5184326	179.28294
