1019.42456 71.7841 385.0831 57.31952 122.34176
1015.58044 61.15143 357.827 127.37259 94.45287
1069.3617 83.05666 386.5058 106.42981 97.15736
931.46405 71.00802 322.91205 80.19168 96.39818
739.72974 56.96448 288.32544 25.432648 102.08456
980.27686 61.03354 367.1515 51.300323 107.15633
1161.7377 94.08121 429.45514 63.052002 99.86883
870.3873 69.58491 327.73077 44.367493 108.22412
947.5646 61.03354 350.5733 62.994812 90.24762
1012.05164 49.84234 346.1772 95.9173 98.52246
1028.8921 70.41068 346.25726 104.45938 87.81038
898.94055 64.24718 343.85376 39.579468 110.89938
1091.1544 68.99809 374.91205 158.74017 99.05415
