-2440.293	-131.61853	-751.83624	178.95831	159.26941
-2308.5127	-121.95427	-710.3188	119.440125	158.98468
-2104.6812	-121.95427	-663.1196	75.50299	171.03131
-2262.487	-115.04681	-714.74536	95.97424	164.51193
-2368.8914	-114.25928	-714.4434	127.914856	158.69536
-2449.4478	-85.48887	-716.28955	264.4599	171.03131
-2415.5957	-129.01675	-746.6172	154.53534	181.46182
-2464.1914	-128.99133	-771.59656	119.91852	184.5228
-2446.9214	-124.10877	-726.78546	198.07336	162.88988
-2421.441	-114.63248	-750.55237	129.68085	182.29018
-2408.212	-126.032	-744.90216	173.66565	173.8821
-2527.183	-128.99104	-746.0956	170.50848	176.18057
-2305.3599	-125.31791	-709.13666	126.15881	164.51193
-2356.5132	-121.80664	-730.91144	142.32562	165.2187
-2235.639	-112.85596	-705.1246	76.53912	161.7942
-2414.1924	-124.55516	-761.4874	149.72058	173.66588
-2410.8752	-127.37373	-737.5758	142.10547	171.38078
-2318.389	-121.95427	-725.0053	97.270325	162.88988
-2108.137	-115.04681	-676.87616	53.50647	164.51193
-2410.423	-94.31415	-752.4529	127.68762	161.11539
-2146.2004	-113.53436	-687.8779	51.652344	164.93126
-2307.6123	-122.14222	-731.9849	98.19122	163.28447
-2341.2131	-121.95427	-713.1004	123.90192	163.82455
-2205.0095	-114.63248	-708.47876	66.08356	165.06464
-2431.13	-126.032	-765.9593	208.44934	169.02855
-2371.0063	-132.08876	-756.2787	85.433105	173.82625
-2202.3623	-114.63248	-691.0643	77.29309	159.61903
-2199.405	-114.63248	-705.90094	54.769592	162.88988
-2436.1492	-114.63248	-720.6611	171.22931	165.69635
-2303.043	-124.499	-718.3184	119.02887	171.03131
-2410.1362	-133.06377	-749.3292	119.426025	176.18057
-2153.4106	-115.04681	-679.8364	81.57208	177.6606
