-1011.8684	-57.46927	-359.99042	104.50488	110.89938
-897.15137	-54.61089	-306.17712	127.650024	93.7702
-905.57477	-38.0484	-289.33514	135.07101	94.84287
-971.1568	-72.52646	-365.9032	79.69476	95.83216
-886.9068	-52.51822	-333.17545	59.994232	102.8194
-601.9353	-40.62609	-206.6948	62.410522	95.86965
-651.65607	-49.34185	-236.94096	43.42366	106.41241
-858.0321	-47.13823	-308.24435	79.88687	94.33003
-1025.5424	-51.03365	-345.06787	103.61554	95.59421
-927.7714	-48.83519	-314.73874	100.571014	95.67196
-867.41516	-58.93763	-310.46933	68.48184	94.45287
-879.751	-56.96448	-296.69296	125.391235	95.59421
-840.4342	-57.8844	-302.96802	83.88754	88.74552
-992.99426	-67.53863	-317.93866	142.95981	101.87585
-729.5148	-54.83854	-260.89172	57.322296	99.56539
-529.15924	-35.40849	-179.12563	56.64618	104.4957
-862.8797	-61.7251	-309.677	63.78061	105.69482
-1001.3781	-73.65009	-367.39087	52.433533	109.8812
-650.2266	-38.0484	-224.97937	79.34595	94.37219
