-34016.71	-59.88533	-2600.1191	550.26196	74.12405
-33369.78	-70.75626	-2523.191	618.92065	68.89751
-33174.887	-68.15492	-2509.9822	547.62744	65.41608
-33050.883	-70.75626	-2503.8708	605.27515	68.89751
-33610.75	-65.34835	-2589.3748	518.2383	65.69004
-33680.56	-68.89751	-2590.0535	564.38745	104.28301
-33595.92	-68.15492	-2512.5698	592.0029	65.41608
-33551.25	-68.15492	-2529.3022	561.27246	65.41608
-33712.973	-65.69004	-2582.3618	567.8467	80.25228
-33663.547	-65.34835	-2580.2002	534.2019	76.75111
-33639.723	-54.3203	-2576.7031	544.90845	65.69004
-34073.316	-59.88533	-2622.6863	574.0996	89.72325
-33655.746	-65.69004	-2595.2566	516.97144	76.75111
-33872.18	-59.88533	-2616.1113	533.3325	80.25228
-33907.0	-59.90779	-2603.734	588.19214	89.72325
-33719.965	-65.34835	-2596.473	536.0073	80.25228
-33881.152	-59.88533	-2545.4944	574.05884	69.34026
-33865.844	-59.90779	-2596.3965	576.5852	80.27926
-33821.93	-59.88533	-2551.873	557.1604	72.3639
-33276.31	-65.69004	-2579.2874	505.88013	65.34835
-33683.516	-68.89751	-2573.4465	573.78516	74.12405
-34018.484	-59.88533	-2614.0312	521.59766	80.25228
-34016.7	-59.88533	-2600.1191	550.2617	79.81705
-33887.914	-59.90779	-2584.6394	581.1333	80.25228
-33717.98	-65.69004	-2588.9385	584.44653	104.28301
-33680.55	-68.89751	-2590.0537	564.38745	79.81705
-33689.383	-54.3203	-2593.3337	532.8926	70.75626
-34073.3	-59.88533	-2622.6863	574.09937	89.72325
-34073.312	-59.88533	-2622.6863	574.09937	112.87999
-33809.17	-59.88533	-2611.953	505.1355	80.25228
-33872.168	-59.88533	-2616.1116	533.3323	80.25228
-34073.33	-59.88533	-2622.686	574.09937	89.72325
-33683.523	-68.89751	-2573.4465	573.7854	82.24304
-33712.97	-65.69004	-2582.362	567.8467	80.25228
-33655.746	-65.69004	-2595.2563	516.9717	70.75626
-33452.582	-59.88533	-2604.6682	479.45483	74.12405
-33331.977	-68.89751	-2583.1829	538.29297	65.69004
-33377.293	-54.3203	-2576.3125	504.54077	70.75626
-33680.55	-68.89751	-2590.0535	564.38745	78.22947
-33655.74	-65.69004	-2595.257	516.97095	89.87119
-33331.984	-68.89751	-2583.1826	538.2932	68.89751
-33663.566	-65.34835	-2580.2002	534.20215	74.12405
-33719.977	-65.34835	-2596.4731	536.0071	82.24304
-33809.17	-59.88533	-2611.9526	505.135	74.12405
-33744.914	-54.3203	-2591.8694	521.9485	70.75626
-33907.004	-59.90779	-2603.7336	588.1919	89.72325
-33855.867	-59.90779	-2596.106	534.6631	80.25228
-33811.336	-59.90779	-2595.4094	539.5918	68.15492
-33191.4	-68.89751	-2518.0977	533.6072	73.06474
-33744.926	-54.3203	-2591.869	521.9497	70.75626
-33626.777	-54.3203	-2605.0054	519.6194	68.15492
-33683.152	-65.34835	-2587.266	563.44434	79.81705
-33811.34	-59.90779	-2595.4092	539.5923	68.15492
-33855.86	-59.90779	-2596.106	534.6626	80.25228
-33987.266	-54.3203	-2611.8762	545.71313	76.75111
-33683.527	-68.89751	-2573.4465	573.78564	74.12405
-33851.727	-59.90779	-2583.4233	562.0974	68.15492
-33430.17	-54.3203	-2587.4937	508.73315	68.15492
-33697.133	-63.7898	-2594.6987	561.91675	74.12405
-33655.734	-65.69004	-2595.257	516.97095	70.75626
-33299.344	-65.69004	-2588.3862	490.87695	70.75626
-33690.473	-63.7898	-2581.239	578.0967	68.15492
-33369.773	-70.75626	-2523.191	618.9204	68.89751
-33987.27	-54.3203	-2611.8762	545.7134	68.15492
-33565.516	-68.89751	-2537.4177	547.25195	70.75626
-33683.152	-65.34835	-2587.266	563.4446	74.12405
-33561.715	-70.75626	-2516.5417	638.0554	104.28301
-33397.934	-68.89751	-2577.2148	551.0503	74.12405
-33745.637	-54.3203	-2575.0913	555.1106	65.69004
-33655.742	-65.69004	-2595.257	516.9712	70.75626
-33750.86	-65.34835	-2598.1355	548.3423	80.25228
-33712.32	-54.3203	-2582.8762	585.56274	65.69004
-33634.94	-65.69004	-2588.9504	529.1824	65.34835
-33634.938	-65.69004	-2588.9507	529.1821	65.34835
-33778.49	-59.90779	-2567.477	579.0537	65.69004
-33763.57	-54.3203	-2592.1455	532.1516	70.75626
-33926.73	-59.90779	-2590.4285	589.34204	80.25228
-33987.285	-54.3203	-2611.876	545.71387	79.81705
-33683.15	-65.34835	-2587.2664	563.44434	74.12405
-33397.934	-68.89751	-2577.2148	551.05005	80.25228
-34051.74	-59.88533	-2601.1067	587.2544	80.25228
-33760.938	-54.3203	-2590.3828	528.28955	68.15492
-33812.082	-54.3203	-2578.6797	537.7053	71.44061
-33561.715	-70.75626	-2516.5415	638.05566	83.00297
-33811.332	-59.90779	-2595.4092	539.5913	68.15492
-33344.227	-68.89751	-2569.2866	544.9802	79.81705
-33926.74	-59.90779	-2590.4282	589.3423	80.25228
-33689.438	-63.7898	-2588.9119	559.9048	68.15492
-33561.71	-70.75626	-2516.5415	638.0554	86.05238
-33763.555	-54.3203	-2592.1458	532.15186	70.75626
-33331.992	-68.89751	-2583.1826	538.29346	71.44061
-33626.793	-54.3203	-2605.0051	519.6196	68.15492
-33680.547	-68.89751	-2590.0537	564.38745	65.69004
-33683.52	-68.89751	-2573.4468	573.7854	74.12405
-33712.977	-65.69004	-2582.3613	567.8474	80.25228
-33745.64	-54.3203	-2575.091	555.1111	65.69004
-33717.973	-65.69004	-2588.9387	584.44653	89.72325
-33680.55	-68.89751	-2590.0537	564.38696	104.28301
-33763.56	-54.3203	-2592.1455	532.15137	71.44061
-33344.223	-68.89751	-2569.287	544.98	74.12405
-33822.94	-59.88533	-2606.7495	552.552	74.12405
-33682.586	-54.3203	-2626.2393	559.5427	89.72325
-33750.844	-65.34835	-2598.1357	548.34204	80.25228
-33926.734	-59.90779	-2590.4285	589.3423	80.25228
-33191.395	-68.89751	-2518.0977	533.6072	70.75626
-33881.023	-59.90779	-2572.2522	622.27026	74.12405
-33344.23	-68.89751	-2569.2869	544.98	85.2095
-33585.836	-69.34026	-2499.8093	668.78564	68.89751
-33191.4	-68.89751	-2518.0977	533.6074	71.44061
-33735.97	-68.89751	-2583.252	577.97754	89.87119
-33397.94	-68.89751	-2577.2144	551.0508	76.75111
-33735.98	-68.89751	-2583.2522	577.9778	74.12405
-33050.887	-70.75626	-2503.871	605.2754	83.57379
-33723.332	-63.7898	-2590.8862	576.2483	76.75111
