-7718.897	-156.74846	-1644.9268	107.83594	188.35666
-7681.9424	-181.7072	-1604.1328	201.7926	175.97603
-7572.5186	-178.14653	-1591.4773	137.54895	171.51328
-7387.811	-170.16061	-1553.9172	183.46619	169.7106
-7422.9917	-181.69229	-1580.7073	174.92725	175.97603
-7278.1577	-174.7367	-1553.753	137.00183	174.15352
-7855.67	-181.7072	-1694.6453	135.22949	182.50279
-7855.671	-181.7072	-1694.6451	135.22937	182.50279
-7131.5537	-169.91818	-1549.8158	109.872925	176.8985
-7466.167	-151.34694	-1630.8535	75.18872	181.69229
-7378.5586	-156.74846	-1595.9309	86.576416	175.80394
-7349.232	-174.7367	-1589.8752	123.21643	175.98636
-7071.403	-167.70311	-1512.311	92.92798	171.56995
-7786.5303	-156.74846	-1659.0682	120.42627	190.53282
-7552.334	-164.54955	-1634.3503	111.38818	172.76732
-7742.681	-166.85081	-1634.4133	133.74646	188.35666
-7246.7715	-167.01422	-1541.0386	117.542114	172.90979
-6984.938	-137.71425	-1476.9313	139.47607	169.62741
-7449.543	-169.50111	-1628.0623	69.49609	177.18243
-7855.669	-181.7072	-1694.6453	135.22937	190.53282
-7786.228	-181.57945	-1667.2844	137.90088	171.51328
-7195.987	-169.7106	-1525.3702	128.7229	170.16061
-7738.3003	-156.74846	-1654.3062	112.41138	185.58884
-7096.5854	-169.50111	-1521.7527	87.23389	171.63148
-7171.758	-156.74846	-1551.6687	101.38965	171.63148
-7244.7837	-156.74846	-1574.9747	69.96057	176.8985
-7142.8774	-169.97684	-1539.9159	120.51941	176.8985
-7669.976	-169.2478	-1653.0287	86.98828	181.7072
-7402.3604	-167.01422	-1591.257	126.804565	174.7367
-7357.2812	-169.2478	-1605.8419	83.914795	174.7367
-7032.5103	-169.7106	-1510.169	102.92102	175.80394
-7656.6885	-169.2478	-1651.3802	99.721436	178.14653
-7297.2896	-166.85081	-1549.6571	117.51672	173.58748
-7109.828	-169.50111	-1531.876	86.57178	175.97603
-7164.2046	-169.50111	-1524.9893	123.18115	170.16061
-6990.408	-169.7106	-1505.849	76.331055	174.7367
-7150.0757	-166.23059	-1525.9607	109.53992	170.16061
-7443.405	-170.16061	-1583.5391	121.65442	171.51328
-7693.163	-156.74846	-1644.0176	110.09827	182.50279
-7472.229	-157.82498	-1491.1876	224.73462	169.7106
-7126.2573	-158.59431	-1564.7318	40.74768	175.80394
-7168.2466	-164.54955	-1549.0697	67.62341	170.41586
-7105.8438	-164.54955	-1552.8231	46.70398	171.51328
-7786.53	-156.74846	-1659.0682	120.42615	188.35666
-7026.317	-137.71425	-1473.297	119.10156	169.62741
-7461.2817	-169.50111	-1581.0421	158.90564	169.7106
-7566.6353	-156.74846	-1587.8162	226.13196	170.16061
-7737.567	-166.85081	-1649.627	122.639404	182.50279
-7792.7	-182.50279	-1632.8646	176.22803	182.50279
-7734.344	-181.57977	-1646.4049	122.19336	181.57977
-7734.345	-181.57977	-1646.4048	122.19336	182.50279
-7314.18	-172.76732	-1569.1616	128.62317	174.15352
-7686.531	-182.50279	-1637.3855	127.37146	177.18243
-6944.757	-137.71425	-1480.0896	101.15845	169.7106
-7543.063	-169.50111	-1598.6787	187.70142	170.16061
-7569.424	-169.50111	-1608.3792	116.784546	175.97603
-7658.856	-156.74846	-1655.6204	116.09131	191.6762
-7693.132	-181.7072	-1651.8335	110.68909	191.6762
-7644.721	-181.57977	-1650.9257	82.15662	177.18243
-7701.164	-172.76732	-1648.1917	117.10278	182.50279
-7779.9497	-181.7072	-1661.0068	134.40503	190.53282
-7447.4697	-169.7106	-1582.9401	135.57166	174.63663
-7779.9487	-181.7072	-1661.0068	134.40503	182.50279
-7477.1855	-169.2478	-1596.1919	136.47083	174.63663
-7396.6313	-173.22226	-1542.3535	185.68958	169.50111
-7800.514	-182.50279	-1639.4883	199.5448	181.7072
-7209.631	-156.74846	-1570.9529	59.06836	176.8985
-7789.4775	-184.04543	-1628.4534	206.09277	182.50279
-7243.276	-148.48894	-1504.0781	210.85046	168.911
-7139.162	-156.74846	-1557.0818	51.70459	177.49312
-7739.1084	-156.74846	-1649.0076	134.0415	184.04543
-7792.7	-182.50279	-1632.8646	176.22815	181.7072
-7742.68	-166.85081	-1634.4133	133.74634	188.35666
-7723.6343	-166.85081	-1661.274	132.27563	182.50279
-7658.41	-166.85081	-1660.3029	112.37964	182.50279
-7148.1553	-148.48894	-1482.5623	220.58154	167.63219
-6964.211	-148.48894	-1456.5828	203.17834	167.63219
-6980.897	-148.48894	-1462.8738	192.50793	167.70311
-7061.791	-149.3785	-1494.7026	160.72241	169.50111
-7024.8584	-158.36867	-1489.8959	146.07654	169.50111
-7055.8735	-158.36867	-1474.1371	179.6499	169.50111
-6893.9297	-158.36867	-1481.7323	119.3302	169.91818
-6804.6055	-160.21938	-1442.9003	126.32312	169.62741
-6863.782	-160.21938	-1474.7039	108.52356	169.91818
-6827.575	-160.6915	-1457.8512	85.51184	169.99121
-6857.822	-161.34277	-1468.0372	85.781494	169.91818
-6926.703	-161.34277	-1485.3634	92.9469	169.99121
-6866.683	-160.21938	-1457.8817	128.24646	169.91818
-6990.5903	-135.31004	-1477.4816	118.492676	169.91818
-6976.6562	-160.21938	-1471.2281	154.82654	169.91818
-7007.9126	-160.21938	-1476.8503	155.65002	169.91818
-6938.979	-158.1165	-1473.6698	120.18445	169.91818
-6923.7812	-158.1165	-1483.9149	117.864624	169.91818
-6849.716	-158.1165	-1473.2554	91.46997	169.91818
-6800.66	-158.1165	-1471.8127	69.137695	169.91818
-6776.9307	-158.36867	-1438.5406	102.57971	169.7106
-6830.4604	-160.21938	-1436.2716	131.51514	169.7106
-6793.688	-160.21938	-1448.8024	139.27087	169.62741
-7042.857	-160.21938	-1508.7529	141.29614	169.97684
-7092.2417	-158.36867	-1516.4863	153.64648	169.97684
