15583.678499999989 4.87442 523.56231 176.6924899999999 9.66075
16895.106590000014 6.4234 612.2073500000001 129.04200999999966 10.01399
16385.255470000007 6.21128 549.0528400000001 180.79189000000008 9.70103
17069.087040000002 5.97997 593.03212 179.58328000000006 9.69381
17242.594380000006 6.64831 640.4687200000001 95.53706999999997 10.73592
17307.228779999976 6.83374 611.7082200000001 160.31235000000004 9.97146
17362.10582999998 7.27186 562.5863299999999 198.06546000000014 10.02646
17781.79754999999 6.17738 665.5833700000001 92.44225999999992 10.92428
16964.275739999994 6.63325 629.18948 104.34452999999996 10.33296
17461.20870000002 7.27186 657.6270900000001 101.86465999999996 10.45371
17423.417440000012 6.9383 650.4392599999999 88.52025000000037 11.45818
17417.585990000003 6.30793 639.4451500000001 102.45411000000001 10.33296
17532.88498000001 7.16031 580.7027800000001 180.73037 10.02796
16870.952510000036 5.03587 575.81259 173.18906000000015 9.79745
17473.09685 6.17738 647.3015999999998 98.67308000000025 10.48046
17470.79983999998 6.28092 568.25895 186.39541999999994 9.89444
17388.012490000026 7.32325 584.63575 168.30879000000004 10.02796
17016.407830000036 5.79655 582.32261 165.2727400000001 9.84378
16797.84565999999 6.16523 555.28771 188.54826000000037 9.79285
17664.932599999975 6.55591 629.1786299999999 152.44137999999998 10.03344
17748.441479999994 6.71565 662.4985399999999 94.48523999999986 10.86278
17276.749279999978 4.75815 578.1495899999998 180.97811000000024 9.81224
17682.734850000023 6.29524 672.5390600000002 89.06514999999956 10.866
16453.126800000002 6.31427 543.6979000000001 186.06798999999978 9.81631
16912.272060000018 5.79655 583.9298000000001 159.40591000000006 9.81427
16539.610910000003 5.81722 582.4048600000002 163.1398399999996 9.71339
16798.088140000007 6.28092 584.5436800000001 204.28297999999995 9.75602
17772.75300000001 7.08308 650.1909899999997 117.68777000000046 10.16268
17639.40806000002 6.4234 654.01962 92.13153999999997 10.69766
17117.101349999997 6.77938 593.20166 152.02103999999986 10.0015
17549.620600000013 4.51774 602.67973 187.13501000000008 9.92723
17536.152830000017 7.32325 583.8157800000001 183.15396999999996 10.19559
17729.235069999988 6.76166 656.8506499999999 122.53811000000019 10.36774
17788.057700000012 7.36546 649.5630500000001 107.36467999999991 10.69766
17785.731540000015 6.34586 664.9297900000001 90.66761999999983 10.55604
17164.674869999988 6.31427 621.07417 116.12501000000009 9.98549
17719.216470000003 6.76166 661.0440099999998 93.56041000000039 11.02134
17754.626189999984 6.91303 651.5063999999998 123.84737000000041 10.35423
17029.758969999973 7.3328 586.3192300000001 157.32042000000013 10.09802
17899.872320000006 6.34586 663.32535 90.02661999999998 11.1171
17084.50529000001 4.96085 591.7950000000001 177.94893000000002 9.8051
17366.377310000003 3.58887 640.5581500000001 103.28844000000004 10.2235
18056.724540000007 6.03655 658.2803499999999 99.95334000000003 10.33296
17174.648160000015 4.82804 550.26073 212.60053000000028 9.82904
16609.09668 6.49692 571.7357500000002 201.12311999999986 9.75295
17592.56711000003 5.19519 631.7112200000001 180.41576999999995 10.01449
17849.91734 5.24404 571.5431399999999 231.10996999999975 9.93026
17963.35036999998 6.73869 650.8855700000001 113.70381999999984 10.57497
17630.30284 7.36546 604.3178599999999 185.46463000000017 10.19461
17625.927049999984 5.755 645.9354400000001 99.58447999999987 10.37882
17425.265920000016 6.17738 601.1678599999999 172.6005399999998 9.86053
17876.014120000014 6.17738 663.87907 110.06061000000011 10.09653
17731.707759999983 6.88113 615.3123400000001 188.80331999999964 9.94082
18063.921700000006 7.28697 642.2292699999999 143.66638000000012 10.21078
17922.51971000002 7.28697 600.7074900000002 185.91781999999978 10.02796
17876.294750000005 6.96778 669.8950799999998 111.64752000000021 10.49286
17874.532939999975 6.68581 649.02686 111.51213999999993 10.33296
16802.53718 6.73721 583.1862899999999 187.74529000000018 9.83311
17771.90112000001 7.3736 650.27507 110.90522999999996 10.37401
17973.422899999983 6.49538 668.46544 121.40438999999992 10.18136
17729.33863 7.28697 649.8290900000002 109.2159999999999 10.1005
17994.523150000008 3.58887 667.0355599999999 92.9917300000003 10.59622
17649.692990000007 7.28697 598.4432999999999 165.30791000000033 10.07819
17953.962760000002 6.38514 668.42098 100.42010000000005 10.36774
17862.80700999999 6.64831 659.82285 96.31967000000009 10.56267
17205.29074999998 7.32325 621.2589499999998 155.07988000000012 9.94686
18280.693950000026 4.27668 662.2906800000001 130.38301999999987 10.26596
18170.874069999987 7.28697 625.29889 180.2493199999999 10.37256
17415.70745999998 5.88643 633.3874900000001 129.93222999999966 10.02646
18092.374519999994 7.28697 609.3488100000001 186.77013999999986 10.19559
17950.54665999998 7.28697 669.96427 112.21360999999968 10.45371
18082.69131000001 7.32325 670.5116599999999 115.69027000000006 11.45818
18115.646610000007 6.17738 660.4149100000002 136.13267999999994 10.10445
17901.198670000005 6.58103 661.8294599999999 94.81485999999995 10.87612
17546.58105000002 5.31883 574.9519699999998 179.8320500000001 9.90303
17954.0217 5.24404 594.1504800000001 201.61746000000005 9.94435
18040.790450000008 7.36546 629.3481999999999 163.64096000000018 10.3407
18274.41870999999 6.96778 664.5637000000002 138.28459999999973 10.18136
17460.53433999998 6.71491 642.8965000000003 92.72607999999968 11.32078
17866.828319999993 6.73869 652.5917400000001 115.35510999999985 10.37401
18000.275390000013 6.96778 667.64098 106.22781999999984 10.73592
17920.761339999994 7.22011 660.0938900000001 98.93065999999999 10.78888
18050.820680000015 6.17738 683.0588799999999 96.81997000000013 10.53518
18306.884939999993 6.4234 624.5502999999999 178.58063000000016 10.21078
18352.84367 6.96778 692.4911699999999 117.88336999999979 11.5944
18097.70445000001 6.17738 661.77619 134.4224200000001 10.02796
17949.12975000001 7.28697 662.14498 102.3037599999999 10.45371
17716.386060000004 5.63383 648.4593699999999 107.69772000000023 10.29223
17814.651019999987 7.27186 634.1650400000001 162.0535299999998 10.04838
17786.081060000008 7.22565 645.1353 111.74331999999993 10.23963
17777.483799999987 6.17738 666.23581 87.35759000000007 10.92428
18553.0275 6.91303 689.99522 113.52875999999992 10.73592
17959.917760000055 6.96778 607.58368 192.96715999999992 10.1005
17847.689699999988 6.95701 668.7416000000003 131.95965999999964 10.33828
17857.44464 7.36546 575.7074600000003 220.87710999999967 10.18136
17150.27675000001 4.82804 550.4280799999999 206.26928000000032 9.82904
18272.48192 6.96778 666.2700500000001 134.10064999999986 10.18136
17884.050010000006 3.53695 660.38733 107.13323999999989 10.28834
18283.533840000007 6.68132 665.20513 130.73019999999997 10.19608
17875.14168 6.90145 636.5454900000001 153.31726999999978 10.02796
17971.021589999997 6.73869 652.8559100000001 144.30206999999984 10.04838
17856.02906999999 6.96778 662.67822 98.80629999999996 10.38749
17814.39698000002 7.36546 578.8199400000003 223.8662899999997 10.18136
18240.14510000001 6.34586 688.0924699999998 98.0402499999999 12.28739
18103.17361000002 7.36546 638.7509899999999 150.55843000000027 10.45849
17914.707780000008 7.16031 615.62776 172.22897999999986 10.20392
17888.157 6.75426 655.2877000000001 97.96496999999988 10.78888
18412.94233 6.96778 646.73978 154.87310000000014 10.49286
17541.531569999992 7.32325 587.3031200000001 184.86881999999991 10.10643
17847.53422 6.70149 658.7453199999999 98.60670000000005 10.85219
17953.623640000034 6.57647 666.8038200000001 94.52581999999984 10.58206
18307.903309999987 6.34508 689.6909300000001 84.1626599999995 11.79958
17886.62038999999 6.58103 666.5042500000002 95.92024999999956 10.87612
18364.97435000002 6.96778 679.6603700000002 118.6257999999998 10.50333
18041.90677000002 6.96778 670.824 105.38108 11.1171
17795.068869999992 6.96778 647.0633500000002 110.35801999999978 10.33296
17406.154220000015 7.32325 578.3181300000002 178.52130999999986 10.19559
17968.692340000005 3.58887 669.2165499999999 93.22237000000018 10.59622
18008.222990000002 6.96778 666.51717 100.35109000000023 10.59622
18114.509650000025 5.24404 668.2090600000002 122.89294999999981 10.10445
17961.44266000002 7.28697 652.6842899999999 113.12383000000011 10.56267
17932.713579999996 6.31427 660.8949799999999 113.56956999999977 10.22057
17981.964860000004 7.40675 628.8538599999999 160.09046 10.49286
18167.15657999997 7.15052 675.7313899999999 120.80545000000006 10.37256
17631.94758000001 7.28697 649.5665999999999 98.8916700000002 10.80879
17515.193750000006 6.73869 617.85742 132.96875999999975 9.93982
17128.686980000013 6.53299 636.4737700000001 97.88285999999994 10.3899
18234.413510000017 6.91303 657.4207000000001 127.5798999999995 10.37256
17886.51837000003 7.13933 633.0691300000002 169.21829999999977 10.19608
17113.521610000014 7.28697 577.1921100000001 195.3958399999999 9.90656
18485.054949999998 6.68132 692.0346699999999 111.67417 10.59622
17785.27135 7.06965 660.26853 98.42192 10.49238
17972.77715000001 7.09648 642.67799 145.89359000000002 10.21078
18296.684260000013 6.68132 680.9849199999998 115.40425000000027 10.28834
17911.524479999993 7.97621 654.47506 147.88392 11.43678
17899.899480000022 7.25879 611.0812999999999 182.3375400000001 10.02796
18086.939179999998 6.38514 669.6418299999999 108.51627999999994 10.51428
18216.46350000002 7.36546 663.6412200000001 138.60026000000005 10.56267
18064.672629999997 7.32325 632.6500000000001 161.50677999999994 10.45371
18103.451910000003 7.28697 611.14433 187.38751999999988 10.21274
17632.905610000023 3.96737 650.4597500000002 96.73594999999955 10.53186
17791.07015999999 6.58103 662.8385400000003 99.4911499999996 10.38557
18324.851180000005 6.40781 675.1154700000001 113.74713999999972 10.56267
17971.499350000013 7.28697 605.6669800000002 183.29480999999987 10.18136
17826.581950000003 6.4234 650.17101 110.67453999999987 10.18136
17281.21751 6.17333 584.2033400000004 159.20466999999962 9.86205
17639.826850000012 7.6961 590.63555 197.67568000000006 10.19412
17947.532940000016 6.57647 663.91927 92.19652999999994 10.55604
18164.303649999998 6.96778 673.96785 116.2243299999999 10.56267
18244.016219999972 7.28697 669.6065900000001 130.65800000000002 10.45371
17992.476760000012 5.8515 674.8068200000001 105.05888999999979 10.49047
17004.54680000002 6.68132 595.7304399999999 148.18885000000012 9.83311
17650.13578 4.75815 650.1275500000002 93.87181999999973 10.32327
17407.70847999998 6.38514 560.3077099999999 188.82882000000006 9.89444
18490.80903 6.49538 696.0772899999998 100.49257 10.73592
18417.57548999996 6.34586 680.1579 108.95015999999964 10.42737
17672.24636000002 6.96778 630.7556800000001 140.74689999999998 10.06678
18419.67248000001 6.91303 668.6448700000002 129.1395799999998 10.45371
17811.906439999984 6.73869 628.3928799999998 129.51005999999984 9.9955
18228.113949999984 6.96778 676.1469300000001 108.7119799999997 10.82959
18287.844030000022 7.36546 604.5097099999998 193.14263000000017 10.87612
17174.323800000002 6.17738 608.35464 124.3794499999999 9.9955
17949.92479000001 6.17738 663.9784100000003 110.5122799999998 10.30728
17545.18769999998 5.84294 618.0847899999999 129.67780000000016 9.97397
18089.201279999994 6.96778 602.29352 199.3554099999999 9.96845
17885.908129999993 6.58103 620.93319 174.18921999999998 10.02796
18238.084950000026 7.36546 635.2345999999998 166.43796000000043 10.54562
17952.209250000014 7.28697 640.6848 134.95455000000004 10.21078
17774.508200000004 6.71565 657.62593 132.21975999999984 10.24061
18247.04003000001 6.96778 666.7606500000003 128.06261999999992 10.45371
18098.76862 7.09648 635.44599 149.61732999999992 10.19559
17319.620290000024 4.82804 556.18853 205.35427000000016 9.84378
17065.255290000012 5.75413 619.7911899999999 139.42236000000003 9.92472
18071.61299000001 7.36546 636.0238199999997 165.05434000000037 10.3407
18293.394270000033 7.36546 670.8714900000002 134.37622999999974 11.00136
18276.28841000002 6.91303 670.0508600000002 117.64209999999946 10.38749
18368.06062 7.2118 639.6989899999999 164.41600000000017 10.45849
18422.55756 6.96778 637.2061199999999 156.85598000000016 10.73592
17683.09183000001 7.492 646.3541400000001 107.11415000000011 10.75407
17660.10977000001 7.28697 646.6118100000001 106.87348999999995 10.20833
18455.703350000018 6.17738 665.7090200000002 135.89916999999957 10.45849
17837.860560000023 7.08308 651.0857900000001 140.64834999999994 10.10544
18339.91313999998 6.96778 661.75161 142.27513 10.28834
18234.980860000007 7.27942 625.9074299999999 170.83077000000003 10.43983
18226.951189999978 6.34586 674.30046 105.06922999999983 10.45371
17865.770750000007 6.96778 653.41313 126.87071999999989 10.26694
17906.111360000014 6.96778 666.86967 104.18718000000001 10.56267
17572.86474000002 7.32052 601.07552 172.22378000000003 10.16661
18004.42503000002 7.32325 637.2565399999999 151.6640500000002 10.38749
18299.174520000015 7.36546 606.7532299999999 194.64521000000025 11.45818
18301.558460000022 7.28697 670.5703500000001 114.3723799999998 10.88393
17290.28783000001 7.24638 575.88402 189.22332000000006 9.90858
17828.988110000002 6.97711 662.69749 110.77764000000002 10.38749
18256.54156000001 7.06965 671.54009 114.53432999999995 10.59622
18285.89233000002 6.68132 689.8095899999998 99.4404900000003 10.56267
18043.52977999999 7.43034 660.9961199999998 129.07924000000025 10.73592
18175.358120000015 7.45855 636.4174200000001 143.09915999999987 11.00136
18403.111150000008 7.28697 685.1615999999999 118.25461000000018 10.56267
18373.416410000038 6.68132 691.77713 100.73149999999987 10.73592
18018.418359999996 7.28697 611.8385700000001 190.23597999999993 10.18136
18208.745849999956 7.28697 677.9943200000001 133.66367000000002 10.45371
18155.068460000035 7.54188 630.0489900000001 151.29752999999994 10.50333
18062.01869999999 6.68132 668.00648 101.76578000000006 10.38749
18131.808869999997 7.06965 639.6783300000002 163.4746399999998 10.19559
18189.533739999984 6.34586 685.17473 86.75924999999995 11.79958
18257.812280000002 7.43034 653.09002 138.9543 11.06255
18081.71851999999 6.68132 673.8381199999999 102.85386000000017 10.38171
17959.608530000005 7.28697 668.5233600000001 106.51675999999998 10.56267
18119.114919999975 7.28697 651.5586000000001 148.17424000000005 10.22057
18041.49018 6.57647 670.67419 92.51660000000027 10.82959
18019.652530000007 7.2208 636.77458 128.5129300000002 10.38557
18361.762619999998 7.2118 659.2347600000002 145.66975999999988 10.22497
18069.195759999995 7.3736 637.9208000000001 147.04358000000002 10.56267
17899.91013 6.49538 622.9363 187.97388999999998 9.96544
18504.493159999998 6.68132 691.56234 115.50999000000013 10.73592
17282.00929000001 6.17738 575.12508 208.51754999999991 9.84378
18424.79077 6.96778 661.6590100000001 156.36889999999994 10.76243
18139.30063 6.68132 667.25914 110.82497000000012 10.45849
18332.606450000014 6.17738 670.0680599999998 118.20862000000011 10.4024
18118.251630000017 7.28697 650.06213 133.60930999999994 10.24451
17906.182219999995 7.74597 664.44113 107.92466999999999 10.50333
17509.407680000026 6.96778 609.0852600000001 139.64161000000001 10.06081
18561.553829999997 6.38514 678.8441799999999 131.56826000000012 10.73592
18312.128779999985 6.96778 670.8769000000002 130.4506399999998 10.45371
17788.900299999994 6.96778 650.8242399999999 98.49698000000035 11.35606
17840.184480000004 6.96778 628.82716 155.54070999999988 10.10396
18180.00808000003 6.58103 669.44517 107.26454999999999 10.51998
17855.564500000004 6.09918 671.1788000000001 84.52208999999982 10.94669
18000.659760000017 7.36546 582.0301200000002 229.31463999999983 10.24451
17973.22579000001 5.24404 670.4009600000003 109.33118999999988 10.04589
18316.118650000026 6.17738 663.6901800000002 129.5923899999999 10.29709
18143.50839999997 5.75413 675.8772 94.78647999999987 10.73592
18113.9696 6.68132 661.68118 120.39008999999976 10.18136
18261.96396000001 6.96132 660.6704100000001 130.9151999999997 10.36774
17878.34593999999 7.3736 650.4500800000001 119.49753999999984 10.37401
17838.81672999999 7.28697 609.43555 178.36082999999985 10.09703
18229.969709999983 6.96778 662.82304 138.52987999999982 10.13903
18121.400899999993 7.28697 668.7364700000003 112.41462999999965 10.73592
18422.494430000002 6.96778 652.7163400000002 143.36692999999968 10.56267
18308.301619999984 6.17738 675.23334 105.27627999999993 10.69766
17998.74765000001 7.36546 655.3824100000002 127.12794999999971 11.04174
18135.95156000002 7.45855 666.2813599999998 124.39360000000022 11.10675
17987.13998000001 7.36546 582.3483600000003 216.56669999999963 10.22301
18373.471839999987 6.96778 682.2977099999999 116.55620999999985 10.87612
18129.361339999978 6.40781 666.7034300000001 98.20819000000006 10.73592
17802.73268999999 6.23699 651.2100899999999 108.27841000000012 10.33296
18092.494019999995 7.80705 623.6334099999999 170.50887000000046 10.51095
18221.85302000001 7.28697 673.5841099999999 116.09247000000005 10.38749
18387.46765000002 6.68132 683.0899200000001 115.80981999999995 10.50333
18178.720690000013 7.78653 641.6874200000002 146.0121899999998 10.73965
18167.095029999997 7.28697 662.6983200000001 130.13865999999973 10.32521
17933.070170000017 6.96778 669.1776299999999 102.75581000000011 10.87566
17490.600010000002 7.19792 600.2258700000001 149.8254199999999 10.06678
18165.75422000003 7.36546 612.4470899999999 190.72269999999992 10.50333
17976.484729999986 7.38173 627.39313 165.65900999999974 10.37256
18244.184219999977 6.17738 677.12102 110.6584399999997 10.11435
17372.30715999999 3.58887 637.55411 105.09998000000007 10.2235
17717.326099999995 6.22495 597.23056 190.07606999999985 9.88787
17872.585290000003 7.66225 629.89475 164.88419999999985 10.47521
17957.015340000024 7.32325 625.2071200000003 165.7815099999999 10.24695
18029.05051000001 7.28697 662.9106699999999 112.86531999999988 10.62121
17835.290280000023 7.35255 629.5983200000002 152.94877999999983 10.19706
18104.42622000002 5.24404 669.5857000000003 124.66515999999967 10.10445
17984.53996000001 6.34586 602.6297500000002 177.02833999999973 10.06678
