9080.835550000002 82.88181 1443.0432300000002 187.56676999999968 101.89092
8977.992490000002 102.20926 1420.0572200000001 213.85393999999974 101.89092
8977.99979 82.88181 1436.58004 133.31551999999988 102.20926
9055.097450000001 92.39416 1439.1804800000002 188.01708999999983 91.96045
8908.758770000002 77.65333 1452.49102 125.99849000000017 100.28615
9065.288960000002 82.88181 1454.1254799999997 161.42498999999998 101.89092
8938.766459999999 101.66351 1437.16307 162.90382999999974 91.96045
8900.69084 88.21501 1446.24424 147.83399999999983 97.6226
9045.78751 82.88181 1460.4437199999998 156.68050000000017 100.28615
9045.714440000002 76.00563 1455.9656699999998 146.9670000000001 100.28615
9062.46438 82.88181 1457.9415800000002 155.33943999999997 100.28615
8947.20866 59.42687 1401.3955700000001 142.62096999999994 101.66351
8838.5504 74.54115 1418.34113 115.86214000000018 101.66351
8943.74828 102.20926 1409.46678 209.3848499999997 101.89092
9001.845920000002 59.42687 1448.03643 143.21063000000004 100.28615
8818.216840000001 65.11522 1424.1585199999997 155.6299800000004 92.39416
8784.703920000005 74.54115 1433.9772899999998 92.7443000000003 100.28615
8917.236850000003 79.88229 1441.75834 142.95139999999992 100.28615
8845.454110000002 59.42687 1404.9110400000002 148.39017999999987 92.39416
8895.52481 82.88181 1420.4646599999999 133.46438000000035 100.28615
8685.700390000004 65.11522 1406.5312800000002 62.333819999999605 92.39416
8811.522830000002 86.14455 1423.2459999999999 147.02844000000027 102.20926
8750.608880000003 59.42687 1392.72464 131.54082000000017 95.05278
8974.14095 101.66351 1447.75351 167.37292000000002 91.96045
8748.879360000003 79.17914 1318.5128400000003 234.68151999999986 91.83954
8757.465820000001 86.14455 1396.2301099999997 134.05173000000036 117.85493
8790.083540000001 59.42687 1323.2451700000004 241.4162299999998 91.83954
8748.628910000001 88.21501 1407.31236 126.81268000000023 117.85493
8714.15673 65.11522 1389.71892 128.10760000000005 92.39416
9032.33161 82.88181 1462.93377 147.07223999999974 100.28615
