685.9338455200195 60.5643310546875 292.0643615722656 96.32992553710938 111.59927368164062
618.370475769043 69.82655334472656 279.15264892578125 97.00897216796875 108.7476577758789
607.954460144043 79.84883880615234 282.287841796875 38.7176513671875 115.79839324951172
666.7916870117188 59.196739196777344 310.9430847167969 46.020355224609375 115.79839324951172
713.6904602050781 59.196739196777344 298.74005126953125 123.82220458984375 115.79839324951172
642.2980804443359 80.45150756835938 264.13677978515625 96.239990234375 109.29493713378906
503.36131286621094 60.5643310546875 232.23309326171875 51.98822021484375 143.41848754882812
579.3720512390137 57.36214828491211 253.43551635742188 64.41287231445312 117.48475646972656
587.4895782470703 77.14279174804688 277.9730224609375 46.88653564453125 96.66178131103516
633.4076385498047 90.96125793457031 310.12518310546875 17.340118408203125 96.66178131103516
666.9286727905273 74.70626068115234 305.7789306640625 47.354644775390625 110.00792694091797
738.9663772583008 60.5643310546875 306.0771179199219 128.87399291992188 107.17459106445312
633.1650085449219 77.14279174804688 305.861083984375 29.47235107421875 135.36224365234375
595.0540618896484 84.07113647460938 286.5101318359375 31.0289306640625 115.94933319091797
569.5987510681152 57.36214828491211 257.0002136230469 57.039794921875 117.48475646972656
636.6656723022461 89.78904724121094 302.6068420410156 30.40130615234375 115.94933319091797
654.7186889648438 74.9913101196289 308.6851806640625 30.489044189453125 115.79839324951172
639.7497482299805 84.07113647460938 312.108642578125 27.2493896484375 115.94933319091797
661.0126724243164 84.07113647460938 321.79486083984375 19.166107177734375 115.94933319091797
652.8617706298828 69.82655334472656 309.3719482421875 31.2789306640625 127.06961059570312
637.016731262207 75.07494354248047 281.2509765625 103.33193969726562 103.83734893798828
596.2034149169922 77.14279174804688 275.32354736328125 58.249847412109375 109.29493713378906
576.6660652160645 57.36214828491211 244.61212158203125 76.49520874023438 121.50858306884766
688.9806213378906 99.74775695800781 336.54296875 16.718841552734375 99.04942321777344
670.7877960205078 84.07113647460938 315.7452087402344 34.999359130859375 113.96499633789062
618.0819091796875 69.82655334472656 263.9361572265625 103.16729736328125 112.16710662841797
562.9829292297363 57.36214828491211 230.63436889648438 109.17105102539062 115.94933319091797
527.0242652893066 57.36214828491211 250.6221923828125 22.57769775390625 143.41848754882812
601.3222579956055 60.5643310546875 255.3746795654297 126.80757141113281 111.70014953613281
517.5291213989258 69.82655334472656 225.26937866210938 52.225006103515625 134.4352569580078
648.0387229919434 61.70518112182617 295.1763610839844 51.5289306640625 111.59927368164062
668.9281768798828 81.43287658691406 313.07958984375 39.8035888671875 103.83734893798828
657.061653137207 84.39830780029297 318.0921630859375 22.924468994140625 103.83734893798828
638.9107894897461 89.75665283203125 300.0621337890625 40.546539306640625 113.96499633789062
573.3656997680664 60.5643310546875 246.58262634277344 107.64308166503906 137.44808959960938
677.888313293457 80.4898681640625 313.3960876464844 39.6885986328125 103.83734893798828
698.616325378418 60.5643310546875 290.465576171875 99.57806396484375 109.87848663330078
620.4130668640137 61.70518112182617 278.8969421386719 82.509033203125 111.59927368164062
664.093635559082 74.70626068115234 296.275390625 48.858123779296875 103.83734893798828
680.7569580078125 108.7476577758789 332.0907287597656 15.101531982421875 145.11447143554688
488.82118225097656 70.99504089355469 226.19117736816406 30.291061401367188 143.41848754882812
522.4101791381836 69.82655334472656 230.18170166015625 50.019622802734375 112.64994049072266
567.0878067016602 69.82655334472656 266.69970703125 49.409637451171875 112.16710662841797
648.4676551818848 61.70518112182617 293.6572265625 54.111907958984375 98.73409271240234
555.2813835144043 57.36214828491211 257.6300964355469 36.127593994140625 117.48475646972656
514.1806602478027 57.36214828491211 222.88314819335938 55.803314208984375 143.41848754882812
637.9665451049805 88.0069580078125 309.5760803222656 21.508758544921875 115.79839324951172
667.46533203125 69.82655334472656 313.39654541015625 34.18267822265625 115.94933319091797
629.5234298706055 96.66178131103516 303.9217529296875 26.94232177734375 103.83734893798828
673.0139465332031 94.52596282958984 318.2035217285156 48.488800048828125 92.72400665283203
741.4027061462402 57.36214828491211 322.2892150878906 92.61636352539062 98.73409271240234
629.2069549560547 74.9913101196289 282.78521728515625 85.8668212890625 98.73409271240234
666.0330390930176 57.36214828491211 271.5947265625 133.63638305664062 106.14811706542969
