2464.4371795654297 132.4535675048828 793.8458862304688 58.1917724609375 173.8262481689453
2302.6119842529297 122.14221954345703 732.60546875 110.2984619140625 160.1203155517578
2606.728012084961 132.4535675048828 841.4921264648438 69.4141845703125 160.68060302734375
2373.4278259277344 112.85595703125 748.8640747070312 121.34161376953125 162.12307739257812
2458.5188903808594 136.44456481933594 795.598876953125 59.0172119140625 162.17918395996094
2414.265205383301 124.10877227783203 758.0603637695312 81.49578857421875 163.82455444335938
2276.0975341796875 112.85595703125 721.9566040039062 77.01812744140625 173.66587829589844
2417.5352096557617 111.0456771850586 775.665283203125 71.966796875 159.09889221191406
2214.8655014038086 121.806640625 684.8296508789062 94.732666015625 164.51193237304688
2288.951629638672 113.53436279296875 712.515869140625 103.3372802734375 161.79420471191406
2310.908134460449 111.0456771850586 696.146484375 204.35931396484375 168.92767333984375
2403.7744064331055 124.10877227783203 728.4927978515625 136.625 152.81651306152344
2484.025665283203 140.68812561035156 801.4599609375 50.84136962890625 158.1566619873047
2352.6992797851562 112.85595703125 734.1132202148438 93.71527099609375 168.7222900390625
2209.962127685547 121.806640625 687.5420532226562 91.4407958984375 163.0494384765625
2312.5005264282227 111.0456771850586 690.3193969726562 162.6815185546875 159.0886688232422
2354.3592529296875 121.95426940917969 739.6318359375 84.4140625 163.82455444335938
2287.0486907958984 128.9910430908203 686.8043823242188 134.93115234375 158.6953582763672
2319.8097076416016 121.806640625 728.9035034179688 112.26593017578125 161.11538696289062
2370.878562927246 94.31414794921875 690.8173217773438 210.81756591796875 161.3917999267578
2322.6773376464844 121.806640625 702.0455322265625 112.6572265625 161.79420471191406
2449.202590942383 124.4990005493164 761.580322265625 125.208251953125 159.0886688232422
2211.4350967407227 114.63247680664062 715.46044921875 68.3076171875 164.43389892578125
2397.2867431640625 132.36911010742188 775.61474609375 72.001220703125 163.3028106689453
2605.397247314453 132.4535675048828 851.5003662109375 51.02276611328125 156.44406127929688
2259.5774154663086 85.4888687133789 682.5938110351562 147.53680419921875 181.46182250976562
2341.4328536987305 114.25927734375 692.0836791992188 155.1651611328125 169.5595703125
2460.2851333618164 85.4888687133789 738.519287109375 188.83843994140625 168.2335205078125
2456.1913146972656 114.25927734375 764.3489379882812 192.21142578125 151.4889678955078
2052.123664855957 94.31414794921875 641.3764038085938 84.95343017578125 173.8262481689453
2464.2422637939453 112.85595703125 764.417724609375 89.85888671875 159.09889221191406
2178.299819946289 121.95426940917969 686.7630004882812 67.51959228515625 166.7543487548828
2232.6152725219727 125.31790924072266 685.6294555664062 115.05218505859375 161.79420471191406
2183.8777084350586 121.806640625 670.0528564453125 131.54010009765625 164.51193237304688
2511.702911376953 94.31414794921875 791.6891479492188 118.48565673828125 162.12307739257812
2238.674446105957 115.04680633544922 690.933349609375 95.97357177734375 164.93125915527344
2326.6084060668945 112.85595703125 707.4008178710938 145.98565673828125 162.65744018554688
2409.6149139404297 94.31414794921875 724.5001831054688 156.40655517578125 158.7681121826172
