2220.2978897094727 122.65338134765625 676.709228515625 159.629150390625 141.5787811279297
2151.688735961914 115.57810974121094 636.932373046875 143.169677734375 149.88607788085938
2270.0000915527344 115.57810974121094 724.6669921875 96.35101318359375 141.5787811279297
2138.769775390625 115.57810974121094 674.38134765625 70.600830078125 152.8500213623047
2203.891647338867 124.59600067138672 684.7723388671875 95.1429443359375 145.82713317871094
2278.076141357422 118.0276870727539 724.4898681640625 86.43902587890625 141.7357940673828
2236.4656677246094 115.57810974121094 665.5838623046875 208.0418701171875 141.5787811279297
2345.956901550293 118.0276870727539 718.319091796875 103.4163818359375 127.6221694946289
2195.18221282959 115.57810974121094 684.4642333984375 173.4993896484375 141.5787811279297
2299.658889770508 115.57810974121094 680.90380859375 191.2728271484375 141.5787811279297
2335.5971755981445 118.0276870727539 733.6390380859375 78.5523681640625 126.59214782714844
2238.883628845215 122.65338134765625 679.8035278320312 116.91571044921875 141.7357940673828
2282.0410690307617 118.0276870727539 706.8477172851562 93.26007080078125 141.5787811279297
2496.4744262695312 133.2093048095703 802.9476928710938 58.83245849609375 138.8651123046875
2234.694465637207 118.0276870727539 687.9451293945312 132.263427734375 141.7357940673828
2252.0703659057617 115.57810974121094 690.6572265625 129.1632080078125 141.5787811279297
2204.637466430664 115.57810974121094 685.8527221679688 155.94488525390625 141.5787811279297
2496.4744262695312 133.2093048095703 802.9476928710938 58.8323974609375 146.79177856445312
2374.570472717285 115.57810974121094 705.9022827148438 155.857177734375 138.44268798828125
2056.820785522461 115.57810974121094 655.1480102539062 74.10284423828125 148.63233947753906
2261.7142181396484 118.0276870727539 693.1068115234375 99.35369873046875 141.5787811279297
