7082.720690000002 43.02202 1118.5244300000002 151.22241999999983 65.28843
7087.13672 43.02202 1129.69848 90.9559200000001 66.43881
6267.429199999999 54.94806 961.9662900000001 154.75900999999976 62.19352
6909.680309999999 47.74063 937.0646200000001 292.07259999999997 62.98156
6776.52693 52.29298 971.1468899999999 246.82483000000013 61.82011
7107.6095 43.02202 1134.99381 128.19829000000004 66.70453
7042.79314 47.74063 1135.7289 95.26594 66.70453
7027.243450000001 43.02202 1117.82961 87.01564000000008 68.02489
7106.1156200000005 43.02202 1126.33603 135.79032000000007 65.6203
7064.704880000001 43.29747 1103.2461400000002 154.55477999999994 68.72882
7092.428180000001 32.08496 1127.0944 124.59441000000015 66.70453
7024.797830000001 47.74063 1117.73359 119.81600000000003 64.66654
6840.2723000000005 48.9174 1008.19622 185.14715999999999 61.63964
6995.753330000001 47.54001 1114.2873 93.41121000000021 65.09881
7013.175970000002 43.02202 1042.85412 186.31308999999987 63.90602
7051.103050000001 43.02202 1134.08946 87.80405999999994 68.02489
7031.332860000001 19.55452 1103.76572 124.27906999999982 64.09595
7037.406090000001 34.30858 1101.1107100000002 152.69813999999974 64.66654
7012.069820000001 42.42118 1119.56517 116.26780000000008 64.66654
7035.962500000001 47.74063 1074.50376 188.1131499999999 64.66654
7039.410010000001 43.02202 1104.7476900000001 114.3147799999997 65.28843
6396.076759999998 57.40421 879.06204 320.6424300000001 62.98156
6950.2254 47.54001 1112.41774 88.53679999999986 65.09881
7057.134960000001 32.08496 1113.36254 144.88102000000003 65.28843
7021.780680000001 32.08496 1133.39125 85.03455000000031 65.6203
6998.697050000001 32.08496 1122.0687400000002 105.49535999999989 63.11359
7025.99315 28.56982 1098.4260100000001 122.79278999999974 64.62117
6947.940540000001 47.74063 1062.98282 171.56576000000018 63.11359
6964.515090000002 42.42118 1116.27822 78.38030000000003 65.09881
6985.398010000003 43.02202 1040.4616 191.37582999999995 61.66467
6901.29723 47.87917 1061.91074 129.83736999999996 64.66654
7025.9173 32.08496 1106.3127100000002 140.19556999999986 64.62117
6937.73745 47.54001 1113.7297600000002 84.83434999999963 63.99561
6993.474860000001 32.08496 1077.15954 155.54854 61.66467
6970.035290000001 47.54001 1097.7121499999998 105.8880200000001 63.11359
7009.79791 47.54001 1128.01348 92.58114999999975 65.6203
6353.202669999996 57.40421 874.7105100000001 306.0012300000001 63.99561
7087.775430000001 19.55452 1126.0858699999999 128.5698000000002 65.6203
6985.005700000001 39.4376 1082.53946 136.7831799999999 64.62117
7072.13857 43.02202 1121.79907 90.16828999999984 65.6203
6619.832590000002 52.79583 936.36158 263.4537600000001 61.09666
7032.75762 19.55452 1088.9852 166.9904899999999 63.11359
7007.206700000002 28.56982 1111.2010300000002 114.61639999999966 64.62984
7026.77545 47.54001 1070.73382 167.80013000000008 66.43881
6960.020460000001 47.54001 1117.9300400000002 71.10035999999991 73.18694
6777.917140000001 48.9174 964.2475000000002 251.7692599999998 61.46766
6424.001799999999 54.37498 921.8897499999999 293.83965 63.99561
7018.57056 19.55452 1104.2246400000001 110.57659999999964 64.09595
6776.189109999998 47.54001 983.07176 199.31911999999988 61.46766
7028.597700000001 28.56982 1101.2767800000001 143.17196999999987 64.62117
6901.092909999999 47.18692 1061.70642 154.66696000000002 61.66467
6970.8814200000015 47.54001 1114.4466400000001 82.43190000000004 78.03265
6960.787250000001 47.74063 1020.58837 203.43574000000024 64.62117
6917.840160000001 47.87917 1070.5532699999999 134.91947000000027 64.66654
6949.318219999999 42.42118 1101.77596 96.79510000000005 64.09595
6890.5873 28.56982 1098.4976100000001 131.34078999999974 61.88343
7015.984460000001 47.54001 1077.24641 158.89710999999988 64.62117
7051.15845 32.08496 1085.8246699999997 168.99298000000022 64.62117
6887.014700000002 48.9174 1101.2458900000001 119.53994999999986 78.03265
6900.80984 48.9174 1078.28731 158.65687000000003 61.66467
7062.679260000002 19.55452 1101.22052 161.05565 64.66654
6704.02547 53.04908 984.9198400000001 231.87681999999984 63.11359
7026.773970000002 34.30858 1099.4530499999998 125.14815999999996 64.66654
7038.253900000001 19.55452 1105.64758 132.50514999999996 64.09595
6905.613910000002 48.9174 1105.93822 131.93911000000003 65.09881
6885.262330000001 43.02202 1027.02933 196.37292000000002 60.27118
6960.202210000001 35.6964 1102.11638 106.08241999999996 63.11359
7034.901490000001 47.74063 1073.4427500000002 168.1709699999999 64.66654
6787.304139999999 48.9174 947.91765 237.89333 61.09666
6948.210350000001 47.74063 1059.82656 205.88785000000007 63.11359
6805.51352 32.08496 1068.00234 123.3885600000001 61.54085
6757.63049 32.08496 938.80546 278.39184 60.03695
7013.910020000001 19.55452 1075.17197 156.7207599999997 63.11359
7043.5047 34.30858 1082.04596 187.45114000000012 64.66654
6618.16997 40.24377 905.3005999999999 276.6149100000001 60.23899
6821.674260000001 56.40644 900.5390100000001 320.95799 57.33549
