6969.728042602539 140.3966827392578 1443.6646728515625 162.5765380859375 171.51327514648438
6433.466705322266 128.95326232910156 1332.92724609375 201.2989501953125 181.1221923828125
6778.628860473633 128.95326232910156 1407.5081787109375 188.1881103515625 186.26580810546875
6910.159591674805 132.86819458007812 1418.58837890625 191.0426025390625 179.38511657714844
6459.6083984375 140.3966827392578 1351.4810791015625 169.5 185.58883666992188
6638.305801391602 134.5507049560547 1338.4713134765625 229.3973388671875 180.18295288085938
6701.8802490234375 132.86819458007812 1384.899169921875 224.5166015625 171.63148498535156
6651.021072387695 141.7190704345703 1335.548583984375 243.2431640625 177.7878875732422
6718.187835693359 128.95326232910156 1314.014404296875 304.5372314453125 177.4931182861328
6691.376388549805 128.95326232910156 1383.6744384765625 215.909423828125 178.8011932373047
6534.125198364258 137.71424865722656 1312.479248046875 224.9781494140625 182.5445098876953
6307.2401123046875 128.95326232910156 1255.9501953125 256.952392578125 178.14849853515625
6942.584243774414 128.95326232910156 1479.8892822265625 149.92724609375 191.3262939453125
7034.070449829102 169.91818237304688 1508.28515625 121.354736328125 192.73399353027344
6600.064666748047 132.86819458007812 1331.3099365234375 258.614013671875 175.37464904785156
6750.563873291016 146.34046936035156 1398.014404296875 183.964111328125 173.31101989746094
6607.898635864258 135.0195770263672 1355.71240234375 256.655029296875 179.83795166015625
6896.224914550781 128.95326232910156 1428.1849365234375 176.8360595703125 181.7071990966797
6555.415756225586 132.86819458007812 1319.71337890625 219.117431640625 182.5445098876953
6577.302978515625 134.5507049560547 1369.407470703125 201.0880126953125 180.18295288085938
6395.340713500977 132.86819458007812 1292.4168701171875 303.282470703125 175.37464904785156
6436.823471069336 140.3966827392578 1359.0042724609375 125.5977783203125 178.0225067138672
6818.374435424805 135.0195770263672 1414.5145263671875 210.7479248046875 178.8011932373047
6819.626968383789 134.5507049560547 1416.4296875 179.341796875 190.27818298339844
6798.881683349609 135.0195770263672 1437.7874755859375 176.43701171875 185.9588165283203
7035.072616577148 166.2305908203125 1510.4957275390625 119.573486328125 174.7366943359375
