134218.2636199999 70.3423 5552.088830000002 1086.9829699999982 85.80837
134470.54172999997 63.13265 5549.28489 1177.0520500000011 91.73445
134392.72003 66.69372 5519.3282800000015 1106.41388 86.0134
134366.55626999988 44.42643 5570.23149 1047.7914200000005 96.78303
134004.24530999988 70.3423 5582.480040000002 1052.912449999999 85.80837
134506.47204 52.14038 5392.52544 1368.0737200000003 91.73445
134405.36714999995 44.42643 5607.89137 1116.0255000000016 91.63468
134495.98047999994 51.19769 5557.697720000002 1164.0819499999989 91.63468
134327.18031999996 70.12277 5525.885139999999 1171.3438100000012 96.69106
134450.95858999994 51.19769 5512.300480000002 1184.5878799999982 86.15067
134491.69139 52.14038 5387.09876 1363.125460000001 86.15067
134419.56450999988 59.54766 5583.979170000002 1127.0448499999975 85.80837
130410.90296000005 70.12277 5239.768649999999 1179.9440400000003 81.78405
131162.46285000007 70.12277 5266.106780000001 1281.3502399999988 81.78405
133801.2923899999 72.56384 5331.772259999998 1330.9475600000023 85.80187
129318.28471000002 52.14038 5281.64843 929.3823400000001 81.51707
133479.33277999997 72.56384 5320.3663099999985 1363.3660800000016 82.76748
134446.59980000003 51.19769 5512.616520000001 1169.511989999999 85.80837
134391.47628999993 51.19769 5561.035720000002 1115.1539399999983 86.15067
134270.03904999993 44.42643 5589.456199999999 1125.4471300000032 88.00861
132696.69823999994 70.3423 5357.2057399999985 1313.8870100000013 82.76748
129821.87099999997 59.54766 5225.635259999999 1086.5334299999995 81.16426
134353.21859999993 44.42643 5596.604530000001 1079.8903200000004 91.63468
134076.05465999994 74.07697 5506.750730000002 1187.352649999999 86.15067
129674.81259000006 65.54475 5389.0853099999995 925.6714500000007 82.69918
129847.34922000013 62.50382 5365.00623 994.8964100000003 82.27607
133194.30983999997 70.63064 5315.623819999998 1324.308570000002 83.26028
129264.40770000004 72.79108 5239.8916199999985 1132.9037400000007 81.16426
133794.5748699998 74.07697 5503.817250000003 1149.589839999997 85.80837
133354.25874999998 74.07697 5529.71873 1123.850050000001 83.34684
129898.16276000005 63.19625 5392.185760000002 901.050019999997 82.69918
134314.17095999996 66.69372 5581.445490000002 1033.3709199999994 85.80837
133547.80690999996 44.42643 5543.708250000001 1067.8553000000002 84.16344
134011.1947099999 44.42643 5547.353830000001 1084.7668699999995 85.80187
134134.05477 44.42643 5496.993230000002 1220.5450999999994 84.16344
133664.4595299999 72.56384 5294.299369999998 1388.2705400000023 84.34933
133372.56166999994 66.69372 5552.503480000002 1027.7703799999972 85.80837
129381.93486999998 52.14038 5290.24179 882.4021400000001 82.76748
134070.48566 51.19769 5326.69552 1418.7321700000011 83.39676
128940.20677 52.14038 5265.805439999999 900.3322300000009 81.10142
134104.96918999992 70.3423 5569.514170000002 1033.498239999998 86.0134
133765.11355999997 51.19769 5530.366890000001 1024.5254599999998 87.43878
133146.45648999998 72.56384 5267.972569999999 1411.2571200000011 82.44935
133064.65112999995 49.68494 5552.193620000001 1002.0596899999991 86.0134
129228.87032000012 65.54475 5404.610020000002 881.2044199999982 84.25585
128856.25060000009 69.40317 5249.368999999999 929.2144100000014 82.76748
133840.36471999998 51.19769 5546.206930000001 1026.4925000000003 87.43878
132517.69490000006 70.12277 5309.03547 1349.907650000001 81.16426
132813.55309999996 70.12277 5519.257670000001 1018.3638799999999 85.80837
129391.29677999999 51.21892 5302.079920000001 878.1502699999992 82.76748
133830.96146999986 74.07697 5504.256549999999 1153.6060700000007 85.80837
132237.98111999998 70.12277 5506.471810000002 943.537269999998 86.68533
129188.11085000004 65.54475 5317.312610000001 851.4126799999995 82.76748
130911.85657 74.07697 5252.716889999999 1407.0652200000013 81.16426
129649.92288000001 63.19625 5355.74718 1006.5966499999986 82.27607
134075.23669999995 51.19769 5304.61031 1419.8964300000007 83.26028
133654.09278999988 72.56384 5350.698979999998 1352.4454300000025 84.66508
131042.09642000009 70.63064 5259.308889999998 1388.2821000000022 81.16426
129802.75889000007 65.54475 5345.89473 968.9829300000001 82.44935
129392.88186000005 66.1138 5346.642200000001 924.9826399999993 84.25585
132981.82416999995 70.12277 5505.58375 1102.4468500000003 82.27607
129551.73956 49.68494 5291.633979999999 868.6916500000016 83.18378
130759.66753999992 51.21892 5276.480549999999 1042.6821499999996 82.76748
134030.05171999984 59.54766 5349.291759999998 1346.565880000002 84.26611
133402.54422999994 72.56384 5352.111179999999 1327.3775900000019 82.76748
130718.99550000005 66.69372 5301.33604 1324.8520599999993 81.08709
132050.23643000002 70.12277 5326.522409999999 1316.8167200000025 81.51707
134099.95830999993 51.19769 5319.450329999999 1348.0873800000027 84.26611
133648.28914999985 72.56384 5317.106239999998 1383.181160000002 83.26028
133404.86594999992 72.56384 5315.300179999998 1354.001830000002 83.26028
130264.71473000007 62.50382 5337.472679999999 1006.2541700000011 81.78405
129245.83575000007 65.54475 5353.35668 833.014549999999 85.24259
132454.84477999996 66.69372 5516.453630000001 935.6315699999996 91.63468
133079.2319599999 44.42643 5539.885720000002 1020.6390299999985 84.16344
129169.90871000002 54.77634 5278.592119999998 1169.2124600000006 81.08709
132170.89322000006 70.12277 5499.881310000002 1037.9094299999988 83.24619
130086.5122800001 62.50382 5361.094429999999 976.3293199999998 83.3172
134096.01339999985 70.3423 5556.567989999999 1106.815230000002 85.80837
129632.30849 70.12277 5169.720289999999 1171.1322300000002 81.06578
133897.62706999993 70.12277 5318.907319999998 1374.2097700000022 85.80187
131311.81203000006 70.12277 5249.791330000001 1281.1276499999985 81.78405
129023.89586 59.54766 5201.351119999999 1093.9724500000002 81.06578
129344.91427000004 72.79108 5184.371529999999 1143.5640199999998 81.06578
129299.60111000002 64.72157 5235.135189999999 1141.6776499999996 81.06578
133726.7093199999 70.12277 5515.812559999999 1160.9688700000006 82.27607
132877.28042999993 49.68494 5540.29391 1000.3697999999995 85.80837
127932.38737000001 52.14038 5242.810809999999 955.3511500000004 80.35447
129418.14949000005 51.21892 5288.508029999999 906.7293800000007 81.16426
130470.57286999999 59.54766 5195.19964 1121.0501399999994 81.16426
127855.22328000002 64.05808 5124.532819999999 1013.2130500000003 81.06578
131379.55582999997 70.12277 5512.858160000002 784.7747499999987 86.68533
132469.23499 70.63064 5355.40316 1313.089100000002 83.26028
129621.63308000006 70.63064 5203.4494399999985 1153.4948900000009 81.78405
130319.98069000005 70.12277 5280.024969999999 1241.090250000001 81.06578
134196.32030999995 70.12277 5560.178340000001 1073.101129999999 85.80837
129507.64309999997 59.54766 5247.3970500000005 1142.2283899999984 81.06578
128776.87629999999 52.14038 5241.294970000001 918.932139999999 81.06578
128346.50717999996 62.13101 5308.472399999999 829.7200000000021 83.49813
128245.58794999997 48.71046 5250.17056 1128.912229999999 81.08709
129807.26658 44.42643 5252.757829999999 1255.3144100000009 80.35447
129728.85313000013 49.68494 5432.813330000001 844.3679699999975 85.80187
129886.4891800001 63.19625 5395.323660000001 943.9180599999991 84.41353
134005.94102999996 66.69372 5548.460840000002 1162.0016399999995 81.16426
131782.85524999994 65.54475 5524.379930000002 893.6622599999982 96.69661
130143.86976000002 63.19625 5377.38493 958.4293899999993 84.51269
129409.81986000006 63.19625 5356.01368 818.0248199999996 85.24259
129756.96436000006 66.47507 5381.39798 926.3795400000008 82.44935
130140.81545000004 70.12277 5225.1026299999985 1129.237680000001 81.16426
130420.06471000005 70.12277 5293.033480000001 1194.2883799999981 81.78405
130509.95328 52.14038 5193.62047 1146.6068799999994 81.78405
133889.46927999996 51.19769 5539.7833500000015 1024.1225399999994 91.63468
133562.37475999992 72.56384 5324.965949999998 1384.1210600000022 82.76748
129917.20638999999 52.14038 5275.19005 940.0644499999999 82.76748
129283.3717 52.14038 5237.667310000001 1027.3369799999991 81.10142
133508.72200999997 72.56384 5303.1177499999985 1349.4198600000018 83.39676
131551.10031000004 53.32655 5503.390990000001 884.1445599999979 88.28069
133641.3305999999 74.07697 5540.08195 1123.65164 85.80837
130156.54385 52.14038 5299.809869999998 1142.5259000000005 81.16426
131314.66972000003 70.12277 5282.80632 1291.12622 81.16426
131960.51998999997 70.12277 5538.002930000001 960.7381099999993 102.33456
132883.9575199999 49.68494 5545.893870000001 1001.2915599999997 86.0134
129446.6259200001 63.19625 5261.3939199999995 981.7232599999998 81.78405
129968.43696000006 63.19625 5390.809410000003 890.8952899999967 84.25585
130429.97103000009 70.12277 5237.090689999999 1194.6487200000001 81.78405
134325.16665999993 66.69372 5555.151780000001 1078.1297599999998 91.63468
128959.80325999997 52.14038 5252.760290000001 933.0818799999988 81.10142
130100.09021000001 51.21892 5216.520159999999 1109.6068699999996 81.16426
129299.88020999997 74.34854 5189.67515 1149.138579999999 80.61043
133604.54802999992 51.19769 5524.766540000001 1028.6733799999993 85.80837
130980.42099000006 52.14038 5219.898439999999 1415.8639300000013 81.10142
128853.98270000001 52.14038 5302.549070000001 874.0460999999987 81.10142
129968.62174000005 65.92001 5381.830200000001 936.7867899999983 84.41353
132234.64981000006 70.12277 5339.5419200000015 1290.4072799999994 81.78405
130298.23984000004 59.54766 5207.34113 1138.7198199999984 80.45321
129183.98717000002 66.47507 5209.146869999998 1113.5359100000014 81.06578
129135.54676000004 51.19769 5228.406580000001 1005.7874699999993 81.10142
129925.59095999999 52.14038 5299.71583 890.02538 84.66508
133292.72882999995 59.54766 5547.214760000003 1155.699459999999 84.1543
130386.87815000005 59.54766 5237.19334 1160.1886999999988 81.16426
133706.26800999988 70.3423 5489.700580000001 1177.4304200000006 85.46153
129363.10861999997 70.12277 5165.8626699999995 1131.0702599999995 81.06578
132371.83690999998 44.42643 5511.284159999998 1063.8557600000022 83.24619
129728.64428000002 65.54475 5427.1120900000005 738.9830099999981 102.33456
133728.8533599999 74.07697 5530.03299 1159.0552200000002 86.15067
134016.0545999999 44.42643 5526.883140000001 1071.3008300000001 85.80187
132633.91624999998 70.12277 5531.616900000001 1019.7591200000006 85.80837
129644.37035 63.19625 5338.81252 939.3200999999981 82.27607
129438.11666999997 70.12277 5293.731879999999 884.9756300000008 83.18378
133456.62752999997 44.42643 5541.060510000001 1060.4670899999992 84.16344
129881.06088 72.79108 5253.687979999998 1317.9216600000027 81.16426
128767.42000000006 65.54475 5062.0459599999995 1120.2844400000013 80.45321
130163.17685 51.19769 5407.089229999999 764.3656400000009 88.01314
133224.54635999992 44.42643 5552.535429999999 1085.4107600000025 84.16344
129075.83444000004 52.14038 5239.535689999999 951.1874900000021 81.08709
132722.90598999988 49.68494 5543.481310000001 991.9588899999981 85.80837
129765.64606000004 66.47507 5406.704210000001 869.5046999999986 84.51269
129075.90772000003 59.54766 5295.04782 869.1926799999983 81.16426
130330.48650000001 52.14038 5243.563559999999 1135.8794400000006 81.16426
129345.14564999999 64.72157 5215.209709999999 1108.76973 81.06578
129922.42373000005 66.47507 5391.7379 917.6988700000002 84.65892
129344.9980200001 65.54475 5218.330819999999 984.8854499999998 81.78405
129514.43731000005 70.12277 5239.879239999999 1003.5519000000004 81.78405
130322.53429000005 66.69372 5223.35378 992.8807399999996 82.76748
129957.55748000003 66.47507 5374.72793 921.1854800000001 84.51269
133005.78613999987 49.68494 5540.108909999998 979.0143400000015 86.0134
132269.94684000002 65.54475 5522.3225200000015 946.9788899999985 91.63468
133881.6477099999 54.82736 5583.199540000001 1069.624179999999 85.80837
128428.11323999999 54.77634 5206.433039999999 955.9908100000011 81.10142
133822.82489999992 70.12277 5573.1304500000015 1029.2715499999995 85.80837
132216.53480999998 74.53437 5490.375129999999 1109.1038500000004 82.27607
129101.91117999998 51.21892 5333.873479999998 845.42328 82.76748
128962.61315000005 52.14038 5239.274069999999 954.6727400000018 81.06578
133046.12375999996 49.68494 5565.352580000002 1009.1778199999981 86.0134
129588.55365000006 65.54475 5410.36607 913.7771300000004 83.39676
129733.40110000003 52.14038 5198.558779999999 1066.3690000000006 81.16426
130741.84900000012 43.20989 5418.81229 977.0929799999994 86.0134
129969.80622000001 70.12277 5225.532609999998 1120.9934500000008 81.16426
132599.26532999997 66.69372 5563.31044 1005.6294800000005 98.1293
128739.24003000002 66.69372 5194.004410000001 1066.8872299999975 81.08709
132716.54471999992 70.12277 5503.791759999999 1083.1293600000008 82.44935
129292.72766000008 63.19625 5246.727899999999 981.8186400000004 81.56149
129879.13908000012 63.19625 5411.372070000002 940.9028199999975 84.25585
130343.77739000005 59.54766 5265.255639999999 1148.4144799999995 80.45321
129686.23679000001 70.12277 5255.638690000001 931.2282000000005 84.66508
129400.70794000007 49.68494 5403.51891 930.339030000001 83.15903
129226.29160999997 52.14038 5277.5460299999995 897.0149900000006 81.78405
129550.81408000008 59.54766 5253.513220000001 956.3171899999988 81.16426
129415.08030000005 65.54475 5343.763440000001 955.890159999999 82.27607
132202.30323 49.68494 5506.449380000001 938.8320399999984 86.68533
129400.41906999996 70.12277 5223.777179999999 1140.7649199999996 81.06578
128658.10375999997 49.68494 5291.3588199999995 1250.9802600000003 80.35447
133076.87164999996 70.12277 5518.018840000001 1012.7648499999996 85.80837
133913.37179999985 44.42643 5567.7325999999985 1088.699520000002 84.16344
132464.46420000002 62.50382 5536.749400000001 1079.2018399999997 82.14392
129506.29497000002 70.12277 5231.0741499999995 1154.4483799999998 81.06578
129828.65402000009 69.40317 5258.660599999999 951.6124400000017 84.66508
130090.63680000002 59.54766 5222.527319999999 1109.4823399999996 81.16426
129294.56686 51.21892 5332.976390000001 833.2987399999975 82.76748
129761.30615000006 70.12277 5245.314950000001 972.6034999999993 82.76748
128898.14672000003 72.79108 5176.2971099999995 1114.3836899999997 81.06578
132177.50228999995 70.12277 5521.371420000002 930.6909099999975 88.28069
129773.40635 70.12277 5164.157129999999 1150.8905600000007 81.16195
130547.20547999999 49.68494 5502.86406 730.706000000001 96.69661
130785.85806999999 64.72157 5268.94751 1310.1284699999997 80.35447
128628.96076000006 65.54475 5286.873759999999 865.3479600000019 81.16426
131987.6212399999 54.82736 5457.755310000001 926.3683399999982 86.68533
129699.24583000007 70.12277 5246.964930000001 1011.5296999999991 81.78405
129482.31730999995 51.21892 5269.8412499999995 1138.8215499999997 81.16426
130178.80755000001 52.14038 5241.895359999999 1132.8312400000004 81.16426
129582.08241000005 69.40317 5243.994579999999 949.1839900000004 82.76748
130412.00746000004 54.82736 5268.864479999998 1153.3885 81.16426
129885.27511000003 65.54475 5202.182109999999 1223.3303699999997 80.45321
131672.54312999995 70.12277 5457.81774 894.0659499999992 90.71255
130151.11990000009 70.12277 5203.110129999999 1178.8957099999998 81.06578
130210.92586999996 51.21892 5288.937640000001 902.8800299999984 82.76748
129359.85689999997 51.21892 5311.365969999998 891.7237000000005 83.18378
129254.24474999998 70.12277 5300.323479999999 878.2525599999999 84.66508
133667.0815899998 74.07697 5525.996709999999 1123.5438400000012 85.80837
128483.94718 52.14038 5097.252090000002 1184.9695799999972 80.35447
132205.70273 66.69372 5521.909060000001 981.9925599999988 85.80837
131921.29437999998 51.21892 5527.091110000001 948.5848799999985 91.63468
130148.11855999993 55.2176 5396.69457 937.1910100000005 84.26611
131379.97478999995 70.12277 5510.393760000001 889.930519999999 96.69661
