52652.061300000016 54.99712 3245.8595399999995 660.4384800000007 75.27856
53095.563539999974 36.42438 3295.73722 718.9894399999998 81.81037
53176.6863 50.28931 3277.09451 702.5666499999998 79.0268
53018.696089999976 36.42438 3347.92568 668.4231500000001 81.81037
53161.69197999999 50.28931 3286.68446 681.2550799999999 79.0268
53117.93101 38.22171 3275.9700099999995 656.2361100000003 81.81037
53076.87614999999 50.28931 3289.5866900000005 692.6508399999993 77.49073
53084.120709999974 36.42438 3323.36099 690.39383 81.81037
53093.80656999998 50.28931 3279.67965 676.9976699999997 81.81037
52667.37297999999 36.42438 3310.5968599999997 606.0561600000001 77.61024
53120.64533 38.22171 3301.40909 640.7122999999997 82.01817
53082.76616999999 50.28931 3290.42967 669.4095799999996 78.3992
52844.920719999995 43.92947 3281.3912199999995 645.4844000000003 77.61024
51943.364259999995 39.04208 3230.9712299999997 457.13560999999936 77.61024
53007.62542999999 38.22171 3305.0312799999992 653.8361300000006 78.3992
52857.01342999998 43.92947 3263.0424499999986 638.2729600000011 81.81037
53043.14173999999 36.42438 3334.38365 687.6165999999998 82.01817
53001.043609999964 38.22171 3290.53896 709.34152 71.9291
53091.959520000004 36.42438 3309.6119700000004 688.0238899999995 81.81037
53027.69323999998 38.22171 3339.76746 618.4034999999999 81.81037
52065.18183999999 50.28931 3113.14518 607.11042 71.9291
52966.334729999995 43.66964 3284.5510899999995 638.9780799999999 78.3992
53108.19638999999 36.42438 3305.8663099999994 681.1482900000005 82.01817
53040.32598999998 38.22171 3289.5561199999997 666.1493600000003 81.81037
53073.90872 36.42438 3292.0511800000004 654.0390799999991 79.0268
52483.09227000001 43.66964 3257.3580299999994 589.8144700000007 81.6928
53066.015599999984 38.22171 3277.7783999999997 698.6027199999999 71.9291
52703.24720999999 38.22171 2962.3641000000007 1012.5497199999991 70.63095
52472.17973 38.22171 3281.1759100000004 534.0554799999991 82.01817
52837.377039999985 43.92947 3268.1810299999997 643.4368300000001 81.81037
52739.291869999994 51.41588 3205.6529 732.4795899999995 77.49073
52812.80915999999 50.28931 3233.9793799999993 660.7714500000002 78.3992
53117.33202999998 33.19054 3302.2158499999996 673.8915299999999 81.81037
52326.91624 38.22171 3259.07835 453.8898700000004 78.3992
53075.12631999999 36.42438 3307.5704000000005 652.8649999999993 82.01817
52808.85501 50.28931 3248.1162599999993 669.0328500000005 76.17896
53011.97395999998 50.28931 3278.01768 663.3426599999998 79.0268
53103.25868 36.42438 3310.0548699999995 724.8579699999996 79.0268
52643.23586999999 36.42438 3288.4225599999995 605.8321800000008 78.3992
52494.19214 43.92947 3225.1160199999995 635.7234600000002 81.45436
53096.27855999998 50.28931 3291.92316 726.3190099999997 77.49073
52888.13248999998 38.22171 3286.5213599999993 625.7214600000007 76.17896
52855.05959999998 50.28931 3261.0886199999995 673.34753 73.6228
53061.46018999996 36.42438 3318.36426 775.9009299999993 77.49073
52676.6329 38.22171 3274.35856 601.6438000000003 81.81037
52648.842530000016 38.22171 3285.10858 594.0557100000001 81.6928
52639.052679999986 54.99712 3234.3471099999992 660.2292900000011 75.27856
52677.296220000004 43.66964 3275.3322700000003 616.4178699999998 77.61024
53019.659999999974 38.22171 3290.10821 727.16212 72.69491
52907.54861999999 43.66964 3288.70554 620.0845599999993 77.61024
52318.16182999998 38.22171 3233.54132 455.70776000000023 73.6228
52151.402579999965 38.22171 3150.2394499999996 517.1032400000004 71.9291
52436.38673999998 38.22171 3249.55107 514.3018699999993 81.81037
53019.19602999996 36.42438 3308.9863600000003 784.3069899999991 74.01904
53024.99814999999 33.19054 3295.90345 656.7866599999998 78.3992
52917.08407 43.92947 3269.6232699999996 676.1231100000005 78.19034
52844.78127999995 43.92947 3274.92812 670.5622899999994 71.9291
52778.68162999999 43.66964 3271.246069999999 612.2381700000014 78.3992
52433.48367999998 50.28931 3238.0126299999997 486.13578999999936 79.0268
52970.497769999994 33.19054 3293.49028 638.2067299999994 78.3992
51765.69569999997 38.22171 3141.3432399999992 516.729600000001 71.9291
52721.08826 52.85518 3245.4704899999997 749.4231500000005 77.61024
51863.315079999986 36.33923 3002.103930000001 912.4961299999982 68.37698
52930.265049999995 43.92947 3258.649119999999 645.5738700000002 81.81037
52785.33095999998 38.22171 3277.2871900000005 664.2175799999991 73.00068
52871.69121999999 45.73336 3278.5814000000005 654.1421799999989 77.49073
52914.916919999974 50.28931 3274.49737 688.3828899999999 71.9291
52301.11168 38.22171 3247.58956 472.5580600000003 76.17896
52659.87850999998 52.85518 3238.0245499999996 731.3088800000005 79.0268
52020.68527999997 43.92947 3121.3944099999994 570.3640600000008 71.9291
