118179.25079999995 118.35303 5782.32748 1150.7431400000023 138.43167
120505.61701000007 106.13816 6060.306700000001 843.6931899999981 140.95644
119905.85342000006 113.93409 5794.681780000001 1103.5481099999997 136.81421
121406.49050000006 113.93409 6127.03569 884.7018800000005 140.95644
120686.16081999998 111.77504 5768.783449999999 1203.184440000001 137.73598
121401.17260000002 99.68277 5842.191749999998 1128.758990000002 137.9603
123524.35365999988 99.68277 6184.843940000001 861.4107199999999 140.95644
123533.63700999992 112.21345 6165.391560000001 884.4338899999993 140.95644
121467.97032 118.27859 6035.801259999998 909.584310000002 140.37236
121521.13881999995 118.01648 6138.0472500000005 885.0140899999997 140.73134
121050.0461100001 107.81284 6129.040169999998 895.2742900000012 139.47772
121429.87058999996 122.03947 6101.27117 887.8053100000006 140.70325
120923.31975 118.01648 6070.320919999998 927.7836700000016 140.37236
124864.82370999997 123.91787 6468.700519999999 590.2401500000005 148.46339
122216.38721 118.01648 6062.745359999999 944.9151100000017 140.37236
122109.9726299999 113.93409 5913.205329999999 1134.2139100000004 138.7607
122360.25623 113.86842 5992.828529999999 1055.6890100000019 138.50993
122056.29775 123.17925 6019.757649999999 954.434940000001 140.37236
124901.17562999988 123.81409 6448.887970000001 570.1857300000001 143.05672
119257.79995000004 112.38824 5813.21445 1077.7739899999988 136.81421
121646.02003000006 82.51218 5803.562729999999 1262.0078500000018 137.73598
120897.68497000002 120.37168 6063.90142 936.9626000000007 140.37236
122140.09735 122.03947 6056.015369999998 913.443900000002 140.37236
121107.5026600001 107.81284 6099.007109999998 952.9174300000022 139.47772
125702.23926999989 113.86842 6476.646720000002 622.2769999999982 145.27196
120776.52803000002 109.89557 5748.720689999999 1226.2868700000017 137.73598
119032.75400000004 111.77504 5791.842450000001 1074.9856899999986 137.688
119991.59989999999 111.77504 5823.007799999998 1077.9709400000029 137.73598
118335.71794999999 113.93409 5872.426769999999 1008.7113400000017 138.17288
125156.86340999998 123.91787 6383.661690000002 660.394479999999 142.9814
124627.42880999987 123.81409 6452.52492 578.2885500000002 144.68129
124604.75515999996 123.91787 6435.839559999999 577.5035699999999 141.41927
122095.68182999999 118.01648 6061.4262899999985 913.2999800000016 140.37236
121222.70930000008 113.93409 6054.164519999998 1007.8827900000015 139.47772
118778.41455000013 113.93409 5868.265920000001 1006.4644599999983 138.50993
120356.40314999998 109.91685 5841.589349999999 1110.6430300000038 138.11061
125111.30569000001 123.17925 6459.06425 601.5518100000008 141.41927
122000.79393000006 113.86842 5985.44156 1092.1533799999997 138.42888
120789.84817000007 113.93409 5972.76527 984.6902900000005 140.31827
117589.70472000004 111.77504 5640.289649999999 1205.0102500000003 136.6575
122731.96585999998 111.27056 5992.960649999999 1098.2314300000016 139.62997
125737.40538999984 107.81284 6472.684080000001 597.760229999999 146.90823
119764.57372000006 112.38824 5817.953010000001 1115.365319999999 136.81421
121071.76433999994 113.86842 5983.916089999999 922.508710000001 138.50993
118726.12366000001 113.93409 5820.643709999999 1097.3341600000012 138.17288
126167.63496000004 123.17925 6458.854110000001 700.5914799999991 146.21553
126668.67933999999 106.63748 6499.15041 669.6336700000011 147.56624
125777.89142999999 123.91787 6397.79722 777.0029299999997 142.9814
126140.76059000009 123.17925 6471.030630000001 682.1073499999984 146.21553
124623.07467999996 123.91787 6437.55111 568.5275699999984 142.50557
125751.31511999985 106.63748 6485.0197499999995 600.2496200000014 144.68129
120385.01989999998 109.91685 5800.03371 1128.0941300000013 137.73598
125986.00323000003 123.17925 6454.129060000001 704.6167099999993 144.68129
122406.40788000009 106.63748 5998.711989999998 1003.2835600000035 138.17288
126109.15284 123.81409 6370.369790000001 796.9055399999997 148.15761
125780.48902999991 113.86842 6471.65771 629.9656299999988 144.67685
119524.58133 111.77504 5791.380479999998 1074.9845300000034 137.73598
118158.87003999998 112.79164 5810.36936 1033.8910300000007 138.11061
121000.12476999992 113.86842 6005.97077 903.9375299999983 138.17288
125206.52882999994 130.71074 6218.9521399999985 809.7541500000007 142.99063
124038.12886999985 132.53271 6124.091759999999 897.4516000000021 149.15945
127156.1081099998 113.86842 6530.6454300000005 741.5046299999995 153.41919
124875.01013999997 123.91787 6453.645280000002 595.7505499999979 141.41927
125277.12700999995 106.63748 6479.9794299999985 611.5261800000017 142.82094
126005.73734000004 123.17925 6451.933590000001 694.0170799999996 142.9814
126596.05869 113.86842 6480.4600900000005 652.3189799999991 146.56749
119369.64343000008 113.93409 5772.99974 1072.1427699999995 136.81421
126893.5104 106.63748 6527.419590000001 697.07647 146.56749
120221.38400000005 109.91685 5804.424309999999 1094.4095600000019 137.9603
126456.51138999991 123.17925 6376.016450000001 758.9591900000005 146.59882
125890.64532000003 123.17925 6456.333250000001 640.2674399999996 144.175
126182.93175999998 122.43136 6482.649959999999 625.2590900000014 148.78528
123989.50887999996 123.66485 5873.67278 1163.89988 140.37236
126669.65830000005 106.63748 6478.084930000001 666.0175399999998 146.56749
126112.68808999998 122.43136 6489.696360000001 717.4106300000003 142.82094
120889.37370999993 109.91685 5742.324949999999 1263.4402000000018 138.11061
125010.99981999997 123.91787 6355.152820000001 759.3038900000001 142.50557
125099.21009999997 130.71074 6434.50747 604.0116900000021 147.21472
122244.66662 113.93409 5907.400939999998 1085.891700000002 138.79239
126521.97578000002 106.63748 6474.21773 656.6700600000013 146.21553
126753.19056999999 122.43136 6402.471390000001 736.5118700000012 146.59882
126370.93860999992 107.81284 6513.00059 645.9063600000009 145.10898
126091.41814000004 113.86842 6513.679870000001 663.3483899999983 146.56749
125675.93960999987 106.63748 6493.44499 580.0980599999994 153.84805
126207.62807999995 123.52054 6392.473190000001 737.5509000000002 148.78528
126536.94866999987 113.86842 6516.27865 699.6572500000011 146.2289
122225.68143000001 113.86842 6008.692889999999 1019.0831200000011 138.50993
126331.00783999996 123.17925 6440.115420000001 704.5207199999995 146.56749
125213.86246999996 122.43136 6455.71498 660.0764400000016 142.9814
126304.4413199999 123.52054 6387.54856 753.9794500000007 146.59882
126155.70596000004 113.86842 6502.33722 657.1481899999999 146.56749
120288.86771000014 113.86264 5755.172679999999 1268.746860000001 138.11061
125489.92653 123.17925 6460.163489999999 619.5137000000013 145.14844
125277.03387999986 113.86842 6456.73611 616.9912900000008 144.62186
125962.98819000005 112.88219 6461.53929 681.5878899999998 142.9814
125300.08818999997 123.91787 6456.0575899999985 601.4486100000004 148.46339
126140.42210999997 123.17925 6389.693230000002 762.1872699999994 142.82094
126738.89793000002 113.86842 6494.503890000001 676.0004399999998 145.10898
125320.47265999994 123.52054 6446.11956 603.4916000000003 146.21553
126327.54971999988 107.81284 6489.809749999999 624.8691200000012 153.84805
125276.56982000002 123.17925 6411.812419999998 695.8611000000037 142.50557
126525.36021999999 118.01648 6377.833320000002 780.3939300000002 145.35521
124851.10961999999 113.86264 6464.593159999999 567.6057900000005 146.56749
122310.57068 113.86842 5949.2822 1091.9044199999998 138.42888
125952.14082000002 123.17925 6458.45189 679.9419400000006 146.21553
120363.02657999993 109.91685 5836.153189999998 1101.4392400000015 138.11061
125990.42373999991 132.05266 6430.65141 703.9781400000002 147.21472
126215.90342999998 106.63748 6452.463049999999 704.3198100000009 144.62186
124818.72967999992 123.81409 6484.433349999999 590.8822000000018 142.82094
126026.41954999996 122.43136 6469.36755 695.6651100000008 142.82094
126475.65351999998 114.79426 6366.656360000001 894.4959899999976 145.10898
125348.37089 123.17925 6434.96544 615.6831900000016 146.21553
127085.83649999987 106.63748 6450.7756899999995 802.7693500000014 146.90823
123878.28972999996 107.81284 6023.622509999998 1016.4727900000025 138.94272
126417.67764000008 113.86842 6438.563480000001 740.7100199999995 143.56099
126085.27920000003 123.17925 6432.37125 686.2064700000001 142.9814
126447.02768000001 123.17925 6433.687380000001 766.4323599999989 146.59882
126635.5046799999 123.17925 6412.21814 741.3136700000014 147.21472
125049.22852999993 123.91787 6364.01615 696.10221 142.82094
125708.84455999997 127.5576 6434.14946 661.9001900000012 142.9814
126025.18663999985 123.52054 6427.8043800000005 720.5073599999996 146.32651
121738.69153999996 118.01648 6128.315739999999 907.0164200000008 140.73134
126024.50139000003 107.81284 6459.7604599999995 691.0963200000024 144.68129
126840.1055899999 113.86842 6476.96766 812.4360400000005 149.15945
125137.29932999997 122.43136 6466.0764899999995 590.3076500000025 146.21553
126029.73798999997 123.91787 6388.3936300000005 758.0129700000007 148.15761
126411.40285 123.17925 6419.643580000001 742.7508999999991 146.59882
125127.91653999998 123.91787 6432.776710000001 626.3304099999978 142.9814
126688.11413 123.17925 6425.02228 748.6411300000009 148.82181
125940.38000999994 123.91787 6412.71529 688.1385700000001 146.32651
126688.10320000004 122.43136 6419.01266 772.315889999999 146.59882
125163.02408000002 123.17925 6428.380439999999 645.5677200000027 141.41927
126382.48313000001 106.63748 6482.6046799999995 657.2637400000003 146.48795
121064.47878000002 106.63748 5849.383869999999 1289.2511900000018 138.11061
127059.57425000005 106.63748 6444.24437 781.0631399999993 146.21553
124542.86144999994 130.71074 6412.32481 575.9915799999999 144.68129
124984.08926999995 130.71074 6431.15771 628.7816799999982 141.41927
126022.20822999993 123.52054 6437.850630000001 735.166369999999 142.9814
127578.11174999978 106.63748 6520.40034 773.7058800000013 153.41919
126192.56783000009 123.17925 6461.415770000001 712.0931800000008 146.21553
125937.8445899999 113.86842 6448.8381500000005 669.3482100000001 143.92137
126561.8774499999 113.86842 6470.696090000001 642.3336599999984 153.84805
120573.00545000004 109.89557 5879.892709999999 1042.1271000000015 137.73598
123873.96973999997 107.81284 5999.496799999998 1047.027680000002 138.7607
126528.10111999998 123.17925 6445.439850000001 715.0199599999996 148.82181
124031.51116999995 107.81284 5987.474879999999 1057.773290000002 138.7607
125150.71343999999 123.91787 6457.641510000001 588.5042999999987 146.56749
125960.76137000002 113.86842 6520.27686 665.9498800000001 145.10898
125653.22253999996 123.17925 6458.70002 650.2857600000016 144.68129
125788.91625999994 113.86842 6474.435840000002 603.0679499999987 144.68129
126590.82463999999 122.43136 6437.85239 695.0455099999999 146.21553
126056.68438999991 123.91787 6370.961689999999 764.6605400000008 163.99167
125769.85094000005 123.17925 6446.901549999999 740.2083600000014 142.50557
125227.1792699999 123.52054 6430.349880000001 595.174939999999 146.21553
126797.79023999997 107.81284 6498.904489999999 699.713020000001 148.82181
124332.83471000001 123.17925 5879.73471 1220.4450100000004 140.37236
124551.21923999996 130.71074 6444.93451 579.4044600000007 149.15945
125760.89520999999 123.91787 6413.6127400000005 695.5044700000008 142.9814
125274.59259999986 107.81284 6483.77693 570.7962200000002 146.2289
126063.2168799999 127.5576 6408.58296 792.9234000000006 147.21472
127077.81327000001 122.43136 6400.0410900000015 742.2255599999999 163.99167
122019.05339000002 106.63748 5812.920449999999 1291.242620000001 137.73598
126920.24855000009 106.63748 6476.746860000001 775.4556899999998 147.56624
126079.82339000003 123.17925 6432.43756 720.1010299999998 142.9814
126104.69465999995 123.81409 6326.544030000001 976.1522499999992 147.21472
126428.02036000007 113.86842 6406.36708 772.29522 143.56099
125312.23966999995 123.17925 6458.844279999999 613.0951300000015 145.14844
126155.62573999999 113.86842 6505.252690000001 660.9507199999989 145.10898
123740.09413 113.93409 5842.249420000001 1248.9787399999996 140.31827
126391.76387999998 123.52054 6380.445900000001 778.9747699999998 148.15761
126502.79922999993 123.17925 6505.572790000001 644.7049699999989 146.90823
126909.6573799999 106.63748 6464.02368 755.5522399999982 146.90823
124666.25416999994 130.71074 6435.91134 587.1946899999994 141.41927
121693.44170000005 113.93409 6007.151909999999 1030.716370000002 138.50993
126533.63478000001 122.43136 6423.80859 692.9949100000022 163.99167
126174.68102999999 106.63748 6492.17512 671.1399599999986 144.175
125272.18668000006 123.91787 6451.668550000001 602.3554700000004 144.47514
123722.26125 113.93409 5850.955430000001 1242.1608400000005 140.31827
126105.62029000008 123.17925 6444.810310000001 676.9100199999993 146.56749
126498.52550999996 106.63748 6539.197569999999 608.50385 146.56749
123913.75930000002 118.86035 5889.94789 1213.2325800000008 140.37236
125178.58963999999 107.81284 6471.983519999999 649.7130100000022 143.99704
126767.25668000002 122.43136 6398.853670000001 749.1576599999999 147.21472
125998.20784999998 130.71074 6271.450969999998 864.6014400000022 148.82181
123635.27810999993 130.71074 5986.93134 990.1538800000008 138.94272
125558.37250999987 113.86842 6473.025979999999 594.3268600000029 145.27196
125866.49880999995 113.86842 6479.76721 639.6673500000015 144.67685
125987.96664999997 123.91787 6449.107709999999 803.6248000000005 148.46339
127321.22699999981 106.63748 6491.366610000001 733.9364999999998 153.84805
126072.74140999993 123.91787 6368.022830000001 750.929000000001 163.99167
127117.79074999983 113.86842 6511.713589999999 727.2391500000012 153.84805
125134.24701999995 123.52054 6452.1249 598.8428800000011 141.41927
125732.08529999992 113.86842 6473.791979999999 629.2956200000017 144.62186
123459.36436999992 130.71074 5988.5619400000005 1011.4221200000002 138.94272
127241.39779999983 106.63748 6544.575180000001 786.1622700000007 153.41919
126144.64449000005 123.17925 6450.7306 686.1648700000005 146.21553
124837.29858999996 123.91787 6437.34046 580.9553400000013 142.9814
126968.68569999986 106.63748 6494.723569999999 689.9053900000017 153.84805
126611.64469999989 118.01648 6356.410410000001 816.0375099999992 146.5862
125628.15512999991 123.17925 6464.345250000001 612.3293999999996 146.2289
126891.29389000002 106.63748 6489.157330000002 668.7851899999987 146.56749
123386.67103999999 123.81409 6053.4474199999995 987.7280800000008 140.37236
126595.69733999988 107.81284 6474.02061 737.437750000001 142.9814
126580.93795 106.63748 6538.0226299999995 610.4598400000013 146.78433
124236.27359999997 107.81284 5971.839449999999 1104.3085500000025 139.10229
125939.91405999998 130.71074 6500.658659999999 613.8461800000014 146.56749
125844.57143 123.17925 6445.0404499999995 690.9648500000003 142.9814
125171.55028000001 123.17925 6453.6128499999995 598.4141100000015 144.68129
125014.44105999997 128.85912 6220.150229999998 820.2891000000018 142.99063
125205.18555000002 123.17925 6440.72807 672.1888600000002 141.41927
125712.43229 123.17925 6422.101700000001 727.0507600000001 142.50557
125719.07178 127.5576 6463.292660000001 661.92526 142.9814
126175.80597999995 123.81409 6426.56919 702.944739999999 148.82181
126237.00913999991 118.01648 6519.21005 622.7552100000003 163.99167
125290.50865999998 123.91787 6379.973000000001 774.0186199999998 141.41927
127180.13109999996 106.63748 6536.810160000001 655.5238200000003 163.99167
125897.69410999997 130.71074 6488.33289 650.4022900000009 143.0047
121516.63385999991 113.86842 5974.524359999999 949.1288700000014 138.17288
126195.46439999998 123.17925 6445.8661 710.3826800000006 143.0047
127208.03098999982 107.81284 6459.3108200000015 768.3295999999991 153.84805
126314.40655 123.17925 6440.714800000001 685.8688899999997 146.5862
126379.18029999996 123.52054 6389.655150000001 745.472819999999 149.08192
123451.83131999997 123.91787 6027.319999999999 1024.5472200000022 141.07539
121291.71556000003 113.93409 5861.510449999999 1109.7273600000008 138.17288
126753.5294 106.63748 6272.56406 963.5858800000015 142.9814
126305.68921999999 123.17925 6442.95204 688.5850400000008 146.21553
127223.75592999996 106.63748 6460.50179 744.2396699999999 148.15761
125680.48488999996 123.17925 6466.403340000001 631.3536000000013 146.21553
126381.02207000005 106.63748 6459.8795 721.2911900000017 142.50319
125168.46166999992 123.17925 6435.050689999997 646.0859300000029 143.05672
125992.53989999995 123.17925 6422.55225 757.6263500000014 142.82094
125239.45711999999 106.63748 6445.376399999999 635.8612900000007 141.41927
126049.50358000005 113.86842 6478.0663700000005 714.3143800000007 144.68129
126794.88190000005 107.81284 6513.765159999999 671.608610000002 146.21553
126021.87415000005 130.71074 6272.866759999999 953.6983200000004 148.82181
125387.68388999991 123.52054 6434.843450000001 624.9882999999991 144.68129
126268.50067000001 118.01648 6512.39019 690.1497100000006 146.56749
