662108.2600000001 0.42 19908.350000000002 9623.589999999997 64.75
655258.5799999993 0.58 21567.609999999997 8443.820000000003 64.67
663181.3300000004 9.69 24000.140000000003 5711.879999999997 72.05
660073.1400000005 9.68 22565.42000000001 7612.979999999989 65.23
656182.0500000009 9.69 23429.370000000003 5793.279999999995 69.81
674001.4200000002 9.69 24068.079999999998 6192.569999999992 74.57
675842.5299999987 3.94 25014.96999999999 4183.400000000016 145.92
675578.3400000005 8.53 23953.479999999992 6495.310000000012 69.01
679215.9199999998 13.57 22851.789999999994 8455.950000000008 78.29
685703.2700000004 8.53 25142.84 4913.729999999996 91.54
685781.0499999995 6.0 25246.959999999995 4945.920000000002 88.37
674288.2300000002 9.69 23656.160000000003 6021.68 72.05
671633.0300000005 6.0 24226.309999999998 5206.010000000002 69.81
672210.2599999993 4.81 22736.63 8705.73 68.55
684857.2900000002 11.53 24201.780000000002 6473.8299999999945 75.21
670427.4700000002 11.53 24752.790000000005 4405.639999999992 113.29
683351.7000000001 11.53 24813.690000000002 6127.849999999995 75.21
668302.6699999998 4.81 22862.0 7774.450000000001 67.93
677839.2999999988 9.95 23899.759999999995 6322.7900000000045 69.35
695857.0899999999 8.82 24718.85 6425.720000000001 91.54
677847.1900000003 9.42 24755.69 5129.869999999999 78.29
695885.7400000003 0.43 23796.49 6890.539999999997 101.99
684609.3699999996 8.53 25389.58 5091.5899999999965 99.79
674498.7199999997 13.55 23425.619999999995 8473.98 78.29
668171.0000000002 0.7 21376.529999999995 9532.900000000009 66.38
683289.9499999997 4.19 24999.37 4784.389999999999 72.27
688658.0000000005 11.53 23090.730000000003 7979.630000000001 88.37
693014.0500000004 8.82 25031.769999999997 5597.5400000000045 91.54
681079.5099999992 8.6 25023.36 4536.139999999999 77.2
671543.6900000004 9.42 23967.68 7003.310000000009 69.81
684751.9499999993 6.3 25153.640000000003 4927.339999999989 90.19
690874.19 6.7 25375.819999999996 5706.430000000004 87.5
693157.2199999993 4.24 25396.009999999995 5687.029999999999 103.57
680890.1599999999 13.55 23791.770000000004 6464.02 86.63
679294.7399999992 9.01 24018.949999999997 7096.6600000000035 70.86
680318.7600000002 9.42 24537.170000000002 5753.379999999997 78.29
685890.7699999999 4.19 25107.769999999993 5194.510000000006 72.27
695654.7299999997 0.7 23656.379999999994 8443.240000000002 90.86
672148.8199999996 2.84 24206.850000000006 5435.889999999992 69.35
686249.7099999996 6.0 25820.280000000006 6357.589999999989 96.55
690174.6199999998 6.0 25593.059999999994 5363.310000000012 103.51
684307.5199999994 4.19 25181.259999999995 5155.630000000005 72.27
681456.41 13.57 23126.429999999997 8837.77 78.29
688602.8500000007 9.02 25102.979999999992 7187.699999999993 169.89
677420.0999999999 13.57 22933.800000000003 8601.919999999987 78.29
689534.4599999996 8.06 24987.870000000003 5614.009999999998 86.01
685319.5199999998 13.55 23717.100000000006 7411.909999999993 97.43
690150.7299999994 1.72 24931.1 5106.480000000003 84.29
690054.159999999 0.75 24821.27 6149.25 78.29
692375.5699999996 8.82 24687.18 6198.7099999999955 84.29
673969.2000000008 12.91 23929.780000000002 6110.5999999999985 135.17
694561.9499999996 2.67 23185.629999999997 8829.329999999998 80.26
667397.0900000007 14.39 23726.089999999997 5811.670000000002 83.04
694142.8799999999 6.12 25177.049999999996 5890.620000000003 91.54
688752.979999999 4.19 25001.629999999997 5020.260000000002 95.16
684278.2099999995 4.19 24683.379999999997 5141.869999999999 71.08
692729.0199999992 8.82 25003.230000000003 5301.459999999999 99.79
675053.8899999999 13.57 24101.590000000004 6516.630000000005 88.72
687326.4199999991 8.82 24723.839999999993 6102.870000000003 78.29
674278.1599999991 7.84 24053.539999999994 5536.030000000006 71.08
694416.5899999999 1.52 24311.39000000001 7340.309999999987 81.15
677057.1899999991 11.53 24939.969999999998 5401.890000000007 88.42
690070.5299999994 8.82 25481.160000000007 5169.829999999987 88.37
675604.8600000001 11.58 24265.5 6064.679999999989 75.05
683175.88 12.6 24357.07 6646.839999999993 84.85
687127.4699999997 9.01 25198.689999999995 4996.000000000004 96.42
680684.0699999991 13.55 23904.95 5743.5300000000025 97.18
685810.9799999993 7.43 24981.719999999994 4921.980000000003 87.09
684030.6599999991 8.6 24763.94 4851.5300000000025 75.21
683485.0799999997 11.53 24295.289999999994 6904.189999999999 88.37
685618.8499999995 8.82 25079.849999999995 4250.9800000000105 118.28
684527.2499999995 11.53 24579.59 5525.619999999995 92.54
687618.94 8.82 24687.339999999997 6036.4699999999975 75.81
685737.4900000002 11.58 23426.48 6826.799999999999 96.55
692463.8899999994 8.06 24616.52000000001 5527.32999999998 88.37
684703.7999999995 4.24 23564.209999999992 5865.500000000004 71.08
672764.0300000004 1.69 23530.779999999995 5719.850000000006 69.81
691935.1100000005 8.82 25122.199999999993 5812.870000000006 91.54
688026.7699999996 4.24 25162.379999999997 5003.140000000007 77.17
675758.6599999998 9.01 24509.089999999997 5527.43 73.48
693074.9299999995 11.53 24161.77 6873.8999999999905 91.54
695174.2899999997 9.01 23544.609999999997 7403.84 91.54
666311.8799999992 11.53 23560.589999999993 5418.990000000002 75.21
687016.4800000002 11.32 25079.59 6540.899999999998 81.43
679647.0699999998 1.52 23808.409999999996 5810.420000000002 69.81
674967.2699999992 13.55 23571.739999999998 7356.9000000000015 80.79
667925.5799999996 4.81 23327.239999999998 7470.840000000004 65.42
669936.7800000004 14.2 23772.599999999995 6758.460000000003 81.15
681232.1399999997 11.58 24482.86 5968.44000000001 122.59
675221.9999999987 9.95 24677.430000000004 5538.439999999991 78.29
680214.5499999999 9.01 24336.26 5647.149999999998 79.96
688611.61 11.58 24580.309999999994 6575.280000000006 126.38
683837.4799999996 12.6 23656.899999999994 6758.830000000002 80.79
692402.3699999993 9.01 25129.050000000003 4601.0799999999945 145.92
690245.0300000004 8.82 25358.079999999994 5711.100000000006 128.38
681294.7099999994 7.16 24922.079999999998 5359.62999999999 75.81
687881.7899999995 2.29 25427.289999999997 4540.420000000002 81.43
696265.8999999997 6.89 24597.97 7107.909999999993 115.25
686695.8499999995 11.53 23858.609999999993 6876.499999999996 88.37
670528.9299999994 8.82 24525.76 5249.379999999997 71.9
676743.5200000004 11.53 24562.809999999998 5300.230000000003 110.01
692600.2199999992 11.32 24438.49 6557.659999999996 75.21
692939.8499999994 9.01 23986.719999999994 7295.710000000006 88.37
690059.9999999995 4.55 25466.849999999995 5525.450000000004 87.5
690371.31 1.72 24241.290000000005 5952.48 72.27
673623.9499999998 8.82 24389.96 5291.130000000005 75.05
680569.6800000002 17.6 22427.810000000005 7469.909999999993 110.01
685195.55 11.53 23531.379999999997 6858.209999999999 88.37
676934.2199999992 11.53 24747.84 5314.240000000005 88.42
683850.0599999989 5.99 24503.219999999998 5345.270000000008 70.86
673141.8200000005 6.0 23625.189999999995 5907.520000000008 69.81
682576.25 11.58 23640.279999999995 6797.080000000009 80.39
693529.7700000001 1.52 24667.02 5368.69999999999 91.54
696477.020000001 0.7 24020.00999999999 7074.799999999999 92.64
684316.5799999991 9.01 25229.890000000007 5159.569999999989 81.43
672347.18 2.84 23963.059999999998 5706.529999999999 67.02
684333.1999999988 6.0 24559.059999999998 5495.870000000003 71.08
693333.8699999995 11.32 23709.48 7678.639999999996 88.37
683852.8999999996 4.19 25046.67 4809.57 72.27
692368.5399999989 7.43 25077.600000000002 5401.620000000003 99.79
676148.2900000004 9.01 24222.83999999999 7239.080000000009 74.57
692078.8499999995 8.82 24663.040000000005 5962.8299999999945 75.21
678202.7299999999 13.55 23962.890000000014 6535.819999999989 86.63
666027.5800000004 9.69 23700.11 6308.6500000000015 72.05
673282.2199999994 19.19 23116.03 9020.879999999997 73.99
694530.9899999994 7.43 24872.769999999997 5529.810000000001 84.85
676837.7300000001 12.6 24088.039999999994 6466.7900000000045 88.37
675922.5699999984 11.32 24590.439999999995 5002.980000000007 78.29
689653.3999999994 7.87 24839.16 6295.490000000002 78.5
688801.6599999986 2.53 25245.790000000005 4647.209999999985 76.66
676594.29 20.65 23721.219999999994 6365.930000000015 81.43
680158.2299999995 11.58 24910.919999999995 5539.240000000005 77.2
687176.5299999989 0.18 25310.799999999996 4375.14000000001 88.37
686708.7000000004 8.82 24533.81 5836.469999999994 77.2
694980.5299999999 6.32 24577.039999999997 5948.460000000003 126.38
687066.9499999993 12.6 23725.030000000002 6913.369999999988 79.21
681180.4600000001 11.58 23831.459999999992 6707.290000000012 69.35
671513.3899999997 2.84 24169.699999999993 5367.0400000000045 69.35
675225.0299999997 11.53 24540.510000000002 5097.229999999996 92.02
689784.6500000001 2.29 24905.049999999996 6380.729999999992 71.08
677567.8199999997 11.53 24949.5 4650.849999999991 113.29
676709.0999999997 11.58 24136.58 5522.889999999996 77.47
688319.7100000001 11.58 23847.61 6417.4699999999975 127.94
670187.9200000006 11.52 24219.620000000003 5153.0 72.27
676725.4599999996 13.57 23343.980000000007 8102.779999999988 78.29
677613.3899999999 8.82 24644.460000000003 5334.659999999996 77.2
684835.6899999995 13.55 23531.660000000003 7197.799999999996 97.43
677950.0199999993 8.82 25353.089999999997 5149.270000000008 122.59
678741.8099999998 12.91 23938.579999999994 7684.790000000012 69.35
666075.8899999999 5.57 20885.89 8827.770000000008 67.93
691096.6599999998 11.53 24557.739999999998 6001.429999999997 101.58
687500.8299999993 4.24 25269.949999999997 4957.989999999998 92.02
672350.1000000004 9.01 23697.17 6136.41 69.81
683885.98 13.56 22785.71 8957.689999999999 122.59
680759.9499999996 11.58 24122.070000000007 7369.799999999992 77.2
684818.5 11.32 25093.729999999996 5292.05000000001 80.12
667864.5400000006 12.81 23042.159999999996 6469.7199999999975 80.12
673959.6100000001 12.91 23248.679999999997 7480.860000000015 72.52
683108.3300000003 11.53 24716.569999999996 5971.489999999998 122.59
675519.1399999992 0.09 24190.070000000007 6539.119999999995 67.82
675239.2099999987 8.82 25044.660000000003 4026.7799999999916 88.42
663647.5000000006 9.69 23818.97 5702.299999999999 72.05
676523.8999999994 0.09 23758.429999999993 7012.87000000001 67.82
671426.6299999995 11.58 25015.21 4640.1700000000055 76.66
693016.4199999996 11.32 25051.2 5862.199999999997 96.55
671989.7999999995 8.82 24206.83 4865.3999999999905 72.52
690525.6999999997 6.0 25244.979999999996 5219.790000000001 91.54
680964.4500000003 6.0 24742.820000000003 5188.989999999994 72.27
693592.6900000008 8.82 24631.78 6330.950000000004 96.55
683882.6799999988 8.82 24494.56 5916.9699999999975 71.08
689312.6699999993 11.32 25037.65 4833.829999999998 96.42
693406.9799999996 11.32 24752.419999999995 6814.029999999999 173.21
679900.4099999998 13.57 23181.710000000003 8841.869999999988 78.29
692670.0399999992 11.53 25087.02 6037.829999999998 91.54
684547.3199999998 9.01 25217.42 5014.110000000001 96.42
679387.4099999997 4.19 24670.48 5064.43 71.08
696372.9799999993 2.02 24608.66 6904.569999999996 91.54
686798.5299999997 11.53 24037.72 7730.759999999998 80.79
690126.9699999994 8.6 25011.800000000003 5283.339999999993 141.62
675127.7499999999 15.13 23449.259999999995 8507.879999999997 73.99
686642.659999999 4.24 25335.190000000006 4553.549999999992 96.55
680219.6099999995 5.11 24674.68999999999 4464.760000000013 116.95
674701.4699999993 11.53 24530.39 5202.600000000002 81.43
669147.0600000006 14.04 23421.5 6781.859999999997 75.21
674636.6599999995 11.53 24816.48 4504.789999999997 80.12
692823.2300000001 1.52 24258.200000000008 7128.739999999983 71.9
686633.9200000003 6.89 24770.589999999997 5143.989999999998 75.21
686787.5500000009 11.58 23943.079999999994 7491.489999999998 91.54
688940.2099999988 4.24 24317.23999999999 5929.380000000016 71.08
683761.3599999988 11.32 25232.059999999998 4610.950000000001 80.12
688584.5699999997 12.6 23784.42 8038.839999999993 78.58
693289.8600000002 8.06 24609.720000000005 5803.199999999993 81.15
666354.6099999999 17.6 22948.739999999998 7163.200000000001 80.79
673847.2600000001 12.91 23633.46 7308.930000000011 71.8
693273.789999999 9.01 23955.550000000003 6874.719999999994 91.54
684745.6500000001 9.69 23863.319999999992 6362.269999999997 78.29
691217.8199999998 9.01 24873.979999999992 6401.180000000004 78.29
682353.7400000002 12.74 23654.07000000001 7400.459999999992 72.52
683627.0999999997 12.6 23683.21 7058.449999999993 72.52
669566.1499999994 11.53 24108.460000000006 6368.110000000001 69.81
680717.0400000006 9.42 23845.02 6712.320000000003 72.52
671967.6100000001 14.01 24397.95 4922.709999999999 80.79
674722.3699999998 3.25 23300.949999999997 7259.209999999999 68.55
684654.7699999993 11.53 24390.2 5593.580000000002 91.54
680498.76 11.53 24505.149999999994 5721.459999999999 91.54
673882.8099999998 7.28 24885.709999999995 4248.430000000004 71.08
673196.7100000004 9.69 22927.539999999997 6197.1100000000115 69.81
692071.9699999999 11.32 25100.22 5610.359999999997 88.37
677200.4800000003 20.65 24026.039999999997 6793.010000000013 81.43
681149.7399999988 8.97 25267.410000000003 4935.609999999997 88.42
692308.1899999997 11.32 24898.210000000003 5156.499999999993 80.12
676422.0600000005 8.82 24041.73 5393.2199999999975 72.27
684567.6899999995 12.6 24476.93 5305.400000000005 91.54
694253.23 11.53 23116.920000000002 8455.649999999994 148.07
677524.4199999993 11.53 25061.739999999998 5415.980000000007 88.42
684563.8999999998 7.43 24406.749999999993 5879.200000000008 72.99
671255.5599999995 8.82 24520.329999999994 4781.889999999999 69.35
674536.33 11.58 24354.100000000002 5249.389999999992 77.47
674676.7799999987 8.82 25221.069999999996 4277.370000000006 88.42
687366.1599999993 11.53 24372.37 5889.630000000005 91.54
695001.4299999995 0.43 24233.229999999992 6838.090000000004 84.29
687566.1900000002 11.32 25113.77000000001 4542.239999999983 88.37
680919.3199999997 13.55 23824.250000000007 6516.349999999991 97.43
677244.6599999996 8.82 24530.870000000003 6307.050000000003 71.9
671992.1399999995 12.6 23832.220000000005 5657.450000000001 83.04
693507.269999999 11.32 23708.29999999999 6882.28000000001 76.1
665270.7600000007 14.39 24004.989999999998 5373.649999999994 90.79
683509.9999999999 11.53 23648.74 6353.41 80.12
684688.3499999989 5.81 24453.879999999997 6124.0300000000025 71.9
686499.8999999993 4.19 24771.34 4935.439999999999 75.21
695533.5099999995 6.89 24057.599999999995 8476.949999999997 81.15
668516.4599999997 15.13 22906.589999999993 8171.269999999997 75.81
673376.19 15.65 24028.890000000003 5920.2099999999955 88.37
676668.2400000002 18.89 22025.860000000008 8512.83999999999 80.12
679582.1999999989 8.82 24513.62999999999 4724.300000000014 76.66
683422.5899999993 4.19 24588.269999999997 4890.580000000002 71.8
681271.3600000002 13.55 23848.340000000004 7100.299999999999 96.55
685685.7099999996 4.19 24996.020000000004 4367.03999999999 72.27
674231.85 8.82 24249.44 5101.769999999997 72.52
692875.2899999999 9.01 24248.749999999996 7818.810000000001 91.54
694114.77 0.7 24943.710000000006 6792.529999999992 84.85
690264.9200000002 1.72 24790.81 5529.369999999995 72.27
695391.8599999993 11.32 23904.71 7097.970000000001 173.21
673480.6199999994 9.42 24129.949999999997 5953.730000000007 71.08
693576.3299999991 6.7 25353.969999999998 5448.279999999999 81.43
685892.3900000002 11.58 24945.089999999997 7179.84 91.54
694375.6600000001 8.82 24906.06 6359.189999999999 75.21
682818.5399999999 11.53 25059.409999999996 5831.269999999997 74.62
683784.7800000001 12.51 24026.739999999998 7499.309999999994 73.99
675514.7299999999 11.32 24042.239999999998 6533.250000000004 72.27
