15718.0 0.0 367.0 68.0 0.0
15711.0 0.0 364.0 61.0 0.0
15315.0 0.0 357.0 59.0 0.0
15682.0 0.0 365.0 66.0 0.0
15822.0 0.0 363.0 71.0 0.0
15164.0 0.0 359.0 45.0 0.0
15719.0 0.0 362.0 60.0 0.0
15825.0 0.0 361.0 75.0 0.0
15773.0 0.0 359.0 61.0 0.0
15286.0 0.0 353.0 55.0 0.0
15806.0 0.0 363.0 63.0 0.0
15176.0 0.0 358.0 44.0 0.0
15267.0 0.0 357.0 52.0 0.0
15230.0 0.0 358.0 48.0 0.0
15236.0 0.0 358.0 49.0 0.0
15681.0 0.0 363.0 60.0 0.0
15186.0 0.0 356.0 45.0 0.0
15271.0 0.0 356.0 52.0 0.0
15308.0 0.0 354.0 58.0 0.0
15191.0 0.0 358.0 46.0 0.0
15272.0 0.0 356.0 55.0 0.0
15825.0 0.0 360.0 74.0 0.0
15282.0 0.0 354.0 55.0 0.0
15287.0 0.0 355.0 56.0 0.0
15236.0 0.0 359.0 50.0 0.0
15243.0 0.0 358.0 53.0 0.0
15818.0 0.0 364.0 69.0 0.0
15218.0 0.0 360.0 47.0 0.0
15829.0 0.0 358.0 71.0 0.0
