6739.478 146.97495 1352.4124 343.9076 177.58713
7068.2676 142.46544 1494.2415 169.78296 173.22226
6821.5146 144.94162 1430.7949 202.44788 174.63663
6678.761 140.39668 1425.8622 145.82251 185.48758
6915.269 147.8012 1406.4211 220.35876 178.8012
6743.4756 149.0019 1379.6135 224.25464 186.10509
6444.7593 132.8682 1352.2776 165.45361 178.92505
6629.7607 140.39668 1403.1168 166.2229 178.8012
6701.8457 140.39668 1425.1632 152.64221 185.4951
7064.915 146.97495 1411.0542 306.09985 178.64627
6756.1216 149.20753 1401.5791 202.47412 186.13098
6913.2666 132.8682 1444.963 151.3778 180.18295
6882.035 144.94162 1438.9999 209.59998 178.8012
6755.985 149.0019 1377.9174 229.12231 178.8012
