15053.59 3.27414 490.4927 212.56229 10.47998
14731.472 3.5 480.17038 234.22647 10.13805
14942.009 3.5 476.61075 222.91672 10.20294
14115.238 3.82361 491.1156 180.49579 10.35712
15706.302 3.27414 504.3835 198.21957 10.58017
15104.086 3.28024 498.26923 189.18335 10.85219
15405.096 3.85746 488.74484 207.86905 10.85403
15071.906 3.5 502.53522 177.67236 11.34901
15250.271 3.28024 514.4517 212.43481 10.61791
15094.57 3.5 491.0469 194.27225 10.61226
15457.401 3.43948 497.24426 197.64484 10.51998
15107.565 3.58887 510.39325 184.61224 10.86554
15025.5625 3.88716 512.4814 158.28857 10.5622
15648.8545 3.82361 505.92896 198.93915 10.56409
15191.031 3.43948 491.24213 195.5719 11.10901
15379.505 3.27414 498.8276 285.24954 10.49143
14989.606 3.60139 497.44513 176.48834 10.3465
15607.835 3.43948 513.1078 225.18958 11.84652
