104512.79 82.51218 4675.7275 1802.1191 142.04971
111375.086 84.32993 4744.514 2139.3599 146.12917
109025.13 82.51218 4747.7866 1816.2734 146.00975
108699.1 82.51218 4807.6772 2037.706 144.98566
105991.26 84.32993 4635.2876 2180.8247 140.93779
111974.54 82.51218 4866.082 2101.5527 147.21472
107675.586 84.32993 4682.0693 2049.5225 146.48795
109694.25 82.51218 4978.747 1889.2695 147.87022
109882.14 84.32993 4806.776 2055.9497 146.00975
110454.96 84.32993 4701.759 1986.957 147.93602
110584.87 82.51218 4820.883 1948.4902 148.33984
104424.77 84.32993 4685.8887 1877.4263 144.98566
106754.56 82.51218 4707.0503 1874.9019 142.94437
116685.836 88.37653 5372.8228 1596.7803 148.76729
