5962.8613 0.0 191.72998 88.53006 0.99
6015.32 0.0 189.02998 91.96001 0.92
5662.8823 0.0 182.29001 94.839966 0.9
6014.4487 0.0 193.16002 73.90999 1.1
6041.1626 0.0 189.82999 102.76996 1.1
5842.969 0.0 191.28998 78.140015 1.04
5759.8706 0.0 199.81999 67.79997 1.37
6081.553 0.0 192.77002 82.60004 1.27
5667.7637 0.0 185.87997 77.660034 1.06
5697.2437 0.0 183.51001 85.58002 0.98
6128.6064 0.0 184.98004 118.03998 0.88
6186.2744 0.0 197.56001 113.52998 1.22
5990.559 0.0 193.69 79.620026 1.48
6089.761 0.0 192.30002 102.559906 1.31
6165.498 0.0 189.14 100.52998 1.08
5648.2373 0.0 183.70003 127.249985 0.81
5905.8076 0.0 193.92 86.55998 1.2
6165.993 0.0 194.73 93.030014 1.39
5924.091 0.0 194.70001 90.900024 1.04
6096.74 0.0 177.44006 107.01993 1.06
5895.063 0.0 197.37004 92.01991 1.2
5828.412 0.0 193.59999 74.53999 1.23
5766.0195 0.0 199.31998 92.96002 1.24
6132.4717 0.0 183.66002 114.219955 1.06
5901.5625 0.0 193.43004 73.77998 1.25
5906.95 0.0 191.45003 101.77992 0.84
6223.179 0.0 172.21 123.69002 1.08
6041.5747 0.0 197.71999 97.62001 1.33
6083.1074 0.0 187.52003 100.40996 1.29
6029.8154 0.0 190.97 86.34003 1.08
5655.583 0.0 182.31999 89.61003 0.91
5989.0093 0.0 187.96002 90.47998 1.07
