-7368.5903	-98.18858	-1378.9336	201.27649	169.61732
-7834.8687	-114.04081	-1459.6953	246.4397	171.00215
-8254.577	-117.95741	-1526.7139	257.78015	190.96277
-7917.2207	-122.74532	-1507.3558	125.50525	180.53769
-8130.5605	-105.7589	-1563.043	133.72034	179.65944
-7698.1045	-117.31287	-1446.7795	225.6272	166.16057
-7712.98	-115.43201	-1419.8048	294.78064	168.74152
-7927.42	-125.33687	-1485.3662	219.57959	181.85591
-8101.765	-101.65858	-1453.0999	314.69824	170.58655
-7907.9443	-119.51914	-1435.6882	329.57214	174.13965
-8018.392	-120.20812	-1513.0052	286.67798	174.38966
-8074.0635	-116.54308	-1539.677	149.1211	175.64316
-7865.656	-113.47651	-1454.8442	238.95569	158.69907
-7971.0825	-117.43425	-1400.776	330.94397	172.61325
-7777.906	-87.04281	-1454.3297	191.12927	171.17642
-8110.055	-99.93108	-1514.8091	181.7876	178.77855
-7864.4224	-100.8534	-1465.9667	226.70837	174.33441
-7857.54	-114.42865	-1503.1095	110.24011	172.24133
-8277.194	-119.51914	-1515.6771	339.2234	178.41022
-7716.273	-117.89206	-1397.8604	261.38367	165.91383
-7974.142	-97.2794	-1481.4418	326.1046	165.73422
