-2346.1614	-115.57811	-729.6104	99.85651	132.58665
-2328.6772	-115.57811	-735.78125	73.77661	138.44269
-2374.5706	-115.57811	-705.9023	155.85718	141.57878
-2300.0986	-126.59215	-719.0176	73.16193	141.57878
-2345.957	-118.02769	-718.3191	103.41644	127.62217
-2241.243	-124.596	-703.94196	71.53754	126.59215
-2278.0762	-118.02769	-724.48987	86.438965	141.7358
-2337.254	-124.596	-732.08136	101.03558	145.91046
-2365.0952	-126.59215	-720.87897	132.26086	141.57878
-2341.14	-122.65338	-736.3255	118.401794	141.57878
-2138.77	-115.57811	-674.38135	70.60083	153.25505
-2367.1382	-115.57811	-707.4813	130.76752	141.57878
