831.37427 107.17459 398.48505 32.958313 111.59927
872.8634 127.06961 410.98648 70.016815 127.34239
791.19763 104.8258 391.19904 12.16864 104.6066
872.8634 127.06961 410.98648 70.016846 113.80575
875.7733 112.16711 418.31055 41.470764 108.74766
810.838 113.80575 376.31094 64.19412 108.7458
813.5233 98.73409 363.66116 76.548584 96.66178
694.4905 96.66178 310.3681 68.29675 99.74776
817.1001 98.73409 359.63736 95.04788 105.11211
791.464 120.02276 384.81323 23.622711 104.8258
667.65045 70.99504 293.59192 69.780334 92.96057
654.1298 101.21852 319.0713 11.524933 115.79839
737.87384 99.04942 357.30957 39.942596 103.83735
858.17017 112.16711 408.30804 36.99774 137.44809
744.8101 113.80575 360.30164 22.214142 115.79839
