2896.7969 154.18167 925.3833 140.79028 168.82925
3094.608 180.10432 945.85785 144.73248 174.07896
2621.346 136.27896 848.97363 64.51062 168.37735
3034.4988 158.15666 913.1904 183.18225 168.23352
2688.5488 147.3938 858.6562 66.96564 168.37735
2980.117 151.26845 921.8786 143.65753 174.07896
3083.7441 147.01022 946.01636 160.21106 168.37735
3103.8845 171.11234 954.43726 199.20862 175.56256
3074.1243 167.80708 961.1749 185.15112 166.57277
2888.6938 162.88988 887.2618 162.19073 156.26208
2353.4846 121.80664 718.0503 145.30536 154.21739
2682.8247 158.76811 857.02966 72.41797 159.09889
2919.1619 171.10156 916.5185 105.409485 167.80708
2951.5947 175.56256 944.3905 77.99176 172.59387
2528.275 128.99133 773.6075 179.10004 152.8547
2797.4724 163.04944 891.1162 86.50421 158.81538
2518.4275 142.98468 790.9388 88.26068 158.69536
3113.1028 172.59387 963.65607 142.24323 176.18057
3084.1665 139.48946 946.4388 168.6463 171.11234
3032.61 162.65744 919.6614 146.73279 170.29402
2935.6746 161.09023 917.1938 183.43243 167.80708
2979.4453 161.09023 926.0619 237.10681 162.65744
2693.3784 136.27896 854.12415 67.205444 163.81062
2810.8228 149.47963 904.041 76.88904 167.80708
2896.8774 167.80708 894.14667 127.888855 162.17918
2994.1138 148.9879 945.82556 103.957275 175.56256
2973.103 151.26845 943.947 110.26965 174.51805
2964.7898 147.01022 912.9873 144.98474 168.37735
3058.8047 175.56256 909.3578 202.55688 172.59387
2706.1663 151.46977 843.8103 104.05438 154.37988
2711.4524 151.73593 860.0189 157.83868 154.37988
2730.5986 144.3241 859.43494 186.18018 154.37988
3069.8975 172.59387 937.47034 133.45532 180.44133
3094.7896 170.43655 946.03955 150.80249 175.56256
2554.2764 142.96455 823.86066 79.97095 158.76811
2535.4668 139.48946 805.4464 68.6452 165.63431
2808.745 148.9879 900.79645 124.25885 163.04944
2465.525 142.96455 790.1484 60.91858 162.88988
2427.7012 137.60101 784.78485 42.6875 162.88988
3058.805 175.56256 909.3577 202.55695 172.59387
3060.5088 139.48946 931.12775 206.68964 165.63431
3066.7078 170.29402 953.75903 134.22827 175.56256
