20506.0 0.0 417.0 111.0 0.0
20166.0 0.0 421.0 61.0 0.0
20187.0 0.0 418.0 61.0 0.0
20337.0 0.0 422.0 73.0 0.0
20391.0 0.0 421.0 82.0 0.0
20383.0 0.0 419.0 80.0 0.0
20374.0 0.0 423.0 81.0 0.0
20360.0 0.0 428.0 77.0 0.0
20352.0 0.0 427.0 75.0 0.0
20368.0 0.0 426.0 81.0 0.0
20377.0 0.0 422.0 77.0 0.0
20366.0 0.0 423.0 74.0 0.0
20329.0 0.0 425.0 68.0 0.0
20331.0 0.0 419.0 71.0 0.0
20327.0 0.0 423.0 67.0 0.0
20302.0 0.0 423.0 62.0 0.0
20264.0 0.0 424.0 66.0 0.0
20245.0 0.0 424.0 64.0 0.0
20244.0 0.0 425.0 67.0 0.0
20232.0 0.0 425.0 64.0 0.0
20231.0 0.0 426.0 63.0 0.0
20182.0 0.0 426.0 62.0 0.0
20161.0 0.0 422.0 61.0 0.0
20128.0 0.0 421.0 58.0 0.0
20447.0 0.0 409.0 85.0 0.0
20431.0 0.0 416.0 80.0 0.0
20430.0 0.0 414.0 78.0 0.0
20443.0 0.0 415.0 81.0 0.0
20422.0 0.0 415.0 76.0 0.0
20368.0 0.0 414.0 75.0 0.0
20352.0 0.0 416.0 73.0 0.0
20440.0 0.0 423.0 87.0 0.0
20431.0 0.0 419.0 84.0 0.0
20452.0 0.0 422.0 87.0 0.0
20483.0 0.0 414.0 102.0 0.0
20479.0 0.0 417.0 101.0 0.0
20477.0 0.0 421.0 88.0 0.0
20468.0 0.0 422.0 89.0 0.0
20439.0 0.0 424.0 86.0 0.0
