16086.0 0.0 363.0 85.0 0.0
16001.0 0.0 363.0 80.0 0.0
15972.0 0.0 362.0 77.0 0.0
15955.0 0.0 361.0 74.0 0.0
16032.0 0.0 359.0 81.0 0.0
16017.0 0.0 360.0 76.0 0.0
15967.0 0.0 359.0 74.0 0.0
15940.0 0.0 360.0 72.0 0.0
15911.0 0.0 359.0 70.0 0.0
15877.0 0.0 361.0 69.0 0.0
15809.0 0.0 361.0 67.0 0.0
15838.0 0.0 366.0 75.0 0.0
15895.0 0.0 365.0 74.0 0.0
15874.0 0.0 363.0 71.0 0.0
15872.0 0.0 365.0 69.0 0.0
15883.0 0.0 363.0 73.0 0.0
15833.0 0.0 361.0 68.0 0.0
15802.0 0.0 365.0 64.0 0.0
15781.0 0.0 367.0 59.0 0.0
15771.0 0.0 367.0 58.0 0.0
15792.0 0.0 363.0 62.0 0.0
15747.0 0.0 368.0 62.0 1.0
15724.0 0.0 368.0 64.0 0.0
15738.0 0.0 369.0 70.0 0.0
