34016.71 59.88533 2600.1191 550.2622 76.75111
34018.47 59.88533 2614.031 521.5979 89.72325
34051.734 59.88533 2601.1067 587.2549 80.25228
34073.324 59.88533 2622.686 574.0996 89.72325
34051.742 59.88533 2601.1064 587.2549 80.25228
34020.688 54.3203 2627.8352 590.9116 89.72325
34073.316 59.88533 2622.686 574.09937 89.72325
33937.59 59.88533 2580.6465 590.9487 74.12405
34018.473 59.88533 2614.0308 521.59814 80.25228
33634.945 65.69004 2588.9507 529.1819 85.2095
33369.777 70.75626 2523.1912 618.9204 89.87119
33050.887 70.75626 2503.871 605.2754 76.75111
33680.543 68.89751 2590.0535 564.3877 80.27926
33778.48 59.90779 2567.4775 579.053 89.87119
33551.25 68.15492 2529.302 561.2727 65.41608
33174.895 68.15492 2509.9822 547.62744 65.41608
33634.945 65.69004 2588.9504 529.1826 65.34835
33191.395 68.89751 2518.0977 533.6074 80.27926
33369.766 70.75626 2523.191 618.92065 80.25228
33551.242 68.15492 2529.3022 561.2722 76.75111
33174.9 68.15492 2509.982 547.6279 65.41608
33561.707 70.75626 2516.5415 638.05566 68.89751
33595.914 68.15492 2512.5698 592.0029 65.41608
32962.926 68.89751 2480.619 569.7395 70.75626
33680.56 68.89751 2590.0537 564.38745 104.28301
33967.945 54.3203 2593.351 595.9724 69.34026
33967.957 54.3203 2593.351 595.97266 74.12405
33863.42 59.90779 2527.1218 651.2434 82.24304
33681.742 65.34835 2582.786 556.90356 80.27926
33712.97 65.69004 2582.362 567.8469 80.25228
33979.613 59.88533 2576.6323 605.4824 74.12405
33773.473 59.90779 2556.3303 620.9243 79.81705
33612.348 65.34835 2576.1892 527.1914 85.2095
33770.066 59.90779 2554.7158 577.06274 80.27926
33814.055 59.90779 2554.292 588.0061 95.81112
33675.836 65.34835 2576.886 566.02563 78.22947
33829.598 59.90779 2572.287 605.0149 89.87119
33612.35 65.34835 2576.189 527.19214 80.25228
33735.96 68.89751 2583.252 577.9778 74.12405
33874.96 59.90779 2566.1929 648.28345 89.72325
33683.52 68.89751 2573.4463 573.78564 74.12405
33344.24 68.89751 2569.2866 544.98047 74.12405
33675.84 65.34835 2576.8855 566.0261 78.22947
33672.785 59.90779 2514.6792 632.0073 68.89751
33833.02 59.90779 2578.864 621.61426 103.803
