3839.1616 147.03775 1054.0359 90.63855 151.80461
3522.307 140.65865 926.71344 157.37433 142.87265
3815.1104 138.8136 1074.1411 34.680542 152.81738
3873.5117 142.87265 1087.6736 59.97461 151.80461
3587.563 129.4343 917.4139 175.64484 145.04329
3810.6733 148.66559 1041.6564 99.04138 152.81738
3493.9255 129.10553 921.9762 143.85754 142.98242
3499.1758 148.47684 969.3274 79.26697 151.80461
3818.4702 139.43135 1058.8429 51.705566 156.0786
3853.147 117.03864 1077.7528 46.427002 159.20638
3710.4954 126.97279 947.8762 208.7893 143.8985
3738.223 150.77475 1001.2077 119.64667 156.50897
3389.2021 129.4343 897.9496 112.45923 142.87265
3746.7576 148.66559 1033.0168 88.74072 156.50897
3738.7505 151.80461 971.41156 158.30219 146.81595
3751.9954 156.002 983.73883 126.90277 162.2125
3608.0 145.20337 1000.8666 52.96411 159.2542
3636.3926 142.98242 988.9278 96.21295 145.20337
3674.9565 152.81738 981.01746 113.09021 149.62454
3550.7056 142.98242 983.0427 64.688354 147.04594
3541.537 145.20337 914.06085 149.9284 144.08519
3700.6355 152.403 1020.8323 82.01465 148.66559
3507.628 142.29216 921.4061 167.26746 142.87265
3736.431 152.81738 1015.5254 81.521484 163.48923
3508.224 146.51575 961.33093 77.01111 152.81738
3756.782 146.81595 1008.7202 127.58179 149.62454
3723.26 145.20337 1019.5646 98.2301 145.62318
3530.567 129.4343 940.03455 153.19824 142.87265
3545.003 117.03864 972.4247 88.9884 145.04329
3807.717 142.87265 1064.6421 50.80835 149.33876
3682.4937 145.20337 1016.30524 54.792908 152.81738
3682.4937 145.20337 1016.3053 54.792847 159.20638
3873.512 142.87265 1087.6736 59.97473 163.9469
3849.7686 116.11183 1064.8932 81.59631 149.62454
3853.1472 117.03864 1077.7528 46.427124 159.20638
3206.864 120.82671 884.4718 57.506714 145.20337
3817.6714 142.87265 1055.052 59.09546 145.20337
3862.8057 116.11183 1064.7433 82.03296 149.62454
3775.9714 146.81595 1023.31305 80.69672 152.81738
3623.4133 139.43135 917.2617 218.4436 142.87265
3547.134 129.4343 909.26556 185.27594 143.31894
3787.1538 151.80461 1018.8965 132.39941 156.50897
3834.5012 142.87265 1074.8741 62.33264 149.62454
3713.97 149.62454 1017.26953 109.65381 154.6745
3727.8943 152.81738 1022.0068 77.733826 156.50897
3744.4097 145.62318 1008.8005 146.09686 145.20337
3773.0247 149.62454 1004.76807 107.8042 156.002
3620.8315 145.20337 1007.2826 72.023315 148.47684
3524.1382 129.4343 914.09314 139.62695 142.87265
3584.7173 144.08519 957.24097 107.614136 145.20337
3747.7097 145.62318 1005.03107 153.16559 145.62318
3762.0667 146.81595 1046.3826 57.786133 153.6638
3724.1492 146.81595 1013.0764 77.58325 149.62454
3739.7134 149.62454 998.2867 117.7005 153.6638
3762.0667 146.81595 1046.3826 57.78601 163.9469
3724.1497 146.81595 1013.07635 77.58331 149.62454
