3103.042 148.9879 956.86646 133.40808 176.18057
3060.425 139.48946 931.0442 168.5404 161.11539
3077.3848 139.48946 948.00366 195.52112 167.80708
2670.42 145.97743 869.7038 63.221558 168.82925
3003.0076 151.46977 962.63696 66.674805 175.56256
3064.936 158.15666 915.48914 175.9729 168.23352
2635.1184 145.34834 835.76526 67.41345 160.57045
3078.5273 151.46977 940.7995 123.35712 171.11234
3105.7502 139.48946 957.0004 153.00323 170.43655
2725.946 130.75081 870.43414 65.84967 168.82925
3001.103 172.59387 947.4372 99.121155 176.18057
3025.2668 151.46977 963.86084 114.60901 168.37735
2969.1428 171.11234 932.8626 95.11676 156.6483
2992.7886 170.43655 905.8954 185.20276 166.57277
3005.357 172.59387 929.52405 113.83264 180.44133
3036.6387 175.56256 933.2562 114.185425 174.07896
2797.4724 163.04944 891.1162 86.50421 158.81538
2921.7202 170.29402 934.9211 80.28735 180.44133
3094.608 180.10432 945.85785 144.73248 174.07896
2787.8943 159.61903 877.7029 143.99207 154.75227
2632.8037 142.96455 853.4342 51.81256 166.75435
3069.8975 172.59387 937.47034 133.45532 180.44133
2930.6995 175.56256 927.969 87.79498 167.80708
2941.651 174.51805 903.1519 122.47162 160.57045
2998.4568 165.63431 911.5634 157.29315 170.43655
2888.6938 162.88988 887.2618 162.19073 156.26208
2645.7524 159.09889 847.2359 74.27008 166.54193
2935.3582 175.56256 916.8224 101.75342 171.11234
2966.1443 163.30281 960.7988 68.98901 175.56256
3021.6199 161.11539 939.7839 186.10431 165.63431
3005.5393 163.30281 960.47156 74.55469 175.56256
2996.75 164.64369 904.2237 194.216 164.89452
2537.0063 138.81528 820.92633 48.551758 164.51193
2263.4214 124.499 747.8047 11.243713 180.50923
2464.3103 148.06262 799.7651 48.73578 162.17918
3094.0125 145.06038 944.56555 133.8003 162.65744
3123.7302 148.9879 974.283 162.51996 175.56256
2506.4006 143.11327 809.40967 49.18152 173.82625
3131.7378 148.9879 982.9878 116.92871 180.10432
3073.7097 152.81651 967.9088 136.85645 167.80708
3098.2644 146.42358 948.8175 130.9115 175.56256
3113.1035 172.59387 963.6561 142.24316 175.56256
3074.1238 167.80708 961.1749 185.15112 166.57277
3087.1423 151.46977 949.41455 140.27124 175.56256
2952.1777 156.6483 946.8326 83.52655 162.17918
2976.1309 148.9879 952.2433 124.59338 166.75435
3074.124 167.80708 961.17487 185.15118 166.57277
3004.1384 152.48749 854.69135 243.12604 164.93126
2798.6948 172.16602 894.8408 79.11896 160.57045
2831.414 171.10156 926.32666 49.801575 171.11234
3082.8674 168.37735 961.55853 158.9477 174.07896
2816.6296 171.10156 919.3959 41.947876 176.18057
2613.7468 141.41768 814.3934 109.11743 152.65053
2989.507 168.37735 925.55804 139.42767 163.04944
3082.3145 139.48946 949.8872 140.18372 170.43655
2975.004 165.63431 926.924 121.12604 170.43655
2503.2886 142.96455 822.21356 21.353699 148.22198
2619.5608 145.06038 808.35675 130.12927 153.60292
2638.6416 158.76811 844.1106 60.462585 162.45137
2533.0715 140.95613 814.78827 56.08783 159.08867
3005.3484 161.11539 923.512 155.49713 170.29402
3062.078 180.30351 958.6957 126.65613 174.07896
2721.469 159.09889 866.28485 73.89447 168.37735
2704.9915 145.06038 844.02856 127.25537 155.03871
2982.9194 170.43655 957.14246 82.81384 172.59387
2991.9878 156.6483 948.2642 96.49432 171.11234
2683.4565 158.87866 843.412 79.86487 158.76811
2751.674 149.79512 874.5582 73.217285 158.76811
2599.576 128.99133 788.2561 160.52759 151.68239
2699.0205 138.81528 820.7179 162.22253 154.11949
2629.8696 159.09889 848.5798 65.3443 169.51671
2701.2344 142.96455 875.285 64.54602 168.37735
3026.4026 161.11539 939.5094 160.30627 170.43655
3058.805 175.56256 909.3578 202.55688 172.59387
2568.77 135.1452 833.5932 55.235657 159.09889
2580.9688 135.1452 846.0764 38.340515 168.37735
2611.2458 159.09889 838.95435 63.95813 168.37735
3036.6384 175.56256 933.2563 114.18536 180.30351
2473.577 145.97743 789.94836 65.93298 159.09889
2983.0715 158.76811 850.6443 224.6101 162.12308
