9080.836 82.88181 1443.0432 187.56665 101.89092
8895.199 46.09102 1436.6565 127.224976 108.3306
8787.668 59.5564 1417.6768 108.43042 100.28615
8912.46 59.5564 1430.6193 137.58643 103.77537
9077.795 82.88181 1451.3584 185.41565 116.14337
9077.795 82.88181 1451.3583 185.4159 101.89092
9040.445 82.88181 1447.8345 184.13464 102.57836
9065.29 82.88181 1454.1255 161.42493 103.77537
9027.613 59.42687 1438.3192 169.06885 102.20926
8556.23 79.88229 1311.521 162.6272 91.83954
8619.595 102.57836 1266.5278 285.55518 97.07841
9017.332 100.28615 1431.9867 204.36633 91.96045
8884.065 102.20926 1374.6411 224.21826 116.14337
8401.562 83.68812 1209.665 233.69238 91.83954
9047.101 100.28615 1433.3215 218.09119 91.96045
8938.766 101.66351 1437.163 162.90393 91.96045
8857.988 102.20926 1369.3407 225.57458 92.7333
8569.242 89.65701 1263.3538 277.8833 88.20019
8719.346 101.89092 1263.561 317.583 91.08211
9047.1 100.28615 1433.3215 218.09106 101.89092
8658.77 68.00309 1237.315 345.30957 89.90467
9027.1 82.88181 1460.9701 147.1112 100.28615
8763.597 77.65333 1393.6051 122.43823 100.28615
9055.096 92.39416 1439.1804 188.01721 91.96045
9050.299 59.5564 1434.3832 176.1383 101.89092
8992.841 92.39416 1448.19 145.87512 97.6226
8967.659 59.5564 1427.3295 145.1499 112.0324
8601.285 79.88229 1356.5762 140.41846 117.85493
8537.981 86.14455 1355.9308 128.18848 104.55863
8571.057 83.89146 1284.9985 280.01343 89.51116
8637.403 101.89092 1233.9774 310.8805 91.08211
8638.252 76.00563 1299.8606 261.3169 89.90467
8974.141 101.66351 1447.7534 167.37305 91.96045
