20491.0 0.0 397.0 95.0 0.0
20507.0 0.0 419.0 102.0 0.0
20492.0 0.0 422.0 110.0 0.0
20482.0 0.0 421.0 105.0 0.0
20415.0 0.0 423.0 81.0 0.0
20396.0 0.0 423.0 79.0 0.0
20476.0 0.0 419.0 81.0 0.0
20275.0 0.0 424.0 66.0 0.0
20416.0 0.0 424.0 93.0 0.0
20417.0 0.0 424.0 96.0 0.0
20423.0 0.0 423.0 95.0 0.0
20436.0 0.0 423.0 97.0 0.0
20483.0 0.0 416.0 83.0 0.0
20416.0 0.0 419.0 66.0 0.0
20457.0 0.0 422.0 109.0 0.0
20462.0 0.0 416.0 72.0 0.0
20458.0 0.0 417.0 72.0 0.0
20425.0 0.0 426.0 97.0 0.0
20442.0 0.0 424.0 102.0 0.0
20472.0 0.0 420.0 73.0 0.0
20455.0 0.0 421.0 71.0 0.0
20431.0 0.0 419.0 68.0 0.0
20443.0 0.0 424.0 107.0 0.0
20240.0 0.0 424.0 62.0 0.0
20430.0 0.0 422.0 67.0 0.0
20382.0 0.0 420.0 66.0 0.0
20365.0 0.0 419.0 64.0 0.0
20447.0 0.0 425.0 116.0 0.0
20436.0 0.0 425.0 114.0 0.0
20464.0 0.0 424.0 118.0 0.0
20465.0 0.0 423.0 116.0 0.0
20375.0 0.0 420.0 65.0 0.0
20458.0 0.0 423.0 112.0 0.0
20365.0 0.0 421.0 65.0 0.0
20267.0 0.0 419.0 60.0 0.0
20234.0 0.0 423.0 57.0 0.0
20236.0 0.0 420.0 61.0 0.0
20368.0 0.0 423.0 66.0 0.0
20377.0 0.0 421.0 66.0 0.0
20341.0 0.0 420.0 62.0 0.0
20357.0 0.0 421.0 63.0 0.0
20339.0 0.0 422.0 64.0 0.0
20330.0 0.0 423.0 62.0 0.0
20344.0 0.0 424.0 68.0 0.0
