3466.1348 123.55983 976.4164 49.13098 146.695
3703.4116 123.55983 1031.5105 50.475098 148.66559
3598.57 147.03775 995.60266 64.21838 151.80461
3508.01 109.15797 965.6384 89.796265 138.49104
3593.383 120.12996 961.586 139.67657 138.49104
3496.0527 132.29478 952.0057 122.526184 138.49104
3508.0098 109.15797 965.6384 89.79614 138.49104
3446.3103 132.54417 944.31616 78.24426 138.49104
3489.9695 133.75209 976.88104 59.56366 142.29216
3655.2974 139.43135 1015.1389 53.548218 146.76599
3834.5017 142.87265 1074.8741 62.33264 149.62454
3818.4705 139.43135 1058.843 51.705444 156.0786
3747.8328 147.03775 983.4198 133.78247 143.8985
3597.4338 143.8985 931.3232 168.35785 140.76094
3744.41 145.62318 1008.8005 146.09674 145.20337
3747.7095 145.62318 1005.03107 153.16559 145.20337
3775.9717 146.81595 1023.31305 80.69672 156.50897
3736.4312 152.81738 1015.5254 81.521484 149.62454
3849.7686 116.11183 1064.8932 81.59631 149.62454
3573.2754 140.6333 973.71484 91.06018 142.25969
3585.3567 109.15797 991.7631 102.47699 140.76094
3724.1497 146.81595 1013.0764 77.58325 149.62454
3755.141 146.81595 1020.05664 95.70007 149.62454
3532.8481 144.64003 991.3505 35.795837 159.20638
3690.4978 138.8136 1038.2661 57.168335 147.34499
3639.48 138.8136 1025.401 23.34314 151.80461
3625.711 145.20337 1018.8856 39.005737 151.80461
3775.9717 146.81595 1023.3131 80.69653 159.20638
3570.9087 145.62318 983.598 93.10254 139.22101
3688.0696 145.20337 1034.499 40.021362 148.47684
3573.2754 140.6333 973.71484 91.0603 140.76094
3514.5354 149.62454 975.8238 60.521545 156.50897
3499.1763 148.47684 969.32745 79.26691 148.47684
3598.5703 147.03775 995.60266 64.218506 151.80461
3528.68 148.47684 971.08984 80.743164 148.66559
3606.651 146.81595 999.5175 69.188416 149.62454
3565.9897 145.20337 1002.0764 36.08728 168.49016
3687.1099 142.87265 969.3147 142.55933 140.76094
3515.1025 139.43135 983.3904 37.07312 148.52585
3565.8623 142.87265 975.7329 87.34338 140.76094
3472.6729 137.05473 964.11816 62.774414 141.86374
3379.4272 133.75209 933.6466 55.907654 140.76094
3741.2676 147.03775 1029.3304 92.92029 149.62454
3736.4314 152.81738 1015.52545 81.52142 152.81738
3733.8103 149.62454 1012.8537 154.89899 147.03775
3709.1912 147.34499 1003.70685 109.57672 147.03775
3811.7551 142.87265 1064.3394 59.764282 156.50897
3744.0698 154.6745 999.1151 155.66882 156.50897
3789.2698 149.62454 1040.4805 126.03052 151.80461
3775.9714 146.81595 1023.3131 80.696655 151.80461
3696.6 147.04594 1021.1502 93.65021 148.66559
3730.5063 145.62318 1030.3274 77.8302 147.04594
3671.257 109.15797 1015.73785 94.28314 142.87265
3686.7615 142.87265 984.61926 130.84998 140.76094
3844.7495 116.11183 1066.39 109.86426 149.62454
3873.512 142.87265 1087.6736 59.97461 151.80461
3777.4165 151.80461 992.29034 176.08905 147.03775
3632.4546 139.43135 1012.0596 46.396484 147.16432
3829.3535 142.87265 1067.2294 60.77002 149.62454
3636.3374 135.57631 940.15765 145.93475 140.6333
3617.6545 140.6333 977.85803 118.40527 139.43135
3691.517 139.43135 970.99023 135.55835 142.87265
3718.2927 154.6745 1019.9938 109.01318 149.62454
3718.2925 154.6745 1019.9938 109.01306 157.1538
3767.3037 151.80461 1025.8767 134.62659 149.62454
3759.2102 147.34499 1018.9169 94.51282 149.62454
3738.2224 150.77475 1001.20776 119.64673 149.62454
3746.7578 148.66559 1033.0168 88.7406 152.81738
3665.182 145.20337 1014.24536 49.87097 145.62318
3744.0698 154.6745 999.11505 155.66888 154.6745
3718.2925 154.6745 1019.99384 109.01312 157.1538
3591.5076 146.81595 994.9331 65.68945 145.20337
3245.6816 114.56345 919.45416 16.76117 150.77164
3271.7305 114.56345 922.16516 30.874268 145.04329
3648.7354 117.03864 931.2988 200.4253 140.6333
3646.6482 139.43135 947.912 156.23059 140.6333
3647.734 125.74078 951.85815 159.4596 139.43135
3769.0667 145.20337 1006.9429 125.52881 149.62454
3700.6729 149.33876 957.8735 165.09332 145.62318
3732.3623 147.04594 1028.2722 104.904785 145.62318
3817.6711 142.87265 1055.052 59.09546 145.20337
3810.673 148.66559 1041.6564 99.04138 151.80461
3738.2227 150.77475 1001.20764 119.64673 156.50897
3787.1533 151.80461 1018.8965 132.39929 149.62454
3687.896 149.62454 984.6342 115.40204 144.64003
3815.1104 138.8136 1074.1411 34.680542 152.81738
3751.9956 156.002 983.7388 126.90271 168.73624
3787.1536 151.80461 1018.8965 132.39941 149.62454
3773.0251 149.62454 1004.768 107.80438 170.66707
3727.8945 152.81738 1022.00684 77.733765 149.62454
3810.6733 148.66559 1041.6564 99.041504 156.50897
3745.1252 149.62454 1006.62524 109.70007 151.80461
3759.0251 151.80461 1003.6865 133.07104 147.03775
3738.7507 151.80461 971.4116 158.30225 146.81595
3762.0671 146.81595 1046.3826 57.786133 160.5631
3862.8057 116.11183 1064.7433 82.03296 149.62454
3689.9773 145.62318 1001.62933 128.10968 145.04329
3708.7925 129.4343 981.29095 135.10358 142.87265
3684.068 140.6333 992.4899 99.614075 142.87265
3686.7615 142.87265 984.6193 130.84991 142.25969
3637.322 137.67381 935.17957 129.72095 140.6333
3598.973 125.74078 969.17017 104.018555 139.43135
3639.2932 129.4343 948.61084 142.6405 140.6333
3618.0947 138.49104 946.19354 128.3609 140.6333
3844.7493 116.11183 1066.39 109.864136 149.62454
3632.2214 150.77475 1003.8456 69.344604 149.62454
3738.2224 150.77475 1001.2077 119.64667 149.62454
3632.221 150.77475 1003.84564 69.34454 156.50897
3738.2222 150.77475 1001.20776 119.64661 149.62454
3632.2212 150.77475 1003.84564 69.34454 160.5631
3764.3325 142.87265 1049.273 50.72693 156.0786
3703.6675 154.6745 1023.86395 73.52106 149.62454
3738.223 150.77475 1001.2077 119.64667 162.88306
3746.1736 142.87265 1048.7539 45.121582 158.40257
3752.2698 142.15053 1046.2043 46.353516 158.40257
3748.8115 145.20337 1006.01227 120.3913 147.04594
3839.162 147.03775 1054.0359 90.63855 151.80461
3681.2905 146.81595 991.0617 108.78168 142.87265
3578.0095 148.66559 994.4311 67.74115 149.62454
3603.344 147.16432 964.27563 115.67651 144.08519
3652.2166 146.81595 1014.49536 69.25354 145.20337
3700.636 152.403 1020.8324 82.01453 145.20337
3709.942 142.87265 1034.2976 54.55188 146.81595
3732.2559 146.81595 1028.2213 67.2572 150.77475
3694.7898 147.03775 992.14526 108.25293 144.64003
3737.299 149.62454 991.9749 179.26678 146.81595
3754.421 147.04594 1011.62134 143.61414 145.62318
3733.9883 142.87265 1047.6467 37.79431 154.67839
3493.0645 147.16432 968.2101 56.599 171.61513
3456.279 149.62454 967.0722 49.283203 160.5631
3518.0562 147.16432 971.3462 60.03308 150.77475
3481.805 146.51575 961.7833 60.020386 145.04329
3648.5942 146.51575 1002.77 156.30676 142.87265
3585.5046 146.51575 987.8878 123.745605 140.6333
3639.4802 138.8136 1025.401 23.343262 146.81595
3665.1826 145.20337 1014.2453 49.871033 142.98242
3724.1946 145.20337 1019.98517 58.97699 142.98242
3573.7505 147.03775 972.4912 73.99646 148.47684
3573.7502 147.03775 972.4913 73.99628 148.47684
3518.8066 147.03775 986.69696 50.610046 149.62454
3620.858 125.74078 976.24585 108.196045 139.43135
3250.2295 120.58631 910.2981 49.01361 140.65865
3335.6482 121.78088 934.30536 53.37323 140.65865
3335.3042 121.78088 926.0577 53.98816 138.49104
3389.1353 121.78088 914.3057 93.91199 137.67381
3453.8235 121.78088 958.1854 67.16321 139.83325
3311.0413 116.20982 865.77905 144.83765 137.53717
3415.5078 116.20982 875.7903 169.04431 137.53717
3456.2522 116.20982 855.8936 204.00421 137.33208
3433.3079 116.20982 877.07983 177.31421 137.07285
3547.6096 138.49104 958.2019 125.407715 137.67381
3586.0168 146.3314 955.46204 130.96057 138.8136
3478.6958 120.58631 933.20795 121.179504 138.8136
3418.511 120.58631 955.48834 54.98108 142.1823
3276.492 120.58631 918.5515 31.695984 140.76094
3498.8179 146.81595 967.93304 65.79193 142.29216
3406.4468 139.83325 923.42096 85.19763 140.65865
3849.7683 116.11183 1064.8933 81.59619 149.62454
3810.6733 148.66559 1041.6564 99.04138 162.88306
3762.0664 146.81595 1046.3826 57.78601 151.80461
3697.67 146.81595 1031.4814 48.024414 152.81738
3728.1528 147.16432 1031.4529 61.977783 152.81738
3773.025 149.62454 1004.76807 107.8042 156.002
3762.067 146.81595 1046.3826 57.786133 151.80461
3762.067 146.81595 1046.3826 57.78601 156.50897
3758.2505 145.62318 1039.8987 86.63562 149.33876
3725.0393 145.20337 1023.6853 64.75879 149.62454
3767.433 147.16432 999.1759 118.627075 150.77475
3728.1528 147.16432 1031.4529 61.97766 153.6638
3701.7112 145.20337 1023.7894 66.30127 149.62454
3465.7537 139.43135 960.19196 49.032043 147.05627
3431.1062 139.43135 971.6729 22.27008 162.45866
3439.0688 139.43135 973.3198 22.275696 149.62454
3431.1062 139.43135 971.67285 22.270142 159.71164
3439.069 139.43135 973.3198 22.275818 149.62454
3444.5093 139.43135 962.04486 36.736633 145.20337
3455.1743 139.43135 962.06226 41.459106 145.20337
3446.9907 145.20337 963.3939 37.942932 145.04329
3418.5107 120.58631 955.4884 54.980957 142.1823
3764.333 142.87265 1049.273 50.72705 156.0786
3853.1475 117.03864 1077.7528 46.427124 159.20638
3862.806 116.11183 1064.7432 82.03308 149.62454
3853.1475 117.03864 1077.7529 46.427002 162.88306
3811.116 142.87265 1055.3416 70.79773 145.62318
3568.4958 146.81595 959.8491 125.62097 139.83325
3681.665 146.81595 959.89124 150.00537 142.87265
3691.4663 147.03775 997.557 112.048706 144.64003
3671.9895 129.4343 915.10614 193.81757 140.63513
3669.4902 129.4343 945.15063 181.83386 140.63513
3651.3599 140.63513 986.8429 93.75891 140.76094
3700.0027 140.6333 1035.4851 45.32715 147.34499
3694.7896 147.03775 992.1453 108.25287 144.64003
3738.7505 151.80461 971.4116 158.30212 146.81595
3731.2642 146.81595 1044.7561 57.708008 151.80461
3745.1255 149.62454 1006.6252 109.700134 151.80461
3731.264 146.81595 1044.7561 57.707886 151.80461
3748.395 147.34499 1025.8972 79.92322 149.62454
3767.304 151.80461 1025.8767 134.62659 162.88306
3807.717 142.87265 1064.6421 50.80835 149.33876
3777.406 145.62318 1015.28186 130.40796 149.33876
3700.673 149.33876 957.8734 165.09338 145.62318
3724.1948 145.20337 1019.9852 58.97693 147.34499
3693.5742 146.81595 1039.2971 49.697754 160.57396
3666.7478 140.6333 1001.9865 96.084656 142.87265
3548.7703 140.6333 980.0935 66.68274 140.76094
3873.5122 142.87265 1087.6736 59.97473 153.2802
3817.6714 142.87265 1055.052 59.09546 149.62454
3687.1099 142.87265 969.3147 142.5592 142.87265
3565.8618 142.87265 975.733 87.343445 140.76094
3687.1096 142.87265 969.31464 142.55927 140.76094
3724.4702 149.62454 975.6814 161.1217 146.81595
3738.7507 151.80461 971.41156 158.30219 146.81595
3434.9524 125.74078 964.6998 41.299072 142.29216
3457.2954 132.29478 954.3329 54.952026 142.29216
3402.7869 133.75209 949.26196 53.6687 142.29216
3457.2952 132.29478 954.333 54.951904 142.29216
3765.8618 145.20337 1003.24274 114.690735 143.8985
3724.195 145.20337 1019.9851 58.977173 142.98242
3751.9956 156.002 983.73883 126.90277 151.80461
