1279.4799 81.9603 502.75467 27.720795 99.13725
1336.9601 99.13725 522.3907 22.524658 117.62522
1256.0623 117.62522 483.9323 25.669373 106.6561
1112.3467 93.16113 434.51385 19.546783 94.01542
941.598 72.28247 350.6677 40.761047 79.56651
988.5484 78.37756 385.9272 23.065552 81.40146
1038.7095 76.57748 394.1942 35.922424 83.47963
1060.2535 74.69124 379.02344 101.85135 81.00998
1050.0309 75.07903 379.8077 124.79996 81.00998
1044.9811 68.53916 372.87134 116.71265 80.12766
1064.4159 76.8026 381.13477 124.856415 81.00998
1035.846 80.72894 354.37665 98.004364 80.12766
1326.322 100.76008 497.6485 70.43591 99.05415
1301.5535 100.76008 511.60706 31.70874 99.05415
1254.6116 106.3681 441.6726 94.89575 92.32213
1022.0178 89.86302 399.7432 18.962463 93.16113
1062.2296 87.9593 413.2351 26.530151 92.73035
1143.3174 77.00487 446.8709 28.059784 94.08121
1272.3683 81.9603 482.4439 56.396484 94.08121
1260.374 100.88898 494.84747 28.898743 96.43741
1314.6927 96.35551 488.9166 69.20578 94.45287
1098.114 84.70788 394.0018 79.233 83.47963
1073.432 81.40146 406.24924 44.79425 84.70788
1103.1744 89.83475 423.54712 35.8071 87.34919
1098.6455 97.92899 421.2907 32.590393 84.81982
1315.1908 103.51913 499.8218 57.470184 98.51948
1327.9003 115.35474 523.1437 14.018616 100.16016
1293.6022 104.02303 463.28973 92.970825 94.45287
1245.7245 107.54245 476.6959 48.965485 89.22254
1273.7985 100.2166 495.66815 27.84851 96.51643
1257.0709 100.2166 492.9944 17.377533 96.1054
1280.5159 93.16113 487.05975 92.736145 93.7702
1342.7957 70.89317 524.098 21.73169 106.6561
1256.2714 90.92028 494.7907 20.288391 98.82887
1273.7983 100.2166 495.66815 27.84845 97.22333
1288.7031 100.2166 505.8245 30.914276 96.1054
1339.2451 100.2166 521.5043 35.837708 96.17577
1299.068 100.2166 496.42944 50.778687 96.1054
1306.7754 100.2166 497.4607 51.544556 96.1054
1323.1134 115.72777 500.51642 69.224304 105.8597
1310.848 104.86311 488.25104 70.62506 96.44807
1331.8882 115.35474 514.2185 37.961792 105.8597
1363.703 94.68919 520.43665 54.768066 104.04767
1302.3235 81.9603 514.8792 18.084229 99.3271
1255.7975 94.45287 475.5867 48.930756 91.36565
1258.8862 94.47625 456.7468 69.860016 91.58457
1281.7126 94.47625 463.97174 85.519104 91.58457
1281.7125 94.47625 463.9718 85.51904 91.58457
1254.0106 94.47625 471.2129 61.078125 91.58457
1200.179 97.93336 428.39114 102.509125 86.77349
1281.2931 81.9603 491.36884 59.738037 94.68919
1255.648 111.36527 455.5389 101.194244 93.7702
1285.9257 104.86311 485.81644 63.93393 93.7702
1302.2361 103.51913 497.93607 36.27121 98.70285
1266.3593 109.51099 490.4643 39.719666 93.7702
1085.1464 83.47963 422.96222 33.146545 91.24007
1137.4617 83.47963 441.73718 33.745728 89.83475
1158.5536 84.76566 437.45538 47.915863 89.83475
1156.9181 94.47625 440.20892 44.571533 91.36565
1165.4218 93.56606 443.70212 54.030914 84.58547
1068.3533 83.47963 417.716 21.006897 85.95661
1276.5549 105.97981 470.66016 68.200195 94.08121
1132.7975 87.29479 441.76074 46.129852 88.06473
1163.6201 79.56651 446.02502 47.919586 91.36565
1352.8645 106.27953 522.5521 35.124878 100.16016
1295.8064 106.27953 488.9696 73.00134 98.57142
1336.2258 84.76566 530.5672 10.773376 105.8597
1281.0239 105.97981 498.36084 22.011475 98.93358
1289.4832 105.97981 510.17285 12.343079 104.99326
1132.7976 87.29479 441.7607 46.129852 88.06473
1226.6625 98.39732 462.6416 39.056396 91.59799
1243.32 106.82649 479.299 31.329956 93.01144
1331.0923 106.6561 515.1322 43.878235 108.08089
1129.5319 100.94125 428.72574 41.288666 84.81982
1073.8662 84.54229 414.34875 46.1532 81.45215
1015.2721 85.20506 390.78192 47.488953 79.56651
1019.6324 88.50034 391.18652 29.63092 87.01793
1187.6213 101.22816 441.6451 61.392426 87.34919
1142.9198 97.92899 419.53696 62.467743 85.79819
1181.7158 97.92899 444.95056 75.85022 85.28205
1248.5109 115.86172 493.1945 11.626007 96.44807
1233.1642 104.02303 475.72125 27.469666 94.45287
1272.6068 109.51099 489.45145 42.546417 96.44807
866.74786 73.83831 337.78253 12.942505 94.33003
1290.5198 98.6758 461.8463 87.13086 94.45287
1286.9387 106.27953 473.22772 58.500916 96.17577
1215.632 104.00551 464.27246 29.388123 94.01542
1237.6514 100.76008 477.4331 30.363312 96.35551
1149.4214 98.69046 431.59448 53.41107 86.77349
1077.6399 87.06419 427.9792 7.047516 98.93358
1314.6929 96.35551 488.91663 69.20581 94.45287
1270.1298 94.08121 483.1677 36.63028 93.7702
1273.0844 104.86311 472.04803 63.640198 91.90675
1250.9211 107.54245 449.88477 82.33844 87.0201
951.9301 71.16077 368.35266 19.563202 91.31918
1149.7523 98.42526 420.0332 72.48538 86.47375
1050.7307 95.20418 411.58377 24.402802 94.33003
821.54895 63.04535 320.10278 16.458038 91.31918
843.41644 73.83831 331.67493 10.295349 95.59421
821.5489 63.04535 320.1028 16.458008 91.31918
843.4165 73.83831 331.67493 10.29538 95.59421
1049.0273 83.66813 406.05444 24.53366 91.67013
1290.7756 63.15535 475.17566 77.414246 94.01542
1282.0931 94.08121 466.49332 61.999847 93.7702
1271.3586 96.17577 490.12872 41.729492 94.08121
1302.6448 96.17577 481.05353 73.4939 94.08121
1302.3236 81.9603 514.87915 18.08435 99.3271
1294.8105 100.88898 489.94922 50.86084 96.43741
1318.3838 81.9603 513.52246 28.13617 99.05415
1298.6134 105.97981 490.85757 70.69205 94.61427
1343.1921 91.36565 528.1912 17.682861 107.64108
1042.2921 71.20705 383.92496 68.837036 79.56651
1078.5996 92.85905 420.23248 29.734467 91.59799
1283.2343 107.15253 485.42563 54.823883 98.57142
1257.1646 107.15253 488.9729 26.361877 97.71368
1317.3477 94.45287 501.32605 35.81079 99.3271
1276.7977 91.3699 477.9727 76.11838 92.52419
1225.8057 91.3699 463.42932 42.313232 92.52419
1365.7021 106.27953 537.10254 23.189941 105.8597
1265.2317 100.76008 492.35324 34.46756 98.03545
1111.956 87.0201 439.69717 9.675873 98.74316
1134.7242 88.8109 430.23044 45.556213 91.24007
1139.8907 88.8109 433.4307 47.522614 91.24007
1189.0509 100.22431 442.86932 67.44208 88.06473
