6410.3613 47.77325 1005.4585 153.146 54.80323
6032.3926 48.75454 943.87024 120.87976 53.79684
5884.2085 48.75454 933.08954 103.134705 53.6649
6156.693 55.6672 960.95276 117.89502 55.28903
6528.8804 52.61756 1059.8865 67.43347 77.13995
5963.779 54.83826 922.06006 159.97205 54.58188
6023.3765 45.59174 909.6112 178.92432 52.61756
5957.146 44.07455 907.0596 160.70251 52.61756
5793.431 44.07455 887.62476 147.21875 52.61756
5755.627 47.16864 893.97906 135.04803 52.61756
5849.5684 44.39116 863.08453 220.28375 51.70642
5880.94 44.39116 860.17474 257.89532 51.44909
5847.0493 44.39116 905.70825 187.77002 51.70642
5924.7485 45.30687 829.6234 284.48474 51.59057
5862.5903 45.58087 751.1613 388.54047 51.59057
6075.6094 47.62929 860.52545 255.206 52.14784
5890.571 47.65315 844.74335 267.982 52.14784
5885.9346 45.58087 753.9526 386.61737 51.70871
6096.7534 47.62929 862.7632 264.23596 52.14784
6454.0737 43.29747 1034.6172 65.74451 71.79453
6714.264 34.30858 1040.8552 141.25427 57.36559
6706.25 51.52621 1041.5465 166.22986 57.20359
6801.9326 26.64654 1068.6005 125.60193 58.65578
6517.6465 52.79583 1055.4663 57.66638 73.40962
6244.199 50.63661 888.44946 225.6482 52.5117
6355.844 51.59057 976.69855 142.8266 55.16986
6219.337 49.12592 894.2863 227.03778 52.25391
6246.931 23.2702 937.28656 179.30292 53.08484
6133.5684 49.32858 935.44 174.20758 53.08484
6163.546 38.33417 962.34607 169.40405 52.91439
6025.4497 50.63661 950.42163 128.08264 54.36641
6109.6484 40.29301 968.6977 91.69318 55.6672
6095.771 40.29301 977.4185 83.77521 55.6672
6603.1787 41.1458 1059.1926 83.96155 59.20862
6707.969 14.33137 1071.5793 70.56641 68.80523
5829.8467 48.32372 908.2433 202.38086 52.5577
5606.8994 30.55366 855.0067 166.46484 49.53582
5676.662 43.38229 897.8286 149.9071 51.12078
5639.2974 43.38229 899.0498 129.09375 51.12078
5734.7817 43.38229 893.1604 160.10876 51.12078
5745.1704 32.26907 883.6063 165.56433 51.12078
5783.038 32.26907 904.3729 181.2981 51.52621
5842.491 48.32372 884.3209 213.15063 51.12078
5848.203 45.59097 870.7371 216.79974 51.05294
5758.921 47.28867 872.0549 173.23956 49.53582
5714.452 52.77524 895.4346 126.25433 50.37612
5784.7715 50.62144 891.0189 155.75098 52.77524
5915.7563 50.62144 899.4027 167.02063 52.77524
5923.199 50.62144 906.84753 153.71521 52.91439
5773.2925 50.62144 885.87756 153.58618 52.91439
6056.0894 53.59238 943.3403 167.25262 52.91439
6088.2847 50.63661 957.3026 121.06958 54.37498
6323.341 54.87546 946.48047 165.00903 53.478
6239.64 54.87546 938.2118 180.22986 53.10677
6092.5503 54.87546 921.4589 167.42706 53.10677
6026.41 51.72654 913.4027 150.78687 53.10677
5931.3994 51.72654 924.48364 136.77197 54.14008
6641.234 45.84191 1025.178 175.74255 55.64872
6519.3345 43.29747 993.04425 166.07904 53.73607
6463.727 45.84191 1007.4323 191.14606 54.7565
6583.539 45.84191 987.6348 169.58551 53.73607
6552.706 45.84191 1007.1083 178.50208 54.7565
6462.2085 47.74063 1006.6163 168.0047 54.94085
6391.2524 47.74063 1024.9114 106.073975 55.56605
6540.043 49.1285 1033.7797 119.93335 55.64872
6482.7666 46.74719 1041.9193 98.90039 55.64872
6398.0884 46.74719 1027.8065 74.59778 56.79358
6513.1875 52.79583 1044.5829 98.46179 55.83956
6469.0127 52.41034 1042.115 91.23413 57.12691
6663.0547 52.61756 1047.2571 90.7124 65.74827
6708.854 52.61756 1072.2906 87.788086 74.43851
6603.699 63.67736 1025.8477 176.99573 61.88343
6285.6787 52.79583 971.90656 142.29694 55.29988
6171.012 52.79583 941.6792 157.86902 54.86895
6169.929 52.79583 938.7015 157.6347 54.86895
6113.7607 52.79583 942.2014 135.87561 54.66814
6995.621 45.48005 1051.6178 175.60535 63.20228
6674.2207 58.57526 1040.4834 131.66736 61.82011
6505.5327 55.90015 990.32965 175.08795 53.77519
6340.2603 44.8033 841.1789 323.66693 52.77459
6317.073 49.30866 870.9132 259.35254 52.63604
6276.946 47.48396 876.8566 274.2845 52.63604
6103.3315 47.48396 894.8263 204.34155 52.41034
6010.288 31.99413 859.44214 234.12634 51.53568
5997.194 43.91678 888.7969 213.54004 51.53568
6021.356 53.478 915.8102 186.16736 52.63801
6030.884 42.86266 925.33887 150.78162 52.63801
6072.075 31.99413 913.57214 177.61035 52.37831
6067.7983 37.15995 909.29395 188.92566 51.70642
6144.8164 42.86266 913.3079 189.06207 52.41034
6235.0557 53.6649 926.2049 210.69635 52.41034
6078.084 52.84802 922.84576 203.25092 52.41034
5988.2114 42.86266 909.9488 175.57086 52.41034
5967.495 42.86266 923.39233 165.83289 52.41034
5883.0537 42.86266 919.6311 149.05652 52.41034
5835.9434 27.93332 912.31 110.78076 52.41034
5691.8755 48.73932 877.51105 121.36664 52.41034
5703.633 45.89991 907.95966 100.8631 52.5577
5625.921 45.89991 902.40247 75.87714 52.5577
5620.4316 48.32792 878.751 80.98761 52.45424
5729.2266 48.32792 887.6035 149.24487 52.09035
5687.2305 38.55862 889.56384 116.7572 52.09035
5702.9395 45.89991 896.90515 108.98285 52.50579
5732.8203 41.57637 894.41736 132.58435 52.50579
5817.5703 41.46089 924.9578 75.373474 52.69304
5773.0757 41.46089 933.8178 70.14996 52.28773
5746.001 48.32792 877.93616 147.41504 52.09035
5799.721 51.52621 927.2681 98.5921 55.75961
6969.632 43.02202 1100.1821 101.57886 65.28843
6816.981 44.31553 1097.1166 79.33765 78.03265
6829.46 39.63217 1080.9532 99.37488 63.11359
6770.4067 39.63217 1078.6755 79.67261 63.87067
6742.9536 56.84732 1053.0088 122.23511 61.29035
6624.8345 52.79583 1046.1775 176.8562 57.20359
6393.3735 44.4066 1031.744 83.35864 55.83956
6422.751 52.61756 1018.195 107.71539 55.6672
6580.6797 52.61756 1049.2675 185.39148 57.20359
6626.7217 50.33316 999.2726 180.98816 55.6672
6957.1763 32.67483 1087.1266 124.9259 63.25774
6520.631 58.35139 1017.46295 136.6557 55.92247
6616.9136 58.35139 1030.0428 138.10522 57.37445
6699.791 58.35139 1018.35443 192.18793 58.94775
6632.3984 58.57526 1030.6879 153.89551 55.90015
6697.752 58.57526 1039.353 150.4292 58.90936
6528.642 53.89002 903.7821 268.7135 53.478
6708.769 34.0967 1021.7671 143.94226 57.28965
6677.681 43.29747 981.9066 212.27808 55.44438
6702.9707 43.29747 1013.47437 152.7854 55.90015
6673.6655 43.24795 1010.5897 189.85486 55.29238
6713.15 59.51512 994.4453 226.41724 57.37252
6558.105 59.51512 982.26135 225.13782 53.77519
6402.7236 47.99643 952.7191 230.41003 52.99788
6217.862 32.4696 949.0135 233.42206 52.61756
6225.4937 32.4696 942.27216 215.93304 52.61756
6198.149 47.18692 927.3902 207.8266 52.61756
6202.275 47.99643 930.89777 228.54962 52.61756
6319.108 60.64326 1007.25824 82.105896 57.95742
6339.6885 61.88343 1010.7974 85.972595 57.95742
6378.4224 59.06736 1008.84125 75.16437 64.77438
6351.5854 34.0967 1022.16235 59.20398 64.77438
6374.2373 34.0967 1031.141 65.3064 67.56404
6358.14 34.0967 1033.7363 54.371826 76.19376
6199.412 35.6964 1005.8392 65.542175 66.26584
6179.351 35.6964 1002.43036 58.67267 67.59782
6851.7515 36.02155 1095.3619 81.78699 75.82535
6712.6533 53.04908 1023.26685 185.46045 57.20359
7038.9414 47.74063 1109.5391 168.68237 64.66654
7037.251 47.74063 1099.1743 127.04773 64.97086
6955.698 50.63661 1069.8438 133.2826 64.97086
6710.4355 50.63661 1072.6367 81.0813 68.14945
6665.1465 59.85564 1021.9179 143.6795 58.23563
6605.528 60.03695 1010.38257 167.4613 59.06736
6629.4814 61.88343 1013.63007 217.95087 60.29772
6692.3594 61.88343 1025.8376 221.66846 58.23563
6730.1104 43.29747 1076.2231 81.33264 72.18826
6728.049 43.29747 1084.0419 74.90198 72.18826
6692.7495 39.4376 1078.3138 66.64075 70.8221
6722.3945 41.46089 1093.3403 76.724365 70.59364
6734.938 43.27327 1090.4023 78.59656 70.59364
6542.4116 56.81541 1025.367 98.540405 61.58285
6581.7866 47.54001 1033.3903 131.18677 56.81541
6766.8364 43.02202 1058.9065 165.14453 56.81541
6699.7856 50.63661 1059.0597 132.79419 56.81541
6740.619 58.57526 1019.43134 215.51202 59.51512
6719.622 52.61756 1018.8676 213.4101 56.73611
6712.123 51.52621 1037.7544 177.02979 57.36559
6678.2007 51.80766 1030.2161 193.02393 56.73611
6676.615 57.42746 1028.6307 179.80176 56.35368
6637.816 55.90015 1018.34265 169.2489 55.79691
6264.791 52.01514 943.32526 168.54889 53.38543
6179.59 41.23399 925.1056 199.54187 52.50579
6599.726 47.10696 1048.1426 121.13403 56.87085
6881.694 52.79583 1104.1797 116.82483 63.51992
6845.485 56.52375 1085.4843 121.438965 63.51992
6740.0347 39.63217 1095.0516 75.860596 71.01897
6766.267 61.58285 1080.0657 93.195435 63.87067
6840.733 61.58285 1082.1346 113.535645 63.87067
6777.626 61.58285 1064.2699 137.22095 63.55306
6560.4785 61.58285 1049.027 102.75403 56.04556
6520.8716 61.88343 1037.3914 79.74878 63.87067
6576.56 61.88343 1061.8336 104.4281 62.19352
6524.033 61.88343 1052.6267 83.57666 62.19352
6381.703 61.88343 952.08704 177.06592 54.9494
6310.3237 52.88475 948.18933 162.57312 54.86895
6219.9155 49.1305 962.90137 141.1272 53.77057
6168.4155 38.71996 955.3549 133.27142 53.56702
6136.561 38.71996 977.3069 85.1582 54.52553
6381.991 44.01382 948.35376 241.76868 52.79583
6410.94 50.04527 941.1107 225.06885 52.79583
6382.7944 50.04527 941.24194 215.6106 53.42908
6403.655 49.50452 932.37225 223.93756 53.42908
6803.456 63.67736 1029.4537 171.63867 63.29283
6895.6953 57.51766 1085.0228 123.802 63.51992
6818.9946 62.99733 1044.9901 172.95056 63.20228
6841.4854 52.79583 1081.1348 125.49426 63.18133
6830.588 44.31553 1090.7015 101.11243 61.54085
6825.54 44.31553 1093.9209 85.28943 61.54085
6710.149 39.63217 1085.5746 70.90515 61.46766
6799.973 32.67483 1095.8024 90.59021 63.25774
6740.2446 32.67483 1091.1216 79.39136 65.04
6741.102 32.67483 1086.1956 77.25281 61.46766
6756.4946 32.67483 1084.4526 74.86902 65.56113
6753.515 32.67483 1085.2434 77.69202 64.66654
6469.0854 53.15207 1042.62 67.73865 58.19852
6475.4976 53.478 1004.9324 130.51941 55.6672
6515.733 53.478 1001.39685 140.78186 55.6672
6286.4946 53.478 967.0074 166.76385 54.94085
6233.343 47.20598 960.73535 154.7262 52.79583
6448.6064 54.06131 1027.0881 89.89722 55.83956
6510.3657 51.52621 1039.2612 85.02893 55.83956
6581.088 51.52621 1037.5565 95.27539 55.83956
6589.446 51.52621 1057.2263 84.81958 57.51766
6498.417 51.52621 1046.4427 67.318726 57.51766
6442.8315 54.37498 1027.0613 92.37073 57.51766
6433.545 54.37498 1026.5168 91.26135 55.83956
6555.78 54.37498 1045.0009 103.75244 55.83956
6590.4614 55.65229 1051.3096 95.3313 61.0541
6523.5557 55.65229 1043.3784 94.55115 58.57526
6626.852 54.04918 1059.3894 101.430176 61.29035
6571.5854 54.04918 1038.4368 88.36951 63.30972
6559.8745 54.04918 1055.101 66.6145 58.68788
6483.1284 58.57526 1002.95215 133.60791 55.90015
6547.0566 54.07242 1050.9738 96.08679 60.72734
6969.986 32.08496 1121.6133 83.86328 68.02489
7041.382 32.08496 1121.9807 89.82373 65.28843
6899.6772 43.02202 1095.6863 124.93872 61.66467
6953.301 44.4066 1097.2357 141.53271 58.68788
6638.0327 42.63777 1064.2373 79.269165 66.33882
6597.0557 44.31553 1065.8151 80.09802 65.04
6588.832 52.79583 1060.821 81.90527 59.17571
6568.812 52.79583 1040.8014 91.08276 58.53197
6506.3945 52.79583 1042.1505 91.121216 58.53197
6591.6147 52.79583 1056.514 90.125244 59.92816
6591.752 44.31553 1071.8501 66.427 59.06736
6597.4727 52.79583 1061.0895 90.31091 59.25884
6625.3623 52.79583 1083.3851 87.857544 65.85149
6640.146 52.79583 1078.7352 92.019165 64.77438
6627.85 52.79583 1081.603 91.18384 59.25884
6602.03 44.07455 1060.9794 66.099976 67.2597
6717.8667 48.9174 1086.7462 106.15393 64.98129
6646.064 50.63661 1074.0732 71.2583 67.2597
6725.4717 48.9174 1080.0558 102.41162 61.54085
6723.977 48.9174 1082.1979 97.81763 65.85149
6701.3335 48.9174 1082.5757 95.68457 67.59782
6771.415 47.74063 1092.3441 96.30823 65.85149
6723.979 48.9174 1082.1978 97.81763 65.85149
6853.84 26.64654 1094.9945 92.49597 61.54085
6883.689 33.14244 1101.0302 100.50232 60.84615
6800.2837 33.14244 1084.1952 99.151855 60.84615
6828.3237 33.14244 1092.6326 96.431274 61.54085
6799.9424 35.6964 1087.1545 96.24695 61.31929
7061.4346 32.08496 1104.1971 126.206665 63.25774
7004.3315 32.08496 1119.8616 108.42786 63.25774
7059.4785 32.08496 1100.5239 125.75 63.11359
6997.159 32.08496 1110.2703 110.95178 63.11359
6941.7886 44.4066 1111.1957 100.696045 63.07981
6889.6875 26.16173 1087.0536 112.38257 58.68788
6926.407 38.63698 1103.3088 125.36682 58.68788
6832.413 50.3438 1031.0433 193.9049 58.57526
6838.547 52.79583 1010.40234 212.58813 58.57526
6668.937 46.14485 950.177 267.88074 55.92247
6715.813 57.20359 997.0542 210.68774 56.56695
6489.1094 40.24377 888.78186 271.90112 52.79583
6423.356 37.15995 893.26526 269.6703 52.79583
6424.3276 53.14362 891.2484 278.24182 52.79583
6291.697 46.13292 875.22754 283.77112 52.3214
6302.5303 26.33491 879.23346 296.73273 52.3214
6225.0586 46.13292 878.9147 290.19006 52.3214
6965.727 26.64654 1075.2897 145.05798 61.54085
6939.74 24.83442 1086.378 113.09534 62.05171
6899.687 24.83442 1092.8739 112.78613 61.92266
6808.5327 26.33491 1099.1936 82.08374 64.39249
6727.747 39.63217 1084.5763 80.16797 62.17525
6813.2876 39.63217 1096.9388 94.240234 62.17525
6860.3535 39.63217 1097.0923 91.46289 64.39249
6779.5127 39.63217 1088.5736 82.315186 62.17525
6778.2124 38.63698 1087.2726 77.49695 67.2597
6641.44 39.63217 1070.564 95.43628 58.19852
6808.4434 43.02202 1090.4275 117.25244 60.22829
6782.1455 61.2539 1008.5303 168.24731 61.29035
6774.7876 63.87067 1001.1724 193.91864 61.29035
6685.701 63.87067 1008.79016 168.52173 59.84526
6720.6953 63.87067 999.3322 191.1773 59.84526
6730.5127 61.2539 1009.14905 162.92554 59.17234
6656.621 61.2539 1003.002 174.9693 58.35139
6620.0444 61.09666 1001.319 161.64087 58.35139
6898.1943 43.29747 1089.3486 123.226074 61.89501
6912.315 48.9174 1070.0294 173.66565 61.89501
6860.8755 44.31553 1065.6168 179.71509 58.65578
6865.888 52.79583 1061.9893 152.17969 58.65578
6825.684 52.79583 1077.0555 122.04822 58.90936
6870.0527 47.74063 1074.3691 152.59985 58.90936
6897.8267 47.74063 1055.3585 156.53772 58.65578
6846.8975 47.74063 1075.2822 130.23767 61.66431
6950.6343 52.79583 1104.1846 123.50342 64.66654
6864.723 50.35661 1060.8239 146.46265 58.65578
6888.0996 14.33137 1103.9681 106.33777 59.20862
6912.929 14.33137 1108.3154 119.741455 61.09666
6963.7964 32.08496 1109.4857 120.515015 61.09666
6964.1025 32.08496 1091.3795 175.53186 63.07981
7044.8584 32.08496 1108.402 153.79614 64.62117
7054.408 44.4066 1102.0839 171.61755 64.66654
7071.3477 47.74063 1104.4362 188.71777 65.6203
6981.6147 52.61756 1037.61 219.52441 64.62117
6728.5513 50.94983 879.02527 343.99707 57.33549
6732.896 52.61756 870.60144 336.5155 57.33549
6738.487 52.61756 877.9444 336.67218 57.33549
7033.9956 43.27327 1110.8722 131.28589 64.66654
6966.392 49.1285 1097.4089 161.87915 64.62117
6950.6074 52.79583 1093.7079 147.98401 64.00818
6859.4795 51.19741 1077.0923 135.77393 58.68788
6888.234 52.79583 1074.2632 125.17493 61.66467
6775.521 56.84732 1044.8188 138.42163 61.29035
6933.783 57.95742 1066.5204 139.20264 68.68164
6826.3516 55.75961 965.8122 249.07343 57.75995
6825.842 55.75961 966.5193 248.60791 57.75995
6831.8477 52.29298 972.52496 229.16656 57.75995
6795.294 49.51175 935.97314 288.0072 57.37252
6642.289 52.40744 872.2349 322.1889 54.32402
6806.2812 57.95742 979.343 219.0393 57.75995
7125.346 24.83442 1124.599 127.11145 68.72882
7108.966 43.02202 1103.5514 147.34558 65.6203
7016.5596 24.83442 1133.0421 116.38159 64.97086
6960.317 43.29747 1100.6152 98.25525 64.66654
6954.6904 50.63661 1110.9847 125.666626 63.51992
6964.0186 50.63661 1087.856 137.51282 64.47437
6893.9395 50.63661 1093.0594 141.17944 63.25774
6978.8315 48.9174 1118.0339 123.86951 80.01286
7122.9365 43.02202 1130.1093 138.83289 80.01286
7104.7427 47.74063 1125.6108 128.19543 68.72882
6822.992 59.58458 951.48706 254.56396 61.038
6694.056 57.40438 1036.8666 164.03198 57.51766
6991.8916 32.67483 1068.7467 134.59583 63.99561
7030.6953 32.67483 1063.0026 160.77124 63.99561
7122.9365 43.02202 1130.1091 138.83301 68.80523
6944.9604 53.32561 1051.5228 194.05347 66.80471
6941.7725 53.32561 1045.3492 184.37646 66.80471
6926.1177 53.32561 1029.6951 209.823 64.62117
6836.203 65.06538 1024.7316 183.50732 80.01286
6672.8735 65.06538 1004.4498 175.18225 64.62117
6686.463 65.06538 1006.45856 189.02411 64.62117
6902.1733 64.62117 1042.2169 169.48633 74.43851
6859.2017 64.62117 999.2466 234.77307 68.10639
6888.123 64.62117 993.2633 227.81189 68.14945
6864.8506 64.62984 1004.8145 233.29535 80.01286
6745.407 64.62984 991.16797 215.2987 64.62117
6675.6245 64.62984 985.9638 232.68695 58.57526
6725.6206 60.03695 995.38184 218.62012 58.57526
6612.202 64.98129 987.3567 236.55273 58.57526
6409.591 64.33421 993.8107 172.92877 59.09401
6563.8096 64.33421 992.67426 189.5357 59.09401
6707.8833 64.98129 989.46454 236.75397 58.65578
6637.915 64.98129 993.4354 220.755 58.65578
6514.12 64.97086 975.352 207.19525 58.57526
6409.5054 62.92336 954.49194 188.46216 56.81541
6300.059 63.57337 946.3246 182.53137 58.57526
6207.4614 63.57337 934.0061 181.74536 56.81541
6313.585 63.57337 940.6829 207.9372 56.04556
6404.459 63.57337 948.8534 262.495 56.04556
6480.9224 62.92336 959.381 255.66089 56.04556
6288.6763 62.92336 949.4199 170.26758 56.81541
6207.4634 63.57337 934.0061 181.74536 59.07284
6402.9854 63.57337 978.04877 183.84552 56.79358
6384.5386 63.67736 959.91174 188.72766 56.79358
6590.061 63.16225 1019.30475 215.19073 59.97424
6639.8486 52.79583 1027.7644 176.4585 56.60441
6430.4106 52.79583 1012.06757 143.70905 55.75961
6483.1294 52.79583 1007.42267 142.9505 55.75961
6390.81 52.79583 1013.8098 100.70032 55.64872
6481.1445 50.63661 1033.6353 112.76099 55.64872
6390.2866 16.74877 1036.0939 62.07776 55.64872
6469.8525 16.74877 1046.5149 73.947876 55.83956
6469.51 52.25391 1054.3271 77.62366 56.52375
6477.9688 52.25391 1048.7493 82.50903 56.52375
6388.7134 20.45957 1042.0034 54.506836 65.51794
6396.282 20.45957 1036.1442 56.343384 65.51794
6459.3228 45.05274 1048.8529 67.218994 57.20359
6568.5967 45.05274 1038.1974 130.25024 56.56695
6716.633 43.02202 1027.3594 159.22888 56.52375
6687.448 43.02202 1041.406 126.7666 55.83956
6612.2 55.90015 1026.0402 119.46973 55.83956
6299.1733 55.90015 986.707 130.54962 55.79691
6327.246 55.90015 981.9302 115.57446 55.91177
6843.7427 47.54001 1103.052 92.96863 65.74827
6785.0215 47.54001 1080.1598 90.92908 65.74827
6774.6753 47.54001 1079.7124 87.136475 80.01286
6743.776 47.54001 1085.1296 92.98877 64.21339
7027.1323 34.30858 1106.7933 119.08203 64.62117
7058.8896 34.30858 1101.6414 124.98584 64.62117
7086.0684 24.83442 1136.9075 116.5708 76.21087
7030.5806 32.08496 1139.1384 86.61279 76.21087
7043.1016 32.08496 1129.7062 97.11072 76.21087
6918.7705 32.08496 1126.3854 81.370605 76.21087
6814.569 32.08496 1097.4647 78.896484 61.09666
6718.295 32.08496 1080.0876 96.06909 60.73545
6664.175 32.08496 1073.579 75.92932 60.73545
6663.2456 32.08496 1075.7119 63.137817 60.73545
6683.8687 39.63217 1082.4603 77.534546 60.73545
6809.722 52.79583 1062.9221 113.43103 57.75995
6725.39 64.62117 992.177 183.50085 57.37252
6637.672 64.62984 993.15857 182.98889 59.94254
6660.8193 64.62984 979.3969 183.61407 61.88343
6744.933 63.11359 1063.5104 119.69983 61.88343
6791.2793 56.60441 1073.8046 101.77185 57.37252
6911.0713 56.60441 1071.62 121.97449 59.84526
6904.9673 56.60441 1071.8269 117.637695 58.68788
6884.1157 63.11359 1031.8407 177.38318 61.46766
6800.1143 60.14228 1006.6358 197.38873 60.52203
6739.6255 60.14228 1014.7064 198.93347 60.52203
6740.332 58.90936 1030.7692 195.72888 57.75995
6714.558 60.22829 1012.9083 208.84167 58.79998
6666.556 60.22829 1003.58984 199.58655 58.79998
6681.9985 54.94085 1005.19904 185.95135 56.56695
6613.8945 54.94085 980.9799 206.4422 55.64872
7072.4077 43.27327 1105.4971 153.42407 64.97086
6958.105 50.63661 1091.2333 138.5232 65.6203
6879.0615 50.63661 1079.4167 137.36646 60.72734
6834.4033 44.34787 1045.641 147.29102 57.75995
6733.223 44.34787 1030.3666 149.45544 56.62727
6643.516 33.14784 1024.8815 191.4148 55.6672
6660.985 43.29747 1007.9538 166.95245 55.83956
6756.274 33.14784 1027.2124 198.66858 55.83956
6753.786 44.34787 1020.4574 173.6626 55.83956
6660.86 44.34787 1024.7314 159.80383 55.6672
6676.9604 44.34787 1004.33203 188.50171 55.6672
6648.8076 26.16173 1035.7053 151.32837 55.61841
6720.71 26.16173 1059.4723 156.04626 55.29988
6633.3237 26.16173 1053.3251 122.73242 56.50384
6441.419 26.16173 1030.2428 108.36255 55.61841
6413.223 29.70826 1030.5273 105.00647 55.61841
6473.5586 29.70826 1021.9837 115.21271 55.13396
6388.3945 29.70826 1018.01166 97.576355 55.13396
6375.9194 29.70826 1008.57825 107.60132 54.37498
6418.2266 51.05185 1004.88544 148.2691 54.45232
6470.778 24.83442 994.49835 162.8476 54.45232
6448.498 51.05185 979.927 154.51025 54.45232
6320.399 13.80951 961.3794 144.51428 53.79684
6318.0693 26.16173 1003.2222 104.305115 53.79684
6319.2383 52.61756 968.0137 137.6311 53.79684
6237.7827 52.61756 967.337 153.95831 53.32561
6272.205 52.61756 989.11926 115.96179 55.05556
6281.5103 41.1458 998.42395 126.93286 53.79684
6365.906 47.77325 1018.4419 92.88965 53.83783
6378.493 52.61756 1028.7263 89.38013 56.87085
6430.416 44.4066 1004.7048 133.67792 54.36641
6373.722 50.21677 948.00977 194.40662 53.32561
6533.616 38.0459 1029.1744 127.20203 54.80323
6449.454 38.0459 1031.6027 111.80054 54.36641
6532.634 38.0459 1049.3779 109.43884 56.35368
6559.804 38.0459 1041.4896 116.6145 55.64872
6504.353 38.0459 1041.4785 118.73804 55.56605
6499.475 38.0459 1036.5996 114.48584 55.56605
6492.458 50.63661 1011.2822 118.522705 55.56605
6584.7373 50.63661 1019.25964 121.60376 55.56605
6505.3193 51.05185 981.32294 163.3808 54.45232
6349.845 50.21677 950.06464 183.46552 53.27499
6385.697 52.12299 963.31165 162.2091 54.45232
6342.5327 52.77489 968.50653 155.09784 54.58033
6418.3154 52.91439 983.89233 163.57996 54.45232
6376.257 53.79684 988.2033 167.07916 54.45232
6356.322 50.30205 984.6752 137.7915 54.45232
6366.7627 50.30205 987.792 142.65283 54.80323
6474.6245 51.05185 998.32043 147.1565 54.87546
6367.2646 51.05185 980.43414 145.6419 54.37498
6383.0664 51.05185 992.506 132.15332 55.56605
6280.3438 52.20088 981.12085 128.46375 54.37498
6261.018 52.20088 977.0237 126.83081 54.37498
6318.6997 52.20088 971.8288 144.91827 54.36641
6239.031 52.41034 962.59845 138.05035 53.73607
6137.544 35.6964 977.5022 87.63721 53.73607
6124.2036 32.52272 977.77686 85.66394 53.73607
6184.8257 30.08806 985.8602 84.98816 53.73607
6137.5435 35.6964 977.5022 87.637085 53.73607
6158.87 35.6964 980.12744 94.81201 53.73607
6092.335 35.6964 976.6405 79.35864 54.37498
6141.6606 26.16173 997.62366 49.02954 66.14919
6100.353 35.6964 989.5913 61.33484 58.55163
6102.5854 35.6964 985.4811 64.7334 58.55163
6102.123 35.6964 987.42017 65.043945 58.55163
6126.376 44.31553 997.2029 64.14929 64.77438
6083.0034 44.31553 994.7456 44.124146 57.64715
6067.378 44.31553 994.1577 35.974365 57.64715
6097.232 44.31553 983.81506 61.160034 55.90015
6091.4844 44.31553 988.38196 62.30725 58.19852
6089.273 41.46089 980.5824 60.094116 65.25851
6126.3906 30.41162 1002.01733 56.072266 65.25851
6885.772 39.4376 1076.3306 138.98035 59.84526
6916.188 39.4376 1065.1282 128.68726 60.84615
6959.54 26.64654 1085.0891 125.22888 60.69471
6921.7026 26.64654 1091.0504 117.28076 61.29035
6872.258 26.64654 1090.3312 120.53088 59.84526
6750.8633 63.11359 1029.4509 238.65955 58.65578
6858.4536 62.40524 1078.3341 137.35474 64.66654
6931.396 61.88343 1089.2683 143.43408 64.66654
6876.6714 56.73611 1035.1866 182.3357 63.11359
6958.355 57.75995 1042.8966 191.61731 69.71666
7001.806 47.74063 1074.0431 138.89185 63.51992
6858.753 59.31536 1055.1697 144.03809 61.82011
6926.3774 52.79583 1059.8833 144.10413 61.31929
6949.7188 52.79583 1077.2662 133.68726 63.29283
7039.951 52.79583 1096.3876 149.68982 64.66654
6867.2524 47.18692 1097.1412 93.37976 63.51992
6770.2036 52.79583 1078.0 102.99658 64.62984
6782.9453 52.79583 1071.6954 99.378174 64.62984
6862.0493 52.79583 1107.6438 99.40198 65.09881
6826.362 54.04918 1080.1891 126.42993 63.11359
6962.7036 42.42118 1116.6555 92.79382 65.09881
6900.1772 42.42118 1115.1168 88.44641 65.09881
6957.572 43.29747 1111.4165 84.026 64.66654
6831.606 47.54001 1093.1027 96.89783 63.30972
6819.312 47.54001 1090.135 95.55652 63.30972
6799.5903 47.54001 1092.8783 94.58276 65.04
6739.981 47.54001 1089.7446 83.944336 63.30972
6601.633 39.63217 1051.1775 81.15808 59.51725
6447.829 60.40619 918.2301 245.6355 53.28449
6382.5913 55.8184 852.9903 296.81647 52.97031
6340.914 55.8184 855.5925 300.09436 52.79583
6158.8115 54.79739 850.9413 261.84644 52.79583
6294.7046 55.8184 856.07153 275.5349 52.97031
6335.6826 55.8184 861.4045 293.70905 52.97031
6335.6816 43.24795 866.5513 272.95984 52.25391
6345.622 43.24795 859.4182 292.7771 52.25391
6283.2656 43.24795 871.5669 257.28357 52.25391
6443.0845 32.67483 959.0205 194.95593 53.22744
6400.0986 43.24795 948.5726 196.95612 53.22744
6252.173 39.77005 908.4723 215.92834 52.91439
6328.8325 39.77005 917.1346 219.58405 52.91439
6260.4526 39.77005 910.6502 219.1502 52.91439
6614.663 43.24795 973.4071 215.88013 53.11559
6451.4136 40.95726 962.969 208.36865 53.11559
6562.9883 35.2795 973.78156 205.40228 53.11559
6518.313 35.2795 929.10693 260.6057 52.91439
6464.219 35.2795 905.52606 268.39215 52.79583
6510.223 35.2795 951.53033 248.63995 52.91439
6640.791 24.83442 967.0918 223.69568 54.79729
6621.5215 35.2795 968.6969 225.85413 55.05757
6616.298 35.2795 972.5808 233.5763 55.05757
6635.101 43.24795 945.41 249.7757 54.79729
6603.583 26.4873 975.19617 239.34961 54.79729
6480.3047 41.03078 944.23425 206.53918 53.32561
6438.1094 38.71996 924.13983 270.28204 52.91439
6467.3364 36.66187 951.609 213.51746 52.91439
6474.875 36.66187 949.90686 206.29907 52.91439
6278.7246 22.13175 927.93555 204.00049 52.91439
6417.815 58.35139 981.00055 171.35089 53.49115
6434.612 58.35139 983.7583 180.63501 53.49115
6187.324 55.27036 958.5138 143.71753 55.13396
6123.9507 55.27036 936.10547 132.47339 55.13396
6777.5444 64.62117 943.68585 247.216 61.09666
6560.901 63.2563 913.45264 241.59644 55.07387
6524.4775 63.2563 926.38214 236.43134 55.07387
6644.517 68.10639 961.98315 232.38538 59.17571
6723.5254 63.16225 1040.9913 155.71582 62.19352
6724.1826 64.62984 1045.4269 162.78357 65.58333
6587.5107 64.62984 1026.2582 164.95544 63.87067
6645.8345 63.16225 1040.6309 149.31653 62.19352
6482.1133 63.16225 1007.32794 151.77838 59.17571
6472.2915 64.62117 1008.45917 157.5589 59.17571
6453.5938 64.62117 1003.2358 138.77313 63.87067
6310.255 53.478 971.61926 161.44861 54.9494
6171.2417 61.67471 962.92017 159.20142 54.9494
6213.9014 58.17295 960.0581 168.9137 54.9494
6060.3403 39.89223 871.4831 264.5395 52.20088
6245.269 39.89223 880.1947 284.66797 52.20088
6256.0347 36.52481 923.4 232.6311 52.25391
6138.5576 32.38591 926.4566 234.76422 52.20088
6253.3745 36.52481 922.188 250.93457 52.20088
6184.447 36.52481 931.55444 250.50037 52.20088
6188.773 41.46089 912.4098 270.6903 52.20088
6051.61 43.41938 881.1089 264.35242 52.20088
6054.0806 41.69893 882.07135 262.2016 52.20088
6195.7417 38.50861 884.8322 272.92975 52.20088
6252.3174 36.52481 914.3709 227.92926 52.20088
6181.8506 34.30858 928.8637 234.99054 52.20088
6263.8403 36.52481 884.03094 253.43097 52.20088
6101.9233 36.52481 919.6286 244.20624 52.20088
6201.9175 36.52481 918.4479 243.97815 52.20088
6078.021 36.52481 897.7568 207.10968 52.20088
6171.998 36.52481 918.0887 211.3017 52.20088
6175.3394 36.52481 917.33966 237.15326 52.20088
6250.3794 36.52481 930.8053 245.84619 52.20088
7089.6807 43.02202 1125.3762 108.9917 74.43851
7067.5474 43.02202 1119.4124 110.58545 66.43881
7069.3994 43.02202 1116.1553 118.670654 68.02489
7089.9814 28.56982 1130.7004 83.4541 68.02489
7069.258 43.02202 1117.4768 114.50073 65.28843
7003.9453 47.54001 1052.1626 180.98486 64.62117
6988.547 47.87917 1089.0249 169.40454 64.62117
6928.4243 47.87917 1071.4945 133.94934 61.89501
7001.155 32.08496 1085.6846 140.52795 61.89501
6976.339 32.08496 1089.8007 124.88843 61.66467
6925.6743 48.9174 1069.6846 127.25342 61.66467
6869.3193 48.9174 1071.7433 117.606445 61.66467
6861.412 48.9174 1074.104 121.10181 61.66467
6896.1523 63.11359 1077.31 142.7727 63.51992
6804.339 64.62117 985.4964 218.82782 61.71553
6728.795 64.28958 985.48236 199.95734 61.66467
6706.655 64.28958 998.5574 184.73633 61.66467
6801.501 64.28958 995.7888 222.00354 69.49595
6840.33 64.62117 993.17035 227.10846 66.43881
6835.2373 63.87067 1044.8932 143.72461 63.51992
6763.7646 62.80075 998.2402 188.32025 61.31929
6697.4854 62.80075 1001.59735 180.9649 61.31929
6795.5557 62.80075 1016.76263 177.10101 63.11359
7010.9473 47.74063 1059.342 212.58301 64.62117
7006.512 47.74063 1054.9078 199.10144 64.62117
7055.5005 47.74063 1103.8961 146.4867 68.02489
6950.939 52.61756 1047.4689 200.50037 64.62117
6990.1997 47.54001 1091.0044 169.78577 64.62117
7052.677 47.54001 1093.1117 183.38928 66.43881
7046.1226 44.4066 1106.8212 143.12524 66.43881
7042.6567 47.54001 1103.3541 117.64624 66.43881
6987.2837 47.54001 1091.166 153.77344 64.62117
6993.8887 47.54001 1076.2092 126.74255 64.62117
6925.871 47.54001 1087.7443 119.85364 61.66467
6884.748 44.31553 1113.2483 78.37927 80.01286
6787.9204 44.31553 1091.937 91.17505 61.31929
6904.5645 41.46089 1094.1842 115.95801 61.09666
6852.959 44.31553 1086.0182 100.6615 61.09666
6903.2803 44.31553 1107.022 96.12891 63.87067
6846.0996 44.31553 1087.7269 94.536255 63.37003
6857.6436 47.54001 1097.8982 129.32312 58.90936
6852.8022 47.54001 1094.4282 117.64551 58.90936
6870.051 47.74063 1074.3693 152.59973 58.90936
6825.686 52.79583 1077.0555 122.04834 58.90936
7123.9873 43.02202 1118.5728 149.30359 80.01286
7011.298 43.02202 1033.8984 216.2572 64.33421
7015.716 43.02202 1022.88806 228.33325 64.33421
7106.6626 28.56982 1113.8373 122.20532 68.02489
7110.689 26.33491 1127.3203 127.88489 68.02489
7058.4126 19.55452 1104.692 157.24695 63.25774
7046.7163 19.55452 1097.8018 122.55493 64.09595
6958.338 48.9174 1105.6266 129.60718 63.25774
6897.4087 48.9174 1075.7225 162.48083 63.07981
6890.8237 48.9174 1076.8145 152.21143 63.07981
6885.971 50.63661 1091.4524 123.454346 63.11359
6842.684 50.63661 1088.1599 108.859985 58.68788
6728.917 50.63661 1076.5887 83.964966 58.68069
6749.7656 50.63661 1079.1945 89.40759 58.65578
7056.545 47.54001 1089.9569 185.98425 66.80471
7055.988 43.29747 1100.9779 160.30359 66.80471
7056.3047 43.29747 1094.7515 178.05334 66.80471
7062.008 34.30858 1100.4558 134.09082 64.66654
7022.255 44.4066 1111.1328 118.04248 64.66654
7028.628 47.54001 1136.5286 111.891846 80.01286
7055.1885 47.74063 1127.9656 111.36243 76.21087
7006.226 50.63661 1106.5697 116.695435 68.80523
6883.099 50.63661 1091.1494 117.39673 63.11359
6915.114 44.4066 1113.8868 91.260254 80.01286
6952.2935 47.74063 1122.7014 97.83777 63.29283
6935.8555 47.74063 1109.6809 104.8949 63.11359
7042.793 47.74063 1135.729 95.26587 66.70453
6982.483 50.63661 1102.0343 115.267456 66.70453
7027.096 32.08496 1132.5869 87.91724 66.70453
6969.892 32.08496 1121.785 77.438354 76.21087
6993.3 39.63217 1124.41 82.114136 76.21087
6965.3013 39.63217 1125.1622 83.47424 76.21087
6940.796 47.74063 1048.5502 194.04968 63.11359
7001.025 47.74063 1108.778 102.79431 64.66654
6899.5615 47.74063 1097.7666 88.170166 75.82535
6926.379 24.83442 1114.1855 129.37903 63.11359
6984.8096 32.67483 1107.0681 132.85962 63.87067
6967.275 37.02857 1081.476 164.50244 63.29283
7105.28 32.67483 1136.1809 107.546265 66.80471
7097.0015 26.33491 1120.7119 141.49133 65.6203
7093.4824 32.67483 1126.8589 118.37695 64.66654
6922.843 48.9174 1087.1497 136.00781 63.11359
6943.0723 48.9174 1104.5197 111.27417 64.00818
6971.6084 57.51766 1113.5211 104.295166 67.59782
7011.96 47.74063 1117.9265 105.16919 64.66654
6985.45 47.74063 1119.2374 110.05676 64.95645
6888.3564 57.51766 1050.2465 142.96423 63.29283
6796.324 57.51766 1049.367 148.00891 57.95742
6806.991 57.95742 1047.7856 161.86841 57.81812
6703.633 55.5852 944.42676 270.6554 55.16986
6643.8286 57.29481 949.24774 258.17145 55.16986
6732.845 47.74063 959.5453 259.8424 56.24379
6663.624 47.74063 960.21643 223.25305 56.24379
6729.5293 47.74063 988.0285 204.88458 57.20359
6636.8936 47.74063 895.3918 315.8626 54.32402
6612.367 47.74063 887.303 312.42798 54.32402
6602.144 47.74063 891.01953 297.77234 54.79729
6587.1777 47.74063 895.0829 291.11084 54.32402
6440.047 50.50341 921.76917 269.92773 53.22744
6448.743 50.50341 919.3308 279.89844 53.22744
6918.3423 45.84191 1030.1681 185.85559 60.23899
6989.3735 43.02202 1007.86945 237.45782 61.89501
7076.528 43.02202 1095.0221 161.91565 65.28843
6958.627 48.9174 1042.5616 171.77576 61.89501
6965.0674 47.62929 1049.0027 162.9978 63.11359
6998.277 48.9174 1082.2124 140.7312 64.66654
6936.816 47.18692 1067.3647 151.9253 61.89501
7018.5903 44.4066 1110.3856 117.53357 64.62117
6987.1406 50.63661 1090.2992 142.61292 64.62117
6908.203 52.79583 1078.4318 143.40918 64.62117
6899.094 52.79583 1078.0276 127.962524 64.62117
6818.7954 43.02202 1062.5074 157.72717 57.75995
6803.679 56.52375 1052.5531 125.45801 57.75995
6769.007 64.62117 1040.4999 140.56458 63.87067
6715.345 64.62117 1040.6494 151.46265 63.87067
6602.9575 62.52861 1029.1862 145.20508 55.07387
6641.3086 51.19741 1024.5219 186.88367 56.27533
