1112.0 0.0 103.0 14.0 1.0
1110.0 0.0 105.0 12.0 1.0
1109.0 0.0 106.0 12.0 1.0
1113.0 0.0 103.0 15.0 1.0
1118.0 0.0 104.0 16.0 1.0
1155.0 0.0 107.0 18.0 1.0
1152.0 0.0 106.0 17.0 1.0
1176.0 0.0 105.0 26.0 1.0
1173.0 0.0 109.0 21.0 1.0
999.0 0.0 88.0 18.0 0.0
1063.0 0.0 93.0 34.0 0.0
1065.0 0.0 90.0 40.0 0.0
1061.0 0.0 92.0 28.0 0.0
1028.0 0.0 96.0 25.0 0.0
1058.0 0.0 93.0 26.0 0.0
1055.0 0.0 94.0 25.0 0.0
1053.0 0.0 95.0 22.0 0.0
1054.0 0.0 94.0 23.0 0.0
1036.0 0.0 92.0 20.0 0.0
1023.0 0.0 93.0 20.0 0.0
1031.0 0.0 94.0 21.0 0.0
1083.0 1.0 98.0 23.0 2.0
1074.0 1.0 101.0 13.0 1.0
1076.0 1.0 98.0 20.0 1.0
1091.0 1.0 97.0 23.0 1.0
1112.0 1.0 102.0 24.0 1.0
1114.0 1.0 100.0 28.0 1.0
1130.0 1.0 101.0 31.0 1.0
1139.0 1.0 102.0 33.0 1.0
1140.0 1.0 100.0 34.0 1.0
942.0 1.0 83.0 22.0 0.0
933.0 1.0 84.0 21.0 0.0
949.0 1.0 84.0 24.0 0.0
984.0 1.0 85.0 26.0 0.0
973.0 1.0 87.0 25.0 0.0
975.0 1.0 86.0 26.0 0.0
1018.0 1.0 87.0 35.0 0.0
991.0 1.0 86.0 27.0 0.0
1040.0 1.0 85.0 51.0 0.0
1011.0 1.0 90.0 33.0 0.0
997.0 1.0 86.0 31.0 0.0
978.0 1.0 87.0 32.0 0.0
1030.0 1.0 88.0 37.0 0.0
