2235.0 0.0 137.0 23.0 1.0
2453.0 0.0 148.0 33.0 1.0
2392.0 0.0 146.0 28.0 1.0
2386.0 0.0 147.0 24.0 0.0
2383.0 0.0 148.0 25.0 0.0
2387.0 0.0 146.0 29.0 0.0
2391.0 0.0 145.0 30.0 0.0
2395.0 0.0 145.0 29.0 1.0
2394.0 0.0 142.0 32.0 0.0
2401.0 0.0 147.0 33.0 0.0
2430.0 0.0 148.0 38.0 0.0
2441.0 0.0 149.0 40.0 0.0
2457.0 0.0 149.0 37.0 1.0
2465.0 0.0 147.0 42.0 0.0
2460.0 0.0 145.0 40.0 0.0
2439.0 0.0 146.0 39.0 0.0
2468.0 0.0 149.0 40.0 1.0
2468.0 0.0 147.0 39.0 1.0
2428.0 0.0 146.0 36.0 0.0
2463.0 0.0 145.0 41.0 0.0
2455.0 0.0 148.0 41.0 0.0
2475.0 0.0 147.0 46.0 1.0
2470.0 0.0 147.0 53.0 0.0
2468.0 0.0 148.0 49.0 0.0
2466.0 0.0 149.0 45.0 0.0
2467.0 0.0 148.0 46.0 0.0
