-53570.53	-36.33923	-3363.674	646.30664	77.49073
-52789.973	-38.22171	-3166.0447	837.7363	71.37268
-53484.11	-36.33923	-3401.618	615.98535	77.12408
-53634.547	-36.33923	-3416.3333	598.3677	78.19034
-47827.94	-36.42438	-2904.4548	668.3052	76.88929
-53130.812	-43.92947	-3290.6099	690.2427	74.19471
-50249.727	-45.73336	-3011.1086	726.2185	80.20006
-51605.34	-46.11847	-3064.263	856.7473	82.995
-53531.434	-36.33923	-3362.4282	592.14624	77.49073
-52779.71	-48.57425	-2760.1895	1248.1658	78.57414
-45958.125	-38.01183	-2744.7969	610.8296	86.2778
-53550.875	-43.66964	-3388.8286	623.50415	77.49073
-50051.254	-46.6412	-2996.7117	619.2798	84.67525
-49113.336	-64.13892	-2755.8318	830.251	78.50431
-51738.184	-69.14	-3076.524	891.2688	69.14
-51777.992	-70.42271	-3071.8965	978.4309	68.56447
-51503.383	-71.37268	-3118.8835	841.6028	67.26394
-51023.992	-65.57835	-3011.655	919.4453	66.74016
-51618.293	-67.1209	-3014.6555	973.8716	67.84315
-51869.152	-66.74837	-3137.7542	873.28	67.84315
-51368.637	-66.05127	-2824.3594	1146.186	67.1209
