-1193.5157	-98.6992	-444.9032	56.946472	94.16066
-1331.2079	-96.35551	-499.0121	50.18518	101.4792
-1110.8226	-75.52345	-402.8452	70.224945	93.7702
-1071.385	-63.15535	-414.89532	30.88794	98.74316
-1330.8274	-70.89317	-507.97568	78.27457	102.22975
-1230.5321	-94.56456	-415.96268	120.70859	93.16113
-1363.7029	-94.68919	-520.43665	54.768066	104.04767
-1179.933	-98.93358	-453.34662	31.519104	96.24432
-1331.4487	-99.13725	-521.0207	26.452393	105.8597
-1340.1525	-96.1054	-517.39307	61.7287	107.12615
-1276.7977	-91.3699	-477.9727	76.11838	95.59421
-1222.0248	-94.01542	-453.527	56.97821	96.1054
-1187.8364	-93.7702	-456.49847	31.335022	99.46495
-1159.4152	-94.01542	-436.9054	53.274414	96.1054
-1190.0942	-85.63253	-430.2087	74.59537	93.95355
-1276.5548	-105.97981	-470.66016	68.200195	94.08121
-1331.8882	-115.35474	-514.2185	37.961792	106.3681
-1194.4141	-97.87094	-449.0538	40.50522	96.8657
-1181.4722	-100.16016	-441.53235	49.726807	98.57142
-1208.0962	-98.36156	-430.14606	89.340454	94.01542
-1268.2646	-103.89035	-488.69214	55.485718	98.03545
-1255.6481	-111.36527	-455.53888	101.194275	93.7702
-1186.4994	-96.81609	-449.66724	79.21765	84.76566
-1289.4019	-100.76008	-469.8739	105.86163	97.87094
-1327.9003	-115.35474	-523.1437	14.018616	100.16016
-1152.8497	-88.08733	-417.9351	77.08038	93.7702
-1076.1504	-61.37267	-412.15744	33.608948	94.01542
-1001.5594	-78.10289	-378.4419	40.239105	93.1381
-802.8939	-56.96448	-281.59647	71.51007	80.90054
-901.9175	-76.57748	-333.27042	61.43094	87.85264
-1054.5309	-81.40146	-409.04044	24.078156	94.16066
-1342.7957	-70.89317	-524.098	21.73169	106.6561
-1046.3752	-87.29479	-388.18524	42.891968	91.59799
-1169.2471	-80.383	-453.47168	31.788818	96.1054
-1356.264	-84.76566	-514.9697	48.533325	105.8597
-1336.226	-84.76566	-530.5672	10.773315	105.8597
-1342.178	-82.29756	-520.26556	43.50702	106.82649
-1271.8987	-94.68919	-480.61365	60.05414	94.01542
-1295.6003	-96.17577	-499.51938	43.293427	98.51948
-1287.3774	-93.95355	-460.34335	98.03989	96.43741
-1255.2183	-89.64525	-439.88965	88.96094	93.7702
-1071.8712	-77.79063	-386.36966	66.551636	93.7702
-1236.2322	-90.87757	-405.9198	158.68982	93.16113
