-131618.19	-66.41341	-5413.9907	1326.2085	92.70753
-135733.44	-59.54766	-5619.9233	1148.4009	88.28069
-133857.25	-49.68494	-5526.5474	1217.7188	84.20596
-135860.3	-52.14038	-5666.4062	1162.2056	86.15067
-135922.7	-49.68494	-5757.074	1003.27246	88.76254
-120867.51	-53.68479	-4860.379	1542.2974	85.80187
-135301.77	-59.54766	-5530.5356	1267.7764	86.05312
-135755.25	-54.44828	-5714.0986	1052.0029	85.80837
-135991.33	-49.68494	-5774.011	1004.6655	88.85844
-135690.61	-59.54766	-5649.08	1148.2983	86.95538
-135907.0	-51.21892	-5734.294	1123.7646	88.76254
-135768.08	-52.14038	-5625.508	1218.9922	86.13411
-134840.56	-52.14038	-5486.654	1279.2334	84.13115
-135691.11	-59.54766	-5721.1245	1001.50146	90.75491
-135801.64	-59.54766	-5583.713	1216.7803	88.85844
-120079.26	-63.95353	-4805.324	1272.2183	100.69228
-130279.54	-82.22049	-4964.006	1734.3462	79.51011
-130635.33	-81.0145	-5076.2974	1588.9941	81.56149
-130361.11	-82.22049	-4989.865	1764.6099	80.98559
-121346.26	-67.77495	-4673.028	1378.7764	96.10025
-128485.48	-80.50942	-4941.9697	1785.5127	78.99489
-129483.38	-77.60449	-4992.132	1679.8267	78.99489
