3810.6733 148.66559 1041.6564 99.04138 151.80461
3844.7493 116.11183 1066.39 109.864136 149.62454
3427.2373 139.22101 931.3263 106.09778 140.76094
3746.7578 148.66559 1033.0168 88.74072 152.81738
3738.223 150.77475 1001.2077 119.64667 162.88306
3756.782 146.81595 1008.7202 127.58179 149.62454
3736.4307 152.81738 1015.5254 81.521484 149.62454
3777.4165 151.80461 992.29034 176.08917 147.03775
3732.3625 147.04594 1028.2722 104.90491 145.62318
3400.628 120.58631 923.6471 90.04303 140.76094
3839.1619 147.03775 1054.0359 90.63855 162.88306
3769.067 145.20337 1006.9429 125.52881 149.62454
3775.9717 146.81595 1023.31305 80.696594 159.20638
3853.1475 117.03864 1077.7528 46.427124 159.20638
3853.1472 117.03864 1077.7528 46.427002 159.20638
3849.7686 116.11183 1064.8932 81.59631 149.62454
3862.8057 116.11183 1064.7433 82.03296 149.62454
3787.1536 151.80461 1018.8964 132.39948 156.50897
3724.1948 145.20337 1019.9852 58.97693 142.98242
3726.8445 145.20337 1022.7546 79.384705 147.04594
3789.2695 149.62454 1040.4805 126.03052 159.2542
3703.6675 154.6745 1023.86395 73.52118 152.81738
3637.322 137.67381 935.17957 129.72095 140.6333
3550.1165 132.29478 943.83716 103.14624 140.6333
3731.264 146.81595 1044.7561 57.707886 151.80461
3310.1577 120.12996 898.58923 86.1792 142.1823
3286.3125 120.12996 915.9104 39.04541 148.16591
3513.2214 132.29478 964.2816 95.391235 142.87265
3727.8945 152.81738 1022.00684 77.733765 149.62454
3728.9998 145.62318 1023.846 115.97394 145.20337
3639.293 129.4343 948.6108 142.64056 140.6333
3767.433 147.16432 999.17596 118.627014 150.77475
3563.1416 146.695 973.92694 89.93927 145.20337
3767.3037 151.80461 1025.8767 134.62659 156.50897
3739.7134 149.62454 998.2866 117.70056 151.80461
3687.8965 149.62454 984.63416 115.4021 144.64003
3535.3171 141.86374 965.6312 99.64331 142.87265
3728.1528 147.16432 1031.4528 61.977905 153.6638
3596.3174 146.76599 971.8569 99.23932 145.20337
3529.2148 146.76599 978.1686 75.33191 145.20337
3747.709 145.62318 1005.03107 153.16559 145.20337
3839.1616 147.03775 1054.0359 90.63855 151.80461
3758.2502 145.62318 1039.8986 86.63574 149.33876
3652.7197 145.62318 978.2284 114.25305 142.87265
3671.125 138.8136 1030.002 38.5166 152.33353
3723.6611 138.8136 1053.4409 29.097046 153.2802
3669.2039 145.62318 995.148 143.7984 145.04329
3773.025 149.62454 1004.768 107.80438 156.002
3762.0664 146.81595 1046.3826 57.786133 151.80461
3654.4014 145.62318 983.6401 140.50385 142.87265
3486.306 146.695 955.5005 55.09143 156.50897
3817.6714 142.87265 1055.052 59.09546 145.20337
3696.936 138.8136 1038.3036 52.354004 145.20337
3744.4097 145.62318 1008.8005 146.09674 145.20337
3759.0254 151.80461 1003.6865 133.07117 147.03775
3592.488 142.29216 966.7529 114.911865 140.76094
3443.1812 142.25969 961.3828 47.59491 147.16432
3402.9392 132.29478 937.84625 68.07733 142.29216
3435.6416 109.2596 940.6038 92.2514 142.29216
3667.594 137.67381 942.2551 140.37573 140.6333
3620.8574 125.74078 976.2457 108.19617 139.43135
3727.5715 138.8136 1042.8579 38.753662 162.88306
3617.6545 140.6333 977.85803 118.40527 139.43135
3644.215 140.6333 953.47034 165.729 139.43135
3674.2712 129.4343 965.32367 192.59894 142.87265
3764.3325 142.87265 1049.273 50.72705 156.50897
3259.7227 120.58631 919.71674 21.826477 150.97455
3728.1943 138.8136 1043.481 46.034424 164.18565
3501.254 145.62318 961.7709 79.23584 145.04329
3665.0764 129.10553 1028.481 45.824463 151.80461
3709.1912 147.34499 1003.7069 109.57666 147.03775
3834.5015 142.87265 1074.8741 62.33264 149.62454
3811.116 142.87265 1055.3416 70.79785 145.62318
3873.512 142.87265 1087.6736 59.97461 151.80461
3419.3564 120.58631 925.14795 100.38843 139.22101
3367.0798 109.15797 912.06683 78.96649 140.76094
3341.747 120.58631 898.2466 128.33887 138.8136
3807.717 142.87265 1064.6421 50.80835 149.33876
3726.8445 145.20337 1022.75464 79.38464 149.62454
