34016.715 59.88533 2600.1194 550.2615 74.12405
34073.32 59.88533 2622.686 574.0996 89.72325
34018.492 59.88533 2614.0308 521.59814 89.87119
33925.195 54.3203 2587.255 640.2617 68.89751
34020.688 54.3203 2627.8354 590.91113 89.72325
34018.473 59.88533 2614.0312 521.5979 89.72325
34073.316 59.88533 2622.6863 574.0996 89.72325
34073.324 59.88533 2622.686 574.0996 89.87119
33585.824 69.34026 2499.8093 668.7859 68.89751
33050.887 70.75626 2503.871 605.2754 68.89751
33680.547 68.89751 2590.054 564.38696 65.69004
33174.89 68.15492 2509.9822 547.62744 65.41608
33191.38 68.89751 2518.0977 533.6072 104.28301
33551.246 68.15492 2529.3022 561.27295 65.41608
33276.316 65.69004 2579.2874 505.88037 65.34835
33174.895 68.15492 2509.982 547.6277 65.41608
33561.723 70.75626 2516.5415 638.0559 68.89751
33561.71 70.75626 2516.5417 638.0554 68.89751
33655.73 65.69004 2595.2566 516.9719 70.75626
33680.555 68.89751 2590.0535 564.3877 68.26019
34018.484 59.88533 2614.0312 521.5979 112.87999
33855.87 59.90779 2596.1062 534.66284 80.25228
33500.72 59.90779 2576.5522 536.00366 68.15492
33887.91 59.90779 2584.6392 581.1338 80.25228
33835.246 54.3203 2609.692 561.7129 68.15492
33907.004 59.90779 2603.7336 588.1919 89.72325
33680.55 68.89751 2590.0537 564.3872 104.28301
33735.96 68.89751 2583.2522 577.978 74.12405
33712.973 65.69004 2582.3618 567.8467 80.25228
33369.785 70.75626 2523.1912 618.9204 68.89751
33708.297 63.7898 2593.8455 550.7385 80.25228
33855.863 59.90779 2596.106 534.6626 112.87999
33683.516 68.89751 2573.4468 573.78516 86.05238
33275.66 54.3203 2566.9517 493.69482 71.44061
33809.168 59.88533 2611.9526 505.13525 74.12405
33682.56 59.88533 2529.5244 556.73584 70.75626
33452.58 59.88533 2604.6682 479.45508 77.67891
33377.285 54.3203 2576.3123 504.54102 70.75626
33452.574 59.88533 2604.6682 479.45508 74.12405
33561.715 70.75626 2516.5417 638.05566 68.89751
34018.48 59.88533 2614.0308 521.5979 80.25228
33851.72 59.90779 2583.423 562.09766 68.15492
33690.46 63.7898 2581.239 578.0969 68.15492
33689.434 63.7898 2588.9124 559.9038 76.75111
33735.977 68.89751 2583.252 577.978 89.87119
33299.34 65.69004 2588.386 490.8772 79.81705
33500.72 59.90779 2576.552 536.0032 68.15492
33614.668 65.34835 2568.6829 537.92065 68.15492
33585.832 69.34026 2499.809 668.78613 89.87119
33050.88 70.75626 2503.871 605.27515 79.81705
33655.734 65.69004 2595.257 516.97046 79.81705
33760.926 54.3203 2590.383 528.2898 68.15492
33750.867 65.34835 2598.1353 548.3428 104.28301
34051.742 59.88533 2601.1067 587.2544 80.25228
33697.793 59.88533 2544.092 547.022 72.3639
33689.43 63.7898 2588.912 559.90405 71.44061
33865.844 59.90779 2596.396 576.5852 80.27926
33793.562 59.90779 2587.2812 552.0405 74.12405
33162.78 65.69004 2586.202 506.87646 73.06474
33905.9 59.88533 2561.336 568.6958 72.3639
33809.176 59.88533 2611.953 505.1355 79.81705
33369.773 70.75626 2523.1914 618.92017 68.89751
33887.906 59.90779 2584.6394 581.1333 112.87999
33742.305 63.7898 2581.513 570.8696 80.25228
33331.99 68.89751 2583.1826 538.2932 65.69004
33663.55 65.34835 2580.2004 534.20215 74.12405
33712.977 65.69004 2582.361 567.8474 80.25228
33962.81 59.88533 2612.105 527.7566 76.75111
33821.91 59.88533 2551.8735 557.15967 72.3639
33905.887 59.88533 2561.336 568.69556 72.3639
33639.715 54.3203 2576.7034 544.9077 65.69004
33698.887 59.90779 2559.7666 547.6765 72.3639
33821.918 59.88533 2551.8733 557.1594 72.3639
33987.285 54.3203 2611.8762 545.71313 76.75111
33905.89 59.88533 2561.3362 568.6958 72.3639
33683.516 68.89751 2573.4465 573.7854 74.12405
33565.51 68.89751 2537.418 547.2517 70.75626
33717.23 65.34835 2586.6177 552.06177 80.25228
33962.797 59.88533 2612.105 527.75635 74.12405
33191.395 68.89751 2518.0977 533.6074 71.44061
33735.473 59.90779 2589.4243 539.3777 78.22947
34018.477 59.88533 2614.031 521.5979 80.25228
33926.746 59.90779 2590.4285 589.34204 80.25228
33872.176 59.88533 2616.1116 533.33203 80.25228
33887.91 59.90779 2584.6392 581.13354 89.87119
