817.74414 107.13702 374.15268 63.02719 104.8258
875.7733 112.16711 418.31055 41.470764 108.74766
758.9498 108.74766 350.79907 42.274445 103.83735
858.17017 112.16711 408.30804 36.99774 108.74766
791.464 120.02276 384.81323 23.622711 104.8258
831.37427 107.17459 398.48505 32.958313 108.74766
744.81006 113.80575 360.30164 22.214172 106.14812
872.86346 127.06961 410.98648 70.016815 127.34239
810.838 113.80575 376.31097 64.19409 108.7458
749.3716 94.52596 359.45303 50.856262 92.96057
737.8739 99.04942 357.30957 39.942566 103.83735
810.8629 107.13702 391.74945 30.954926 104.8258
695.58057 92.96057 328.93164 33.621277 103.83735
872.8634 127.06961 410.98648 70.016815 108.74766
731.208 108.7458 354.4166 21.941559 104.8258
810.863 107.13702 391.74945 30.954895 107.13702
761.07477 96.66178 360.89374 39.054688 103.83735
725.2184 98.73409 328.38354 56.741882 96.66178
746.7124 110.00793 364.00717 22.65512 108.74766
744.8101 113.80575 360.30164 22.214172 113.80575
673.0139 94.52596 318.20352 48.4888 92.72401
578.9304 84.39831 280.8387 15.217316 112.16711
713.21735 96.66178 325.3548 64.58011 92.96057
710.57385 96.66178 334.9344 39.04419 99.04942
662.12683 90.96126 320.61072 20.636261 92.72401
763.87994 104.6066 374.09793 15.788239 104.8258
811.2031 103.67062 367.61163 62.269257 104.8258
813.5233 98.73409 363.66116 76.54855 92.96057
800.2434 115.79839 380.58887 35.146088 104.8258
777.56714 104.8258 377.63614 19.946014 125.78336
744.81006 113.80575 360.30164 22.214142 115.79839
733.0609 98.73409 324.35974 68.5058 92.72401
817.10004 98.73409 359.63733 95.04791 92.96057
817.7442 107.13702 374.15268 63.02722 104.8258
733.0478 92.82071 345.1482 37.695435 98.73409
661.30145 94.52596 321.2085 33.77127 103.65479
664.43634 99.04942 326.6349 11.864899 115.94933
