7594.895 5.80426 915.6527 224.48108 35.22947
7652.907 4.3254 949.2943 180.17798 42.66518
7553.531 6.03521 830.32434 293.91687 30.0373
7456.2812 4.3254 859.3527 277.1784 30.0373
7488.202 6.03521 781.3559 311.6081 28.78408
7626.1543 3.11481 903.447 191.18286 38.01073
7537.6816 4.3254 918.44965 202.37653 34.64907
7597.206 4.3254 897.5489 258.96588 35.22947
7368.196 10.19582 882.29816 185.10907 35.22947
7495.589 6.03521 773.39746 335.98474 28.17564
7644.517 4.3254 939.6009 192.13458 42.19945
7474.3203 6.03521 820.8853 294.40875 29.28648
7551.2734 4.3254 918.4956 229.15442 35.22947
7557.055 4.3254 849.3931 263.0473 32.2121
7459.504 4.3254 926.36426 206.07959 35.22947
7525.6724 3.11481 921.23773 189.93842 35.22947
7644.0225 6.82983 937.24286 190.86127 38.33129
7531.0903 6.03521 906.0025 246.71625 34.64907
7484.9175 4.3254 888.7009 238.4834 30.21963
7652.3545 6.03521 937.7543 196.40198 38.33129
7524.801 5.80426 892.08844 242.91461 33.09188
7367.712 4.3254 868.5636 255.19727 29.28648
7611.2114 3.11481 896.0449 211.18323 35.22947
6526.409 21.85575 652.54095 462.52423 26.35776
6188.7095 23.15758 626.5309 515.9292 16.94896
6329.6406 23.03474 662.0894 446.41156 29.36699
6561.1934 21.51581 677.48895 430.0843 18.24545
7474.921 4.3254 783.9984 316.802 28.56166
7419.6587 3.11481 776.91516 320.75586 27.54886
7436.2153 9.08314 771.4246 349.74567 27.54886
7151.3335 12.2174 801.0851 268.17578 26.31472
6168.5894 13.2049 710.09937 199.195 24.81566
6726.9595 12.91739 773.2854 302.2113 22.69691
6033.645 17.37529 617.8767 348.96472 16.64856
6901.581 6.03521 784.1362 233.28485 25.17749
7291.4785 8.4868 812.1411 237.73914 27.62561
7383.641 9.09407 816.8711 282.56836 27.54886
6611.4365 5.27439 776.9341 229.31238 22.6857
7232.7085 12.2174 846.1989 323.23334 30.77288
6528.8354 8.4868 764.997 244.99725 22.6857
7232.65 13.81957 848.2426 320.75116 30.77288
7216.7866 13.81957 827.7862 260.0114 30.77288
7386.7656 4.3254 908.0758 202.22632 33.09188
6311.944 8.4868 770.9292 157.08655 24.15528
6150.2593 9.04912 751.86597 125.94318 26.88716
6051.1177 8.79305 703.7453 181.48254 23.03474
6351.53 15.78782 718.94586 238.75708 23.49004
6958.793 12.62948 758.2798 243.3764 28.17564
6957.327 6.82983 799.54175 248.68701 24.7394
6452.1123 10.98809 732.4587 222.02997 23.21754
6831.114 11.44046 756.2396 241.76959 24.65902
6916.866 11.44046 805.54596 259.8587 24.15528
6375.271 10.83634 734.00665 195.34998 26.77596
6319.05 10.83634 718.4661 214.31763 22.69691
6141.872 10.83634 708.08887 212.54578 21.85575
6634.978 8.4868 762.041 206.17175 24.41927
6588.324 6.53957 761.1092 226.89343 22.6857
6574.6597 6.53957 763.5802 228.88745 22.6857
6690.775 3.11481 781.4084 235.71973 22.6857
7402.203 6.03521 909.0022 139.28711 38.50505
6363.5806 10.83634 749.48914 197.56982 28.58257
6959.0933 6.82983 811.4861 201.82654 27.36176
7088.8896 10.24273 813.4239 255.31097 28.17564
6304.6445 10.93273 714.8088 193.38818 26.77596
6328.6797 5.80426 751.3484 171.75049 24.15528
6348.5996 8.4868 756.1974 169.32654 25.17749
6341.3887 10.47395 753.05634 170.87103 27.13057
6292.271 12.2174 734.83875 233.48401 23.45232
7170.707 11.44046 828.8288 265.4582 29.28648
6938.7437 5.80426 787.5284 240.53412 24.43549
6986.727 10.24273 799.96765 241.46228 26.1624
6745.9087 7.04364 802.3586 165.0987 30.77288
6256.9536 15.11578 700.79407 250.26093 22.6857
7541.2524 6.03521 819.0624 317.16736 29.28648
7418.4272 9.08314 838.8911 279.33276 29.28648
7566.021 9.08314 852.9493 237.66058 38.50505
6905.734 9.09407 778.79236 242.36743 23.49004
7506.7925 9.08314 793.7196 334.448 29.4897
7362.938 9.09407 789.79504 296.77283 27.37853
6492.603 8.4868 739.4956 239.84229 22.6624
6710.79 7.04364 772.957 224.43488 24.15528
7022.4985 7.04364 858.70435 146.4707 34.64907
7187.892 9.09407 813.09 274.53595 23.49004
7036.8716 5.80426 873.07825 137.5669 34.64907
6870.0234 5.80426 821.9048 153.90973 30.79455
6871.2715 14.88415 785.3293 279.34674 24.7394
6706.6855 8.4868 826.5196 193.05151 30.22584
7162.4287 5.92998 886.1984 162.40204 34.64907
6866.9316 5.27439 808.1882 216.67072 25.61572
6824.612 13.97221 780.91675 276.6598 24.7394
6895.2344 5.27439 803.05884 213.54468 25.61572
7150.3174 8.4868 871.2007 214.23438 30.0373
7210.313 5.92998 859.95447 203.9939 30.0373
6845.999 12.62948 771.0766 239.04004 25.61572
6718.245 10.98809 769.60223 216.35126 23.49004
7179.5547 8.4868 856.3018 203.84027 30.0373
6653.162 12.2174 763.4561 228.79999 24.15528
6970.3384 5.92998 866.6956 136.14758 34.64907
6577.0117 8.25139 799.78754 169.38892 27.26857
6639.4194 8.25139 805.5487 169.38959 27.26857
6990.52 5.92998 858.3364 140.60199 34.64907
6651.104 3.11481 810.2996 180.84607 26.31472
6447.6104 13.97221 730.0512 271.2798 20.47737
5835.4297 17.37529 632.746 351.0517 16.53516
6675.0 3.11481 806.8464 184.50293 26.77596
7205.5996 9.09407 832.4947 259.7437 24.41807
7192.465 9.09407 825.97626 253.92828 24.65902
6773.7417 5.80426 793.4473 251.66083 23.49004
7254.2935 3.11481 863.22473 231.41626 30.2362
6762.1895 5.80426 791.8536 247.43182 22.69691
6770.2383 5.80426 790.0345 244.29803 22.69691
7144.7163 5.27439 859.6961 289.31012 25.31491
7380.205 9.08314 902.12494 210.67181 34.64907
6831.357 6.03521 783.04095 238.59601 23.86004
6784.707 4.3254 792.4067 247.27484 23.86004
6748.8545 3.11481 750.94604 242.08801 22.69691
6792.039 3.11481 783.2462 257.35486 22.69691
7405.205 8.4868 853.3525 231.46136 30.40059
6542.4814 9.08314 777.4884 205.29736 24.15528
7113.5557 4.3254 843.9895 221.13074 28.17564
7140.268 4.3254 847.1166 221.80994 28.17564
6764.607 6.03521 766.28546 236.98596 23.86004
7262.3496 4.3254 831.6874 330.76685 27.13057
6324.828 8.4868 733.67413 217.96161 22.6857
6292.486 5.80426 733.00867 196.95764 22.6857
6643.742 7.04364 758.39764 210.57721 23.49004
6685.4834 10.83634 812.8337 194.04773 30.0373
6725.188 3.6656 766.9068 211.49689 23.49004
6637.3433 3.6656 756.55444 202.29608 23.86004
6997.025 5.80426 780.51587 258.937 23.49004
6243.081 3.41494 723.93896 188.8703 22.6857
6709.548 5.80426 800.8973 236.22443 23.49004
7614.76 4.3254 943.55664 175.31714 42.19945
7492.5747 4.3254 931.1601 175.33551 40.55643
6514.088 12.62948 720.39185 243.86316 21.85575
6774.551 5.80426 796.06494 225.99622 24.15528
6931.174 4.3254 780.0248 221.13293 25.31491
6842.51 10.19582 828.2614 188.74298 30.40059
6871.3003 5.92998 847.81055 160.1925 30.40059
6943.915 5.92998 819.6643 206.52612 27.85872
6522.7334 7.04364 758.09064 226.30933 22.6857
7576.311 4.3254 943.14703 175.74066 40.55643
6125.709 7.04364 655.10675 243.76562 18.75478
6859.933 8.4868 822.5113 210.39337 25.31491
6813.025 6.82983 819.64343 210.04077 25.31491
6988.1313 7.04364 828.7565 166.3089 33.09188
6302.0737 4.3254 796.04175 104.89099 30.40059
7036.615 7.04364 849.8498 166.37274 34.64907
7479.31 6.03521 930.44226 189.76685 40.55643
7467.92 6.03521 921.839 183.68042 42.19945
6355.4243 11.83952 701.7188 245.67328 20.64232
7185.5483 6.03521 896.21423 126.26868 38.33129
6260.8965 8.4868 724.7228 212.60596 22.6857
7001.299 11.44046 764.9225 335.40442 21.60812
7206.218 9.09407 830.5987 259.65436 24.7394
7243.251 6.03521 900.6412 126.87323 38.33129
7193.034 5.80426 776.863 349.19745 22.6857
7324.1904 9.09407 869.6326 252.77582 32.59545
6079.263 13.25628 662.9467 246.54675 18.75478
6803.0596 5.80426 788.27496 229.17041 24.15528
6002.997 12.91739 680.7436 209.64557 22.69691
6093.4854 12.91739 711.2905 226.75824 22.69691
7086.956 6.82983 849.28094 169.46655 30.0373
6280.678 12.62948 700.3811 232.54669 22.69691
6885.578 3.6656 803.61017 225.48114 25.31491
7383.582 9.09407 857.5619 283.42078 30.77288
6133.452 12.62948 676.63116 235.15564 20.47737
6756.556 18.24545 694.39716 370.6092 22.53264
7097.929 13.81957 812.82214 276.05273 30.40059
6904.3955 10.98809 775.8586 288.07916 22.6857
6380.039 10.83634 723.81256 232.5149 22.6624
6406.058 8.79305 723.88354 235.12793 22.6624
7083.0137 3.11481 888.9654 169.96832 30.40059
6053.2266 16.68589 660.2325 253.05872 19.04572
6034.7026 8.4868 680.4565 222.72308 20.47737
6468.8013 6.53195 773.1455 161.88586 25.31491
7108.8105 3.6656 910.72406 97.21179 38.33129
6995.9087 3.11481 880.9188 123.0556 35.22947
7175.612 5.92998 888.72504 180.13312 30.77288
7312.6196 9.04912 880.3666 199.5498 30.77288
6797.5923 5.80426 777.2158 239.26581 23.49004
6384.719 8.79305 727.08594 238.86987 22.6624
6468.9814 7.04364 761.5577 180.05426 24.15528
6164.8237 12.56759 711.9046 235.16742 22.69691
6234.864 12.56759 702.13995 234.39972 22.69691
6294.7827 6.53195 765.6495 155.96912 24.7394
6236.643 6.53195 761.42676 154.50385 24.15528
6301.0664 10.47395 756.8051 170.63861 29.36699
6333.9023 4.3254 762.7489 163.12555 24.7394
6507.619 6.82983 756.0331 185.54718 23.03474
6340.201 4.3254 757.8387 174.1618 24.15528
6230.6934 9.11921 736.9075 228.86377 22.6857
6234.413 9.11921 731.3977 220.62726 22.6857
6338.62 4.3254 756.77374 167.7821 24.15528
6115.509 7.04364 682.4558 222.03375 20.47737
6109.6465 7.04364 695.7042 202.60602 20.47737
6286.657 7.04364 728.54694 189.4989 22.69691
7090.496 6.82983 828.9084 224.19598 27.62561
6207.7095 7.04364 724.7996 181.44165 22.69691
7049.3 5.80426 859.47046 236.9513 27.62561
7077.164 5.80426 844.1463 226.05914 27.54886
7016.6924 6.82983 803.4932 218.64374 27.54886
7051.5034 6.82983 818.0818 205.91364 28.17564
6433.594 5.92998 761.6354 192.9773 22.69691
6861.8716 9.09407 774.2245 256.84167 22.13576
6209.608 7.04364 698.79956 239.58258 20.47737
6971.3804 13.25628 717.23627 482.3216 22.13576
6203.789 15.78782 681.2915 255.18018 20.47737
7413.0063 6.82983 838.1884 267.77618 29.28648
7279.746 12.56759 820.8233 301.1844 28.17564
6608.1045 13.81957 745.8872 240.11285 24.15528
6299.383 9.11921 717.0325 210.00323 20.82905
6138.294 8.79305 699.82477 206.78113 20.82905
6662.6035 12.85446 777.0619 224.67047 24.7394
6017.4727 8.79305 701.41473 203.22174 20.82905
6648.2544 12.85446 778.5578 227.63971 24.7394
6759.117 13.2815 806.5116 223.08875 30.40059
7055.203 6.03521 834.3745 210.65259 29.28648
6977.343 13.81957 819.5237 299.93274 30.40059
6953.169 13.81957 814.11084 296.31274 30.0373
6545.515 22.13576 671.155 465.8966 20.82905
6196.9966 13.25628 693.0651 228.23743 20.82905
6424.937 11.44046 694.3916 282.5351 18.75478
6542.5093 11.83952 746.6295 237.72827 22.6857
6647.8066 12.62948 755.2466 239.14331 22.6857
6667.4917 12.62948 766.4184 236.79614 23.49004
5806.1226 15.96159 617.01337 300.82703 18.24545
6449.373 22.13576 664.5302 461.65082 20.82905
6128.5913 15.80146 675.4622 257.59985 20.47737
6351.0083 16.55389 678.92737 308.57635 18.75478
6474.8574 22.13576 668.1197 455.8924 23.03474
6395.2954 19.99211 686.37366 418.40466 24.19617
6664.1333 14.88415 769.033 252.55878 30.40059
6506.5146 8.4868 724.51685 240.0404 20.47737
6196.383 15.80146 684.0795 258.93317 20.47737
6659.7476 16.55389 694.2416 358.6527 19.70974
6575.8096 19.99211 705.8459 426.42035 26.35776
6926.2754 5.80426 814.2062 235.6399 25.31491
6593.757 12.62948 761.4482 240.26562 22.91576
6588.2466 14.88415 774.8633 236.93054 30.40059
7447.6914 6.03521 916.5844 164.8576 38.50505
6546.72 6.03521 744.3881 224.68463 20.47737
6346.083 19.85449 662.5682 327.8062 20.82905
6959.911 12.2174 769.49646 249.41107 26.77596
6266.9575 8.79305 692.9354 240.57275 20.47737
6674.7837 16.53516 703.44775 413.36963 18.37289
7364.849 6.82983 874.8899 240.04846 30.0373
7229.727 9.09407 824.68976 254.46417 27.36176
6119.703 17.51422 663.6637 263.7683 19.04572
6213.8096 12.69145 690.5133 232.1012 22.6857
6224.9824 12.69145 695.9221 232.29602 22.6857
7215.4556 9.04912 841.3242 254.87085 26.77596
6737.971 7.04364 718.9119 416.24115 18.53034
7305.037 12.2174 843.0101 316.7708 27.36176
7093.596 9.45388 826.0635 281.57324 27.36176
6720.2466 12.69145 754.54034 266.8133 23.90247
6847.983 5.80426 802.1996 254.66309 24.15528
6715.6997 7.04364 703.53937 402.17023 18.53034
6074.8066 16.55389 673.7864 242.73114 20.82905
7106.577 6.03521 808.81335 225.18506 26.77596
6411.8047 19.99211 683.6376 354.3761 22.63494
6028.9346 15.01437 658.4173 240.86487 19.04572
6176.459 19.99211 663.7894 319.49133 26.21495
6175.581 19.99211 673.91943 331.23907 33.91339
6106.83 19.99211 663.6226 338.05615 24.19617
6836.3506 10.98809 769.984 227.26819 26.1624
6862.8604 5.80426 797.49023 258.84814 24.15528
6912.3115 5.80426 817.73926 231.9674 25.31491
6729.371 7.04364 706.1672 405.28094 18.53034
6164.393 10.63054 699.56116 203.4115 21.84527
7061.296 6.03521 806.10425 219.45789 27.13057
6993.4805 4.3254 795.04034 231.80206 26.7055
6043.1875 15.01437 660.73254 242.02454 18.75478
6215.3794 10.63054 711.6845 230.72064 20.68348
6604.0767 7.04364 749.68195 205.44067 20.68348
6361.149 16.21669 712.83856 267.7929 20.47737
6035.218 19.99211 658.47656 315.81543 33.91339
7055.554 6.03521 805.87506 218.80743 26.77596
7059.279 6.03521 806.95416 224.11346 28.17564
6611.1494 10.47395 712.97253 398.51392 18.43085
6191.068 10.63054 706.3773 227.95728 20.47737
6153.365 11.08703 688.9628 229.5495 20.47737
6112.3696 16.21669 693.0164 254.6261 20.68348
5823.276 17.37529 614.3119 315.51062 18.75478
7032.346 6.03521 791.8834 250.0271 24.15528
6848.565 6.03521 780.7546 228.53772 24.15528
6112.5396 6.53957 707.75745 224.95068 20.47737
7045.2954 10.98809 792.47516 228.11603 26.7055
6559.1294 10.47395 726.6135 372.8423 19.70974
6070.529 11.08703 693.5675 208.60046 22.53264
5772.5845 16.94896 624.80475 261.21332 18.75478
6147.2676 16.21669 691.58856 263.3045 20.68348
6661.92 6.03521 763.5476 237.19653 22.6857
6648.1245 6.03521 746.8058 217.62555 22.6857
6633.7646 6.03521 747.8152 212.22266 22.6857
6582.573 6.82983 753.69446 225.85492 22.6857
6655.1753 6.82983 767.6311 202.6897 24.15528
6037.4395 11.08703 690.4527 182.98895 22.53264
7447.674 4.3254 886.5254 242.69775 30.0373
7183.151 12.69145 823.0612 343.86212 29.28648
6645.204 9.08314 716.15076 388.44934 18.43085
6486.4917 9.08314 688.13806 272.3808 19.04572
6971.389 5.92998 811.62067 236.82928 26.1624
7482.787 7.04364 824.3044 288.51544 30.0373
7254.432 4.3254 855.4813 238.18921 30.0373
7251.489 6.82983 854.0779 228.98755 30.0373
7274.1807 12.69145 866.28217 274.4887 33.09188
6908.269 12.6661 774.85974 233.75403 30.40059
5995.165 4.70189 685.9441 181.84442 22.53264
6026.828 4.70189 701.2315 185.35217 22.53264
6174.2183 20.29102 647.11926 331.24567 20.82905
6788.391 4.3254 786.4277 187.28284 27.26857
6709.6196 4.3254 777.16016 185.40442 27.26857
6409.199 12.62948 723.0627 216.30707 22.91576
6425.758 14.55034 721.606 247.32446 20.47737
6381.091 14.55034 718.26404 245.84607 20.47737
6701.3115 7.04364 778.1697 184.72925 27.26857
6710.9014 3.41494 778.98944 181.66455 25.31491
6192.674 15.78782 714.8366 206.89142 26.88716
6156.205 7.04364 667.3013 243.91296 18.75478
6894.288 5.92998 809.91815 239.42987 25.31491
6071.699 15.78782 701.30096 194.76837 23.49004
6513.0654 16.55372 733.92664 249.16187 23.21754
6939.1587 3.41494 844.3159 230.74133 25.31491
7291.8477 10.47395 886.8524 167.08447 33.09188
6868.362 10.47395 817.4748 232.61627 24.7394
7065.571 10.47395 800.75397 234.06366 26.90329
6165.3247 8.4868 711.8091 196.27856 22.53264
6979.9736 10.47395 842.39636 209.86377 30.40059
6707.354 3.41494 771.3607 179.6164 28.17564
6710.481 3.11481 793.70593 180.45355 28.17564
6460.966 12.62948 720.01984 246.65039 20.47737
6816.536 3.11481 809.4043 181.6278 28.17564
6453.4697 8.4868 685.91455 288.39917 17.51422
7259.6685 10.47395 870.83765 259.99377 30.77288
6806.6104 3.11481 807.2029 180.63696 28.17564
6656.5415 16.64856 701.35315 356.5448 17.51422
6784.021 3.41494 789.4636 185.28223 26.91926
7156.9785 10.47395 862.3033 198.78143 30.77288
7046.446 10.47395 832.4055 237.54456 30.21963
6827.589 10.98809 762.9172 287.3415 20.47737
6742.567 12.2174 731.5464 269.42767 20.47737
6168.0024 8.4868 712.44543 201.86603 22.53264
6238.846 12.62948 724.1679 205.38422 23.86004
6250.2603 12.62948 724.0235 199.59552 23.03474
6252.3433 12.62948 719.1329 204.07849 23.03474
6723.6353 3.41494 772.849 199.33734 24.7394
6668.2476 3.41494 767.0448 199.35986 24.65902
6881.936 14.55034 771.56476 257.02338 30.2279
7346.4756 9.09407 870.52454 254.61401 30.0373
7058.6953 10.47395 828.1039 246.89795 30.0373
7336.641 3.6656 859.7341 262.75714 28.17564
6048.7812 15.11578 685.841 220.64746 23.03474
6619.7837 3.41494 777.26807 182.45142 24.7394
6997.519 13.81957 786.34924 250.4674 30.0373
7451.822 6.03521 926.04297 201.771 35.22947
6957.055 4.3254 839.78186 252.43787 25.31491
6118.6895 3.11481 703.8103 187.01752 22.53264
6745.023 10.98809 754.8631 241.05292 20.47737
6028.0225 3.11481 702.8207 186.6383 22.53264
6578.902 16.55372 733.83374 260.47668 23.21754
6752.5903 12.62948 751.712 243.66162 24.54395
7409.001 6.03521 922.1726 200.17285 35.22947
6573.368 16.55372 739.4228 249.35376 24.7394
6572.071 16.55372 738.5935 250.96576 24.65902
6088.9746 14.55034 699.9349 212.54114 23.03474
7088.692 12.62948 804.44696 255.40497 24.7394
6553.786 12.62948 742.76245 198.1518 24.15528
6991.523 6.03521 791.38855 234.10327 24.7394
6474.7056 15.83616 731.6242 250.90668 23.03474
5942.392 12.56759 684.2006 207.70398 22.53264
6484.6357 9.11921 745.5891 190.4024 24.81566
6218.9683 14.09013 726.2661 204.19989 29.36699
6239.4 14.09013 731.4684 219.43097 23.03474
6034.8076 14.09013 715.6535 199.46936 26.21495
6462.424 16.55372 717.00494 253.76007 20.82905
7158.909 11.83952 806.8945 261.07538 26.77596
7082.3247 11.44046 802.4785 254.50867 26.77596
5932.8037 12.56759 685.4955 202.76385 22.53264
6059.7773 14.09013 710.06445 208.4635 26.21495
5922.7036 12.56759 689.0086 185.64246 22.53264
5926.981 12.56759 688.04285 183.37146 22.53264
6527.8423 14.09013 768.65234 212.58386 30.0373
6318.8154 9.04912 744.48987 181.84961 24.81566
6388.255 11.83952 721.1658 214.52173 20.82905
6312.9287 11.83952 677.6563 265.83966 17.51422
6729.569 15.83616 744.6027 250.2096 33.09188
6374.082 12.69145 728.0135 203.21704 24.15528
6347.8037 12.69145 730.04865 194.8982 24.15528
6732.075 12.62948 759.1413 251.42725 20.47737
6524.503 12.85446 724.57324 253.43958 20.47737
6948.918 4.3254 818.0152 237.12506 25.31491
6416.119 8.4868 739.3975 183.3841 24.65902
7223.5806 12.56759 811.46576 299.73053 30.0373
6432.1636 12.62948 747.7699 191.56323 27.26857
7472.5063 9.08314 765.725 335.6781 28.17564
7528.417 9.08314 821.6392 282.52252 34.64907
6795.5195 15.83616 780.1751 272.16864 30.2279
7127.9365 12.56759 823.3998 272.2694 30.40059
7201.0366 12.56759 840.61615 333.57635 30.40059
6256.775 11.83952 740.0234 207.6106 23.45232
6293.7236 11.83952 711.5166 205.80511 22.69691
6248.858 11.08703 720.3342 183.76129 24.7394
7253.134 12.56759 823.55023 269.4322 31.29347
6188.5874 12.69145 729.73315 188.57007 22.91576
7137.573 10.19582 787.30304 284.88385 25.61572
7164.2476 9.45388 807.4805 259.13214 29.39395
7294.3115 9.45388 820.9269 258.80896 31.39647
6982.7095 13.97221 789.5913 278.8556 23.49004
7043.262 13.97221 801.72876 268.11816 27.62561
6424.1665 10.19582 745.44867 201.52826 22.69691
6426.5723 10.19582 742.1603 202.11847 22.69691
6223.3823 12.69145 731.347 180.26935 24.15528
7070.7114 16.55372 772.355 337.97058 24.15528
6740.595 13.97221 767.1778 262.6762 28.45995
6779.646 7.04364 800.6164 187.56604 25.31491
7410.7334 9.08314 876.43726 253.21704 30.0373
6600.7217 16.55372 733.208 255.59558 25.17749
7564.3896 6.03521 847.5521 250.55005 38.01073
7510.952 6.03521 836.4986 298.3725 33.09188
6820.6533 7.04364 803.92163 187.81573 25.31491
6991.426 7.04364 797.07733 231.43292 25.31491
6370.4707 10.19582 739.16064 201.30524 22.69691
6779.2754 18.75478 714.73694 393.3733 25.17749
6811.175 17.51422 746.6394 360.0205 28.3981
7242.484 12.56759 783.5627 336.435 27.62561
7315.417 10.98809 785.2943 353.03894 29.28648
6478.486 13.97221 740.7631 244.47198 23.45232
6936.7505 12.2174 776.64764 248.11237 26.7055
6339.628 13.97221 720.4407 242.09119 23.45232
6352.2256 12.2174 739.8932 235.23578 23.45232
6416.376 19.25949 700.8699 308.0492 23.21754
7377.346 9.09407 839.98627 252.94794 30.3828
7167.686 12.69145 777.9884 350.4375 26.20491
6321.302 5.92998 776.4545 163.92383 27.26857
7172.503 12.69145 784.6528 321.31 26.31472
6668.7627 17.51422 715.3375 415.77405 20.82905
7157.995 12.69145 797.6633 293.42334 27.26857
6328.2144 5.92998 770.09595 162.85144 24.81566
6890.6763 13.25628 839.6159 203.02972 33.09188
6764.101 10.19582 719.7004 291.81696 18.78206
6810.6606 9.04912 730.0765 316.2796 18.78206
6642.8276 11.44046 700.9287 307.97693 18.53034
7288.7197 9.08314 800.34686 281.34113 27.37853
7276.0474 9.09407 807.74286 301.4842 27.51733
6857.2056 10.19582 817.89484 176.02734 30.40059
7232.913 10.98809 802.73083 306.6914 27.26857
6837.6436 10.19582 840.06006 188.40039 30.40059
6961.597 16.55372 774.4679 306.85425 23.21754
6512.7773 8.4868 783.61566 187.61804 26.21495
6955.262 12.62948 826.98517 219.02057 30.40059
7080.0073 9.08314 811.4851 296.29224 22.6857
7635.749 4.3254 940.2943 186.99023 38.33129
7550.3457 4.3254 896.8771 262.5287 33.09188
7277.8867 10.98809 813.36975 289.39795 30.2279
6423.1904 17.27208 714.222 283.8816 22.69691
7145.5786 6.03521 789.46344 306.47443 22.6857
7548.0234 9.09407 905.76416 232.92993 40.55643
7348.912 9.08314 898.3881 197.21466 33.09188
7342.0654 9.09407 903.8941 185.73346 33.09188
6460.373 19.07155 699.29395 305.1167 20.82905
7119.625 6.03521 797.4734 291.47595 22.6857
7322.317 6.03521 883.7091 166.3612 33.09188
7104.946 9.09407 844.15265 226.94574 28.3981
6493.448 19.07155 708.1885 329.29858 20.82905
7369.441 6.03521 885.7954 167.83813 33.09188
7146.061 12.69145 804.78564 289.58618 28.3981
6903.336 9.11921 804.0272 235.40405 28.3981
7015.8677 12.69145 825.6972 288.44537 27.62561
6904.556 13.25628 787.0456 262.15192 29.36699
6897.0483 13.25628 783.1954 262.39093 26.77596
6920.5166 10.24273 793.99274 227.18231 26.91926
7113.165 10.24273 818.1143 242.96649 30.0373
7190.994 14.55034 801.30975 282.2198 28.23101
6701.062 12.2174 711.7403 399.39825 18.24545
6423.885 13.81957 745.4116 215.79584 24.41807
6878.252 9.09407 706.6411 374.33667 19.50135
7034.615 13.81957 783.33 285.12982 26.77596
6463.7437 13.25628 759.8383 218.07538 28.3981
6933.5825 5.80426 756.2239 255.58588 22.6857
7332.7256 6.03521 819.09216 271.6632 25.31491
6878.871 16.55372 708.3018 380.23053 19.26933
6685.117 8.4868 692.8633 342.76965 18.24545
7051.3906 13.81957 803.9897 293.3537 30.21963
6577.2 3.6656 797.9075 150.45251 27.26857
6946.042 13.81957 804.7362 283.81042 24.7394
6937.012 13.81957 807.2117 287.7202 24.7394
6999.843 13.81957 811.16266 291.34784 28.17564
6975.7847 13.81957 803.297 288.5984 28.17564
6398.6724 12.2174 678.9986 296.49463 18.75478
6579.736 3.6656 821.2749 124.83124 28.40491
6561.2935 4.3254 795.1987 153.81036 28.40491
6632.099 16.55372 705.2819 305.63306 17.37529
7148.573 5.80426 811.23517 314.16095 22.6857
7040.7407 5.80426 802.2814 268.787 22.6857
6534.167 3.11481 694.7091 285.66162 18.75478
6526.1597 3.11481 699.0708 298.9663 18.75478
6735.0054 4.3254 720.4011 382.53613 18.24545
7236.812 9.09407 800.7915 253.02405 27.37853
6971.7505 10.47395 805.4176 266.02783 22.6857
6874.944 10.47395 761.8313 254.57648 22.6857
6896.4727 10.47395 767.59424 253.48486 23.49004
6621.4775 8.4868 715.8487 314.37787 18.24545
6832.63 4.3254 842.921 161.29956 30.0373
6496.22 11.83952 766.0986 203.37329 24.41807
6528.9546 8.4868 708.5163 307.55927 18.24545
6524.3223 9.45388 770.7516 203.39337 24.41807
7117.8965 11.83952 830.3942 247.09576 30.40059
6483.557 7.04364 757.98303 183.34955 24.41807
7212.85 9.09407 798.86005 256.55743 26.88716
6553.0737 10.83634 707.325 302.43427 18.24545
6805.61 16.55372 702.93506 386.34973 18.24545
6754.9014 9.08314 718.22174 445.956 18.37289
6560.9897 5.80426 707.3211 299.72955 18.24545
6511.3755 6.03521 684.1361 295.15906 18.24545
7045.1963 9.11921 806.5514 308.94653 22.6857
7067.9263 4.3254 878.66956 134.29828 33.09188
6733.085 12.62948 804.1847 189.45386 30.40059
7090.6943 9.09407 788.0137 292.53296 22.13576
7066.0444 12.56759 795.9231 325.35046 22.91576
6500.172 6.03521 685.7967 282.8761 18.24545
6496.915 8.4868 704.24915 253.95154 18.24545
6341.825 9.08314 688.57776 246.10052 18.75478
7114.161 3.11481 888.07495 123.78638 38.40141
6363.738 9.45388 749.7623 193.2575 24.41807
6535.5776 10.24273 766.40094 188.956 26.91926
6538.9897 10.24273 767.60986 192.1643 26.91926
7270.528 4.3254 825.92 261.63824 25.31491
7022.019 9.09407 795.7157 249.79468 24.7509
7035.133 5.80426 793.69257 250.46027 24.7509
7404.2275 10.24273 888.99774 202.83331 38.01073
7287.2656 10.24273 831.4054 235.2107 30.77288
7241.769 10.47395 831.62213 223.61505 30.77288
6388.578 10.24273 757.8956 182.42834 24.7394
6472.68 10.47395 761.4178 184.42957 24.7394
6659.1206 11.83952 801.50183 185.21881 30.40059
7196.425 11.83952 842.8765 243.63678 30.77288
6909.3394 13.25628 791.8565 284.00726 23.90247
6308.4385 10.93273 684.81525 250.64337 18.75478
6246.472 12.56759 675.89215 256.3852 18.75478
6368.639 3.11481 683.3946 253.72583 18.75478
7071.29 5.80426 833.3425 314.9442 25.31491
6272.4653 12.56759 672.55005 254.48566 18.75478
6392.1167 8.25139 756.75616 186.38104 24.41807
7069.284 3.6656 872.5776 138.07782 35.26114
7058.5376 3.6656 886.6438 141.18921 35.26114
6883.494 6.03521 770.90094 236.1615 24.65902
6200.503 8.66173 673.14386 240.37128 20.60826
7424.12 6.82983 780.2989 349.6053 28.17564
6944.3535 3.11481 857.55615 168.104 30.40059
6991.731 10.47395 834.32745 194.68243 30.40059
6364.6084 6.82983 761.949 181.6828 24.41807
6410.187 8.25139 754.72675 172.02643 24.41807
7010.201 10.47395 841.4751 211.22437 30.40059
6355.8687 8.25139 751.08765 168.18896 24.41807
6422.246 3.41494 764.20514 165.6289 24.15528
7644.0234 6.82983 937.2428 190.8612 38.33129
7284.7534 6.03521 821.9867 280.27332 25.06802
7403.4326 9.08314 883.9081 244.63403 30.77288
6529.4707 10.93273 775.2845 241.15057 24.41807
6945.4785 3.6656 875.112 105.08508 35.26114
6989.9897 3.6656 884.2859 97.90326 36.54747
7057.4795 3.6656 877.9318 114.108154 36.54747
7340.917 9.08314 863.8587 220.70184 30.77288
7430.945 9.08314 875.8457 244.62866 30.77288
7344.6226 6.03521 868.8873 235.73767 30.77288
6419.8857 12.62948 772.7965 217.50348 24.41807
7032.932 3.6656 880.0148 117.06891 36.54747
7061.061 5.80426 859.136 191.28516 30.2362
7094.1357 3.6656 886.4538 136.97253 36.54747
7123.0347 3.6656 884.55975 136.48157 36.54747
7179.5864 5.80426 863.7718 208.57367 30.2362
7542.473 6.82983 885.2365 210.06586 36.54747
6648.4473 12.62948 799.6185 203.28162 24.65902
7035.0605 3.6656 880.60657 117.114075 35.22947
7121.537 6.03521 807.51404 225.98035 26.91926
6129.02 15.36034 660.6424 249.08911 20.60826
7044.2456 3.41494 892.34625 105.13733 38.01073
6041.337 15.36034 654.46564 247.97198 20.60826
6768.6367 10.19582 835.61554 172.13153 30.77288
7141.1104 5.80426 859.7328 203.87195 30.2362
6772.8374 10.19582 813.538 168.39502 30.40059
7190.5957 10.47395 855.51733 257.41687 30.40059
7124.5967 3.41494 898.01373 149.97772 38.01073
6947.776 13.25628 799.1754 296.74866 23.90247
6746.32 4.13811 786.03503 212.22803 24.41807
7460.5884 9.08314 914.1799 173.90582 38.33129
7524.593 9.08314 922.0013 185.31818 40.74523
7571.0312 4.3254 918.1377 172.84851 38.33129
6815.1074 12.62948 813.5174 206.39606 24.65902
6891.5938 12.62948 819.44495 199.7536 26.77596
6696.0815 12.62948 809.21747 199.70135 30.21963
7033.208 13.25628 828.80347 282.45837 30.21963
6747.156 13.81957 739.8538 252.97894 24.41807
7186.677 13.25628 856.8129 278.08942 33.09188
6678.598 16.55372 735.20325 257.2973 25.17749
7381.133 9.09407 906.07965 174.16962 38.33129
6549.1807 14.88415 744.34985 244.4945 24.41807
7056.085 8.25139 835.44543 222.45032 28.3981
7265.5146 10.98809 766.0316 380.09436 26.20491
6836.0244 5.80426 832.6952 156.2345 30.40059
6846.969 9.04912 822.8694 173.78204 30.40059
6654.735 14.88415 754.8901 245.59692 22.6857
6657.114 14.88415 752.96893 247.90387 23.60596
7024.0312 8.25139 832.1286 221.96088 28.3981
6826.974 10.19582 817.4748 174.63342 30.40059
6829.8975 8.66173 817.4053 168.70123 30.40059
7230.836 4.3254 808.8393 299.86224 24.19617
6605.5244 13.25628 767.1394 220.50903 24.41807
7502.1196 9.09407 903.9492 170.90845 38.33129
6085.001 17.00725 662.6514 249.36298 20.29102
6899.4927 8.25139 830.2549 228.17285 26.77596
6181.2827 16.28759 682.749 227.96936 23.49004
7270.8735 9.08314 901.44904 180.14325 30.77288
7098.747 13.81957 807.2349 297.62177 24.15528
7008.796 13.81957 797.1122 294.95166 22.91576
6767.6187 14.55034 746.2121 268.88678 26.77596
7509.299 9.08314 886.38245 252.46924 33.09188
7036.0957 8.4868 826.598 227.54285 26.77596
7478.4995 9.09407 883.6478 251.39758 33.09188
7138.6187 5.80426 847.20953 219.37604 28.3981
7181.9077 5.80426 818.7555 236.4065 26.77596
7266.102 5.80426 817.1827 256.315 26.77596
6743.3516 5.80426 795.74506 203.3609 24.41807
6635.9263 5.80426 785.04004 189.75067 22.69691
7540.4644 9.08314 868.7306 236.22314 36.48998
7396.899 9.08314 899.80835 233.8169 34.64907
7128.174 4.13811 880.8251 143.79822 35.22947
6214.639 15.78782 716.1047 209.74579 30.40059
6174.282 15.3043 705.7764 207.55402 23.49004
7324.466 4.3254 834.9034 254.06439 27.85872
7305.532 4.3254 829.622 243.64899 27.85872
7170.656 4.3254 859.55597 232.74884 27.85872
7124.3384 5.80426 843.64105 222.12225 26.77596
7433.924 8.4868 889.9983 200.38416 36.48998
7138.8926 5.80426 826.1198 260.22772 24.15528
7241.753 10.98809 865.4701 191.96533 35.22947
7194.3384 4.3254 853.11426 222.01306 26.77596
7227.483 5.80426 813.7071 255.67987 26.77596
7141.5425 5.80426 850.11456 234.53656 26.77596
7034.1553 13.81957 799.0735 285.8114 27.36176
6637.242 7.04364 818.40295 142.20093 30.77288
7014.4995 6.03521 862.91034 142.7951 35.22947
6981.438 5.80426 810.0499 201.51154 26.77596
6863.347 5.80426 813.44183 191.68634 26.77596
7052.3584 5.80426 814.1582 259.39648 23.49004
7374.3213 4.3254 870.76495 256.50177 29.28648
7217.2476 8.4868 851.01355 225.4331 27.62561
7321.6914 8.4868 884.437 183.41711 33.09188
7070.7285 5.80426 814.3811 265.2257 23.49004
6670.4453 10.19582 764.1299 238.05695 22.91576
7017.988 6.03521 861.9377 143.3819 35.22947
6149.57 15.3043 708.2965 199.2049 23.86004
6705.6465 5.80426 798.9601 186.68866 26.77596
6563.859 10.19582 752.97986 206.15857 22.91576
7063.554 10.83634 853.57574 172.03497 33.09188
6806.0347 8.4868 836.69995 131.6972 33.09188
6646.9536 8.4868 772.565 189.7351 28.17564
7273.235 8.4868 844.7079 262.589 27.85872
7310.3286 8.4868 826.7204 265.4427 25.52544
7385.156 8.4868 851.17316 257.7126 28.17564
7486.792 6.82983 878.50836 240.3819 34.64907
7484.691 9.08314 900.79 246.09015 34.64907
6324.5024 8.25139 769.24664 191.40839 22.69691
7408.104 8.4868 854.15436 256.076 29.28648
7183.1846 10.19582 851.69574 326.9771 30.0373
7223.668 13.81957 801.60156 297.55237 30.0373
6933.852 10.47395 833.1444 253.8844 30.0373
6533.93 9.11921 777.8841 196.70367 22.69691
7384.2134 10.47395 875.38855 233.35583 38.01073
7194.728 10.83634 866.9937 179.8714 35.22947
7493.7017 9.09407 910.1555 173.10278 39.98011
7522.331 9.09407 875.3188 255.40497 38.33129
7472.234 9.09407 825.22125 281.28363 29.28648
7012.5283 5.80426 849.098 215.88269 29.28648
6963.147 10.47395 828.93713 250.07288 30.0373
7132.021 10.83634 859.0912 176.5221 35.22947
7066.0 9.11921 812.5996 265.06763 23.49004
6975.379 5.80426 848.7277 212.14215 29.28648
6990.9575 5.80426 855.27783 199.50464 29.36699
7217.1997 6.03521 890.4078 146.30902 35.22947
6112.76 13.25628 720.91315 174.09003 29.36699
7318.4985 8.25139 858.2025 263.91077 29.28648
6613.628 8.4868 785.0838 193.04858 22.69691
6659.2715 5.80426 767.11975 179.7127 28.07888
6903.682 5.80426 843.5497 194.13171 29.36699
6796.6436 4.3254 833.4189 173.54523 29.36699
6587.725 4.3254 797.20447 139.91272 29.36699
6487.776 5.80426 754.1684 180.32684 22.69691
6392.12 3.6656 742.5428 180.27344 22.69691
7262.9224 5.80426 890.8348 146.37604 35.22947
6555.6396 5.27439 772.27356 180.16028 25.31491
6966.815 16.28759 774.7692 303.80426 23.49004
6685.3374 8.4868 829.4604 160.56409 30.0373
7250.132 8.25139 848.71796 241.90228 29.28648
7148.8926 8.25139 855.5082 239.22095 29.28648
6302.1797 13.25628 706.62006 226.14917 23.86004
7047.875 8.4868 819.0092 241.03412 25.31491
7023.476 8.4868 816.2569 240.67242 25.31491
6535.8784 3.6656 764.64404 179.3208 24.65902
7270.4277 6.03521 894.8348 147.66364 35.22947
7196.2363 12.2174 813.1154 289.83856 27.13057
6791.9556 9.45388 817.10364 168.94073 30.0373
7143.2847 10.98809 860.8032 202.12927 33.09188
6477.997 3.6656 758.6686 186.34216 22.69691
7511.0464 6.03521 922.1226 201.25726 35.22947
7100.302 10.24273 822.51843 245.33728 30.0373
7139.6074 12.62948 809.11884 237.37128 30.22584
7091.0923 8.4868 847.1617 233.04254 26.77596
7407.5645 10.47395 892.2712 302.12567 38.01073
7086.796 9.09407 847.5802 229.32422 26.91926
6936.2266 10.24273 823.1671 189.80383 29.36699
6733.896 12.56759 761.40594 241.867 24.15528
6829.8335 3.6656 839.3724 149.68628 30.40059
6957.5225 3.6656 876.5122 108.25134 34.64907
7085.9707 11.83952 827.0164 226.42645 30.40059
6596.0493 3.6656 757.31256 196.91632 22.6857
6599.563 3.6656 756.24164 201.40161 22.6857
6948.5596 10.98809 841.83716 169.8418 33.09188
6948.398 5.80426 821.13196 195.66895 26.91926
7419.78 6.03521 879.739 171.35864 35.22947
6496.3096 5.27439 767.88135 178.77087 25.31491
6787.313 10.83634 778.8465 274.06317 22.6857
7465.1943 3.11481 929.0199 133.91296 35.22947
6868.312 10.83634 776.82367 256.89996 22.6857
7414.919 3.11481 927.3005 131.10394 35.22947
6988.479 10.24273 820.14954 212.86975 30.0373
6427.7446 8.4868 760.9437 170.69507 25.31491
7210.5806 11.83952 756.45953 373.52887 26.1624
7203.389 9.45388 751.6567 371.76825 24.7509
7299.3364 3.11481 923.90936 127.64484 35.22947
6857.9526 10.19582 832.28516 223.89087 30.0373
7009.332 4.3254 837.04694 188.82147 26.91926
6643.549 5.80426 768.31775 230.98114 22.6857
7148.2666 4.3254 858.12775 231.67401 26.91926
7002.885 3.11481 784.90515 222.27563 26.7055
7062.306 4.3254 858.1188 210.69495 26.91926
7004.738 3.11481 784.29755 222.41211 26.7055
6960.8286 3.11481 781.4296 222.25891 26.7055
6587.7686 6.82983 778.2181 174.14508 26.91926
6779.628 12.2174 770.69006 264.92322 22.6857
6798.9404 12.2174 769.24677 258.34747 22.6857
6971.7935 10.24273 821.02496 212.51654 30.0373
6634.148 4.3254 781.1902 206.4303 22.6857
6573.55 5.92998 767.69806 205.61371 22.6857
7096.205 3.11481 849.6106 215.62402 27.54886
6415.979 21.85575 643.4573 373.09412 19.35933
6731.445 7.04364 762.7002 235.45001 22.6857
6821.7637 12.62948 774.4612 235.46802 24.7394
6816.5586 6.03521 772.09357 254.46954 22.6857
6883.9263 10.19582 796.4539 250.74615 24.7394
6411.491 6.82983 761.57935 177.07544 24.65902
7013.2295 5.80426 873.8633 121.84393 33.09188
6940.094 7.04364 868.57166 115.88379 33.09188
6961.5264 6.82983 873.7503 101.7038 33.09188
6975.669 6.82983 864.1617 145.71436 33.09188
7090.687 12.62948 799.6702 260.6928 24.7394
6909.5 13.81957 783.0315 268.6548 25.06802
6818.412 13.81957 772.9087 266.588 24.7394
6918.6587 10.98809 800.5545 218.94318 30.0373
6803.8335 12.69145 779.62213 291.789 22.6857
6912.6313 10.98809 769.4866 287.23877 22.6857
7024.8105 6.82983 862.65466 147.02386 33.09188
6989.3394 9.09407 794.66455 279.47363 22.6857
6312.947 9.45388 748.3296 173.44403 23.49004
6443.126 22.13576 670.60345 340.8308 20.82905
7179.0176 6.82983 885.598 153.97607 38.33129
7034.8613 6.82983 863.6232 169.08685 30.77288
7487.836 5.80426 914.7372 171.01697 38.33129
7145.9585 3.11481 805.41455 217.26971 27.54886
7095.151 6.82983 874.60016 150.04742 33.09188
7186.1724 3.11481 836.2255 196.10297 30.52903
7101.5215 4.3254 880.46185 139.31287 33.09188
7104.1064 4.3254 881.62317 143.77063 33.09188
7498.416 8.4868 912.64954 171.64417 38.33129
6510.6055 5.80426 770.0567 161.547 29.36699
6975.545 9.11921 800.25354 272.7312 22.6857
6877.7837 6.03521 774.145 255.6665 22.69691
7093.4883 12.2174 795.754 300.16614 22.6857
7021.391 3.11481 826.7371 195.01318 27.54886
6842.1406 6.03521 774.1234 245.02942 22.69691
6855.8423 9.09407 783.58105 257.56616 22.69691
6736.136 9.09407 784.96576 261.57318 22.69691
7031.3433 12.2174 790.83673 300.15277 22.6857
6457.9253 7.04364 757.7264 178.78906 23.49004
7035.865 3.6656 885.69684 137.1767 33.09188
6454.2656 7.04364 759.6161 176.11658 23.49004
7508.842 8.4868 913.128 190.87079 38.33129
6898.8555 3.6656 827.24493 191.30444 26.77596
7036.5605 12.2174 796.05554 291.47363 23.45232
7417.265 6.03521 915.7499 168.91467 38.33129
6660.916 3.6656 780.6095 182.37799 26.31472
6607.435 4.3254 785.39935 179.88733 24.7394
6627.5977 4.3254 783.5054 184.65118 24.7394
7230.5186 3.11481 855.67786 230.40344 30.21963
6993.4536 3.6656 874.2846 116.01807 33.09188
6961.668 10.98809 813.49817 212.80286 30.2362
6997.8423 11.44046 815.68805 246.78888 30.2362
7019.51 11.44046 793.5288 287.94824 23.45232
6844.1714 11.44046 778.81085 285.18317 23.45232
6677.607 9.11921 796.0723 217.83289 22.69691
7250.372 10.24273 799.8217 239.3852 30.0373
7205.667 10.24273 814.04834 227.64868 30.0373
7037.0464 10.98809 808.61743 221.85791 30.0373
7059.822 10.98809 831.39185 200.79517 30.77288
6948.174 3.6656 876.6082 120.2619 33.09188
6545.702 3.6656 776.9977 179.47992 24.7394
6490.5635 3.6656 750.8694 177.24207 24.41807
6575.128 3.6656 771.86945 182.76465 24.43549
6494.376 5.80426 764.6049 175.40924 25.31491
7223.28 3.11481 857.5677 231.02899 30.21963
6931.9224 3.11481 778.0697 225.83685 25.61572
6955.652 3.41494 882.44006 116.53906 33.09188
6664.5557 5.27439 784.1513 171.45007 26.77596
6526.032 3.6656 769.16034 181.37286 24.43549
7253.543 5.92998 859.16205 245.4555 29.28648
6689.4985 9.11921 770.24896 252.07812 22.69691
7241.007 6.03521 816.7988 249.18616 26.91926
6748.181 10.19582 761.76715 249.6867 22.69691
6968.6494 12.2174 814.31323 210.14453 30.40059
7220.8545 6.03521 856.13306 250.36536 28.3981
7174.3516 5.80426 864.569 290.11035 28.45995
7151.5083 5.27439 843.79016 266.37488 27.54886
6674.8726 4.13811 784.283 171.91077 26.77596
6796.776 10.98809 756.3968 246.3487 22.6857
6745.324 10.24273 780.476 244.45465 23.90247
6811.2754 10.98809 765.8423 242.70215 23.49004
6719.9287 6.82983 789.5461 245.31232 23.90247
6714.179 6.82983 791.3652 237.66925 23.90247
7151.5376 6.03521 876.1107 146.32831 33.09188
7302.309 9.09407 824.46716 250.16248 27.54886
6371.9165 22.14375 664.20496 359.45856 24.65902
7355.082 9.09407 830.07715 250.31409 27.54886
7411.062 9.09407 809.31555 326.31934 27.54886
6475.1543 8.4868 760.58997 173.95398 25.31491
6490.3647 8.4868 761.9258 164.2077 29.36699
6481.3525 10.24273 763.2205 162.77191 29.36699
6863.0645 10.98809 774.8584 247.98962 23.49004
6323.268 22.14375 661.9246 357.49927 16.55372
7216.4126 6.03521 874.9143 158.77649 33.09188
7252.709 8.4868 876.46216 167.01636 33.09188
7271.0884 3.11481 866.15564 278.00244 27.54886
6708.9487 12.69145 770.1004 240.40521 23.49004
6799.23 6.03521 765.9964 239.02692 23.49004
6494.0425 4.13811 772.1325 178.74762 24.7509
6781.1636 6.03521 760.2334 242.77863 22.6857
6845.0854 12.62948 768.10376 295.23633 21.85575
6555.347 10.24273 768.6246 168.13287 30.0373
6936.0723 9.08314 832.1459 163.25189 33.09188
6856.6416 10.98809 823.48627 162.40558 33.09188
6615.005 6.82983 785.689 212.72638 23.90247
7210.898 12.2174 830.4426 277.29993 30.40059
6831.933 8.79305 834.74475 162.52081 33.09188
7285.177 3.11481 838.4636 229.12317 27.54886
6831.839 8.79305 832.99744 161.75262 33.09188
7282.34 12.2174 862.26526 291.3142 33.09188
6828.281 10.98809 822.7507 161.48193 33.09188
7252.7646 3.11481 863.4349 236.6867 27.54886
7408.504 3.11481 847.2455 234.95569 27.54886
6435.7817 9.08314 766.1916 164.40778 26.91926
6744.0947 8.4868 784.74854 245.52417 23.90247
7391.4746 9.08314 862.581 269.2171 29.28648
7246.0435 3.11481 877.1795 232.77814 30.21963
7333.4106 3.11481 880.6751 234.39581 30.21963
7335.5386 3.11481 849.8642 244.25336 27.54886
7294.6616 13.81957 852.75415 285.5121 33.09188
7063.413 14.55034 790.3519 260.29163 33.09188
7404.544 8.4868 907.66693 198.29071 33.09188
7427.023 8.4868 907.4254 195.21008 35.22947
6691.578 12.69145 763.8235 242.05151 22.6857
7350.583 9.08314 860.2528 277.6588 27.54886
7300.9 9.08314 855.86066 276.28925 27.54886
6944.3433 13.25628 847.5608 204.15295 33.09188
6612.437 8.4868 778.46405 190.77155 22.91576
6750.848 14.55034 734.7839 257.64996 28.17564
6870.286 14.55034 779.4852 262.89868 30.21963
6540.594 15.33938 726.77435 261.0208 20.82905
6434.326 22.14375 671.0068 441.3189 22.53264
6547.0425 17.37529 695.69055 400.50598 19.70974
6776.25 10.98809 781.72504 193.9867 30.40059
7225.9253 9.08314 852.365 271.77686 27.54886
6589.554 19.04572 684.3947 404.73138 18.37289
6526.3125 3.6656 767.91003 189.55109 22.91576
7473.394 3.41494 898.50305 186.49683 38.01073
7230.9204 9.08314 850.4753 271.5208 27.54886
7171.174 14.55034 799.0231 286.00024 28.17564
7036.134 13.81957 808.1173 320.5199 28.17564
7213.1895 9.09407 841.40533 243.88812 26.91926
7262.261 10.47395 798.3528 335.01013 26.91926
7153.371 10.47395 810.6953 284.82568 26.91926
6403.2964 10.24273 762.0816 164.61328 26.91926
6530.078 10.24273 768.59644 172.5365 26.91926
7046.815 14.55034 792.7188 273.17084 28.17564
6564.785 10.24273 779.0167 212.72662 22.91576
7153.403 9.45388 821.59393 260.1358 26.77596
6650.572 10.24273 743.6784 232.78284 22.91576
6885.3794 14.55034 782.8512 262.9463 28.17564
7072.9097 14.55034 795.7 268.58795 28.23101
6890.216 5.27439 801.1014 258.7375 24.41807
7167.156 3.41494 895.4444 172.49384 33.09188
6664.565 10.83634 746.1318 233.57874 22.91576
6766.3345 10.83634 757.3711 249.0434 22.91576
6598.0107 9.45388 797.25586 188.40619 26.21495
7418.1177 8.4868 908.80676 167.01123 35.22947
7366.977 8.4868 857.66534 220.47809 30.77288
6616.1973 18.37289 681.31635 371.47003 19.70974
7072.619 15.3043 780.2977 300.05725 24.15528
6716.323 11.44046 696.7806 362.9428 18.78206
6706.4546 11.44046 713.0578 384.85883 18.78206
7137.5103 3.41494 894.83704 169.37 33.09188
7151.916 3.41494 877.1483 164.34851 33.09188
7418.2124 3.41494 919.88513 177.16858 35.22947
6676.0996 15.83616 746.40845 251.63397 22.91576
6699.143 15.83616 744.3733 252.31146 22.69691
6698.907 15.83616 742.48364 252.05524 22.69691
6432.751 15.96159 719.9111 243.35217 22.69691
6972.2036 12.62948 806.5597 254.35327 24.65902
6931.926 12.62948 772.107 251.17596 27.54886
6744.465 10.98809 779.03296 193.83386 30.40059
6674.8276 10.24273 803.19135 184.01526 30.79455
6868.472 4.3254 738.0322 392.02307 18.78206
6815.1445 11.44046 728.5868 386.7527 18.78206
6546.1143 12.69145 706.43616 399.6698 18.37289
7465.9243 5.92998 900.58 227.33514 30.77288
7411.0127 5.92998 886.4667 201.22302 30.77288
6790.6035 12.69145 765.01154 253.90948 24.41807
6787.64 12.69145 769.3145 255.99176 24.15528
6634.2207 11.08703 787.00586 165.03143 30.40059
6395.4204 9.45388 772.6372 184.80322 26.21495
6770.453 12.69145 770.7577 262.56738 24.15528
6619.2637 16.55372 733.0104 253.47937 22.69691
6565.87 12.69145 711.6937 400.17334 17.37529
6652.148 16.55372 750.41003 236.42865 30.40059
6811.4824 12.69145 763.3173 259.6012 24.15528
6397.582 5.80426 774.79803 168.14496 26.21495
6728.2944 16.55372 754.75854 238.59436 30.40059
7053.92 15.83616 786.7609 275.42853 30.0373
7319.2676 13.81957 848.5228 265.87683 33.09188
6788.9536 12.62948 765.5337 247.53314 23.21754
7471.888 5.27439 918.7099 164.62872 35.22947
6779.6323 12.62948 758.4555 260.0157 22.6624
6852.08 13.25628 766.6226 260.1208 24.15528
6855.8896 13.25628 764.7015 259.89618 24.15528
7125.521 13.25628 825.1566 263.2362 24.15528
6603.492 7.04364 781.08887 182.8446 24.43549
7519.8677 6.03521 918.8153 189.89172 35.22947
7305.8506 6.03521 892.50195 148.65869 35.22947
7174.2114 12.2174 801.22687 321.12946 23.86004
6167.4116 23.21754 627.9456 502.0783 20.68348
6536.9863 3.11481 770.28656 176.83789 26.21495
6982.231 13.25628 711.47894 374.54913 22.14375
7001.165 3.11481 833.0549 203.85406 26.77596
6958.0327 3.11481 829.5792 203.77502 26.77596
6642.3086 9.11921 799.9239 226.14984 24.43549
7192.657 9.09407 796.96075 326.59003 23.90247
7067.884 12.62948 794.19415 269.53827 23.49004
7022.1084 12.62948 806.4987 319.5418 23.49004
6935.4595 3.11481 839.588 212.26672 26.77596
6864.9067 3.41494 819.0004 209.96796 25.31491
6993.942 12.62948 802.2026 285.8056 23.49004
7268.8896 9.09407 827.51544 261.03595 24.65902
7331.9795 4.3254 830.36145 264.6211 24.7394
6903.4077 4.13811 815.6785 231.70184 25.31491
7231.093 9.09407 822.4707 258.41943 24.7394
6891.904 4.13811 815.4962 220.38159 26.88716
6462.733 9.11921 767.54974 189.3739 24.43549
6520.131 9.11921 757.2737 191.52887 24.54395
6123.023 23.21754 628.2363 512.6156 18.37289
7242.513 11.83952 774.07495 342.71582 26.91926
7045.4707 12.62948 793.9087 253.73547 24.7394
7325.664 4.3254 882.76587 200.0664 30.40059
6917.695 3.41494 815.4816 204.63892 25.31491
6975.471 12.62948 792.2061 253.95258 23.49004
6393.7324 9.11921 763.16437 187.64551 24.56118
6353.997 23.03474 649.6898 485.01843 22.53264
6762.802 3.11481 799.75665 184.92493 26.77596
6396.9316 23.03474 653.8216 489.3227 24.15528
6955.539 3.41494 818.9572 205.34454 26.1624
7140.2256 8.4868 831.78876 242.47333 25.31491
7273.1387 9.08314 809.93665 282.90198 25.31491
6975.192 9.08314 783.2899 247.59607 24.7394
6958.7393 9.08314 780.8365 246.54364 24.7394
7022.702 9.08314 792.6809 249.72119 24.7394
6902.1987 9.08314 797.08044 245.89929 24.7394
6034.789 19.25949 615.6372 323.68744 22.24824
6394.8037 10.47395 760.1878 194.49622 24.56118
7374.0093 5.27439 859.08325 218.44836 30.40059
7237.333 5.27439 884.2362 204.08167 30.40059
6480.1885 10.47395 745.11835 194.00183 24.65902
6329.312 6.82983 770.1117 178.63495 24.65902
7089.26 7.04364 828.1206 210.85913 29.28648
7319.202 7.04364 847.0579 222.32697 29.28648
7249.2534 3.11481 823.6331 251.54095 26.91926
7241.3965 5.27439 879.4476 217.11786 30.40059
6421.4683 6.82983 777.4888 174.4364 24.7394
6066.706 18.37289 624.95123 287.0074 19.04572
6494.9385 5.80426 795.59705 165.66846 29.36699
7144.291 3.11481 870.31177 207.08057 30.22584
6798.683 3.11481 809.46014 188.80609 26.77596
6426.217 6.82983 777.8883 174.42255 26.88716
7093.1846 3.11481 865.9196 205.71088 26.91926
6859.919 6.03521 781.7532 241.19781 23.49004
6832.4224 6.82983 825.20197 203.57477 26.77596
6185.481 23.03474 628.8204 526.82806 16.94896
7388.2036 9.09407 856.2469 231.9483 30.40059
7389.163 9.04912 880.94763 229.01428 31.29347
7405.861 9.09407 846.03143 239.49274 30.40059
6334.939 3.41494 772.1412 171.09448 24.65902
7230.804 12.56759 789.45795 317.4848 27.13057
7212.1494 10.98809 772.45306 384.9466 24.15528
6671.008 6.82983 808.9901 181.81036 26.77596
7268.0474 3.11481 842.7171 263.7652 26.91926
6573.567 6.82983 798.8015 174.70892 26.77596
7288.904 3.11481 840.898 261.11932 26.91926
6977.694 15.83616 780.0064 295.26202 23.03474
6950.9067 15.83616 778.24744 291.2826 23.03474
5953.7812 19.25949 608.87115 323.35828 22.53264
6851.046 6.03521 782.3965 243.27039 23.49004
6917.844 6.03521 791.26636 243.60925 23.49004
7003.503 6.03521 792.9689 236.24072 25.06802
7003.2314 6.03521 781.9777 237.54968 24.7394
7153.4946 10.98809 792.2369 310.93683 24.15528
6556.072 6.82983 795.55896 182.53961 26.7055
6379.536 19.70974 639.1508 368.26404 19.35933
6867.361 5.80426 792.80756 254.09943 23.49004
7190.011 3.11481 877.15894 274.53186 26.91926
7142.5234 10.98809 787.1324 324.79108 23.49004
7178.283 10.47395 760.07526 416.76703 23.49004
6388.1143 6.82983 784.6448 166.1123 26.7055
6781.69 10.19582 829.99567 182.34113 30.40059
6782.525 10.19582 827.67554 180.2677 30.40059
6644.7715 3.41494 813.126 111.42285 29.36699
6695.974 3.41494 827.382 105.116394 30.40059
6667.827 3.6656 822.0067 124.67731 30.40059
6595.1626 3.6656 819.26575 116.96509 30.40059
7181.708 10.47395 773.96533 354.02197 26.21495
6336.576 23.03474 647.40155 473.726 20.68348
6584.9756 3.41494 837.4776 98.62512 30.40059
6717.3755 3.6656 846.7519 150.46729 30.40059
6685.483 13.97221 759.9606 246.22772 23.86004
6961.322 3.11481 857.5166 204.66162 26.91926
6771.242 3.11481 839.855 192.58984 26.77596
6284.5273 6.82983 771.4394 166.59607 26.1624
6671.7905 3.6656 818.76605 191.62103 25.31491
6603.396 4.3254 805.10626 196.07208 24.65902
6751.7144 4.3254 818.9624 213.86475 24.65902
6804.314 3.6656 853.07654 153.50653 30.40059
6751.392 13.25628 751.4375 259.8958 23.86004
6620.608 16.55372 727.5531 274.69415 20.82905
6792.897 5.80426 790.3613 217.96442 23.49004
6526.9014 16.55372 716.99915 264.84344 20.82905
6806.7856 10.83634 768.57605 254.2049 23.45232
6833.538 12.2174 779.6827 273.638 23.45232
7000.1665 8.4868 874.985 173.94653 30.40059
6813.36 12.2174 782.10724 279.23236 23.45232
6680.81 5.80426 765.9086 252.43188 22.6857
6868.4326 3.41494 864.56104 172.43091 30.40059
6635.2026 18.24545 748.4564 300.67456 20.82905
6390.7773 17.51422 701.56476 293.34503 23.03474
6357.722 17.51422 698.49866 295.0666 20.82905
6874.4487 13.97221 778.31525 276.18268 23.45232
6861.583 12.69145 769.3221 299.9461 21.60812
7011.457 9.09407 784.3644 317.1681 21.60812
7002.758 8.4868 873.15106 176.21906 30.40059
6539.856 18.24545 681.96497 368.29443 19.52733
6640.6196 5.80426 772.6705 246.39276 22.6857
6476.027 18.37289 671.7937 369.5763 17.37529
6283.657 23.03474 660.04584 440.01898 29.36699
6329.6396 23.03474 662.0894 446.41156 18.37289
6472.6396 5.80426 786.049 183.41681 24.15528
6965.1064 6.82983 787.21716 251.02832 24.65902
6964.857 6.82983 788.04645 251.9848 24.65902
6472.928 5.80426 791.4579 171.91272 26.1624
6326.47 6.82983 780.7665 159.55975 29.36699
6961.2104 6.82983 795.3477 259.54266 24.41807
6877.054 6.82983 764.7307 275.8529 21.85575
6307.07 22.6624 663.63525 434.26062 19.99211
6374.467 22.6624 668.7814 434.04504 26.1624
6891.875 12.62948 762.6383 273.3894 21.85575
7010.0713 8.4868 861.41095 170.06305 30.40059
6403.3203 6.82983 774.23315 189.67615 24.15528
6408.189 6.82983 781.5924 184.26678 24.65902
6954.655 9.08314 855.1511 177.6178 30.40059
6672.945 4.3254 781.0615 236.37103 22.6857
7136.4395 8.4868 874.9874 176.56409 30.40059
6664.258 13.25628 715.0932 411.51715 19.70974
6864.8345 6.82983 822.54285 241.85693 24.7394
6889.3535 9.08314 790.9266 223.07281 24.7394
6214.6743 4.70189 769.8039 142.40936 29.36699
6378.2056 16.55372 678.6369 293.65265 19.52733
6392.9414 16.55372 680.9522 294.84326 19.52733
6555.2227 13.81957 712.6875 267.76324 21.85575
6621.258 16.55372 727.11426 270.04285 21.85575
6749.0527 18.66649 745.82715 335.29956 21.85575
6468.7188 13.97221 696.96155 289.2094 19.52733
6502.1753 13.97221 694.39594 301.2082 19.52733
7097.9146 5.80426 839.31213 217.06274 29.36699
6990.224 8.79305 775.7791 296.7038 20.68348
7041.948 9.09407 774.3899 310.34912 20.47737
6646.105 17.51422 717.4718 387.35657 20.47737
6476.6704 5.80426 786.3356 175.71228 24.65902
6654.345 5.80426 803.82245 181.15894 25.31491
6855.4556 10.47395 784.3212 216.98413 24.7394
6843.476 8.4868 799.6454 204.37152 24.7394
6822.6694 8.4868 798.0316 202.26569 24.7394
6825.998 8.4868 796.1419 201.7887 25.17749
6670.9375 5.80426 813.37036 170.90308 29.36699
6381.2476 12.2174 689.7694 267.88245 19.52733
6363.3564 12.2174 687.4542 266.69183 19.52733
6493.4883 5.80426 799.1208 163.74176 29.36699
6488.425 5.80426 798.8043 163.18103 29.36699
6802.1523 16.94896 748.72327 351.88428 24.65902
6846.5728 8.4868 797.7556 204.65912 25.17749
6640.8965 5.80426 791.50726 212.76392 24.15528
6576.011 5.80426 785.36523 198.78735 24.15528
6743.4736 13.25628 724.19696 414.96027 19.70974
7071.6064 8.4868 824.46106 224.2738 29.36699
6456.9033 5.80426 795.82306 163.04828 29.36699
7013.7676 3.41494 851.9488 210.57611 29.36699
7169.0796 3.41494 827.3087 221.40503 28.17564
6710.325 8.4868 772.3633 218.5362 24.15528
6699.0605 16.94896 743.04004 319.12744 20.47737
7145.103 3.41494 824.32745 221.27216 28.17564
6008.995 18.53034 611.5006 411.0188 16.28759
6991.743 3.41494 862.5192 190.43707 29.36699
6697.777 8.4868 774.18243 221.182 24.15528
7212.7246 4.3254 855.1838 265.98138 28.17564
6792.416 10.47395 779.85846 224.66095 24.15528
6632.728 10.47395 797.19885 206.45703 24.15528
6631.6836 10.47395 806.42993 194.54193 25.06802
6689.464 16.94896 739.48627 318.05133 20.47737
6552.906 10.47395 786.6295 185.88452 30.0373
6656.796 10.47395 808.93274 196.82733 24.65902
7156.653 5.92998 852.8832 259.52527 28.17564
6638.654 5.80426 809.1743 188.6214 26.88716
6600.4624 5.80426 804.82245 186.96637 24.65902
6564.0044 3.41494 803.86664 177.1474 25.06802
6538.35 3.41494 804.4333 178.41016 24.65902
6059.161 13.2049 616.1437 406.35712 16.28759
6419.0376 10.98809 693.3247 255.36914 19.52733
6654.0674 10.47395 809.1284 186.59009 30.0373
6453.487 19.99211 681.313 347.96106 29.36699
6555.3022 19.70974 709.8032 318.63452 26.7055
7253.896 5.92998 830.76276 246.29681 28.17564
6424.604 19.12933 679.8039 317.66986 23.21754
6047.976 19.26933 657.0618 316.16095 22.53658
6445.7876 3.41494 799.572 177.35095 24.65902
5901.171 19.26933 629.45245 312.6601 24.81566
6617.899 17.51422 721.2052 390.35095 20.47737
6627.532 17.51422 719.0955 397.0905 20.47737
6638.444 16.55372 752.482 269.88318 23.21754
7248.3965 5.92998 838.5703 257.37695 28.17564
6263.9165 19.70974 666.4704 325.72595 25.17749
6515.139 13.81957 728.1768 244.91187 23.21754
6429.862 19.12933 680.4689 319.98102 24.15528
6375.493 19.26933 667.78143 316.94684 23.21754
6551.226 10.98809 707.5449 283.8603 19.52733
6443.214 6.03521 704.7412 270.8145 19.52733
6779.214 10.47395 824.53485 187.01935 30.21963
6454.061 16.53516 741.66956 228.05988 26.7055
6740.826 16.53516 760.5037 267.92987 30.40059
6537.452 15.83616 725.0222 246.59125 23.21754
6788.502 18.24545 748.1558 341.79962 30.2279
6447.0835 16.55372 715.0361 245.98242 24.15528
6462.4053 15.78782 729.5366 226.44696 24.15528
7026.233 13.81957 830.7768 305.62714 30.40059
6124.064 17.51422 649.53284 325.5735 18.24545
7302.2554 10.47395 888.8096 216.89746 33.09188
6369.1094 19.26933 667.1165 316.67218 23.21754
6400.0264 15.78782 724.0817 226.14142 24.15528
7189.6724 10.47395 843.12396 245.06952 30.21963
7314.4614 8.4868 827.9938 249.62683 28.17564
7054.6523 8.4868 812.90265 239.5611 25.52544
6801.8354 16.64856 760.3991 302.67828 20.47737
6165.7793 18.70247 651.69006 328.80902 18.24545
6214.0303 18.97013 656.9071 329.60065 20.29102
7181.326 10.47395 857.4043 221.48083 30.40059
6496.437 3.41494 805.3709 177.33362 24.7394
6561.5127 3.41494 805.22516 189.95862 24.7394
6064.437 20.17996 623.68604 408.27417 16.53516
6315.6562 15.78782 709.90485 235.3736 23.21754
6554.493 19.70974 706.805 335.5152 24.54395
7255.5186 8.4868 831.2951 256.58807 25.31491
7146.6255 10.47395 822.70496 259.57434 28.17564
6939.183 10.93273 807.50494 259.02985 28.17564
7271.8506 8.4868 828.8239 264.154 25.31491
6494.3413 19.26933 678.3822 320.60193 24.65902
6591.8955 3.41494 797.1411 186.88116 25.06802
7096.9355 11.83952 833.2646 304.8659 28.17564
6427.3574 3.41494 791.1268 175.31622 24.65902
6221.947 17.51422 679.7064 286.98853 21.85575
7096.698 14.88415 819.93646 283.3864 33.09188
6990.3345 14.88415 799.40344 289.8662 28.17564
7162.054 4.3254 853.0014 336.36688 25.31491
6904.802 14.88415 786.12256 314.1604 23.49004
6521.607 3.6656 804.6359 131.67761 25.31491
6629.759 14.88415 759.2053 266.75098 27.85872
7158.264 11.44046 837.6531 251.12415 30.21963
7272.1313 11.44046 825.6191 267.70245 28.17564
6094.027 17.51422 668.4407 241.51971 23.60596
6133.043 23.03474 629.6509 407.4275 16.55372
6543.2183 3.6656 807.8211 126.663025 26.88716
7371.9326 11.44046 879.56976 241.59503 38.01073
7258.4863 10.98809 871.4416 208.66864 38.01073
6292.1694 19.70974 631.198 353.91003 19.99211
6370.978 3.6656 762.2446 148.70184 24.7394
6355.767 3.6656 764.72 145.85431 24.7394
7081.5703 11.44046 830.8022 234.75824 30.40059
6403.3477 19.50135 648.48364 350.40332 18.24545
7256.9937 10.24273 826.6783 203.30072 30.40059
7316.6353 9.08314 837.2223 212.10718 30.40059
6367.4478 21.60812 643.7928 359.338 18.24545
6598.4204 14.88415 756.69476 265.32776 27.85872
7330.8604 9.08314 870.8205 217.98859 30.40059
7167.9756 9.08314 883.1366 180.12 30.40059
7107.6177 5.80426 847.28125 317.49207 24.65902
7098.2656 9.09407 840.0478 329.63104 24.7394
6047.5347 23.21754 622.8849 407.67932 16.55372
7154.9775 9.09407 849.69794 324.84747 26.91926
6554.8877 15.78782 741.9076 229.4325 33.09188
7337.179 9.09407 848.0344 215.7948 30.77288
6269.7256 15.78782 686.18005 236.90906 22.53264
6127.9575 17.51422 671.5222 243.39795 21.85575
6290.3574 18.43085 664.66943 322.39832 19.70974
6313.416 16.55389 690.6886 244.01129 20.82905
6152.4707 15.3043 673.2964 239.73639 19.14834
7137.3247 10.47395 850.91266 298.45648 26.91926
7198.6836 11.83952 796.8786 279.66962 26.7055
6333.985 16.55389 711.25653 225.73285 24.7394
6262.1724 15.3043 684.2101 241.97375 19.14834
6198.8276 3.6656 731.03723 148.16382 24.65902
6186.794 3.6656 751.56177 126.89868 24.15528
6595.6562 19.07155 695.89215 335.55853 25.17749
6335.13 16.55389 709.36676 224.23834 25.17749
6355.6206 16.28759 712.5204 226.88348 25.17749
6297.265 16.28759 706.89984 231.22571 23.49004
6111.359 6.32738 725.0882 150.51788 24.15528
7013.544 12.69145 760.7803 356.32703 21.60812
6400.9478 9.08314 699.5183 270.31836 18.75478
6304.406 16.55389 681.9146 273.75043 18.75478
6247.4287 16.25401 678.4194 268.27643 18.75478
6345.694 15.83616 692.39124 265.35107 18.75478
6093.1665 23.21754 625.16534 413.9737 23.15758
7030.0127 12.69145 793.4503 319.2157 23.90247
7007.317 15.83616 775.4958 286.59943 25.25763
7243.131 13.81957 768.6139 386.1842 27.54886
6429.218 16.53516 677.0113 284.25586 18.75478
5942.804 3.41494 728.94635 122.49585 28.45527
6029.372 5.92998 745.41125 134.44287 24.15528
6234.9727 5.92998 762.8519 132.10199 26.1624
6436.0728 13.25628 682.0432 300.39392 18.75478
6264.9355 13.25628 679.2392 264.96295 18.75478
7350.6084 9.09407 868.88574 251.42224 32.59545
6262.62 13.25628 681.349 263.18774 18.75478
7370.894 9.09407 868.33734 226.2044 30.77288
6315.1123 18.43085 673.4745 303.27795 23.21754
6523.3 19.70974 708.69714 312.72766 26.7055
6343.7974 4.3254 777.8476 117.267334 30.40059
7254.753 15.83616 790.776 334.6034 29.39395
6204.8384 13.25628 675.23914 255.0658 18.75478
7448.642 9.04912 886.2877 197.06042 35.33641
6911.7607 12.62948 754.3255 249.11432 26.7055
6337.25 19.50135 655.8295 353.44885 16.55372
6576.908 21.60812 658.61993 451.60638 19.70974
6560.172 19.12933 677.5535 335.55157 25.17749
6951.74 16.55372 769.25085 313.95972 21.60812
6510.2207 21.60812 646.08704 446.69202 22.53658
6479.147 21.60812 642.98517 451.39594 19.85449
6509.3643 5.92998 817.1542 128.85168 30.40059
6454.8047 5.92998 778.73285 169.08734 29.36699
6085.428 23.21754 621.7328 418.23975 16.55372
6314.4136 19.50135 657.4679 339.73248 17.00725
6807.1196 14.88415 784.5363 263.1844 28.3981
6404.7783 5.92998 774.3407 167.75421 29.36699
6314.0503 16.28759 711.2975 243.61353 23.49004
6694.851 16.64856 668.00244 407.6671 19.35933
6027.518 22.6624 619.8084 405.8554 19.99211
6435.6763 21.60812 638.84357 451.42657 19.70974
6376.437 19.50135 667.7646 324.1247 22.21844
6189.727 13.25628 674.02277 253.08978 19.04572
6606.309 19.12933 697.5809 326.84833 30.2362
6828.1973 14.88415 782.5355 268.35828 28.3981
6808.5327 16.64856 703.88806 382.77283 19.52733
6597.7495 19.12933 689.02075 339.26526 26.20491
6314.6313 18.43085 673.77655 302.1931 23.86004
6246.3535 18.43085 664.33105 296.68658 23.21754
6730.905 19.70974 698.2804 448.26782 26.20491
6883.8843 18.37289 718.5368 388.57086 26.20491
6911.804 18.37289 746.4565 335.43463 30.40059
6749.256 18.37289 689.6261 387.10168 30.2362
6467.501 17.51422 672.24133 330.11255 19.52733
6246.4155 18.43085 664.029 297.77148 23.86004
6231.866 13.25628 674.70996 255.62311 19.04572
6463.6133 11.83952 698.02747 289.1396 18.37289
6853.756 15.83616 755.96844 278.10846 20.47737
6092.7935 18.43085 654.43396 293.97778 31.90742
6335.588 16.55389 680.6455 266.56042 30.2279
6420.613 10.19582 771.9539 161.8175 29.36699
7192.497 9.09407 782.3991 316.13312 23.90247
6962.8867 10.24273 769.8577 277.91364 20.47737
5955.377 22.6624 612.258 402.15405 23.15758
6975.751 4.3254 765.90314 272.00018 20.47737
6163.7773 15.33938 683.4026 233.32709 23.21754
7073.62 13.25628 783.24646 315.34375 23.90247
7174.592 4.3254 784.8035 327.16327 21.60812
7138.9824 9.09407 784.44684 319.08392 21.60812
6555.418 21.51581 681.9929 418.41052 19.70974
7083.6626 4.13811 783.7596 311.03033 21.60812
6592.603 17.51422 684.8468 414.10632 19.52733
6573.407 17.51422 682.6666 417.94568 18.24545
6419.723 10.19582 772.0178 163.00354 29.36699
6665.752 12.62948 716.22626 337.61798 19.70974
6560.458 12.62948 709.89685 291.55463 19.26933
6715.2837 10.98809 713.9428 316.87408 19.26933
6728.538 10.24273 703.27734 308.6784 18.78206
6885.196 12.62948 755.9593 246.82349 25.61572
6884.5146 12.62948 754.9936 245.64331 25.61572
6891.5645 12.62948 762.04395 252.04578 25.61572
7397.179 9.04912 842.90515 237.72241 30.77288
6893.3867 16.64856 755.1115 331.1634 25.61572
6789.3027 10.24273 759.3699 266.81995 20.82905
7426.475 9.04912 845.3583 265.86536 30.40059
7303.379 9.04912 862.51874 208.7752 30.40059
6763.284 18.37289 688.2471 379.07397 30.2362
7301.7793 9.09407 878.98157 198.61609 30.40059
6896.793 10.98809 768.436 287.92926 20.82905
6894.378 10.98809 764.8377 298.06708 20.47737
7030.48 13.25628 781.1288 309.02527 23.90247
6686.6265 19.04572 688.5788 434.4947 23.21754
6815.6763 16.64856 691.4102 402.84637 19.85449
7320.713 9.09407 863.3687 213.63776 30.40059
7236.092 12.56759 800.2988 331.651 27.54886
7164.939 12.56759 792.43994 341.6161 25.31491
7071.067 12.56759 794.19183 351.28668 23.90247
7199.693 12.56759 843.07526 287.99615 31.29347
6905.16 4.13811 780.6812 298.11334 20.47737
6916.4253 9.09407 777.51526 280.93823 20.47737
6604.6733 19.99211 684.5699 454.0379 23.21754
6911.5454 9.08314 780.9897 304.02313 20.47737
7447.0527 9.09407 868.87683 238.39575 31.29347
7441.512 9.09407 864.5781 234.44702 31.29347
6997.056 9.08314 785.2697 280.43585 21.60812
6980.2944 9.09407 787.11456 279.45184 21.60812
6922.463 10.19582 777.77606 223.28284 25.61572
7263.716 13.25628 816.2143 299.10138 30.22584
7223.4766 12.69145 812.90906 298.29578 30.21963
6899.905 8.4868 778.49677 284.5821 20.68348
7370.4976 9.09407 830.3959 261.44788 28.17564
6949.838 12.62948 767.56635 251.05164 29.01012
6877.837 12.62948 771.02344 237.20697 25.61572
6923.839 10.47395 769.1605 279.2234 20.64232
6826.411 13.81957 767.82874 288.63928 20.68348
7471.2383 9.09407 896.6326 209.26422 33.09188
6993.6836 10.83634 824.24097 213.91296 30.40059
7062.671 12.56759 826.4749 220.0025 30.40059
7395.727 5.92998 903.5184 189.56036 33.09188
7046.623 13.81957 791.3524 284.99 27.36176
6937.9805 12.56759 815.0139 208.76031 30.40059
7089.0117 12.62948 805.7958 224.9143 30.40059
7258.449 10.98809 869.7828 204.54486 33.09188
7258.867 10.98809 848.75635 234.21997 33.09188
7346.6797 10.19582 870.9772 229.67468 34.64907
7386.647 10.19582 892.4918 179.12122 36.54747
6862.335 15.83616 761.0268 270.7885 20.68348
6139.3945 15.33938 684.7214 223.84601 24.65902
7504.7935 9.09407 910.03577 206.8429 36.54747
7387.1055 9.09407 837.30096 270.49908 30.22584
7411.9736 5.92998 899.6075 200.29388 33.09188
7177.3135 12.2174 822.68335 218.75415 30.40059
7053.5664 12.2174 833.7435 218.48022 30.40059
6941.9263 11.83952 762.80286 310.79468 20.64232
7005.5293 9.04912 776.2575 313.41217 20.64232
6122.4775 15.33938 684.14465 222.81299 23.21754
6241.2495 18.37289 676.5615 260.87952 23.21754
6903.729 16.55372 763.63513 287.47742 20.47737
6610.6562 19.70974 684.82385 415.8546 28.07888
6610.645 18.37289 711.17065 334.7854 30.0373
6385.2812 18.37289 701.0217 323.82227 24.41807
6571.226 19.70974 680.7474 416.1247 17.37529
6449.0444 19.07155 673.38086 334.71716 17.37529
6501.778 19.26933 679.1306 330.29852 18.24545
7140.5757 10.98809 840.5311 186.21948 34.64907
7140.64 10.98809 842.00055 186.35223 34.64907
6027.8994 17.37529 664.46466 253.78638 20.82905
6990.5205 11.83952 771.19574 299.70685 20.68348
6526.9404 19.26933 681.9756 321.61005 23.21754
6808.0127 16.55372 754.1113 284.4541 20.79233
6718.1045 16.55372 686.9449 373.5147 19.70974
6021.881 22.21844 619.2224 400.9049 16.55372
6871.442 11.83952 760.7291 268.42688 20.47737
6634.18 18.24545 724.27386 278.5102 26.7055
7119.8325 12.62948 829.7805 242.88623 30.77288
6927.384 12.62948 836.7181 225.38385 30.77288
7393.8916 9.09407 894.42883 204.99683 33.09188
5857.5796 15.33938 661.6314 228.66577 23.03474
6582.795 18.24545 723.4146 276.34827 26.7055
7170.3413 12.62948 821.6406 248.32483 30.77288
7167.6807 12.62948 829.4449 226.38593 30.77288
6968.1772 12.62948 788.4082 216.95142 30.40059
5813.5947 15.33938 655.1115 209.12799 23.03474
7106.167 16.55372 787.1285 292.1275 26.7055
7218.2354 15.83616 783.5014 340.59308 26.7055
6644.3193 19.35933 666.80164 428.53687 25.17749
5701.649 15.33938 649.0701 195.65521 23.03474
7123.835 16.55372 779.08887 332.40735 30.2279
6857.82 11.83952 762.71967 279.42377 20.47737
7091.494 12.62948 838.80096 227.08197 30.77288
6911.7666 12.62948 832.15015 210.4961 30.40059
7188.4243 10.98809 763.7517 341.36707 26.31472
7182.903 12.56759 769.5153 354.8426 24.83813
7307.7603 12.56759 857.87616 295.89667 36.48998
5873.038 15.33938 670.1698 194.12952 23.21754
5916.3066 15.33938 679.2968 214.37976 23.21754
6889.2085 16.64856 773.38165 287.08575 30.2279
7288.679 12.56759 850.5424 312.63702 30.79455
6076.3325 14.09013 694.5218 179.47076 30.0373
6106.2925 14.09013 699.3364 182.67004 30.40059
7138.625 16.55372 793.8788 326.02454 33.09188
6553.6226 11.83952 718.21185 246.07428 20.47737
6043.7676 13.96655 705.4201 178.55658 30.40059
6895.399 16.64856 764.03577 322.03223 30.2279
7165.759 13.25628 831.80676 290.48755 30.40059
7201.338 13.25628 838.2368 292.49377 30.40059
7202.9375 12.2174 837.6079 293.5614 30.40059
6656.185 19.85449 675.9479 440.16858 19.70974
7166.279 12.2174 806.5272 324.5758 23.86004
7260.519 10.98809 794.18475 374.7602 26.77596
7136.9863 10.98809 821.36426 284.1073 26.77596
6967.894 10.83634 829.3272 207.75092 30.40059
6849.0376 12.69145 812.49396 223.70148 30.40059
6004.3306 13.96655 701.36316 167.78107 30.40059
6067.0864 14.88415 695.2418 182.63013 30.40059
6330.4917 11.83952 708.58545 244.41095 20.47737
7121.991 9.09407 815.93365 231.25018 28.07888
6965.4844 12.69145 815.2796 235.20587 30.40059
7114.8804 12.62948 826.1568 228.69037 30.40059
6909.7075 12.69145 818.3937 242.63562 30.40059
6658.7046 12.69145 793.82153 205.52142 30.40059
7114.8057 16.55372 796.87524 289.3806 30.2279
5944.2905 8.18716 681.85974 181.48022 22.69691
5944.63 14.39771 680.45496 188.86884 22.6857
5971.4595 13.97221 679.88617 191.97833 22.6857
5799.968 13.97221 665.1116 199.36615 20.82905
6315.315 11.83952 710.0073 241.52673 20.47737
7203.516 9.09407 827.64886 240.43512 26.77596
7236.322 9.09407 830.6549 256.81177 26.77596
7366.2593 9.09407 851.87537 227.35828 30.0373
7195.785 12.2174 763.7793 347.08435 26.1624
7199.1475 9.09407 871.28973 231.43488 30.0373
6592.248 19.85449 663.415 435.25397 19.70974
6571.9536 13.81957 793.3707 158.04596 30.40059
7180.311 10.19582 826.4089 235.24323 30.0373
7302.984 10.19582 876.08997 180.22083 35.22947
6481.412 19.85449 654.3322 369.62256 24.65902
6538.303 13.81957 790.6788 157.62384 30.40059
6599.3096 13.81957 782.3613 170.72559 30.40059
7216.3413 10.24273 789.4482 238.19733 26.91926
7029.6323 10.24273 812.5471 241.1554 26.77596
6915.131 9.45388 796.9477 234.48602 26.77596
5821.398 13.97221 650.504 234.06012 22.6624
7060.1255 10.24273 818.4428 246.65558 26.91926
5926.2466 13.97221 679.8985 185.91632 23.21754
6549.786 19.70974 704.74976 326.92236 20.47737
7175.3975 12.2174 771.0932 301.5772 26.1624
7284.386 9.09407 786.71124 297.17548 26.1624
5830.9277 13.97221 672.3224 185.05933 28.45527
6435.6523 19.85449 657.4053 360.13385 19.70974
7314.421 9.09407 782.51196 320.5 26.1624
7036.5483 10.24273 795.16876 246.8349 25.61572
6852.1035 10.98809 771.58673 235.47601 24.65902
6482.6714 19.50135 663.18604 358.1703 19.70974
6956.8657 10.98809 779.71606 238.04639 24.65902
7024.089 9.08314 814.8623 251.39734 25.61572
6020.4707 22.53264 620.8431 370.41504 20.82905
6620.4165 13.81957 732.55414 223.97504 29.36699
7223.282 9.45388 773.2092 339.75452 26.1624
7221.9736 9.45388 774.5614 337.96387 24.83813
7199.28 11.83952 769.9068 346.956 24.83813
6568.531 13.2815 741.61847 234.47766 25.25763
7451.698 11.83952 889.70746 242.33307 33.09188
6910.3574 9.08314 785.7433 228.93549 25.61572
6837.9546 16.55372 740.78955 286.91772 20.47737
6664.0234 13.81957 776.15985 186.95563 30.0373
7106.372 11.83952 814.8919 230.04584 30.0373
6628.8076 13.81957 782.76105 193.44336 30.0373
6807.78 16.55372 750.1818 278.7967 20.47737
6972.566 12.62948 767.46045 277.8059 21.60812
6954.952 12.62948 761.71 275.3089 21.60812
6931.3115 12.62948 757.3988 274.3579 21.60812
7275.408 11.83952 851.6161 273.62317 30.0373
6715.801 13.81957 762.60944 246.09589 30.0373
6579.288 13.25628 722.1887 277.04572 20.47737
7214.283 11.83952 826.5417 254.29242 30.0373
7179.8853 11.83952 833.1288 265.88977 30.0373
7140.2734 11.83952 829.33527 265.57245 30.0373
7033.6606 10.24273 820.8796 237.27716 30.0373
6484.1177 13.25628 714.36176 273.04327 20.47737
6992.8975 9.08314 790.83813 238.78662 26.1624
6578.9224 13.81957 713.78125 269.20758 20.47737
6967.3047 12.62948 813.2949 239.99536 30.0373
7143.1113 9.08314 794.69965 234.9748 27.62561
7135.646 10.98809 794.56793 230.06964 27.62561
6985.92 12.2174 780.59827 252.59631 27.26857
7152.6074 13.81957 827.67645 335.71234 30.40059
6930.2197 12.62948 776.7976 235.607 30.0373
7172.538 13.81957 821.70886 300.09778 30.40059
6904.7886 13.81957 805.13257 214.89001 30.40059
7077.386 12.62948 816.11127 249.3504 30.0373
7118.453 12.62948 845.4132 254.61499 30.0373
6727.829 13.81957 799.27606 212.57458 30.40059
6939.6113 12.69145 810.0035 249.54596 30.0373
6615.3047 13.81957 720.748 271.36554 20.64232
6601.3584 13.81957 711.79517 271.4372 20.47737
7033.2153 10.83634 820.46606 245.94226 30.0373
6818.3955 12.69145 771.1802 241.45184 30.22584
6945.513 12.2174 777.12256 252.57983 27.26857
6497.17 14.09013 719.60284 274.05884 20.47737
6764.983 13.25628 751.2313 244.83215 30.0373
6498.166 12.85446 718.57477 252.47882 20.47737
6720.1387 13.81957 789.9568 208.43463 30.40059
6703.278 13.81957 773.09424 228.97565 30.0373
6550.476 11.08703 808.5957 147.65063 33.09188
6876.0347 10.63054 783.5872 237.18341 26.1624
6934.7573 5.92998 833.2663 207.30939 27.62561
6915.705 5.92998 819.70624 201.90369 27.62561
6908.755 5.80426 813.6698 221.5404 25.61572
6810.902 5.80426 807.9937 199.55603 25.61572
7022.0127 5.80426 829.95825 190.61261 27.62561
6995.7383 4.3254 839.955 203.97565 28.3981
6920.7217 3.6656 840.1853 194.49841 28.3981
6934.5576 3.6656 840.69684 205.21234 28.3981
6627.508 11.08703 804.59265 155.20642 30.40059
6624.0884 11.08703 806.3675 153.456 30.40059
6661.0645 10.47395 809.49207 150.6944 30.40059
6671.1123 10.47395 807.8599 182.66718 30.40059
6734.9453 10.47395 818.8062 160.4209 33.09188
6674.786 10.47395 814.7145 157.65814 33.09188
6637.0264 3.6656 811.7981 134.21838 30.0373
6675.2637 3.6656 815.5917 134.74805 30.0373
6589.7793 3.6656 767.8879 171.055 26.21495
6581.9136 3.6656 777.9224 179.27655 26.21495
6498.813 5.80426 769.41315 178.357 26.21495
6589.1655 5.80426 808.5484 140.6383 30.0373
6467.6807 10.19582 808.4245 123.28662 30.0373
6516.449 10.19582 808.9163 128.51147 30.0373
6577.291 11.08703 783.3243 184.03186 30.0373
6576.5615 11.08703 784.9889 183.96942 30.0373
6380.8047 10.47395 768.7193 171.60254 30.0373
6247.845 9.16953 774.90295 109.582886 30.0373
6300.163 10.47395 774.5163 112.90057 30.40059
6305.1387 9.08314 777.53076 109.78162 30.40059
6787.8223 10.19582 836.107 140.08917 33.09188
6775.2817 10.19582 836.8689 135.68213 33.09188
6253.739 9.08314 759.86554 129.05585 24.7394
6323.4937 3.6656 761.8563 124.29639 24.7394
6659.5283 10.19582 827.4832 135.55408 33.09188
6276.215 3.41494 771.9647 126.28613 26.88716
6236.725 3.41494 770.53986 123.38776 24.7394
6613.8594 10.19582 808.60345 138.74005 30.40059
6238.1646 3.41494 770.04944 130.09741 24.7394
6272.601 3.41494 766.43317 141.039 25.06802
6266.2783 3.11481 771.8776 130.91321 25.06802
6261.919 3.11481 772.48535 127.20459 24.7394
6305.819 3.11481 775.3533 131.76251 24.7394
6317.6753 3.11481 780.6192 141.02185 24.7394
6450.093 3.11481 790.005 169.31409 25.06802
6731.2085 10.19582 828.01306 170.67816 30.40059
6737.1724 8.4868 827.25116 168.08734 30.40059
6301.1577 10.47395 764.9962 177.54248 24.7394
6312.2485 10.47395 765.66895 178.61285 24.7394
6143.92 10.47395 750.50366 175.70386 24.7394
6625.5923 5.80426 817.62115 146.99597 30.40059
6626.848 5.80426 816.53687 149.15674 30.40059
6214.902 12.85446 721.78143 204.15894 24.7394
6545.015 13.81957 759.58655 204.88776 24.7394
6486.0566 13.25628 748.7065 207.7528 24.15528
6357.32 12.56759 756.5673 212.87079 24.15528
6683.8467 9.08314 830.1417 155.45569 30.40059
6684.1523 9.08314 829.5128 153.92511 30.40059
6714.589 4.3254 834.1482 151.32648 30.40059
6687.417 10.19582 828.4089 153.36078 30.40059
6447.878 12.56759 763.4944 205.29077 24.41807
6737.293 10.19582 817.4907 152.03156 30.40059
6460.1167 12.56759 765.31573 206.76923 24.41807
6678.2866 10.19582 809.17 146.11304 30.40059
6619.4136 12.56759 761.7813 202.79907 24.7394
6645.573 12.56759 779.9878 197.09723 30.0373
6679.5654 10.19582 806.9671 148.75043 30.40059
6544.3516 13.25628 775.7701 183.70337 30.0373
6844.5874 3.6656 830.4249 146.64166 30.40059
6623.579 13.25628 784.1703 210.01038 30.0373
6656.9 13.25628 788.0686 214.63672 30.0373
6805.7686 3.6656 826.89435 141.48187 30.40059
6798.6343 3.6656 827.31177 140.97687 30.40059
6942.87 3.6656 838.18896 157.19342 30.40059
6951.018 3.6656 836.4142 164.2013 30.40059
6965.4146 3.11481 863.7744 150.185 30.77288
6979.7324 3.11481 863.76294 150.45453 30.77288
6979.7603 3.11481 861.71924 150.13141 30.77288
6925.9204 3.11481 869.5235 153.70032 32.2121
6683.693 12.69145 783.49506 245.92877 30.0373
6706.4243 12.69145 782.9079 205.07715 30.0373
6815.9 11.83952 807.02 194.65936 30.0373
6966.2266 3.6656 834.7876 166.61395 30.77288
6683.8613 10.19582 830.61035 162.82465 30.0373
6738.218 10.19582 815.06476 158.69049 30.0373
6901.194 3.6656 842.1082 150.86847 30.77288
6911.132 3.6656 846.0322 153.7948 30.77288
7086.914 9.09407 885.4112 194.02533 30.0373
6914.7666 10.19582 828.5182 197.58008 30.0373
6825.8 10.19582 808.5694 174.95123 30.0373
6791.04 3.41494 838.7465 148.1596 30.77288
6737.55 3.41494 813.81726 137.86267 30.77288
6710.02 3.41494 810.4082 137.80957 30.77288
6690.0557 3.6656 811.627 138.83905 30.77288
6680.4404 3.6656 811.6384 138.56958 30.77288
6729.347 3.6656 815.16907 138.8518 30.77288
6757.589 3.6656 827.73364 139.23047 30.77288
6705.1562 3.41494 810.8257 137.72644 30.77288
6727.409 3.41494 833.11 141.59497 30.77288
6773.524 3.41494 830.87897 138.75085 30.77288
6932.0044 3.41494 847.62103 155.22162 30.77288
6937.797 3.41494 847.0353 167.09216 30.77288
6776.776 3.41494 828.0424 138.88916 30.77288
6772.644 3.41494 828.0538 138.61987 30.77288
6759.0 3.41494 823.7551 138.50128 30.77288
6861.6016 3.11481 818.7332 148.98584 30.77288
6822.621 3.11481 779.7526 181.79523 26.77596
6867.159 3.11481 790.1566 184.17395 26.77596
6704.83 3.11481 804.3184 190.79102 26.1624
6793.222 3.11481 814.87244 192.01135 25.31491
6705.9604 3.11481 803.9099 193.56042 24.7394
6628.624 3.11481 795.8092 193.18652 24.7394
6612.773 3.11481 793.35583 192.34003 24.7394
6653.1646 3.41494 763.09143 185.09735 24.7394
6709.8687 5.92998 779.40784 187.08936 24.7394
6678.9478 6.82983 773.41034 186.0398 24.7394
6717.9717 7.04364 776.27826 186.39233 24.7394
6907.758 10.47395 828.4899 280.80377 24.7394
7132.8506 10.47395 812.3994 361.78613 25.31491
7077.323 3.6656 856.94745 272.46735 25.31491
7006.026 4.3254 844.09375 286.31738 24.7394
7031.788 4.3254 842.6803 313.37744 24.7394
7023.89 4.3254 834.7825 308.94128 25.06802
7000.823 4.3254 835.937 298.36414 24.65902
6977.5864 5.80426 837.97235 292.18304 24.65902
7165.108 9.45388 807.0263 299.8011 26.31472
7173.0337 9.45388 820.7892 285.28455 27.36176
7154.8696 9.45388 799.1034 314.4629 26.1624
7043.9834 9.45388 790.2864 243.65771 26.1624
6998.1157 12.2174 788.29553 253.11621 26.1624
7110.3184 10.83634 802.4433 249.58368 26.1624
7045.013 10.47395 804.4341 247.96997 25.17749
7114.8506 10.47395 812.5935 248.13403 25.17749
7137.216 10.47395 810.6073 269.93274 27.54886
7105.022 12.62948 773.18634 260.78412 27.54886
7140.421 12.62948 804.11096 254.24182 27.62561
7064.1426 11.44046 800.6154 252.62408 27.62561
7288.2295 10.98809 858.2521 199.08362 38.50505
7092.347 10.98809 822.75366 205.3451 30.40059
7022.381 12.62948 823.6813 219.33301 30.40059
7150.138 10.98809 853.4415 190.6128 33.09188
7251.4233 12.62948 859.4754 193.24872 33.09188
7109.473 13.81957 840.7496 221.17157 33.09188
6897.372 13.97221 789.7645 248.67346 33.09188
6774.3413 13.97221 762.5028 230.84479 33.09188
6683.166 13.97221 761.86926 238.60541 24.7394
6733.664 13.81957 736.01276 248.65735 24.7394
6865.082 13.81957 821.64166 182.29346 33.09188
6672.5894 13.81957 736.2167 245.96637 23.49004
6584.737 13.81957 726.23047 245.12366 23.49004
6730.566 13.81957 813.2932 178.84497 33.09188
6697.667 14.09013 791.5399 212.88794 33.09188
6683.146 14.09013 788.19226 212.72968 33.09188
6458.96 14.09013 772.41675 211.04938 30.40059
6699.941 14.09013 780.93616 221.32135 30.40059
6563.0864 14.09013 760.9072 213.8352 30.40059
6534.15 14.09013 742.4743 238.02423 23.49004
6539.837 14.09013 737.56964 228.06982 24.65902
6707.367 14.09013 777.70795 219.1352 33.09188
6543.0728 14.09013 740.80524 231.21954 23.49004
6594.8745 14.09013 754.28503 241.53961 25.17749
6894.6504 14.09013 796.128 268.70416 28.17564
6927.873 14.09013 804.7576 256.68024 30.40059
6872.238 14.09013 795.49994 254.51337 30.40059
7138.063 14.09013 823.6815 274.0652 31.29347
7213.565 14.09013 839.1245 258.17163 33.09188
7158.6343 14.09013 816.4171 290.1361 30.2362
7072.109 16.55372 774.5628 332.63556 24.7509
6803.9316 16.64856 751.3107 320.77094 20.82905
6675.3184 16.64856 741.7307 282.78088 24.65902
6681.1455 16.64856 747.96655 284.6538 23.21754
6582.326 16.64856 744.0239 277.73035 23.21754
6558.4634 16.64856 742.26495 273.75104 23.21754
6642.6084 16.64856 749.5201 277.99603 23.21754
6635.167 16.64856 755.1717 281.74982 24.09773
6710.56 8.4868 764.7323 262.48865 21.85575
6701.4985 11.83952 764.3639 263.14807 21.85575
6714.4062 11.83952 763.044 270.51996 21.85575
6974.273 11.83952 774.61786 260.46906 23.21754
6806.865 12.62948 762.0384 258.5974 23.21754
7120.396 9.09407 788.8349 261.4317 23.21754
7072.773 12.56759 766.9352 340.5155 23.21754
6972.8237 16.55372 773.9032 274.2677 23.21754
6860.318 16.55372 761.6437 272.474 27.51733
6858.3945 16.55372 762.47296 271.20612 24.09773
6842.143 15.83616 767.83264 284.03088 22.6624
7024.688 15.83616 777.6338 285.4807 27.49233
7028.36 15.83616 776.8045 286.7486 27.49233
7031.2207 15.83616 785.80994 287.14978 24.65902
7157.362 15.83616 796.7489 288.1504 24.65902
7212.6763 15.83616 803.69476 294.41058 30.2279
7182.747 15.83616 795.564 302.47504 26.77596
7271.4795 9.09407 812.06226 291.8297 27.36176
7378.3228 9.09407 821.19086 293.3692 28.3981
7212.3467 15.83616 780.95215 314.2578 28.3981
7330.974 13.97221 828.9557 276.1062 33.09188
7310.345 15.83616 808.32666 306.2804 30.40059
7296.269 15.83616 794.2505 328.37048 30.2279
7127.164 16.55372 774.3155 345.05792 30.2279
7080.8135 16.55372 771.1551 341.55182 24.15528
6945.9785 16.64856 760.704 331.42944 23.21754
6892.301 16.64856 760.0448 323.3479 24.15528
6716.4507 16.64856 751.7681 299.47333 20.82905
6886.095 16.64856 767.8928 295.0879 21.51581
6847.2246 9.45388 771.7777 289.53455 22.13576
7035.6567 9.45388 783.3873 287.16663 22.63494
7064.5415 16.55372 779.53546 311.607 22.63494
6959.578 12.62948 770.4693 281.5699 23.03474
6920.027 12.62948 768.0028 283.76917 22.63494
