9334.946 173.78304 1831.4094 96.76868 176.84186
9430.355 156.64426 1822.4698 152.60815 178.43755
9360.884 158.90211 1823.3464 97.417725 178.3366
9444.512 155.85728 1838.2959 122.47632 174.36157
9355.683 158.90211 1776.1376 231.83118 173.78304
9253.689 168.30898 1806.5757 80.450195 174.62762
9373.923 171.58456 1801.4452 129.92712 174.36157
8901.248 170.60664 1751.3132 72.09033 167.91774
8993.14 176.60808 1734.7378 165.15039 172.61366
8922.376 174.36157 1699.7882 192.08264 172.5982
9253.126 175.19937 1758.8235 178.37549 174.36157
9231.515 176.64444 1762.2579 143.91833 175.3321
9151.703 176.64444 1726.3882 181.68323 174.36157
9171.752 170.06451 1781.062 111.42285 173.7842
9415.261 156.64426 1807.376 169.4148 176.64444
9436.994 158.90211 1830.8092 106.52966 181.21349
9412.39 155.85728 1822.9602 166.80786 173.92612
9270.587 164.94165 1724.6978 215.00244 173.92612
9370.708 158.90211 1760.9264 211.28955 172.23912
9151.834 169.50262 1704.7224 179.5343 170.75787
9269.382 158.90211 1769.7268 188.93616 173.7842
9272.576 158.90211 1755.8291 185.42676 173.7842
9369.139 157.93887 1806.2739 142.29126 178.3366
9110.782 170.34796 1715.4694 167.67249 169.98991
9269.834 158.90211 1769.5419 183.71619 173.78304
9389.098 158.90211 1814.3203 161.77759 174.36157
9162.851 166.22816 1802.9543 66.44409 181.34158
9254.725 157.32475 1814.4097 59.65808 179.50925
8846.591 158.00647 1571.2836 349.68298 163.22998
9313.754 174.38966 1777.5764 149.42908 179.1042
9333.201 174.36157 1797.0245 112.43518 177.04102
9350.057 167.8785 1793.918 122.6311 176.84186
9335.104 174.38966 1798.927 156.10779 176.84186
8639.043 150.61937 1703.9038 63.925537 164.19875
8331.72 155.50461 1637.0609 61.87268 167.49327
8917.014 165.69641 1689.7448 175.95898 167.50009
9273.871 174.38966 1771.5642 139.98059 178.41022
8101.6733 143.2364 1598.885 55.457153 162.66658
8540.159 147.6021 1681.609 41.180054 186.50624
9273.871 174.38966 1771.5643 139.98047 186.23871
8541.756 159.16537 1643.5624 193.92615 160.33003
9240.922 175.07686 1766.9353 123.59326 178.41022
9011.949 163.12001 1757.2949 115.23645 169.71327
9207.459 175.07686 1797.5063 126.42505 176.84186
8282.256 151.10326 1576.5139 135.12036 160.69627
8503.389 151.40245 1674.2407 62.260376 169.76923
8617.709 160.12071 1654.1814 173.89636 163.39345
8439.91 143.0818 1670.6699 43.35547 170.5356
8648.004 162.31517 1623.9757 204.16235 160.44765
8811.918 162.67523 1727.0188 109.8125 165.93634
8553.051 158.01738 1682.1222 65.869995 166.94402
8596.243 158.01738 1672.0674 75.6687 164.69258
8676.894 157.25954 1688.5079 95.26013 167.263
8601.991 162.26248 1659.2853 177.77368 161.4
8581.293 154.21461 1658.1041 172.61194 161.4
8588.068 158.38876 1662.4678 168.40442 164.52853
8673.945 158.38876 1659.5974 177.08142 164.52853
8860.136 158.90211 1722.0354 124.15503 167.56277
7869.208 134.4078 1480.081 163.75049 154.96448
7768.0044 134.4078 1486.5809 172.84924 154.96448
8625.165 161.01352 1676.1494 214.53723 163.70543
8439.906 142.85687 1646.1661 94.81409 160.86064
8516.266 145.01468 1671.0994 69.54797 163.80563
8732.22 155.7082 1691.6543 115.84534 165.22179
9119.085 176.67302 1740.7147 152.63269 174.36157
8765.2 145.2494 1697.8267 91.528076 167.263
8644.268 158.66147 1653.7502 229.46826 163.28625
9075.162 176.67302 1741.6497 143.67651 174.36157
8688.161 150.9903 1705.2404 64.35339 173.89095
7458.8037 134.4078 1452.0541 75.48328 158.53456
9014.372 142.16643 1749.7703 156.79102 167.50009
9079.126 176.67302 1737.5022 122.27527 174.36157
8582.313 157.93507 1671.0542 159.58142 163.70543
8611.479 166.55363 1695.552 56.61035 175.26279
9012.3 174.36157 1735.8898 109.64563 188.4133
8950.648 155.7082 1712.4841 165.09827 165.22179
7580.4707 114.42865 1452.0443 116.588135 154.96448
9002.458 155.7082 1712.6443 165.67603 165.22179
9085.906 155.7082 1691.3558 193.08276 167.31726
9057.012 155.7082 1666.9656 208.60803 166.65726
8597.164 150.9903 1699.0546 42.517944 171.8137
8623.981 154.96448 1635.0671 255.47546 161.4
8974.225 174.36157 1740.8146 99.49963 181.21349
7894.1416 136.088 1444.3289 375.74756 155.42119
7626.5034 136.088 1436.4714 166.91516 154.96448
8766.823 151.62141 1648.1306 214.76868 161.4
8583.795 144.32188 1682.4358 62.378418 163.96837
7634.22 136.088 1414.8759 200.80737 154.96448
7750.3906 136.088 1428.1946 207.98352 154.96448
7801.571 136.088 1401.0441 262.23022 154.96448
8527.657 144.32188 1680.5178 57.651245 163.96837
8275.939 151.45073 1618.3811 107.47302 159.44897
8307.308 151.45073 1571.4181 144.63269 159.86047
7984.245 136.088 1442.1953 293.6338 154.96448
8327.998 151.45073 1584.2128 142.62085 160.34648
8584.826 145.86531 1686.7966 50.981445 167.263
8902.689 148.48541 1701.0908 157.26172 162.60805
9006.785 142.16643 1751.0591 86.77295 169.21002
8948.076 148.48541 1685.3889 195.30237 162.28741
9039.195 152.80214 1717.0356 160.08276 164.07555
8641.241 154.59692 1695.5278 60.492554 171.8137
9083.229 147.12909 1730.5962 178.59009 167.67914
9139.764 159.16022 1706.5378 216.51514 167.67914
8584.828 145.86531 1686.7964 50.98169 167.263
9139.763 159.16022 1706.5378 216.5149 167.67914
8588.926 154.59692 1687.4794 55.89978 172.27023
8634.655 154.59692 1695.8397 57.635864 171.8137
8589.968 154.84732 1618.6161 190.39368 161.33673
9009.519 169.63405 1676.1515 187.4812 167.45956
9011.309 142.16643 1768.3284 112.85791 170.15805
8582.454 154.59692 1683.1519 62.697998 169.76538
9028.0 160.12071 1786.5791 63.825195 174.36157
8628.571 159.45946 1642.6527 156.453 164.16862
8821.527 159.45946 1679.0747 181.4978 164.2482
8582.67 154.84732 1630.4082 164.4729 161.33673
9235.167 162.2631 1788.1244 134.89514 172.17154
7832.4756 140.0586 1525.2853 84.93762 160.34648
7829.313 140.0586 1540.8177 48.87915 160.34648
8681.414 158.29262 1632.5042 165.67957 164.16862
8615.999 154.59692 1697.8201 59.16162 171.8137
7995.3247 140.0586 1565.0681 79.39197 160.92172
8691.095 158.07977 1633.9805 186.42773 163.19127
8140.7754 150.82468 1608.245 46.367676 171.77121
8938.831 158.90211 1700.3726 146.57129 166.94402
7942.4033 140.0586 1552.7955 78.56641 160.92172
8634.745 158.29262 1680.807 101.605835 164.16862
8330.786 149.56053 1613.6594 128.1101 160.9745
8889.852 154.29424 1695.6516 138.45691 165.22179
8982.989 142.16643 1748.3849 128.81824 167.50009
8896.75 158.29262 1726.3403 108.48242 166.59175
9156.073 155.21843 1737.4342 192.53027 169.26762
8596.437 159.45946 1674.1339 108.53223 164.6754
7917.969 143.98636 1524.2134 121.31372 158.2093
9106.392 142.17139 1759.7706 132.72693 169.26762
9028.001 160.12071 1786.579 63.825317 174.36157
8357.615 149.56053 1606.5322 143.33337 160.34648
9076.246 142.17139 1761.7272 127.14258 169.26762
8564.886 154.45143 1672.8674 73.18396 166.72133
7966.135 151.10326 1538.2769 87.95874 160.31525
9097.785 135.01726 1769.4421 115.736694 170.75787
8900.276 150.9903 1728.5032 109.371704 165.22179
8499.842 157.2618 1610.529 193.06226 160.92172
8903.992 172.72168 1708.2954 159.85254 170.06197
8086.509 147.6021 1590.1094 51.70752 164.94165
8927.036 157.83769 1702.1573 147.42004 165.22179
8946.416 142.17139 1712.4252 128.21082 165.22179
9003.074 142.60887 1717.2881 165.35352 167.52968
8616.937 159.45946 1658.1389 169.81348 164.16862
8547.782 159.45946 1640.6713 118.81763 164.16862
8140.7764 150.82468 1608.2449 46.367798 171.77121
8570.094 153.1416 1646.7976 123.330444 161.1099
8684.939 154.77098 1647.9092 213.65051 161.45923
8580.51 159.45946 1618.4012 170.34985 163.80563
9075.805 159.84248 1750.8264 168.46033 168.0409
8586.396 154.48396 1665.3297 99.694336 161.47746
8590.51 156.30586 1671.5067 120.46448 161.47746
8491.26 158.8234 1607.9712 150.17896 163.80563
8590.107 157.14688 1671.1053 122.00549 161.47746
8624.264 154.42603 1669.0913 127.204834 161.85938
9011.122 170.57436 1742.9456 139.99634 169.52435
8809.556 149.38101 1675.5758 220.09802 161.47746
8588.295 145.86531 1657.5878 169.99438 160.34648
9003.072 142.60887 1717.2882 165.3534 167.52968
8807.454 160.38483 1644.4326 213.29028 164.19875
8765.163 150.9819 1705.6809 135.28479 161.47746
8646.304 154.42603 1680.6788 153.75208 161.47746
8837.409 158.12105 1652.2943 228.63928 163.74802
8930.683 164.94165 1729.7205 133.33179 169.52435
8615.363 154.42603 1696.6735 72.67566 161.47746
8520.694 154.42603 1671.5642 86.49133 161.1099
8938.939 142.17139 1748.8558 108.95813 168.17699
9011.124 170.57436 1742.9453 139.99658 169.52435
8435.617 154.48396 1621.0344 113.59717 161.1099
8433.307 154.48396 1657.2244 65.027466 162.28741
8913.668 161.1114 1670.0167 240.78381 164.19875
8384.225 154.66356 1650.8468 88.17822 161.1099
8145.1426 147.69113 1617.8491 30.686646 169.71327
8409.363 156.81522 1608.3132 162.44812 161.35983
8960.541 152.69485 1723.9639 132.29468 168.17699
8410.993 156.64426 1657.0441 57.348022 168.182
8194.622 148.22536 1593.0928 93.637695 160.56216
8280.043 154.11737 1574.9048 166.24756 160.56216
9277.796 174.36157 1783.4932 126.21008 176.93517
8401.848 160.1613 1636.3832 90.4043 161.1099
9026.945 142.17139 1754.2609 117.85364 168.17699
8404.481 157.14688 1639.0186 89.417114 161.85938
8857.946 156.65446 1680.9824 203.0553 164.19875
9093.267 142.17139 1765.4166 129.22546 168.30898
8116.171 147.69113 1596.74 54.83142 163.7586
8142.857 142.16643 1598.8732 63.342407 163.7586
8491.261 158.8234 1607.9711 150.17908 163.80563
8878.442 174.12314 1708.8287 216.72986 169.2948
8890.444 155.90303 1702.7372 219.40894 164.73611
8994.444 173.4757 1674.3468 205.15173 172.25484
8462.55 159.45946 1610.7625 144.53271 163.80563
8404.336 159.45946 1599.6741 130.30151 163.80563
8932.182 161.3898 1705.8202 243.25195 165.46379
8956.693 160.55135 1730.3329 224.90247 166.77203
9246.914 173.14804 1773.5459 134.87488 173.40654
9244.454 169.0815 1793.9148 116.99402 172.7427
8802.663 149.38101 1661.1841 266.67163 161.35983
8462.548 159.45946 1610.7626 144.53247 163.80563
8819.725 149.38101 1625.882 272.60706 161.35983
8857.947 156.65446 1680.9824 203.05542 164.19875
8821.401 157.93507 1664.7332 229.7555 164.19875
8890.443 155.90303 1702.7372 219.40857 164.73611
8897.925 173.4757 1699.5167 171.35645 169.45816
8802.899 173.4757 1694.677 157.17786 173.4757
8295.948 142.02963 1639.0835 45.48352 168.30898
9067.659 175.3321 1742.3209 119.96692 177.50423
9195.62 169.0815 1785.026 115.41223 175.8498
8959.622 175.3321 1738.1631 117.89429 178.41022
8572.889 160.14868 1626.0814 184.69495 161.25354
8931.86 174.36157 1749.3693 85.97815 182.37595
8951.458 160.20432 1735.3265 153.96924 167.2614
9119.295 142.17139 1778.0592 132.30847 170.58655
9016.543 164.69258 1719.0645 146.57104 168.30898
8583.108 160.14868 1632.228 188.20898 161.25354
8950.545 157.93507 1716.4124 182.4458 166.3936
8793.698 149.38101 1670.3467 255.43091 161.35983
8761.584 149.38101 1643.4192 249.46375 161.1099
8303.858 154.77966 1636.1904 54.344604 168.30898
8991.282 170.29216 1641.415 222.16382 169.0815
8617.753 153.1416 1663.3696 188.78223 158.90211
8926.027 161.13847 1677.9723 242.25525 166.55363
8356.234 154.77966 1650.1334 55.074707 168.30898
8917.881 153.1416 1687.4194 222.04431 164.73611
8654.99 150.9819 1603.172 224.32825 160.34648
8880.422 155.90303 1724.195 164.51038 164.61855
8562.753 157.2618 1631.749 163.72607 161.1099
9199.569 169.0815 1771.2504 130.8374 170.29216
8820.322 149.38101 1644.2935 290.43213 161.1099
8653.228 153.1416 1665.6353 164.57031 161.1099
9208.451 169.0815 1760.9598 131.20483 171.11673
8266.361 128.60052 1533.9586 191.53284 156.91866
9029.852 171.8137 1725.2153 167.67871 170.15805
9119.179 160.12071 1772.2058 113.53296 171.58456
9020.937 157.32475 1774.9131 57.274292 182.37595
8208.389 128.60052 1560.1737 155.50708 156.91866
7951.6123 132.57597 1569.5342 67.555786 160.92172
8720.021 142.16643 1675.5957 125.302124 162.26248
8208.388 128.60052 1560.1738 155.50684 156.91866
8544.6875 141.981 1646.4385 147.97449 160.34648
8588.077 147.61797 1647.3722 163.43933 160.32843
8244.98 128.60052 1517.2802 231.1123 156.65314
9029.05 157.32475 1779.0538 61.24646 178.33012
8846.065 142.16643 1702.6448 156.85437 162.28741
8919.049 145.67773 1725.2986 105.93042 171.58456
7941.7495 127.74183 1450.4183 282.48572 154.73515
9029.853 171.8137 1725.2151 167.6792 170.15805
8891.306 158.16292 1697.5555 136.49976 165.8388
8710.866 143.94014 1662.4996 150.94385 160.33003
8925.69 149.38101 1672.9285 204.39539 162.28741
7984.0264 127.74183 1444.2015 307.62817 154.73515
8876.422 160.12071 1679.0188 151.59985 165.8388
8730.273 147.6021 1681.9075 195.22083 160.8016
8892.647 142.16643 1692.8638 151.41748 162.28741
8830.69 142.16643 1708.1685 126.82764 162.28741
8801.931 150.9819 1668.9874 155.656 161.27023
7936.6123 127.74183 1430.45 273.96533 154.77966
8830.691 142.16643 1708.1682 126.828 162.28741
8511.376 160.34648 1647.6246 111.47534 164.54233
9054.39 138.87321 1757.8047 94.03833 172.25597
8853.125 162.90945 1710.5037 140.64014 164.80792
8720.339 152.24823 1706.3789 89.464966 162.28741
7879.1807 127.74183 1449.9503 236.15466 154.77966
8743.589 148.48541 1703.8708 107.045166 162.28741
7951.6133 132.57597 1569.5342 67.55591 160.92172
8868.609 159.9382 1687.2783 159.29993 166.62468
9134.172 138.87321 1780.7151 72.21692 176.72908
8691.17 150.9819 1687.183 112.935425 161.25354
8977.317 142.60887 1744.419 155.58911 166.94402
9095.145 138.87321 1798.5604 50.538696 186.61948
8404.296 160.34648 1623.931 104.20886 164.54233
9002.485 142.60887 1727.135 192.36438 166.94402
9037.472 162.60805 1697.2451 189.80017 167.82477
8726.874 148.48541 1626.6332 235.07825 160.92172
7638.667 121.94859 1452.3317 157.08105 155.53435
9134.171 138.87321 1780.7151 72.2168 176.72908
7994.68 132.57597 1581.1055 39.8291 167.64009
8219.67 143.94014 1545.9889 179.60461 156.69604
7757.8315 127.74183 1451.061 158.26465 154.68307
7640.0176 127.74183 1455.082 158.62415 155.53435
8004.2974 132.57597 1570.4977 60.056274 162.31143
9175.841 138.87321 1793.8789 114.48523 173.68413
8145.216 143.94014 1556.9009 150.19775 156.69604
8197.257 145.01468 1523.0583 158.33179 156.0129
9171.751 170.06451 1781.0621 111.42261 173.7842
8626.86 149.33693 1643.4763 152.03967 160.92172
8470.589 152.24823 1605.0149 141.45691 160.92172
8597.738 152.24823 1627.8059 180.427 160.33003
9008.46 142.16643 1733.1083 148.85706 166.94402
8145.215 143.94014 1556.901 150.19788 156.69604
8668.594 158.90211 1638.4982 154.60193 163.17189
8960.111 162.60805 1720.0767 153.07397 167.82477
8679.919 158.90211 1630.074 162.72742 164.38338
9052.466 138.87321 1752.4797 100.72046 170.58655
9004.64 138.87321 1771.6301 66.103516 172.25597
8944.25 142.16643 1751.4366 143.604 166.94402
8766.755 138.06628 1700.489 90.747925 166.98439
8687.543 158.90211 1628.6139 160.61255 164.38338
8762.865 142.60887 1708.0927 91.29895 166.48952
9140.035 170.06451 1771.4966 116.89844 169.63405
9033.503 165.31558 1708.4412 180.08032 167.91774
8973.893 162.28741 1723.5947 183.1427 166.94402
9015.297 162.28741 1721.0566 172.98267 166.94402
7951.3076 145.28113 1505.8693 209.95007 156.99086
8675.834 158.90211 1652.3419 140.77356 164.38338
8624.609 152.24823 1628.5841 148.16577 160.92172
9016.009 138.87321 1763.7107 78.71863 172.25597
9000.862 138.87321 1764.3944 93.23572 167.61499
8693.803 142.60887 1697.7297 86.51099 164.29047
9015.072 157.32475 1773.7688 50.75586 174.36157
9367.298 156.64426 1820.839 183.00671 176.17882
8774.526 151.45483 1577.203 272.56042 162.07912
9062.603 138.87321 1772.152 95.38928 170.60704
8741.783 160.08427 1607.3971 275.48218 162.94086
8746.44 160.08427 1607.2267 232.5315 162.94086
9035.627 138.87321 1745.1761 143.14905 167.61499
9319.967 156.64426 1801.6262 143.10303 174.36157
9301.235 161.20546 1812.4358 129.16187 174.36157
8682.951 142.60887 1693.8694 84.672485 166.48952
9295.605 161.20546 1796.1029 111.927734 175.30458
8885.327 149.38101 1720.4906 168.81372 162.28741
8716.841 135.7211 1706.3885 80.175415 162.28741
8229.659 145.01468 1545.4607 163.52075 156.69604
8724.066 138.06628 1704.657 95.43335 165.67326
8169.6646 145.01468 1554.8896 124.7312 156.0129
8713.681 160.46149 1696.1976 96.940796 165.67326
9347.504 163.93184 1819.0999 141.34473 176.64444
8688.36 156.93901 1699.1157 96.597534 165.35995
8741.784 160.08427 1607.3971 275.4823 162.94086
8958.733 152.50389 1746.072 135.78516 167.61499
8698.213 147.6021 1695.1019 121.09656 161.43486
8413.257 151.33278 1657.93 49.06311 169.34273
9363.978 163.93184 1805.6147 207.14282 175.07686
8874.572 152.24823 1745.142 96.15527 166.74571
8812.181 157.31168 1604.2188 293.19983 162.07912
8999.045 166.07715 1775.5596 48.544556 178.33012
9322.439 161.0865 1764.077 206.37683 173.78304
8932.149 158.57448 1599.0756 290.72595 164.95471
9262.964 161.0865 1766.7244 177.69458 173.40654
8874.572 152.24823 1745.1421 96.155396 166.74571
9029.581 160.46149 1746.6252 138.04175 167.61499
8999.044 166.07715 1775.5597 48.544556 178.33012
9337.788 156.64426 1802.0443 144.33862 174.36157
8916.624 158.57448 1606.1333 268.67773 164.95471
8697.406 154.48308 1690.4163 79.00964 163.19127
8726.845 154.48308 1697.8252 100.17883 163.19127
8736.429 157.85036 1682.2401 144.59814 163.19127
9261.797 165.89938 1770.3335 162.83191 173.40654
8980.09 153.50403 1741.67 173.75488 167.09227
9070.143 153.50403 1726.6127 175.73706 164.94165
8967.37 154.481 1676.6676 198.84802 165.18094
9002.242 173.40654 1772.4463 50.991455 176.64444
8919.494 153.18489 1628.7925 234.21387 164.61855
9386.457 158.90211 1818.5641 149.90515 174.36157
9260.992 165.89938 1788.1921 145.5553 169.34273
9206.081 160.12071 1761.0782 198.16724 168.0409
8625.58 156.30586 1675.7374 129.33728 163.19127
8932.15 158.57448 1599.0754 290.72607 164.95471
8935.439 148.48541 1733.4661 113.96777 164.94165
8591.829 158.16292 1659.005 116.20642 163.19127
9007.881 173.40654 1759.8696 84.19238 174.12314
9096.638 158.96414 1714.2195 236.81348 167.83601
8933.376 150.0183 1702.4243 160.02539 163.19127
8644.732 160.46149 1707.8743 74.79138 165.67326
8958.045 152.24823 1738.0176 118.70715 166.74571
8933.91 152.24823 1721.3613 142.33936 163.93184
9021.621 147.12909 1773.6104 57.41101 181.98518
8971.714 157.93507 1702.6802 245.8877 165.78857
8850.904 166.55363 1719.9073 122.83154 164.61855
9221.242 138.87321 1797.6969 120.191895 174.52417
8545.9 160.46149 1669.9128 69.2312 171.26283
8560.346 162.28741 1672.4441 88.936646 164.80792
8861.703 158.57448 1583.3539 265.5304 163.92165
8923.724 142.16643 1715.6016 110.86597 167.8785
9096.639 158.96414 1714.2194 236.8136 167.83601
9064.389 158.96414 1724.394 208.42334 167.83601
8851.637 157.85036 1707.3097 157.23413 162.26248
9201.489 158.90211 1783.5016 109.45764 173.68413
9067.389 147.83372 1754.2344 110.797 171.64803
8702.042 156.93901 1670.7649 129.20105 163.19127
8674.617 152.24823 1621.2883 182.38977 160.92172
8818.448 135.7211 1715.0447 113.05774 162.28741
8798.378 158.57448 1559.109 323.4198 162.07912
9007.88 173.40654 1759.8698 84.19214 174.12314
9046.08 168.03444 1772.0793 66.61047 178.41022
8812.657 152.24823 1721.935 113.297 162.28741
9068.825 158.96414 1728.8398 215.7019 167.83601
9075.599 165.29501 1735.6132 216.63257 166.97687
8695.222 157.85036 1680.52 130.41174 163.19127
9201.49 158.90211 1783.5013 109.457886 173.68413
9270.064 163.19127 1742.6407 176.79529 173.68413
8568.258 158.61707 1673.8196 86.62805 164.69258
8474.582 158.61707 1659.5145 98.37268 164.12337
8840.375 152.10008 1686.7876 143.78601 162.28741
8719.685 160.20432 1562.6454 280.7036 162.94086
8810.841 160.61742 1570.1989 304.66113 162.94086
9191.041 138.71661 1797.8439 105.45654 174.38966
8926.167 164.73611 1731.6521 128.01306 166.97687
8469.434 151.33278 1662.0752 57.185547 168.30898
9048.653 163.17189 1726.5125 162.82788 168.28944
8689.703 152.24823 1636.3771 182.64258 160.92172
8824.787 149.33693 1702.4751 140.95312 162.28741
8781.731 146.25667 1695.1565 151.11719 161.43486
8529.341 145.28113 1596.5403 180.49158 158.90211
9220.66 144.0198 1792.1616 113.08545 173.68413
8950.998 162.26248 1745.9341 64.842896 173.68413
9264.16 138.71661 1786.0454 110.35181 174.81317
8536.064 145.28113 1608.3901 177.10193 159.44897
8727.675 160.61742 1579.6777 287.3015 162.07912
8459.832 158.2093 1668.6344 57.64441 168.30898
8663.227 160.12071 1579.1597 279.36743 162.07912
8474.214 145.28113 1618.7139 151.98169 159.44897
8453.855 145.28113 1622.0316 137.34387 159.44897
8450.13 145.28113 1629.9089 134.52051 159.44897
9305.765 144.0198 1785.9594 146.21753 173.68413
8522.929 145.86531 1672.687 78.785034 161.27023
8520.534 145.86531 1653.6847 98.06909 160.32843
8696.454 157.85036 1664.7162 143.87146 163.19127
8475.618 147.61797 1642.5114 89.25183 160.32843
8766.998 158.29262 1595.3093 287.13818 162.90945
8548.776 147.61797 1625.9047 133.85754 160.32843
9056.252 168.03444 1784.496 73.18738 178.41022
8550.3125 147.61797 1623.5208 157.34705 160.32843
8684.251 152.10008 1675.6521 145.97461 161.27023
8543.525 143.20287 1639.3103 159.32837 160.32843
8464.805 143.20287 1607.271 178.84265 158.50627
8441.678 150.93602 1596.7764 185.9143 158.90211
8790.614 158.29262 1595.8274 295.0724 162.90945
8399.468 158.2093 1645.2703 71.48926 164.12337
8338.101 154.72858 1644.9141 42.523438 178.41022
8995.831 163.17189 1715.591 183.67249 167.45956
8745.044 146.25667 1693.4551 127.49902 160.92172
8748.485 158.29262 1598.1067 247.88672 162.07912
8341.371 154.72858 1647.8986 47.28418 165.73799
8707.061 131.62589 1670.8169 158.19592 160.8016
8640.28 149.33693 1627.167 232.04456 160.69627
8520.835 135.95323 1596.7865 302.49768 158.41406
8891.304 152.3532 1578.5162 309.27258 162.90945
8661.679 149.33693 1657.7733 206.77966 160.8016
8375.811 154.72858 1653.3461 52.500122 164.69258
9025.573 173.40654 1772.3165 67.63904 176.64444
8419.892 149.33693 1617.089 162.01184 158.90211
8690.788 158.28462 1606.1733 254.50659 162.90945
8779.546 158.29262 1588.2422 294.5636 162.90945
8095.682 131.3202 1578.4922 93.28186 158.69907
8883.771 163.17189 1710.2843 107.724976 167.45956
9026.919 170.60704 1772.9043 70.33984 176.64444
8092.482 131.3202 1576.3164 82.73096 160.3636
8194.652 147.88057 1602.1848 127.43359 158.69907
8853.1875 158.29262 1633.0073 245.05737 163.31447
9029.335 159.80264 1764.1329 71.66858 178.33012
9105.369 173.40654 1785.0988 60.416138 186.23871
8580.879 161.0865 1659.7222 113.9021 164.69258
9033.143 158.29262 1739.6614 172.66016 167.263
9032.78 161.1099 1746.7373 182.693 167.263
9010.328 159.80264 1724.2858 176.75232 167.263
8932.352 159.80264 1733.6982 134.88672 167.263
8943.345 145.86531 1743.664 121.55359 167.263
9170.913 173.2176 1797.5911 80.123535 172.40428
9080.881 159.31575 1780.4939 67.05005 172.40428
8975.327 145.86531 1737.2681 134.18237 167.263
8938.319 157.31168 1735.316 151.11462 167.263
8499.476 153.88948 1586.3795 211.93994 158.41406
9123.77 172.11137 1794.3486 71.84473 179.37947
8982.899 150.3483 1708.7362 150.19519 167.263
8927.412 157.31168 1739.3395 112.16492 167.263
8918.988 152.50389 1739.4049 110.3374 167.263
8391.184 153.88948 1607.1965 160.4458 159.44897
8584.553 160.86064 1676.7668 118.524414 164.94165
8192.103 154.84732 1555.5972 159.2732 160.34648
8145.9575 154.84732 1575.7561 121.55701 158.09056
8185.779 154.84732 1568.8091 150.88452 158.63329
8166.194 154.84732 1572.6477 140.5686 158.63329
8284.101 152.45699 1581.3695 159.61267 160.8016
8138.2417 131.3202 1595.1221 68.917114 160.69627
9176.302 174.62762 1786.4374 111.52429 173.78304
8527.593 153.88948 1631.8546 217.39685 159.44897
8995.83 163.17189 1715.5911 183.67236 167.45956
8580.877 161.0865 1659.7222 113.90198 164.69258
8639.324 154.29424 1632.7173 225.81921 159.44897
8574.43 155.30649 1602.3693 221.30383 159.44897
8995.436 161.13847 1739.8684 164.83215 167.45956
8475.032 161.0865 1667.7783 63.325195 165.46379
8485.223 156.11343 1675.4397 76.68909 164.94165
8669.129 143.94014 1635.7253 247.50354 158.90211
8572.986 161.0865 1663.8037 101.69861 164.94165
9133.937 173.68413 1774.5603 100.214355 173.78304
8538.435 161.0865 1671.5222 88.79443 165.89938
8995.434 161.13847 1739.8687 164.83203 167.45956
9060.342 161.13847 1766.6936 106.54932 168.28944
9069.193 161.13847 1747.1838 140.87085 167.8785
8714.087 146.29237 1630.2417 272.6803 159.44897
8983.183 150.6547 1729.6875 153.781 167.45956
8725.332 146.29237 1625.7649 275.50757 159.44897
8544.196 161.87439 1675.3003 97.86792 165.89938
9176.303 174.62762 1786.4373 111.524536 173.78304
7903.584 120.78424 1432.6718 260.9917 155.42119
8643.1455 150.52628 1625.9645 230.82446 160.46149
7935.875 136.088 1466.0952 241.49194 155.53435
8022.9575 136.088 1472.8422 253.54529 155.53435
8185.4355 136.088 1468.5381 274.49524 155.53435
8380.87 136.088 1487.14 342.4104 155.90303
7997.4136 136.088 1468.1855 223.96887 155.90303
8040.382 136.088 1469.8547 232.7456 155.90303
8544.197 161.87439 1675.3003 97.86804 165.89938
9054.962 161.13847 1721.2725 171.76416 167.45956
9218.671 174.62762 1787.7504 123.07373 173.78304
8946.889 159.46214 1693.3928 173.66345 166.55363
7994.373 130.78815 1471.1993 206.9779 155.90303
9107.118 158.90211 1730.7216 169.76172 167.8785
7983.416 136.088 1458.1313 206.33435 155.90303
9171.692 169.2948 1772.7313 108.710205 173.78304
8052.153 136.088 1463.8325 265.41626 155.53435
9126.231 158.90211 1703.3975 188.19897 168.28944
7927.18 136.088 1467.7689 222.11938 155.90303
9188.962 150.78915 1766.127 148.22705 168.28944
9124.972 150.71533 1702.1377 176.85303 168.0409
9053.537 158.90211 1726.4596 137.37305 168.0409
8704.005 146.29237 1624.9199 262.37207 158.90211
8475.838 161.87439 1663.3904 79.7489 165.89938
8356.717 161.87439 1588.99 117.41333 163.19127
9150.557 158.90211 1769.6418 118.6272 169.52435
9101.072 158.90211 1750.4395 116.35217 169.52435
7909.3423 136.088 1453.453 230.28589 155.53435
9313.9375 173.78304 1830.514 77.40283 176.88963
9183.025 171.17612 1727.1118 196.4408 169.52435
7783.002 136.088 1468.773 174.13062 155.53435
7812.014 120.78424 1447.386 244.64136 153.20276
7897.035 136.088 1486.0944 200.94592 155.53435
8455.009 162.37631 1645.0366 117.06653 164.80792
7870.606 136.088 1473.2034 197.46313 155.53435
7858.053 136.088 1471.6592 177.12024 155.53435
9183.026 171.17612 1727.1117 196.44092 169.98991
7791.2437 125.43782 1449.6263 236.17871 153.20276
8461.266 161.87439 1648.8191 86.22412 164.80792
9116.85 168.16716 1704.2152 193.16772 169.52435
8501.055 138.06628 1663.7189 55.95044 165.89938
9095.7705 170.0643 1714.5941 188.32935 169.52435
8742.321 144.32188 1638.1029 240.18188 159.22653
8865.871 146.29237 1620.6292 342.74365 158.82423
8461.267 161.87439 1648.819 86.22424 164.80792
8501.054 138.06628 1663.7189 55.950317 165.89938
8757.652 146.29237 1624.9719 299.1317 159.44897
8703.199 146.29237 1641.405 258.417 159.44897
8671.373 146.29237 1634.4889 235.89978 159.44897
8581.828 161.87439 1663.3326 108.52246 165.89938
8504.244 158.2093 1671.2245 73.57251 164.12337
8492.638 158.2093 1667.8486 102.40552 163.19127
8504.245 158.2093 1671.2244 73.57263 164.12337
8663.595 134.9192 1639.0627 255.05164 158.90211
8492.639 158.2093 1667.8486 102.40576 163.19127
8370.361 157.93507 1647.9766 49.830322 177.95999
8370.446 154.72858 1650.7155 45.646362 177.95999
8703.2 146.29237 1641.4049 258.4171 159.44897
8679.163 146.29237 1654.2557 242.63965 159.44897
8703.198 146.29237 1641.4052 258.41675 159.44897
8720.984 146.29237 1632.234 274.92078 159.44897
8708.797 155.94547 1626.6812 236.17249 159.44897
8609.823 158.90211 1583.5137 281.9453 157.31168
8486.594 132.48744 1580.96 278.60083 157.8263
8610.968 154.36682 1585.693 282.82043 158.90211
8613.01 156.72108 1591.2883 287.24585 157.31168
8512.601 150.93602 1583.6245 198.7013 158.22704
8505.417 150.93602 1601.3472 186.41565 158.22704
8518.954 150.93602 1587.881 265.9801 158.82423
8246.323 119.97869 1581.2311 198.5874 155.94547
8398.901 145.86531 1602.0507 177.92273 157.31168
8446.081 145.86531 1584.8899 167.60974 158.22704
8356.229 150.93602 1583.7329 168.43677 158.22704
8343.063 150.93602 1596.6716 145.36938 159.44897
8288.861 150.93602 1593.7517 116.46228 159.44897
8403.746 145.86531 1604.1664 145.2522 157.82957
8328.335 145.86531 1607.407 145.74011 158.22704
8429.033 150.93602 1601.4567 172.80652 159.44897
8332.748 147.69113 1607.4684 115.947266 159.44897
8303.029 138.21107 1600.9136 104.28296 159.44897
8272.149 119.97869 1571.5553 150.45312 156.1175
8396.38 150.93602 1598.9453 154.7351 158.50627
8261.259 148.1716 1601.146 98.82532 158.50627
8442.372 150.93602 1604.64 177.61975 159.44897
8337.134 150.93602 1585.8043 130.26697 159.44897
8351.874 138.16656 1608.5798 137.41919 158.22704
8340.44 138.16656 1608.6024 108.81897 158.22704
8425.449 149.10999 1621.454 129.78516 159.44897
8346.363 146.2643 1611.9043 106.454834 159.44897
8381.072 146.2643 1594.0204 159.04663 158.22704
8407.215 150.93602 1587.712 201.28394 157.31168
8362.678 147.61797 1586.2142 169.57922 158.22704
8356.263 148.5648 1594.8618 157.0653 158.22704
8341.957 150.93602 1601.9259 132.5426 157.31168
8294.461 127.37673 1563.0703 233.82837 156.0503
8413.552 149.10999 1599.4752 170.27551 157.82957
8289.613 138.97258 1571.959 235.80933 155.85728
7999.0835 128.60052 1517.2385 163.00977 155.52328
8108.6694 137.1246 1525.1084 156.70361 155.94547
8120.7983 137.1246 1555.526 148.12073 156.72108
8190.053 137.1246 1569.7424 161.31335 156.72108
8071.788 137.1246 1557.519 135.86475 155.94547
8117.797 137.1246 1545.3219 157.67834 155.94547
8098.171 137.1246 1575.8757 117.253784 156.72108
8060.8335 137.1246 1584.4241 81.555664 160.3636
7985.928 137.1246 1552.4299 97.30432 155.94547
8050.196 137.1246 1567.2678 102.1311 155.94547
8031.4395 137.1246 1574.2969 75.665405 156.72108
8035.7686 137.1246 1555.6948 96.026245 158.53456
8031.439 137.1246 1574.297 75.66516 156.72108
7949.8994 137.1246 1562.5615 51.960205 163.87476
7911.101 137.1246 1539.155 66.928345 158.66147
7949.9 137.1246 1562.5615 51.960327 163.87476
8031.481 137.1246 1564.6183 99.39453 158.09056
8036.297 149.89723 1569.4349 102.81824 160.3636
7937.908 149.89723 1557.3945 69.30835 160.3636
7907.7666 146.00894 1561.5725 34.989502 160.3636
7925.9653 145.48575 1556.1676 58.59253 163.18756
7924.6377 145.48575 1558.8934 55.079468 163.09657
7947.668 122.74532 1565.0215 40.611816 165.90652
7941.044 122.74532 1557.9447 51.934692 163.09657
7932.627 122.74532 1557.5122 54.11914 162.40852
