20562.0 0.0 405.0 123.0 0.0
20559.0 0.0 409.0 96.0 0.0
20531.0 0.0 408.0 89.0 0.0
20554.0 0.0 416.0 114.0 0.0
20525.0 0.0 412.0 113.0 0.0
20339.0 0.0 428.0 52.0 0.0
20381.0 0.0 430.0 55.0 0.0
20412.0 0.0 430.0 56.0 0.0
20444.0 0.0 429.0 60.0 0.0
20524.0 0.0 423.0 72.0 0.0
20504.0 0.0 426.0 64.0 0.0
20462.0 0.0 427.0 61.0 0.0
20473.0 0.0 428.0 62.0 0.0
20489.0 0.0 427.0 69.0 0.0
20486.0 0.0 428.0 66.0 0.0
20470.0 0.0 429.0 64.0 0.0
20460.0 0.0 429.0 61.0 0.0
20458.0 0.0 427.0 60.0 0.0
20455.0 0.0 427.0 59.0 0.0
20428.0 0.0 429.0 58.0 0.0
20485.0 0.0 423.0 62.0 0.0
20448.0 0.0 425.0 58.0 0.0
20441.0 0.0 428.0 54.0 0.0
20397.0 0.0 429.0 54.0 0.0
