12333.086 125.02736 1747.7236 435.75024 155.38664
12465.995 125.02736 1778.8875 539.8738 173.13945
12537.843 125.02736 1818.0148 585.6522 178.58943
11952.323 125.02736 1759.1317 363.4745 165.22017
12269.084 125.02736 1750.4269 436.766 155.38664
12091.637 125.02736 1756.3625 421.05957 165.22017
12465.885 125.02736 1748.918 652.4392 149.8714
12516.245 125.02736 1797.9835 615.5216 165.22017
12575.911 125.02736 1794.3335 548.69727 159.6638
12465.635 125.02736 1805.497 542.9723 173.13945
12299.679 125.02736 1806.2959 547.82837 173.13945
12131.308 125.02736 1764.6884 452.40247 159.6638
12082.031 125.02736 1788.5947 399.85742 155.38664
12145.951 125.02736 1763.0123 446.81238 155.38664
12456.776 125.02736 1723.3357 648.2788 158.69212
12150.561 125.02736 1751.2258 443.56738 155.38664
12082.032 125.02736 1788.5946 399.85754 155.38664
12475.378 125.02736 1796.1599 552.49146 159.6638
12598.717 125.02736 1758.8782 588.3535 159.6638
