658.40753 74.99131 284.2977 113.55493 117.48476
580.66327 61.70518 276.3197 30.857178 146.19598
635.7834 75.07494 294.8151 49.46826 117.48476
683.5982 69.82655 293.319 139.30078 127.34239
663.3159 57.36215 296.3555 66.2619 122.97256
589.36273 61.70518 267.6619 62.693756 115.79839
589.1464 69.82655 259.02386 90.08783 107.17459
502.75156 70.99504 231.33374 27.753235 121.50858
572.6963 75.07494 271.07254 49.18988 125.78336
502.33032 57.36215 240.80664 38.34619 117.48476
636.8291 61.70518 295.1212 40.37442 133.3204
700.7914 69.82655 305.80652 152.77603 108.74766
649.53394 80.45151 294.68408 72.92859 108.14088
690.35144 60.56433 308.13736 84.6745 120.02276
637.0167 75.07494 281.25098 103.33191 103.83735
541.498 69.82655 256.7806 42.508514 133.3204
