6916.4297 59.5564 1026.7004 337.53442 105.24814
7458.4414 54.60883 1045.6113 451.92212 105.46244
6679.644 46.09102 1010.49066 291.1176 101.05958
6848.482 54.60883 1019.6851 292.3111 112.36718
7173.0303 59.42687 1053.3381 383.89844 101.86191
7633.736 54.60883 1085.2505 365.49548 109.69693
7186.7197 60.37313 1052.425 464.18628 105.24814
6868.4976 59.42687 1015.49713 329.78094 110.8017
6867.804 54.60883 986.2919 311.0752 111.80018
6478.01 54.60883 990.28827 211.55914 101.05958
7430.9727 54.60883 1046.553 351.27722 101.86191
6942.7285 54.60883 1053.1996 331.32605 97.58084
6703.8906 46.09102 1020.9186 223.91687 111.80018
7264.5254 54.60883 1054.0741 339.24133 101.89092
7171.456 59.5564 1048.4006 333.1261 110.8017
6758.26 56.96555 1019.8287 280.7575 111.80018
7010.3706 54.60883 995.0742 403.11328 97.58084
7458.542 46.09102 1079.2506 326.01843 108.3306
7345.0264 59.42687 1020.6 480.9148 109.78551
7304.963 54.60883 1047.1584 331.208 108.28353
6483.897 54.60883 1000.1003 250.2066 101.82033
7294.98 54.60883 1066.1433 322.38232 113.37767
6855.579 54.60883 1029.0331 319.91663 101.05958
7472.75 54.60883 1029.624 447.7677 97.58084
6947.5 54.60883 1023.1831 321.44434 97.58084
7289.253 54.60883 1070.5188 441.69238 101.86191
6587.9277 54.60883 976.43054 216.7052 101.05958
6964.21 54.60883 1033.1952 376.77332 101.66351
7482.408 46.09102 1077.9877 412.2859 104.14107
7070.4233 54.60883 990.13025 434.57605 97.58084
