4616.31 15.57024 546.3718 475.10632 73.92617
4028.0347 12.0222 518.44543 327.70142 72.3457
4858.001 15.27979 616.84296 365.2871 71.20282
3912.6992 15.57024 513.1552 436.98456 71.01897
3790.3271 14.37213 477.4083 284.61563 71.94379
3823.8645 15.57024 482.56427 353.46936 79.55785
4421.723 15.57024 540.68036 546.21185 68.80523
4793.4854 12.02243 601.88214 401.71295 71.01897
3961.329 15.57024 472.67563 432.9838 69.87257
3993.3306 14.66687 494.099 447.1123 68.72886
3788.5298 15.57024 477.34622 334.21994 75.08501
4280.786 11.71608 549.90625 393.2046 70.24229
4224.964 18.69334 522.8707 538.6582 75.86324
3601.2334 15.27979 491.21268 248.19296 92.32503
4258.3315 15.57024 530.38385 461.09583 73.3379
3636.6455 14.37213 461.2119 351.6419 66.99919
4797.5146 12.0222 608.4238 407.49634 68.02489
4669.405 13.80951 616.8976 453.66272 68.51444
4652.0825 15.87961 610.7601 414.7232 85.80103
4258.423 15.57024 535.2773 360.68243 77.42641
3790.9194 11.71608 505.24915 300.36212 72.58216
4237.9746 17.00229 528.15485 383.8783 71.5996
4675.335 14.33137 574.1096 467.94543 69.87257
4498.14 14.86706 621.21796 220.0877 76.63866
5361.474 16.74877 659.7042 445.4048 77.48122
4193.322 15.57024 532.67633 423.08026 71.34358
4230.471 11.71608 584.2875 272.44885 75.55046
4147.413 16.5323 538.5407 400.13702 71.34358
3651.2537 12.0222 486.8423 320.91473 71.20282
3889.464 15.57024 480.90604 336.85507 75.82535
