-5883.2324	-5.92998	-615.60895	389.62634	30.0373
-6149.7773	-4.13811	-669.6698	301.06226	44.12912
-5361.652	-4.19177	-565.89496	338.46417	24.41927
-6066.5615	-3.11481	-627.5147	359.51776	29.36699
-5771.3	-5.27439	-595.95074	367.17493	27.85872
-5500.671	-6.53195	-565.2792	421.0609	29.4897
-5234.0737	-6.53957	-516.17316	433.3786	34.58023
-5964.3896	-6.03521	-594.69434	404.27496	28.08066
-5574.7803	-6.32738	-551.42303	353.11682	34.46936
-5905.3345	-4.13811	-608.52844	358.8675	34.64404
-6108.5054	-2.19046	-644.09045	326.90558	28.45527
-5829.882	-5.92998	-591.59	465.88593	24.81566
-6541.7056	-3.11481	-651.8638	407.40784	28.07888
-6259.7554	-5.80426	-653.4575	369.9032	22.6857
-5692.834	-8.4868	-578.65186	400.60876	35.67205
-5512.9946	-3.6656	-582.65466	347.02533	30.2279
-6087.1406	-3.11481	-626.6379	271.06854	30.11663
-5772.8535	-2.19046	-595.92847	352.23627	24.83813
-5996.384	-3.11481	-634.24146	283.2633	30.52903
-5903.7944	-3.41494	-619.47375	363.4021	24.65902
-5828.089	-5.27439	-596.0181	290.5357	30.52586
