-110653.086	-84.32993	-4919.88	1727.2612	146.61938
-112154.59	-82.51218	-4837.902	1775.2192	151.145
-106954.88	-84.32993	-4713.194	1649.9648	148.94305
-110483.484	-82.51218	-4843.4434	1963.3335	144.6994
-107842.7	-82.51218	-4868.2017	1571.4888	157.92119
-113049.33	-84.32993	-4995.969	1598.1143	153.79124
-110830.61	-82.51218	-4811.796	1750.8135	146.96396
-111494.91	-82.51218	-4847.0386	1804.544	150.653
-116187.93	-84.7688	-5133.4517	1821.3359	153.41919
-109818.14	-84.32993	-4832.8745	1879.9258	143.83733
-113112.72	-84.32993	-5014.711	1841.1089	153.01363
-111556.164	-82.51218	-4742.9272	2217.9766	148.01698
-111543.2	-82.51218	-4821.8667	2049.099	148.88998
-105114.85	-84.32993	-4681.3486	1592.8071	146.61938
-115773.74	-82.51218	-5181.813	1792.9941	151.5482
-111413.0	-84.7688	-5065.0386	1832.8999	146.40137
-111362.12	-82.51218	-4872.092	1827.894	148.13965
-110538.98	-82.51218	-4997.5933	1639.4409	151.5482
-110557.79	-84.32993	-4812.21	2160.5996	144.91917
-108221.94	-82.51218	-4780.4897	1773.8838	145.55357
-111424.24	-84.32993	-4781.7275	2023.0166	151.9534
