-9287.556	-156.64426	-1809.7819	120.922	174.59618
-9444.982	-168.0409	-1828.974	124.31067	174.36157
-9355.683	-158.90211	-1776.1376	231.83118	173.78304
-8835.339	-173.26907	-1687.1173	175.30823	174.33441
-8822.159	-172.27023	-1705.7672	158.57861	165.22179
-8827.291	-173.4757	-1683.3081	168.73682	172.25597
-9160.845	-174.12314	-1731.6985	199.37634	174.36157
-8917.253	-173.99953	-1666.923	244.18628	169.98991
-9090.218	-171.70056	-1700.1094	227.94678	170.36116
-9382.887	-168.0409	-1804.8907	121.66223	191.46103
-9370.708	-158.90211	-1760.9264	211.28955	172.23912
-9248.84	-161.0865	-1735.2843	192.76599	169.63405
-9246.074	-157.32475	-1778.1766	118.388306	174.62762
-8633.044	-165.5992	-1685.6289	78.20569	175.58925
-8858.477	-171.97859	-1670.1771	161.8103	173.26907
-9114.179	-157.32475	-1784.4359	68.16626	190.74113
-9477.681	-155.85728	-1832.6189	133.82874	183.39262
-9475.109	-152.80214	-1830.0471	121.01221	174.50981
-8450.526	-138.06628	-1669.608	41.869873	172.23912
-9251.067	-169.52435	-1803.7793	124.00061	179.18004
-9351.103	-156.64426	-1706.0413	209.48999	172.96335
-9203.572	-170.57436	-1771.9059	143.78162	174.36157
-8820.237	-162.78477	-1698.7367	139.42188	164.54233
-9318.659	-152.50389	-1800.6577	115.57251	176.88963
-9006.11	-158.53456	-1687.6083	230.15564	164.99196
-8646.125	-154.84732	-1644.2524	146.70532	164.14203
-9135.365	-171.58456	-1769.1232	108.095825	177.50423
-9034.216	-174.36157	-1775.6748	70.123535	177.50423
-9200.67	-174.36157	-1771.5233	129.6217	175.07686
-9003.514	-157.32475	-1775.2622	64.83862	183.6664
-9199.6	-171.10956	-1752.445	142.21338	174.36157
-9025.382	-162.78477	-1700.0493	215.0398	167.25055
-8727.204	-144.61475	-1725.3647	61.67383	181.34158
-8094.4546	-149.7471	-1538.7476	164.08655	160.69627
-9266.174	-174.36157	-1777.2856	121.01172	175.19937
-9276.04	-173.40654	-1787.151	124.81824	181.50786
-9067.044	-157.32475	-1774.7607	81.20679	178.41022
-9259.308	-174.36157	-1794.023	115.812744	178.43755
-8288.11	-151.76624	-1624.7267	64.44873	165.35995
-9117.16	-172.61366	-1732.5361	175.69812	173.78304
-9203.648	-161.24028	-1731.8796	221.30481	169.77155
-9344.45	-168.0409	-1815.9836	117.55054	179.1042
-8626.203	-162.2631	-1690.1223	71.38953	167.45956
-8494.898	-148.94606	-1673.678	41.292236	200.81639
-8149.2827	-157.93507	-1576.2527	122.81018	164.34167
-9276.918	-173.69032	-1795.7319	135.09143	176.93517
-9210.844	-169.0815	-1772.4202	160.89136	174.36157
-8572.002	-150.6547	-1690.1255	54.243652	175.99345
-8281.455	-157.93507	-1583.1589	125.26514	164.87486
-8921.677	-169.0815	-1680.2421	211.052	169.2948
-9112.6455	-157.32475	-1689.2384	229.3258	167.07993
-9060.272	-157.93887	-1642.4119	261.21973	167.07993
-8805.862	-138.34096	-1673.3181	174.91406	164.38448
-8357.046	-157.93507	-1568.9249	189.01233	161.24152
-9192.728	-147.12909	-1795.1809	108.43396	174.36157
-8629.177	-159.44897	-1630.5885	143.63574	163.70543
-9219.981	-147.12909	-1786.5527	109.38086	174.52087
-8137.312	-137.18648	-1466.648	297.00415	158.25069
-8848.686	-154.48308	-1663.3635	257.401	164.54233
-8855.651	-146.69995	-1621.0961	267.04663	164.54233
-8605.389	-164.94165	-1693.1925	69.47461	177.04102
-9115.464	-152.80214	-1772.0972	97.98291	174.52087
-8453.372	-161.42404	-1577.5728	211.15747	163.31447
-8855.531	-146.69995	-1608.5951	250.90625	163.51988
-8804.276	-158.7164	-1666.1403	169.87268	162.26248
-9133.744	-138.87321	-1767.2145	109.7511	170.12964
-8473.636	-161.24152	-1590.6783	188.11389	163.31447
-9140.392	-152.80214	-1780.6232	83.86511	178.80188
-8360.463	-145.64575	-1568.9764	209.11719	159.80432
-8366.318	-145.64575	-1564.0342	167.28638	159.80432
-8747.249	-144.61475	-1721.6633	58.302002	173.68413
-8672.106	-154.39069	-1606.3861	217.82715	161.1099
-8654.825	-154.39069	-1623.3234	249.8894	161.1099
-8082.232	-137.18648	-1494.8112	245.00623	158.00647
-7914.961	-127.56646	-1548.5564	62.551758	162.03156
-8489.465	-160.63777	-1589.1857	180.67786	163.31447
-9154.961	-152.50389	-1797.6765	77.38965	178.80188
-8003.519	-137.18648	-1504.7434	187.99585	158.50627
-8057.346	-137.18648	-1472.6511	218.58203	158.50627
-7870.013	-128.60052	-1428.1301	240.77893	158.00647
-7803.885	-128.60052	-1435.2621	241.75464	158.00647
-9228.999	-152.50389	-1793.693	110.95117	174.52417
-8413.969	-161.1745	-1591.6685	180.61255	163.31447
-8912.178	-170.60704	-1735.8793	121.095825	169.81209
-7752.968	-128.60052	-1409.5045	222.8274	154.68307
-7790.91	-128.60052	-1394.6556	250.73279	154.68307
-7723.5786	-128.60052	-1411.1993	243.25562	154.42603
-8964.787	-166.22816	-1730.6632	128.56885	169.26762
-7870.9355	-136.088	-1493.8107	162.26758	158.47075
-8312.847	-142.69566	-1583.7773	153.11755	159.80432
-8403.02	-142.69566	-1609.9069	141.09094	160.10626
-7801.624	-136.088	-1473.96	194.49634	157.41553
-7852.1978	-136.088	-1496.6537	150.9187	158.66147
-9273.874	-147.12909	-1823.0175	66.466675	181.08952
-8881.51	-165.3541	-1714.3408	140.37793	168.47446
-9267.901	-147.12909	-1813.5499	105.84265	178.80188
-8385.164	-142.69566	-1611.4922	162.53125	159.9382
-8996.46	-173.99953	-1673.3074	219.24084	173.69032
-8416.713	-127.43664	-1577.4514	202.59253	160.10626
-8050.73	-127.56646	-1579.1471	53.922974	165.22179
-8053.4736	-127.56646	-1584.8652	68.483765	165.22179
-9131.555	-162.80284	-1668.0411	259.12793	169.31198
-9135.668	-158.90211	-1679.8668	248.37427	169.31198
-9201.545	-170.36116	-1779.0105	155.24585	171.70056
-8909.428	-168.22682	-1677.2773	192.51465	168.0409
-8535.839	-142.69566	-1658.8885	133.22961	160.34648
-8909.337	-173.69032	-1688.2737	191.7633	174.48071
-8841.306	-173.99953	-1681.6814	204.2893	173.68413
-8490.441	-140.0586	-1649.8909	123.357056	160.34648
-8839.111	-173.99953	-1685.6964	196.95483	173.68413
-8829.712	-173.99953	-1690.4656	235.68665	173.68413
-8347.221	-152.69485	-1631.3665	66.34143	166.58904
-8594.768	-140.0586	-1653.3271	152.81628	161.47746
-8022.006	-127.56646	-1585.6191	55.975098	168.6073
-8541.371	-155.0739	-1672.3767	90.894775	161.47746
-8565.792	-151.15948	-1666.0459	135.1178	161.47746
-8482.294	-157.14688	-1613.3008	185.19263	161.47746
-8600.394	-149.33693	-1652.4285	146.50757	161.47746
-9022.633	-137.43704	-1679.2954	199.10303	166.74571
-8680.047	-150.9819	-1656.1829	172.56628	161.47746
-8783.371	-150.9819	-1664.8782	182.52356	161.47746
-7965.519	-127.56646	-1568.6538	49.08142	168.6073
-8980.754	-137.43704	-1709.2185	132.08557	166.22816
-9278.422	-147.12909	-1808.9327	94.9812	179.15924
-9174.078	-147.12909	-1790.5177	115.56067	173.7527
-7861.0083	-132.91522	-1510.3427	109.036865	160.22249
-8583.145	-154.42603	-1670.2483	101.37012	163.19127
-9007.163	-137.43704	-1703.7751	151.67468	166.22816
-8880.245	-156.64426	-1702.8131	135.18872	165.35995
-9297.969	-158.90211	-1795.2633	100.5509	182.43361
-9280.69	-158.90211	-1796.0692	112.50928	176.88963
-9227.739	-158.47075	-1804.212	116.769165	176.07236
-8925.264	-152.80214	-1746.8185	135.25818	167.91774
-7760.9243	-136.088	-1446.9467	168.90662	157.82957
-7735.2036	-136.088	-1491.3561	104.803345	156.25668
-7858.9043	-136.088	-1494.9163	171.20374	158.66147
-8734.98	-152.10008	-1667.0491	177.33618	161.47746
-8573.039	-145.86531	-1643.5983	155.28967	160.32843
-7800.547	-136.088	-1482.2123	125.549805	158.66147
-7955.316	-128.8711	-1507.5577	129.42444	160.22249
-7907.9785	-128.8711	-1518.9098	127.02368	160.22249
-7865.389	-136.088	-1511.543	113.3855	160.22249
-8694.638	-127.43664	-1668.8876	182.81079	161.47746
-8574.48	-152.84106	-1650.3906	184.21057	161.47746
-8354.384	-140.82065	-1638.0883	74.32434	162.37631
-8510.937	-152.84106	-1637.7314	181.91907	161.27023
-8532.219	-146.2643	-1631.0244	177.54968	160.32843
-8397.162	-146.2643	-1581.923	164.83203	160.34648
-9314.046	-169.2948	-1812.3522	139.97144	181.08952
-8352.043	-146.80809	-1555.9376	193.54395	158.90211
-9156.009	-148.61626	-1794.2877	66.76965	176.88963
-8636.303	-174.38966	-1653.4113	140.78052	169.76538
-8339.152	-146.80809	-1571.2994	189.11365	160.14868
-8304.164	-146.80809	-1546.7231	178.7019	160.14868
-7933.115	-142.78854	-1563.6593	47.114502	169.48607
-8329.199	-135.79689	-1549.0043	186.05017	158.90211
-8208.42	-137.18648	-1428.2257	305.62402	157.52885
-7997.083	-142.78854	-1562.6412	61.050903	169.25342
-8038.4883	-142.78854	-1593.6449	46.699707	172.96335
-8251.18	-136.088	-1560.1259	194.72449	158.66147
-8409.274	-145.01468	-1636.8596	77.56311	160.34648
-8454.716	-152.24823	-1643.0846	105.172	160.92172
-8618.518	-171.86229	-1666.6608	111.512085	173.66924
-9330.362	-160.61742	-1807.813	115.50903	178.80136
-8531.794	-165.17175	-1659.8762	88.90784	169.76538
-8419.477	-160.8016	-1614.7823	125.14661	165.69641
-9216.329	-160.61742	-1799.5442	120.73108	173.78304
-8459.59	-153.56113	-1662.0327	82.154175	161.27023
-8414.408	-153.56113	-1645.8427	81.05603	162.28741
-8483.723	-153.56113	-1642.8568	110.98889	161.27023
-9169.141	-164.19875	-1776.1433	107.00842	179.7491
-9104.895	-169.63405	-1763.4539	119.60559	173.78304
-8047.783	-142.10677	-1586.1709	38.679443	169.25342
-9265.924	-160.61742	-1793.0138	137.19934	173.78304
-8509.357	-150.9819	-1619.9514	151.18213	161.27023
-8597.463	-150.9819	-1644.8411	165.37561	161.27023
-8478.586	-162.67815	-1643.9829	129.63208	165.33313
-8373.998	-156.5635	-1638.0862	87.80188	160.8016
-9335.471	-173.78304	-1828.9497	157.07446	183.39262
-9291.967	-169.2948	-1785.6935	167.35071	176.17882
-9261.946	-171.41327	-1765.5403	201.95972	172.17154
-8655.758	-146.29967	-1614.4218	240.42273	161.25354
-9048.197	-171.41327	-1713.8314	173.53455	173.62341
-9274.531	-172.23912	-1766.1005	150.91638	173.6303
-9212.377	-166.74571	-1768.9547	179.65576	173.33427
-9291.817	-160.12071	-1737.2805	170.46082	172.23912
-9035.554	-160.12071	-1642.734	254.93884	167.21144
-8891.01	-160.12071	-1586.29	299.99634	164.93689
-9210.46	-164.61855	-1771.0588	167.7301	173.33427
-8398.841	-154.96564	-1617.0602	133.67139	161.1099
-9200.522	-161.1099	-1800.94	95.32849	178.43755
-8417.228	-155.21843	-1614.5083	124.508545	160.8016
-8944.337	-171.41327	-1738.4102	144.68176	173.85571
-9166.707	-161.1099	-1783.259	94.05591	178.43755
-8878.316	-160.12071	-1587.5974	305.2173	165.5967
-9145.546	-166.22816	-1781.9811	79.66821	183.72461
-9134.447	-166.22816	-1781.4778	112.55029	178.80188
-8987.136	-160.07138	-1737.4968	186.7461	164.94165
-8912.39	-171.41327	-1730.1241	145.03857	170.02618
-9008.391	-164.9046	-1697.2026	198.95105	167.31726
-9063.019	-155.21843	-1734.6165	157.41211	169.14557
-8512.195	-156.5635	-1626.2115	164.91284	160.44765
-9137.509	-157.31168	-1748.6057	155.61841	169.52435
-8962.27	-164.9046	-1738.6726	133.22034	166.60542
-9136.388	-166.74571	-1776.6654	143.7113	169.41483
-8873.781	-160.84575	-1629.3599	233.92883	164.94165
-8130.827	-142.10677	-1599.6934	55.885498	169.25342
-9141.982	-163.93184	-1791.6697	90.30969	178.80188
-9154.0205	-166.22816	-1803.9757	68.87781	184.21141
-9194.931	-166.22816	-1791.1782	105.3656	184.21141
-9254.131	-163.93184	-1816.2612	79.16992	181.34158
-9004.369	-164.9046	-1735.4677	122.68872	166.60542
-9015.997	-160.61742	-1747.0969	147.0127	167.8785
-9112.428	-155.21843	-1726.7788	167.40308	168.30898
-9211.152	-163.93184	-1786.1748	112.42651	174.36157
-8146.755	-142.10677	-1606.3567	57.868896	168.64224
-9113.783	-161.87439	-1778.0238	103.65161	174.35448
-9048.005	-155.21843	-1733.4541	164.83545	167.91774
-8603.995	-157.50288	-1668.6514	117.9458	164.34167
-8594.668	-121.40395	-1655.2249	142.34045	163.39345
-8726.902	-158.78773	-1711.524	68.19409	171.16081
-8083.9844	-142.10677	-1595.6217	56.244385	167.37363
-8587.308	-158.28462	-1647.0571	161.33472	163.39345
-8703.327	-133.08179	-1669.1271	125.717896	164.36688
-9155.641	-172.54773	-1734.8751	182.13013	174.36157
-8711.352	-144.32188	-1684.5725	138.83618	164.36688
-8626.607	-155.30649	-1690.6678	63.698242	168.12714
-8664.505	-151.76624	-1660.6699	159.9065	162.66907
-8618.977	-159.44897	-1690.961	70.39966	169.41803
-8528.639	-154.48308	-1678.982	44.292603	180.66972
-8679.619	-157.31168	-1708.5029	55.472656	169.41803
-8663.453	-147.61797	-1710.8761	41.720703	178.43755
-8640.756	-144.32188	-1640.7076	143.07532	160.3118
-8760.484	-144.32188	-1672.1278	147.77881	164.36688
-8669.87	-144.32188	-1669.8207	156.86914	160.33003
-9206.361	-161.24028	-1774.7303	162.17285	170.48619
-8800.142	-156.64426	-1686.4927	159.45532	164.34167
-9248.487	-157.32475	-1780.5237	152.21216	172.23912
-9210.338	-161.0865	-1742.3746	180.92688	172.23912
-8704.816	-158.28462	-1666.8813	138.48633	164.34167
-8655.824	-151.33278	-1696.8435	77.47864	168.17699
-8656.281	-158.29262	-1694.821	76.03198	168.17699
-9262.711	-154.36682	-1755.0729	200.8811	172.23912
-9218.409	-154.36682	-1757.373	174.58496	170.08435
-9160.266	-165.78857	-1732.3936	184.96973	170.55502
-8662.672	-153.92632	-1677.8861	120.038086	166.48952
-8580.618	-147.27318	-1659.2655	118.55725	162.67815
-8654.913	-147.27318	-1679.0842	112.04126	163.76953
-8815.794	-161.47746	-1706.3934	133.57153	166.16057
-8799.377	-164.6754	-1684.5165	152.08862	166.16057
-9109.434	-170.08435	-1681.563	220.72021	167.91774
-9210.718	-157.32475	-1782.8467	125.89319	170.55502
-9077.879	-167.36465	-1710.7515	241.14209	167.65732
-9112.789	-167.36465	-1717.0017	249.19983	168.03444
-8973.869	-166.78963	-1717.9005	219.79626	168.03444
-9003.685	-167.36465	-1732.3932	232.78638	167.08281
-9044.418	-165.78857	-1746.1965	204.21228	168.03444
-8847.867	-166.48952	-1679.7002	182.22437	166.16057
-9176.531	-148.49284	-1716.6705	199.96362	168.03444
-9107.947	-142.16643	-1725.9929	180.11621	168.03444
-9058.126	-167.83339	-1676.1718	210.78772	168.03444
-8600.838	-158.28462	-1646.6422	157.79077	163.7586
-9069.747	-158.61707	-1697.8406	215.43591	168.03444
-8666.447	-147.27318	-1651.8782	169.31519	163.76953
-8745.28	-166.48952	-1673.6948	130.93604	166.16057
-9069.04	-158.61707	-1713.2344	197.59387	167.91774
-8630.935	-155.21843	-1641.9993	161.49072	163.39345
-8502.479	-155.21843	-1618.6533	159.33374	163.39345
-8773.93	-161.47746	-1696.5474	131.77625	166.48952
-9249.788	-158.61707	-1727.8909	221.46509	168.0409
-9023.751	-147.82549	-1570.8153	338.80078	166.77632
-8757.039	-158.90211	-1696.9049	110.83276	166.51877
-9195.105	-155.21843	-1737.628	182.14673	168.0409
-9246.508	-153.50403	-1748.5051	183.95667	168.0409
-9095.533	-144.58621	-1676.7917	248.60254	166.6682
-8688.518	-150.93602	-1660.4125	128.00073	164.34167
-8698.97	-143.05045	-1695.0366	101.63208	164.38834
-8720.903	-143.05045	-1682.8301	113.430664	166.22816
-9140.595	-153.50403	-1721.8525	197.35388	166.7952
-9183.252	-153.50403	-1739.6405	173.33423	168.0409
-8799.539	-149.40105	-1735.3574	61.84314	166.48952
-9266.81	-161.0865	-1743.9092	222.50403	172.17154
-8719.427	-150.93602	-1705.3757	69.55017	164.67372
-8665.073	-158.90211	-1702.8347	64.84253	181.34158
-9333.834	-169.31198	-1810.9338	149.9884	181.21349
-9266.115	-168.0409	-1796.8241	108.15527	188.11475
-8626.808	-156.6731	-1699.5343	73.1355	168.17699
-8635.322	-154.96564	-1712.8628	45.29126	177.35191
-9179.948	-169.31198	-1774.5239	112.64526	182.22795
-9136.636	-169.31198	-1775.5012	108.23645	189.27042
-9130.738	-168.30898	-1769.6033	106.89282	182.22795
-8818.546	-169.2948	-1710.5215	119.00659	174.73656
-9168.126	-165.33313	-1792.0078	104.02759	171.58456
-9204.715	-165.33313	-1781.4698	131.44946	173.72415
-9152.765	-168.30898	-1758.7231	151.04321	171.58456
-9111.314	-168.30898	-1773.191	83.864746	173.78304
-9091.303	-169.26762	-1771.287	89.29932	169.76923
-9037.311	-155.85728	-1764.6826	123.98877	169.34273
-9051.992	-155.85728	-1749.8247	154.00244	169.26762
-9141.306	-161.1099	-1755.0748	133.95654	169.76923
-9043.907	-161.1099	-1779.7263	69.20044	169.76923
-9012.504	-161.1099	-1761.9556	88.620605	169.14557
-8953.239	-164.6754	-1745.7974	118.721924	169.14557
-8988.17	-163.19127	-1748.4315	146.91565	169.14557
-8911.835	-164.6754	-1705.6313	167.15588	166.58904
-8927.624	-158.75555	-1721.4199	131.8761	166.58904
-8877.383	-158.75555	-1703.7222	128.12024	166.58904
-8888.7	-142.17139	-1715.041	120.92383	167.8785
-8861.015	-164.6754	-1742.6971	90.148315	166.58904
-8880.95	-167.0847	-1689.3557	147.27747	166.58904
-8878.818	-152.36444	-1714.7305	116.553345	167.8785
-8778.962	-167.9339	-1674.6215	126.362915	167.09227
-8793.227	-167.9339	-1684.4796	154.40088	167.61499
