3111.6667 170.29402 962.2197 155.33618 175.56256
2759.8997 139.3843 886.4955 74.0083 172.59387
3078.5273 151.46977 940.7995 123.35712 171.11234
2541.794 147.01022 824.66626 49.5166 174.58607
2912.1443 137.9629 872.61285 192.8819 163.82455
2831.35 132.45357 883.7022 144.28192 168.56853
2641.687 134.76157 809.3075 138.08105 162.17918
2427.0415 130.59935 759.0931 116.226135 162.41396
2898.9744 171.11234 938.0235 53.30829 175.39734
2865.0542 168.23352 891.58026 121.15759 169.7348
2446.2537 131.98276 746.5182 117.684204 164.51193
2881.2805 152.65053 883.53894 152.51917 158.81538
3001.103 172.59387 947.4372 99.121155 176.18057
2786.7473 156.6483 885.9019 94.595276 167.80708
2714.8274 149.47963 857.0745 76.50726 168.82925
2497.2078 140.68813 786.0387 91.64612 165.63431
3082.314 139.48946 949.8872 140.18372 170.43655
2941.4917 151.57996 935.2382 114.89374 175.56256
2957.235 143.14368 864.7091 244.08435 165.69635
3131.7378 148.9879 982.9877 116.92883 180.10432
3103.8845 171.11234 954.43726 199.20862 175.56256
2501.707 112.85596 790.30536 124.742065 160.6806
2807.9133 150.98189 889.44543 104.04797 165.69635
2482.6047 128.3216 785.66064 60.645752 160.6806
2860.6653 159.08867 886.51996 151.60443 158.69536
2619.625 144.3241 797.787 124.7608 159.09889
2289.3071 121.95427 723.22894 74.647156 158.15666
2530.7566 124.10877 736.4369 148.15997 159.08867
2453.7856 124.499 763.6903 109.75159 158.69536
2447.5264 132.45357 774.2335 122.58942 150.28746
2583.7234 132.36911 818.1972 138.51202 164.4339
