7992.374 137.84033 1546.7982 89.01001 175.68333
9375.895 138.71661 1814.5964 194.75586 181.34158
8267.309 157.61017 1560.6819 176.26917 168.07898
8207.027 134.4654 1570.4731 116.246704 186.59082
8860.4375 168.0409 1696.7697 138.40698 169.76538
8918.194 167.20268 1680.0659 196.6399 169.34273
9114.181 174.36157 1745.7385 123.761475 173.94298
7718.1846 104.44816 1346.4318 438.4447 166.59175
9263.699 175.68333 1774.3354 133.00024 174.36157
8078.3896 117.89206 1519.2393 162.56726 167.91774
7502.115 130.35228 1412.4197 162.88904 166.96347
9259.387 169.52435 1778.195 161.99963 173.68413
9360.166 157.25197 1747.8824 229.50757 174.36157
8912.969 143.94014 1702.4274 211.96252 172.89442
9284.784 147.12909 1664.165 277.18005 174.36157
8227.061 114.42865 1599.4149 103.91223 180.20761
9273.047 156.64426 1776.6873 182.43774 176.23842
9310.227 166.48952 1785.0033 144.3003 186.23871
