631006.8 1.61 22389.152 6438.367 112.91
739278.6 0.76 26725.72 6637.2754 102.9
654160.56 3.26 22632.77 7999.2812 141.92
737514.1 0.76 26701.643 6270.3496 108.99
746630.1 0.16 27281.96 6801.621 111.48
748016.2 0.09 27745.281 7000.1055 96.62
739261.4 1.9 26572.254 7535.8086 107.36
623312.94 0.45 21541.879 6953.332 100.6
727019.06 0.52 26112.812 6364.8125 108.09
749850.44 0.16 27339.377 7021.51 95.71
670542.8 46.34 22283.088 8695.383 88.17
667176.2 65.01 23325.379 8776.906 65.16
646282.5 32.55 22504.979 8324.824 124.3
620077.3 6.56 21022.56 7675.0215 99.82
686805.8 72.03 23369.752 9351.172 87.22
624714.3 0.43 21421.361 7194.658 98.92
613265.5 1.15 19907.857 8481.879 98.45
616567.9 0.52 20532.68 6854.7383 92.39
626401.1 1.66 21877.332 7632.5664 99.06
