876.0 0.0 75.0 25.0 1.0
975.0 0.0 75.0 50.0 1.0
871.0 0.0 76.0 32.0 1.0
835.0 0.0 69.0 30.0 1.0
888.0 0.0 74.0 30.0 2.0
826.0 0.0 71.0 24.0 1.0
916.0 0.0 76.0 37.0 1.0
848.0 0.0 74.0 31.0 2.0
929.0 0.0 75.0 36.0 2.0
922.0 0.0 74.0 41.0 1.0
874.0 0.0 69.0 30.0 2.0
859.0 0.0 67.0 40.0 1.0
818.0 0.0 64.0 35.0 1.0
877.0 0.0 72.0 32.0 2.0
897.0 0.0 70.0 42.0 1.0
881.0 0.0 69.0 36.0 2.0
961.0 0.0 76.0 39.0 2.0
902.0 0.0 70.0 39.0 2.0
843.0 0.0 63.0 39.0 1.0
810.0 0.0 62.0 42.0 2.0
935.0 0.0 73.0 43.0 1.0
