16073.0 0.0 368.0 78.0 0.0
15995.0 0.0 361.0 96.0 0.0
16044.0 0.0 354.0 113.0 0.0
16066.0 0.0 347.0 112.0 0.0
15967.0 0.0 366.0 86.0 0.0
14599.0 0.0 303.0 113.0 0.0
14435.0 0.0 314.0 117.0 0.0
14569.0 0.0 297.0 118.0 0.0
14683.0 0.0 309.0 120.0 0.0
14732.0 0.0 321.0 123.0 0.0
14579.0 0.0 302.0 119.0 0.0
14491.0 0.0 300.0 117.0 0.0
14720.0 0.0 314.0 121.0 0.0
14541.0 0.0 324.0 99.0 1.0
14455.0 0.0 301.0 116.0 0.0
14291.0 0.0 318.0 98.0 0.0
14147.0 0.0 306.0 87.0 0.0
14348.0 0.0 312.0 90.0 0.0
14432.0 0.0 305.0 118.0 0.0
14431.0 0.0 311.0 105.0 0.0
14185.0 0.0 300.0 123.0 0.0
14371.0 0.0 300.0 124.0 0.0
14681.0 0.0 289.0 137.0 0.0
14483.0 0.0 303.0 140.0 0.0
14542.0 0.0 264.0 158.0 0.0
14161.0 0.0 296.0 120.0 0.0
14212.0 0.0 298.0 141.0 0.0
14445.0 0.0 293.0 132.0 0.0
14538.0 0.0 286.0 139.0 0.0
14338.0 0.0 297.0 132.0 0.0
14411.0 0.0 281.0 145.0 0.0
14407.0 0.0 279.0 148.0 0.0
14124.0 0.0 294.0 119.0 0.0
14330.0 0.0 288.0 128.0 0.0
14388.0 0.0 291.0 132.0 0.0
