2137.4702 113.53436 673.13135 76.405334 176.53798
2201.98 111.04568 700.4397 65.151 173.82625
2255.5906 113.53436 652.41534 178.46289 158.69536
2422.6414 121.95427 743.09814 139.46344 163.04944
2230.117 94.31415 683.6405 96.67273 177.93587
2410.9265 124.55516 698.68494 161.31628 174.58607
2459.3608 113.53436 733.5723 259.29504 164.4339
2146.0498 113.53436 679.87103 78.245056 176.53798
2231.2437 113.53436 661.224 148.04474 158.81538
2248.098 111.04568 706.7373 103.7168 162.17918
2078.4626 113.53436 668.64624 48.88733 164.93126
2149.2546 121.80664 671.0571 125.777405 161.7942
2180.2231 113.53436 673.20825 115.181885 159.61903
2115.6365 113.53436 645.1573 100.87012 164.93126
2264.622 113.53436 702.61523 118.23859 162.65744
2306.617 85.48887 694.1488 171.14612 157.04668
2113.2385 114.25928 667.4307 90.11694 166.05585
2537.3274 113.53436 781.7366 131.31299 178.6093
2364.398 121.95427 715.92255 132.29974 158.98468
2207.1091 85.48887 646.853 186.4596 152.8547
2146.7788 113.53436 673.68036 118.77051 161.7942
2401.6287 122.38204 702.87384 198.29199 162.88988
2585.965 113.53436 747.70544 223.80646 180.3954
2430.01 122.14222 753.1422 102.054504 171.10156
2251.437 113.53436 681.0322 120.364746 159.61903
2434.9062 120.97943 736.4336 151.96252 177.93587
2151.373 114.25928 685.22253 85.56116 174.81213
