8062.7383 46.09102 1192.0157 347.88342 112.08601
8129.801 59.42687 1167.7202 336.4984 101.86191
8285.205 46.09102 1160.8328 400.72534 107.27629
7497.057 46.09102 1135.283 172.99902 122.578
7787.0605 54.60883 1126.2117 379.5985 92.39416
8110.841 59.42687 1188.5618 259.59888 108.28353
8252.877 54.60883 1180.2943 319.14746 97.58084
7800.1016 59.42687 1145.2012 396.4762 103.72021
7845.9272 46.09102 1097.0278 416.01355 94.02149
7719.3115 54.60883 1124.1609 356.24292 97.58084
7878.4517 46.09102 1171.8453 260.03967 105.46244
7336.7236 54.60883 1084.9761 407.80225 97.58084
6841.866 46.09102 978.9587 289.97394 101.86191
7660.5503 59.5564 1157.0886 296.9928 105.16609
8092.7075 59.42687 1148.4116 352.5774 122.578
7746.807 54.60883 1074.4935 403.7533 97.58084
8041.051 59.5564 1116.8337 460.33667 105.46244
7329.804 59.5564 1082.9954 332.08472 102.20926
7861.691 54.60883 1123.0557 416.57617 101.82033
7602.9004 46.09102 1156.8092 267.8794 103.72021
7441.0234 54.60883 1069.0231 354.60046 97.58084
6909.1855 54.60883 1016.1998 291.85718 103.72021
8014.49 54.60883 1103.311 460.7495 92.4127
7973.692 59.42687 1160.5778 441.62805 109.78551
8062.591 59.42687 1124.9656 369.57227 110.44254
8331.487 46.09102 1231.2482 317.5216 121.67107
