12416.827 125.02736 1803.5266 522.95483 173.13945
12597.615 125.02736 1808.2458 607.8213 151.41685
12514.061 125.02736 1780.727 574.5254 151.41685
12599.048 125.02736 1803.5397 553.8124 159.6638
12527.413 125.02736 1833.828 611.9818 148.98947
12448.024 125.02736 1767.755 444.23572 155.38664
12082.032 125.02736 1788.5947 399.85742 155.38664
12740.152 125.02736 1792.957 646.07837 157.69342
12302.293 125.02736 1792.394 460.427 155.38664
12760.801 125.02736 1785.4694 582.9132 148.98947
12269.083 125.02736 1750.4266 436.76624 155.38664
12526.1875 125.02736 1795.1326 553.5532 159.6638
12577.191 125.02736 1797.103 573.57056 151.45992
12597.613 125.02736 1808.2458 607.8213 159.6638
12219.539 125.02736 1752.3403 434.13403 155.38664
12311.937 125.02736 1727.701 463.75452 155.38664
12577.191 125.02736 1797.1029 573.5707 157.69342
12473.174 125.02736 1794.1895 532.4741 159.6638
12473.174 125.02736 1794.1895 532.47437 159.6638
12724.745 125.02736 1817.596 629.15967 147.49121
12268.0 125.02736 1748.4565 454.7876 159.6638
12540.512 125.02736 1781.6038 587.9094 159.6638
12673.182 125.02736 1809.1224 621.2057 188.6372
12095.426 125.02736 1780.2688 421.57983 165.22017
12513.078 125.02736 1819.039 539.47327 148.98947
12526.186 125.02736 1795.1323 553.55347 165.22017
12293.925 125.02736 1775.9752 459.11316 188.6372
12518.926 125.02736 1784.373 612.78296 151.45992
12168.77 125.02736 1771.2571 417.0459 188.6372
12590.779 125.02736 1788.1594 569.23413 173.13945
12598.715 125.02736 1758.878 588.35364 159.6638
12424.623 125.02736 1826.3405 548.8163 156.8944
12559.983 125.02736 1825.5021 648.81775 165.22017
11952.324 125.02736 1759.1317 363.47424 165.22017
12692.924 125.02736 1806.4194 604.0271 173.13945
12277.346 125.02736 1772.3629 421.98743 173.13945
12426.382 125.02736 1763.3762 569.9297 173.13945
12556.844 125.02736 1781.6702 595.6045 148.98947
12643.52 125.02736 1809.1887 628.90063 148.98947
12501.494 125.02736 1813.4163 593.4878 165.22017
12091.639 125.02736 1756.3625 421.0598 165.22017
12514.652 125.02736 1736.0656 609.0665 158.69212
12544.428 125.02736 1810.7131 576.3096 165.22017
12459.071 125.02736 1811.4459 573.47034 165.22017
12339.45 125.02736 1763.1564 426.56433 188.6372
12601.494 125.02736 1766.1797 597.6963 173.13945
12228.781 125.02736 1755.012 457.13184 173.13945
12540.513 125.02736 1781.6036 587.90955 159.6638
12299.676 125.02736 1806.2958 547.8285 173.13945
