6127.0103 3.11481 715.0416 277.49078 27.51733
6525.4556 4.13811 763.77496 316.62787 27.62561
6577.8706 2.19046 691.1294 450.5161 24.65902
6267.6704 3.6656 681.9695 296.03632 35.33641
5235.8794 4.70189 524.31366 451.1505 38.25098
5524.9604 4.19177 559.6714 401.7091 24.81566
6563.229 3.41494 674.4642 315.83734 35.33641
6039.631 3.41494 687.4335 314.73615 30.52903
5265.6616 3.6656 585.44794 245.76117 42.21818
5957.6064 4.19177 605.313 437.219 30.21963
5369.5034 4.19177 546.01196 503.16992 32.55038
5269.583 4.19177 558.4193 432.29327 30.79455
4591.791 6.03521 444.33807 559.3444 45.32075
5297.1353 3.41494 556.8104 299.75775 35.33641
6085.2314 3.11481 685.2016 290.17987 32.67904
6059.0825 3.11481 618.5267 398.83105 24.19617
6144.9453 2.19046 675.82513 310.7115 29.01012
6172.791 3.11481 685.3403 312.9486 31.90742
6185.4873 2.19046 707.8395 312.5025 30.21963
5823.528 2.19046 605.8961 297.27533 26.63005
6116.596 4.13811 690.51154 359.6198 30.52903
