15145.954 3.90384 513.4725 192.57861 10.74616
15599.252 3.88844 522.7008 217.67133 10.45466
15496.555 3.25883 531.86237 195.11554 11.03585
15611.087 3.88844 544.42816 175.8128 12.04035
15480.968 3.90384 515.5039 189.59442 11.22007
15619.74 3.90384 521.6938 190.26508 11.31945
15409.527 3.88844 554.8964 152.2221 10.76011
15542.856 4.19643 518.17444 229.16284 10.68925
15462.799 3.40294 496.52753 213.02673 10.27959
15632.372 4.04969 531.1435 219.37799 10.64519
15431.275 3.90384 506.77322 195.63254 10.7536
15892.068 4.08779 521.88293 217.72174 11.47737
15623.464 2.93258 539.2177 207.06396 10.72986
15275.717 3.40294 513.3892 168.43225 10.61131
16353.315 3.40294 580.9216 158.50269 11.15258
15150.601 3.90384 488.5862 231.9263 10.3034
16301.422 3.90256 552.2013 179.89056 11.53733
14837.573 3.90256 506.47485 179.79199 11.04581
16044.157 3.77094 554.055 194.79938 11.31415
15781.748 3.77094 553.93634 172.89832 11.08828
15801.704 2.93258 536.65173 215.07654 11.03449
15531.293 3.77094 527.2011 232.021 10.56693
15172.435 3.88844 503.7666 208.36127 10.74477
15338.341 4.08779 533.1929 221.23553 11.07836
14589.898 3.90384 487.15146 178.19223 11.44421
15944.386 3.40294 550.1709 223.77576 11.14585
15073.06 3.40294 522.5845 197.79486 10.66068
15460.611 2.93258 542.0443 156.17017 10.45275
14970.1 4.10609 504.46762 184.37485 10.53518
15801.611 4.12553 502.07028 251.39627 11.03676
15191.956 3.90256 534.30273 228.25195 11.29336
15227.131 3.90384 495.62518 204.6607 10.45849
15746.591 2.93258 522.4025 214.6524 10.86692
15772.101 4.28252 532.7409 197.55731 11.01635
15910.233 2.93258 524.73773 234.57245 10.45849
15714.121 3.90256 518.3674 195.80817 11.32298
15574.073 3.97995 527.9771 193.29614 10.95399
15285.956 2.93258 506.4611 209.06528 10.59481
15757.485 3.97995 516.71375 245.89166 10.68597
