602891.1 0.01 21016.67 8959.852 96.56
603007.75 0.02 21054.703 8593.246 105.23
604253.7 0.07 20887.648 7850.746 111.4
611692.6 0.02 21749.893 6750.83 107.42
600739.2 0.01 19534.81 11902.877 78.29
606420.1 0.01 19551.043 9009.074 89.95
636891.94 0.07 20552.318 7969.799 92.07
626333.9 0.09 22424.9 6651.6895 114.59
620329.56 0.02 20586.842 10784.648 110.41
633734.94 0.04 21850.543 7103.1016 113.29
598368.94 0.11 20710.428 7603.7695 94.31
619798.9 0.02 21242.967 7974.041 108.55
605626.56 0.04 20717.332 7996.6504 109.13
601409.7 0.07 20017.72 7306.615 103.36
615300.6 0.02 21042.113 10088.381 113.06
622299.25 0.09 20542.79 7800.131 140.39
630033.1 0.05 20561.336 9626.729 125.58
606787.94 0.09 21362.898 7156.7715 129.08
