6354.3223 0.0 221.40997 68.360016 1.1
6337.871 0.0 221.17001 67.860016 1.19
6171.343 0.0 195.68002 97.74997 0.93
6204.0483 0.0 211.99004 69.47987 1.0
6169.852 0.0 204.79001 71.90994 0.91
6042.6094 0.0 208.18 71.81006 1.17
6190.661 0.0 211.22 76.859955 1.01
6274.037 0.0 215.47998 74.96005 1.02
6178.718 0.0 200.70998 92.88005 0.95
6048.825 0.0 196.12003 95.53995 0.97
6133.9272 0.0 204.72002 81.81999 1.06
6060.87 0.0 205.87003 75.95996 1.2
6136.803 0.0 203.86998 94.750015 1.26
6223.4224 0.0 199.82 80.389984 0.99
6143.3516 0.0 216.05997 66.55002 1.28
6170.1387 0.0 203.05002 85.23996 1.24
6237.681 0.0 213.84998 89.380035 1.35
6257.9434 0.0 197.76003 92.88005 1.89
6224.5234 0.0 204.51997 93.030045 1.3
6063.5713 0.0 208.51 76.520004 1.08
6094.719 0.0 204.76 87.490005 1.13
5968.408 0.0 199.69 93.56003 0.88
6054.274 0.0 201.98 69.61 1.21
