4605.0 0.0 169.0 72.0 0.0
4546.0 0.0 172.0 63.0 0.0
4502.0 0.0 158.0 75.0 0.0
4501.0 0.0 167.0 75.0 0.0
4417.0 0.0 168.0 54.0 0.0
4489.0 0.0 174.0 51.0 1.0
4515.0 0.0 168.0 61.0 1.0
4549.0 0.0 156.0 79.0 0.0
4592.0 0.0 172.0 65.0 1.0
4492.0 0.0 169.0 58.0 0.0
4626.0 0.0 162.0 80.0 0.0
4339.0 0.0 158.0 60.0 2.0
4595.0 0.0 176.0 68.0 1.0
4478.0 0.0 164.0 65.0 1.0
4527.0 0.0 167.0 87.0 0.0
4585.0 0.0 140.0 98.0 0.0
4596.0 0.0 173.0 68.0 1.0
4437.0 0.0 151.0 78.0 0.0
4564.0 0.0 161.0 81.0 0.0
4718.0 0.0 170.0 69.0 1.0
4514.0 0.0 166.0 83.0 0.0
4430.0 0.0 163.0 61.0 0.0
4313.0 0.0 156.0 82.0 1.0
4400.0 0.0 148.0 93.0 1.0
