18345.0 0.0 332.0 128.0 0.0
18177.0 0.0 356.0 102.0 0.0
18421.0 0.0 349.0 133.0 0.0
18275.0 0.0 351.0 110.0 0.0
17742.0 0.0 342.0 111.0 0.0
18183.0 0.0 342.0 123.0 0.0
18107.0 0.0 352.0 114.0 0.0
17928.0 0.0 338.0 120.0 0.0
18126.0 0.0 341.0 122.0 0.0
18295.0 0.0 338.0 145.0 0.0
18290.0 0.0 342.0 128.0 0.0
18153.0 0.0 344.0 123.0 0.0
18154.0 0.0 346.0 128.0 0.0
18237.0 0.0 331.0 131.0 0.0
18207.0 0.0 343.0 129.0 0.0
17940.0 0.0 340.0 133.0 0.0
18208.0 0.0 324.0 147.0 0.0
17904.0 0.0 344.0 112.0 0.0
17997.0 0.0 342.0 165.0 0.0
