906.0 0.0 72.0 47.0 2.0
881.0 0.0 66.0 35.0 1.0
967.0 0.0 74.0 48.0 1.0
941.0 0.0 77.0 42.0 3.0
828.0 0.0 71.0 27.0 1.0
903.0 0.0 72.0 38.0 1.0
888.0 0.0 68.0 36.0 1.0
873.0 0.0 67.0 33.0 1.0
909.0 0.0 68.0 48.0 1.0
877.0 0.0 77.0 21.0 2.0
888.0 0.0 67.0 39.0 2.0
902.0 0.0 64.0 49.0 1.0
842.0 0.0 68.0 33.0 2.0
919.0 0.0 59.0 57.0 2.0
885.0 0.0 67.0 45.0 1.0
862.0 0.0 61.0 45.0 1.0
894.0 0.0 64.0 58.0 1.0
865.0 0.0 61.0 44.0 3.0
862.0 0.0 70.0 48.0 1.0
861.0 0.0 70.0 34.0 1.0
880.0 0.0 62.0 54.0 1.0
966.0 0.0 69.0 63.0 2.0
907.0 0.0 61.0 49.0 1.0
834.0 0.0 69.0 33.0 1.0
