-13074.016	-147.49121	-2041.2639	352.4795	149.8714
-13080.446	-147.49121	-2047.6951	370.8374	177.44951
-12678.6045	-147.49121	-1998.3346	233.7279	155.38664
-13080.443	-147.49121	-2047.6952	370.83704	151.45992
-13126.992	-144.32755	-2060.3948	374.78174	148.98947
-13126.991	-144.32755	-2060.395	374.7815	148.98947
-13126.993	-144.32755	-2060.3948	374.78198	177.44951
-12988.945	-148.98947	-2013.6134	389.9679	147.49121
-13074.013	-147.49121	-2041.2639	352.47925	148.98947
-12988.944	-148.98947	-2013.6135	389.96777	147.49121
-12678.605	-147.49121	-1998.3345	233.72803	155.38664
-12973.278	-148.98947	-2015.3286	381.6516	147.49121
-13079.863	-148.98947	-2028.3658	410.04797	144.32755
-13079.865	-148.98947	-2028.3658	410.04797	178.58943
-13079.866	-148.98947	-2028.3657	410.0481	144.32755
-12930.879	-144.32755	-2049.0212	365.12305	177.44951
-12946.8545	-147.49121	-2026.7356	348.25684	159.83609
-13080.442	-147.49121	-2047.6952	370.83704	150.73563
-12703.185	-144.32755	-2011.3717	240.3346	155.38664
-13079.86	-148.98947	-2028.3657	410.04785	144.32755
-13035.43	-144.32755	-2048.583	367.84302	159.83609
-13080.445	-147.49121	-2047.6951	370.83716	150.73563
-12934.265	-147.49121	-2037.3145	347.50464	159.59308
-12988.948	-148.98947	-2013.6135	389.96802	147.49121
-12946.854	-147.49121	-2026.7357	348.2567	173.77284
-13080.445	-147.49121	-2047.6952	370.83728	151.41685
-12946.852	-147.49121	-2026.7358	348.2566	159.83609
-12934.267	-147.49121	-2037.3143	347.50476	159.59308
-12946.853	-147.49121	-2026.7357	348.2567	159.83609
-12934.266	-147.49121	-2037.3143	347.50452	159.59308
-12988.946	-148.98947	-2013.6135	389.96777	148.98947
-12973.279	-148.98947	-2015.3287	381.6515	151.41685
-13074.014	-147.49121	-2041.2639	352.47925	162.99625
