-9080.836	-82.88181	-1443.0432	187.56665	101.89092
-9045.715	-76.00563	-1455.9657	146.96692	101.89092
-9077.796	-82.88181	-1451.3584	185.41565	101.89092
-9047.101	-100.28615	-1433.3215	218.09094	91.96045
-9062.465	-82.88181	-1457.9415	155.33948	100.28615
-9017.331	-100.28615	-1431.9867	204.36621	91.96045
-8937.824	-76.00563	-1441.8407	128.21948	102.20926
-8977.991	-102.20926	-1420.0573	213.85388	101.89092
-8920.746	-74.54115	-1426.2595	136.53467	100.28615
-9055.098	-92.39416	-1439.1805	188.01697	91.96045
-8992.842	-92.39416	-1448.19	145.87512	104.26955
-8895.523	-82.88181	-1420.4647	133.46436	100.28615
-8721.161	-93.73109	-1340.1826	211.33838	91.83954
-8915.232	-79.88229	-1422.7649	140.70496	100.28615
-8908.955	-74.54115	-1426.8809	117.12842	100.28615
-8919.005	-74.54115	-1449.5121	142.1123	100.28615
-8746.32	-76.00563	-1392.6572	110.760254	97.6226
-8860.96	-88.20019	-1364.8987	246.22644	91.83954
-8857.989	-102.20926	-1369.3406	225.57458	92.7333
-8570.389	-89.65701	-1255.3442	293.81494	89.51116
-8903.068	-88.21501	-1432.2758	129.47656	102.20926
-8773.953	-88.21501	-1429.3405	125.87451	102.20926
-8763.446	-82.88181	-1415.8009	101.396484	100.28615
-8849.635	-76.00563	-1394.9775	145.99292	92.39416
-8733.736	-89.32391	-1408.3124	110.60327	102.20926
-8778.377	-89.32391	-1410.6135	146.6167	95.05278
-8943.748	-102.20926	-1409.4668	209.38477	101.89092
-8938.767	-101.66351	-1437.1631	162.90381	91.96045
-8702.51	-82.88181	-1271.214	299.60608	91.08211
-8709.269	-97.52448	-1334.8485	223.62927	91.83954
-8907.028	-59.42687	-1425.1863	116.89673	100.28615
-8710.341	-86.14455	-1390.8887	135.60583	92.39416
-8633.646	-89.32391	-1321.6061	186.13354	91.83954
-8900.023	-74.54115	-1452.7102	123.854614	100.28615
-8674.113	-65.11522	-1413.3179	83.44519	94.49258
-8794.244	-92.39416	-1363.9999	209.52429	91.83954
-8785.95	-92.39416	-1366.7144	200.5896	91.83954
-8688.108	-97.52448	-1337.563	214.69458	91.83954
-8799.203	-74.54115	-1434.2594	84.3551	100.28615
-8267.003	-74.54115	-1242.6927	235.00732	86.98873
-8763.9375	-82.88181	-1410.3751	111.31433	100.28615
-8539.049	-84.47538	-1259.1462	268.91064	88.20019
-8794.243	-92.39416	-1364.0001	209.52405	91.83954
-8977.999	-82.88181	-1436.5801	133.31543	102.20926
-8725.762	-82.88181	-1378.1152	126.31091	97.6226
-8268.236	-59.5564	-1250.5139	202.7273	86.98873
-8564.606	-82.88181	-1332.0083	162.32031	91.83954
-8315.618	-88.12927	-1236.5385	218.07825	86.98873
-8895.587	-82.88181	-1426.1008	121.8396	116.14337
-8688.109	-97.52448	-1337.563	214.6947	91.83954
-8518.94	-88.20019	-1270.0317	287.18384	89.90467
-8721.9375	-102.20926	-1355.8531	221.40942	92.7333
-8181.713	-92.06973	-1213.8722	241.78455	89.32391
-8323.045	-59.5564	-1283.885	186.81482	89.90467
-8554.77	-82.59478	-1248.855	295.328	88.20019
-8688.225	-94.49258	-1326.8154	206.68323	91.83954
-8844.722	-82.88181	-1408.1222	118.93677	102.20926
-8483.511	-89.57136	-1241.6866	300.96802	86.14455
-8356.156	-93.73109	-1286.4131	162.4967	93.50891
-8185.897	-92.06973	-1198.0626	273.35754	89.65701
-8561.426	-85.5496	-1283.3115	254.38196	89.90467
-8708.392	-102.20926	-1358.5675	212.47485	92.7333
-8938.049	-86.14455	-1420.7976	156.01416	102.20926
-8121.692	-92.06973	-1186.6133	279.22314	86.14455
-8754.291	-102.20926	-1363.8678	222.23401	92.7333
-8683.81	-85.5496	-1254.6885	308.77002	88.20019
-8671.884	-85.5496	-1266.7012	309.93408	88.20019
-8554.225	-82.88181	-1284.2145	218.28442	88.20019
-8646.642	-82.88181	-1294.7509	253.02771	89.90467
-8744.68	-82.88181	-1402.7777	96.81311	102.20926
-8404.475	-82.88181	-1240.883	229.36572	86.98873
-8520.901	-82.88181	-1296.227	205.2373	88.20019
-8515.584	-82.88181	-1316.2826	197.75964	89.90467
-8642.045	-82.88181	-1306.7635	240.72546	89.90467
-8640.362	-89.32391	-1389.5403	88.66284	92.39416
-8818.217	-65.11522	-1424.1586	155.62988	92.39416
-8674.113	-65.11522	-1413.3179	83.44531	92.39416
-8827.569	-77.65333	-1418.3003	142.25049	94.49258
-8605.81	-79.88229	-1332.2019	165.5011	91.83954
-8557.69	-88.20019	-1358.8578	137.95789	91.83954
-8695.103	-76.00563	-1348.9385	169.6731	91.83954
-8522.679	-84.47538	-1248.8525	292.65564	86.98873
-8911.44	-92.39416	-1446.3495	138.75171	105.07169
-8779.064	-86.14455	-1420.9829	112.99219	102.20926
-7987.3877	-77.65333	-1183.9974	295.31384	84.47538
-8659.548	-86.14455	-1404.7008	71.000244	92.39416
-8746.319	-76.00563	-1392.6573	110.76001	97.6226
-8574.8955	-69.90499	-1338.4761	163.88757	91.83954
-8695.901	-85.5496	-1348.2336	179.922	91.83954
-8765.046	-77.65333	-1424.2104	115.292114	97.6226
-9009.846	-76.00563	-1440.4607	138.03723	116.14337
-9024.822	-76.00563	-1442.0663	142.89954	108.3306
-8911.441	-92.39416	-1446.3494	138.75183	97.6226
-8530.731	-88.20019	-1276.2202	294.57593	86.98873
-8558.339	-88.20019	-1358.1907	146.1178	91.83954
-8744.679	-82.88181	-1402.7777	96.81299	104.26955
-8912.224	-76.00563	-1430.3827	128.27905	100.28615
-8969.114	-76.00563	-1442.6279	137.82776	102.20926
-8747.438	-74.54115	-1420.9883	105.27417	97.6226
-8728.848	-92.39416	-1403.7404	128.90942	94.49258
-8525.332	-59.5564	-1287.154	280.52942	88.20019
-8799.204	-74.54115	-1434.2594	84.35498	116.14337
-9071.399	-76.00563	-1455.4825	161.25916	100.28615
-8705.407	-89.90467	-1271.8134	305.6599	89.57136
-8765.047	-77.65333	-1424.2103	115.29236	97.6226
-8778.395	-79.88229	-1417.2784	128.44446	97.6226
-8681.46	-85.5496	-1286.7566	280.26562	89.90467
-8907.027	-59.42687	-1425.1864	116.896484	100.28615
-8695.9	-85.5496	-1348.2336	179.92188	91.83954
-8646.244	-82.88181	-1311.8755	243.64563	89.90467
-8667.525	-74.54115	-1386.9346	118.4469	92.39416
-7897.6846	-69.90499	-1185.6935	247.60474	84.47538
-7824.657	-77.65333	-1137.0044	306.7406	82.96255
-8788.81	-76.00563	-1400.154	136.84692	92.39416
-8955.456	-76.00563	-1441.651	156.63647	97.52448
-8824.1	-89.32391	-1421.2041	151.0857	91.96045
-8899.288	-85.5496	-1298.7202	299.74646	91.83954
-8659.546	-86.14455	-1404.7008	71.00012	92.39416
-8788.812	-76.00563	-1400.1538	136.84729	92.39416
-8567.912	-89.32391	-1326.4556	157.8053	91.83954
-8778.376	-89.32391	-1410.6136	146.61658	95.05278
-8592.959	-59.5564	-1346.4316	167.94067	91.83954
-8798.393	-79.88229	-1417.8414	133.87012	95.05278
-8899.137	-79.88229	-1425.2671	123.14331	100.28615
-8987.401	-59.42687	-1435.8177	158.71729	95.05278
-8695.226	-97.07841	-1336.2134	210.87024	91.83954
-7996.4136	-69.90499	-1183.0054	283.97522	84.47538
-8731.158	-68.00309	-1261.9243	301.33362	89.90467
-8798.765	-82.88181	-1396.7585	150.02332	95.05278
-7951.0894	-82.88181	-1144.9218	308.3816	82.96255
-8891.048	-59.42687	-1323.4587	256.24902	91.83954
-7861.3145	-77.65333	-1189.8201	264.3683	84.47538
-7967.522	-79.35056	-1164.4337	270.17957	85.5496
-8864.129	-74.54115	-1415.3707	153.1665	95.05278
-8427.104	-91.83954	-1297.1344	204.4513	88.21501
-8574.299	-91.08211	-1263.0463	271.72888	89.65701
-8490.105	-91.08211	-1233.4626	268.90125	89.65701
-8706.802	-68.00309	-1264.4119	332.92554	89.90467
-8619.574	-59.5564	-1312.1907	250.2113	89.90467
-8665.175	-83.89146	-1289.2443	291.0564	89.90467
-8510.385	-87.55927	-1255.9747	261.2732	89.65701
-7629.317	-77.65333	-1152.2523	251.32117	86.22052
-7603.4185	-79.88229	-1158.7312	249.36633	84.47538
-7850.1685	-79.88229	-1169.29	282.5869	84.47538
-7860.4053	-74.54115	-1166.0647	262.11768	84.47538
-8878.126	-59.42687	-1425.765	104.22449	100.28615
-8131.8613	-79.35056	-1177.6368	306.62634	84.47538
-8695.228	-97.07841	-1336.2133	210.87024	91.83954
-7882.356	-88.12927	-1151.9625	278.69214	84.47538
-8166.7764	-89.32391	-1167.5278	342.49268	84.47538
-8864.127	-74.54115	-1415.3708	153.16638	95.05278
-8490.1045	-91.08211	-1233.4626	268.90112	89.65701
-7967.7095	-89.32391	-1136.8749	345.43652	83.68812
-8003.537	-59.5564	-1186.8313	301.65662	85.5496
-8974.142	-101.66351	-1447.7537	167.3728	91.96045
-8862.124	-91.08211	-1335.7366	249.50305	91.83954
-8461.643	-91.83954	-1293.8947	199.58374	88.20019
-7987.386	-77.65333	-1183.9976	295.31384	84.47538
-8400.313	-91.83954	-1264.3112	196.01501	88.20019
-8878.127	-59.42687	-1425.765	104.22449	116.14337
-7885.247	-77.65333	-1172.5483	276.51343	85.5496
-8583.646	-91.83954	-1211.499	324.26062	91.08211
-8908.035	-74.54115	-1425.9612	157.6355	91.96045
-7870.4746	-79.35056	-1177.8723	289.5813	84.47538
-7885.245	-77.65333	-1172.5483	276.51318	84.47538
-8782.944	-88.20019	-1368.1163	208.27795	91.83954
-8808.107	-74.54115	-1425.3197	121.990845	96.82114
-8937.665	-59.42687	-1451.5842	129.37451	94.49258
-8887.737	-82.88181	-1358.6029	227.58691	91.83954
-9045.786	-82.88181	-1460.4438	156.68042	105.07169
-8983.048	-59.42687	-1437.3534	133.0122	119.66605
-8893.913	-77.65333	-1437.6445	104.545654	100.28615
-9013.997	-59.42687	-1432.3857	177.20874	94.49258
-8917.236	-79.88229	-1441.7583	142.95142	100.28615
-8908.76	-77.65333	-1452.4911	125.99841	100.28615
-8788.412	-92.39416	-1355.9668	192.57825	91.83954
-9013.998	-59.42687	-1432.3856	177.20886	94.49258
-8937.668	-59.42687	-1451.5842	129.37451	96.82114
-8757.768	-59.42687	-1393.4102	115.83118	97.52448
-9001.846	-59.42687	-1448.0366	143.21045	100.28615
-8937.666	-59.42687	-1451.5842	129.37439	96.82114
-9032.331	-82.88181	-1462.9338	147.07227	100.28615
-8808.105	-74.54115	-1425.3197	121.990845	91.96045
-8779.214	-86.14455	-1427.7578	125.470215	104.26955
-8666.277	-74.54115	-1405.4823	79.13696	92.39416
-8674.115	-65.11522	-1413.3177	83.445435	92.39416
-8685.7	-65.11522	-1406.5314	62.33362	92.39416
