-34073.32	-59.88533	-2622.686	574.09937	89.72325
-34073.316	-59.88533	-2622.6863	574.09937	89.72325
-33872.18	-59.88533	-2616.111	533.33276	103.803
-34020.688	-54.3203	-2627.8354	590.91113	89.72325
-34051.742	-59.88533	-2601.1064	587.2549	80.25228
-33561.723	-70.75626	-2516.542	638.05493	72.3639
-33680.555	-68.89751	-2590.0535	564.38794	76.75111
-33595.93	-68.15492	-2512.5698	592.0029	65.41608
-33595.918	-68.15492	-2512.57	592.0027	65.41608
-33174.89	-68.15492	-2509.982	547.6277	65.41608
-33680.56	-68.89751	-2590.0537	564.38745	104.28301
-33551.242	-68.15492	-2529.302	561.2727	65.41608
-33634.94	-65.69004	-2588.9507	529.1821	65.34835
-33551.25	-68.15492	-2529.302	561.27295	65.41608
-33610.75	-65.34835	-2589.3748	518.2383	65.69004
-33872.176	-59.88533	-2616.1113	533.333	112.87999
-34051.723	-59.88533	-2601.1064	587.25464	82.24304
-33855.87	-59.90779	-2596.1062	534.6626	80.25228
-33887.91	-59.90779	-2584.6394	581.1328	80.27926
-33750.855	-65.34835	-2598.1355	548.3425	80.25228
-33745.645	-54.3203	-2575.0913	555.11084	65.69004
-33397.938	-68.89751	-2577.2146	551.0503	88.3876
-33872.17	-59.88533	-2616.1113	533.33276	80.25228
-34016.71	-59.88533	-2600.1194	550.2612	74.12405
-33883.637	-59.88533	-2562.8638	598.90137	72.3639
-33719.973	-65.34835	-2596.473	536.0071	89.87119
-33655.723	-65.69004	-2595.257	516.97144	79.81705
-33655.734	-65.69004	-2595.2563	516.9724	70.75626
-33851.723	-59.90779	-2583.4233	562.09717	68.15492
-33565.51	-68.89751	-2537.4177	547.2522	70.75626
-33683.523	-68.89751	-2573.4463	573.7859	74.12405
-33763.56	-54.3203	-2592.1458	532.15137	72.3639
-34018.492	-59.88533	-2614.031	521.59766	80.25228
-33855.875	-59.90779	-2596.106	534.6626	80.25228
-33390.45	-63.7898	-2583.7188	515.33936	74.12405
-33683.516	-68.89751	-2573.4465	573.78516	74.12405
-33369.785	-70.75626	-2523.1914	618.9199	72.3639
-33881.016	-59.90779	-2572.252	622.2705	77.67891
-33926.742	-59.90779	-2590.4285	589.3423	80.25228
-33397.934	-68.89751	-2577.2148	551.05005	74.12405
-33697.14	-63.7898	-2594.6985	561.91675	76.75111
-33561.715	-70.75626	-2516.5415	638.05493	68.89751
-34073.324	-59.88533	-2622.686	574.0996	89.72325
-33719.97	-65.34835	-2596.473	536.00684	80.25228
-33865.848	-59.90779	-2596.3962	576.5852	80.27926
-33299.35	-65.69004	-2588.3862	490.87646	70.75626
-33276.312	-65.69004	-2579.2874	505.88037	65.34835
-33723.336	-63.7898	-2590.8865	576.2483	79.81705
-33683.516	-68.89751	-2573.4468	573.78467	89.87119
-33680.547	-68.89751	-2590.054	564.38696	79.81705
-33680.54	-68.89751	-2590.0535	564.38794	71.44061
-33763.57	-54.3203	-2592.1455	532.1521	70.75626
-33907.004	-59.90779	-2603.734	588.1919	92.47287
-33872.164	-59.88533	-2616.1116	533.33203	80.25228
-33887.91	-59.90779	-2584.6396	581.13306	80.25228
-33655.734	-65.69004	-2595.2568	516.9712	71.44061
-33712.96	-65.69004	-2582.362	567.8469	80.25228
-33452.598	-59.88533	-2604.668	479.45532	74.12405
-33881.01	-59.90779	-2572.2522	622.2705	76.75111
-33484.227	-59.90779	-2577.077	508.16602	88.3876
-33735.97	-68.89751	-2583.252	577.9783	74.12405
-33585.836	-69.34026	-2499.8096	668.7854	68.89751
-33655.727	-65.69004	-2595.257	516.97095	89.87119
-33717.99	-65.69004	-2588.9385	584.44653	89.72325
-33865.844	-59.90779	-2596.3965	576.58496	83.00297
-33962.812	-59.88533	-2612.105	527.7561	74.12405
-33331.996	-68.89751	-2583.1829	538.2932	65.69004
-33735.457	-59.90779	-2589.4243	539.3784	78.22947
-33663.55	-65.34835	-2580.2002	534.20166	88.3876
-33270.35	-54.3203	-2589.9045	515.2427	73.06474
-33174.887	-68.15492	-2509.9824	547.62695	65.41608
-33811.33	-59.90779	-2595.4092	539.59204	68.15492
-33809.17	-59.88533	-2611.9531	505.13574	74.12405
-33735.96	-68.89751	-2583.2522	577.978	89.87119
-33397.945	-68.89751	-2577.2144	551.05054	74.12405
-33760.94	-54.3203	-2590.3828	528.2893	68.15492
-33585.83	-69.34026	-2499.8098	668.7854	73.06474
-33344.227	-68.89751	-2569.2869	544.98	86.05238
-33719.977	-65.34835	-2596.473	536.00757	80.25228
-33639.715	-54.3203	-2576.7031	544.90845	65.69004
-34016.715	-59.88533	-2600.1191	550.2617	74.12405
-33851.727	-59.90779	-2583.4233	562.0974	68.15492
-33760.945	-54.3203	-2590.3828	528.28955	68.15492
-33735.973	-68.89751	-2583.252	577.9785	74.12405
-33987.28	-54.3203	-2611.8762	545.7136	68.15492
-33191.383	-68.89751	-2518.0977	533.6072	70.75626
-33811.69	-54.3203	-2554.806	605.7224	65.69004
-33855.88	-59.90779	-2596.1057	534.66284	112.87999
-33397.926	-68.89751	-2577.2146	551.0498	74.12405
-33712.98	-65.69004	-2582.3618	567.8469	89.87119
-33344.234	-68.89751	-2569.2869	544.9802	74.12405
-33887.914	-59.90779	-2584.6394	581.1333	80.25228
-33680.555	-68.89751	-2590.0532	564.3877	65.69004
-33750.86	-65.34835	-2598.1353	548.343	80.25228
-33926.74	-59.90779	-2590.4285	589.34204	80.25228
-33906.992	-59.90779	-2603.734	588.19165	89.87119
-33811.344	-59.90779	-2595.409	539.5923	68.15492
-33763.566	-54.3203	-2592.1453	532.15186	70.75626
-33735.453	-59.90779	-2589.4243	539.3779	78.22947
-33881.023	-59.90779	-2572.252	622.27075	74.12405
-33809.168	-59.88533	-2611.9531	505.13525	74.12405
-33683.527	-68.89751	-2573.4465	573.78564	88.3876
-33561.723	-70.75626	-2516.542	638.0552	68.89751
-33683.52	-68.89751	-2573.4465	573.7854	74.12405
-33377.3	-54.3203	-2576.3123	504.54077	70.75626
-33397.92	-68.89751	-2577.215	551.0498	86.05238
-33683.51	-68.89751	-2573.4468	573.78564	74.12405
-33723.336	-63.7898	-2590.886	576.249	74.12405
-33452.58	-59.88533	-2604.6685	479.45483	74.12405
-33689.434	-63.7898	-2588.9124	559.90405	72.3639
-33865.836	-59.90779	-2596.3962	576.5847	80.27926
-33452.58	-59.88533	-2604.6682	479.45435	76.75111
-33191.395	-68.89751	-2518.0977	533.6072	80.27926
-33239.92	-70.75626	-2497.2217	624.41016	68.89751
-33907.01	-59.90779	-2603.7336	588.1919	89.72325
-33812.08	-54.3203	-2578.6792	537.70557	71.44061
-33561.727	-70.75626	-2516.5417	638.0552	74.12405
-33778.49	-59.90779	-2567.4775	579.053	65.69004
-33663.562	-65.34835	-2580.2004	534.20215	74.12405
-33712.977	-65.69004	-2582.3618	567.8467	80.25228
-33050.895	-70.75626	-2503.8708	605.27563	71.44061
-33962.805	-59.88533	-2612.1052	527.7561	74.12405
-33565.516	-68.89751	-2537.4177	547.25244	70.75626
-33191.39	-68.89751	-2518.0977	533.6072	76.75111
-33626.78	-54.3203	-2605.0054	519.6194	68.15492
-33430.17	-54.3203	-2587.4932	508.73364	70.75626
-33342.504	-54.3203	-2572.3298	514.428	69.34026
-33680.555	-68.89751	-2590.054	564.3872	85.41811
-33717.977	-65.69004	-2588.9387	584.4463	89.72325
-33050.89	-70.75626	-2503.871	605.27515	83.57379
-33377.293	-54.3203	-2576.3125	504.54053	70.75626
