-7738.3003	-156.74846	-1654.3062	112.4115	185.58884
-7779.9487	-181.7072	-1661.0068	134.4049	182.50279
-7789.478	-184.04543	-1628.4534	206.09277	180.78838
-7855.67	-181.7072	-1694.6453	135.22937	182.50279
-7422.9917	-181.69229	-1580.7073	174.92737	175.97603
-7681.9424	-181.7072	-1604.1328	201.79248	175.97603
-7786.2275	-181.57945	-1667.2844	137.90088	171.51328
-7532.7334	-180.78838	-1595.2505	153.36865	171.08647
-7789.4795	-184.04543	-1628.4532	206.09302	180.78838
-7394.6396	-167.01422	-1575.5189	137.25757	173.61166
-7283.925	-171.64255	-1519.3645	165.6709	169.97684
-7742.6797	-166.85081	-1634.4132	133.74646	188.35666
-7198.89	-157.265	-1556.5801	113.82898	169.97684
-7855.6704	-181.7072	-1694.6451	135.22949	185.04375
-7792.6997	-182.50279	-1632.8646	176.2279	181.7072
-7658.855	-156.74846	-1655.6205	116.09119	191.6762
-7359.651	-169.7106	-1559.5557	184.59888	170.16061
-7052.0317	-169.7106	-1547.8883	53.7406	192.734
-7734.344	-181.57977	-1646.4048	122.19336	175.97603
-7734.345	-181.57977	-1646.4049	122.19336	181.57977
-7669.9766	-169.2478	-1653.0286	86.98816	181.7072
-7514.952	-157.82498	-1475.7128	276.47742	169.7106
-7658.8555	-156.74846	-1655.6204	116.09131	191.6762
-7671.859	-169.2478	-1654.9097	96.30847	182.50279
-7472.2295	-157.82498	-1491.1876	224.73462	169.7106
-7679.8564	-169.2478	-1640.6161	120.5824	182.50279
-7739.108	-156.74846	-1649.0077	134.04126	184.04543
-7656.69	-169.2478	-1651.3802	99.72156	178.14653
-6988.054	-164.54955	-1508.2571	82.048706	171.51328
-7244.7837	-156.74846	-1574.9749	69.96045	176.8985
-7223.8765	-158.1165	-1571.3922	70.87683	178.64627
-6882.0557	-140.39668	-1457.95	152.656	169.2478
-7466.1655	-151.34694	-1630.8535	75.18884	181.69229
-7472.2305	-157.82498	-1491.1876	224.73474	169.7106
-7224.4595	-156.74846	-1577.809	65.474	177.18243
-7032.041	-158.36867	-1472.3998	164.74817	169.2478
-7792.7	-182.50279	-1632.8646	176.22803	181.7072
-7734.345	-181.57977	-1646.4049	122.19348	175.97603
-7737.5684	-166.85081	-1649.627	122.639404	182.50279
-7106.6323	-146.9509	-1428.3514	240.11292	167.26622
-7786.531	-156.74846	-1659.0682	120.42627	188.35666
-7290.862	-157.82498	-1447.2408	295.9203	167.26622
-7068.636	-164.45074	-1533.0773	79.27844	171.56995
-7139.7935	-156.74846	-1548.93	86.135376	171.51328
-7216.5996	-156.74846	-1567.0962	66.10266	174.15352
-7111.1074	-174.15352	-1503.1198	155.95886	170.16061
-7401.3223	-171.56995	-1514.553	192.10352	169.7106
-7693.132	-181.7072	-1651.8335	110.68909	191.6762
-7800.514	-182.50279	-1639.4882	199.54492	181.7072
-7231.657	-157.82498	-1480.2567	206.75525	169.2478
-7316.315	-157.82498	-1492.4574	203.07239	169.50111
-7085.8276	-166.81885	-1552.661	55.146362	181.57945
-6915.5596	-167.26622	-1459.7098	168.15967	169.2478
-7129.1636	-169.7106	-1549.5204	97.59851	174.63663
-7284.259	-151.34694	-1560.5627	91.647705	174.7367
-7269.668	-151.34694	-1594.192	64.57239	181.69229
-7108.477	-169.7106	-1547.1145	58.942993	177.59703
-7095.8696	-169.7106	-1546.4347	93.75159	175.97603
-7161.1646	-170.34453	-1535.157	109.700806	174.63663
-7085.1343	-166.995	-1554.9276	55.97632	181.57945
-7115.5767	-164.54955	-1553.0006	53.43579	176.8985
-7129.149	-169.97684	-1534.0558	80.37988	178.1485
-7073.228	-169.97684	-1540.8	67.71826	171.64255
-7020.6763	-170.41586	-1515.9705	92.0061	171.56995
-7074.6875	-170.16061	-1528.863	101.13257	171.56995
-7246.68	-169.50111	-1546.1061	153.5603	169.7106
-7191.994	-167.26622	-1540.2811	124.10315	169.7106
-7135.4844	-169.7106	-1525.0012	84.03137	169.50111
-7206.1562	-158.1165	-1581.8372	70.13818	178.64627
-7276.5225	-167.01422	-1570.592	84.02344	174.7367
-7080.021	-166.995	-1542.9298	63.32959	177.49312
-7320.543	-171.64255	-1510.6768	187.35107	169.97684
-7028.4604	-170.75714	-1512.1537	110.28381	170.34453
-7248.909	-174.15352	-1495.7242	210.3451	170.16061
-7686.531	-182.50279	-1637.3855	127.37158	177.18243
-7057.967	-170.75714	-1520.6656	131.27783	170.16061
-7112.8315	-169.2478	-1545.4442	94.99512	174.63663
-7220.4395	-169.50111	-1544.1768	117.170654	171.51328
-7185.9805	-169.50111	-1535.9812	103.52515	171.51328
-7792.701	-182.50279	-1632.8645	176.22815	182.50279
-7779.9497	-181.7072	-1661.0068	134.40503	182.50279
-7239.68	-169.7106	-1550.5084	119.9646	174.63663
-7292.102	-166.995	-1518.7607	183.61304	169.7106
-6924.6943	-169.99121	-1477.7015	95.1615	170.75714
-7250.7764	-166.23059	-1584.144	76.39319	181.57945
-7240.9673	-157.265	-1562.7297	112.50391	169.99121
-7217.169	-166.23059	-1571.9034	65.77466	181.57945
-7247.688	-166.995	-1572.46	77.0957	185.95882
-7035.077	-170.16061	-1526.4158	89.53992	171.56995
-7674.7256	-166.85081	-1635.4856	110.04883	182.50279
-7198.567	-158.1165	-1583.6895	39.24707	185.95882
-7043.664	-169.2478	-1526.6177	70.05322	171.56995
-7135.4307	-169.2478	-1543.313	97.69751	174.7367
-7367.5586	-169.2478	-1577.6018	123.80298	174.7367
-7440.9243	-169.2478	-1586.9188	129.27527	174.7367
-7292.0986	-151.34694	-1604.8772	69.19531	181.69229
-7269.754	-169.50111	-1539.4069	127.4801	171.56995
-7195.204	-167.26622	-1554.551	135.95947	171.56995
-7232.4595	-157.265	-1555.5033	105.890015	169.99121
-7264.557	-156.74846	-1575.8894	90.61926	174.7367
-7055.336	-157.265	-1541.1592	59.119263	170.45062
-7097.679	-157.265	-1543.1067	71.82251	172.49841
-7718.8975	-156.74846	-1644.9268	107.835815	188.35666
-7153.1855	-169.2478	-1525.6171	95.263306	176.8985
-7157.458	-157.265	-1535.3488	118.9895	169.92242
-7205.054	-156.74846	-1578.487	51.620605	181.69229
-7169.0356	-157.265	-1545.4291	90.009155	169.97684
-7242.3086	-157.265	-1551.1523	122.09778	169.97684
-7219.4824	-156.74846	-1579.2073	74.39685	174.7367
-7130.599	-158.24025	-1555.3549	65.319336	174.7367
-7217.0015	-158.24025	-1572.5132	74.355225	181.57977
-7205.953	-169.2478	-1562.6311	70.43225	178.1485
-7234.1826	-156.74846	-1578.2734	73.51355	181.17328
-7174.5093	-158.1165	-1570.1644	55.293335	178.64627
-7220.9053	-157.265	-1547.409	122.05176	169.97684
-7645.5977	-166.85081	-1665.4413	68.53235	182.50279
-7139.9155	-169.2478	-1553.9358	66.198	176.8985
-7627.817	-166.85081	-1651.4939	100.00696	172.14256
-7679.856	-169.2478	-1640.6161	120.582275	182.50279
-7105.841	-164.54955	-1553.1512	47.014526	176.8985
-7514.9526	-157.82498	-1475.7128	276.47754	169.7106
-7102.1353	-154.9508	-1549.4453	53.178955	171.51328
-7658.41	-166.85081	-1660.303	112.37952	182.50279
-7302.712	-156.74846	-1581.366	62.64624	185.95882
-7674.726	-166.85081	-1635.4856	110.04895	182.50279
-7644.7207	-181.57977	-1650.9259	82.15637	177.18243
-7150.573	-156.74846	-1556.0928	59.741455	172.49841
-7243.4873	-156.74846	-1590.2668	65.17529	181.57977
-7285.0674	-156.74846	-1589.0172	59.910645	181.57977
-7332.5625	-156.74846	-1586.1227	75.50012	181.57977
-7063.4526	-164.54955	-1528.7157	94.49072	171.51328
-7693.1616	-156.74846	-1644.0175	110.09839	182.50279
-7134.845	-164.20447	-1546.1272	101.658325	171.51328
-7178.0547	-164.20447	-1549.5198	99.07019	174.13953
-7204.878	-156.74846	-1557.6437	95.6803	174.13953
-7200.2134	-156.74846	-1550.8319	88.31311	170.41586
-7245.1714	-164.54955	-1561.3627	127.9469	169.91818
-7219.742	-164.54955	-1541.6653	117.256836	170.07141
-7326.565	-164.20447	-1544.3556	182.88904	170.07141
-7364.905	-164.54955	-1526.0952	221.29187	170.07141
-7786.5303	-156.74846	-1659.0682	120.42615	188.35666
