7693.1616 156.74846 1644.0175 110.09839 182.50279
7512.6226 166.85081 1603.4116 131.9707 197.40558
7681.9424 181.7072 1604.1328 201.79248 182.50279
6958.0874 147.8012 1481.9473 137.88245 171.51328
6837.931 137.71425 1393.9788 257.64685 170.41586
6856.704 147.8012 1481.3204 106.32764 173.58748
7787.5454 171.51328 1626.5204 222.28613 181.7072
7173.6016 156.74846 1551.705 111.322754 181.57945
7786.53 156.74846 1659.0682 120.42627 190.53282
7851.889 156.74846 1692.053 157.60156 185.04375
7851.888 156.74846 1692.0531 157.60132 182.50279
7776.7305 166.85081 1668.4646 157.39172 182.50279
7786.226 181.57945 1667.2844 137.901 171.51328
7484.654 166.85081 1590.6832 126.22644 182.65958
7663.2876 181.69229 1623.6586 143.8617 201.64563
7060.2964 156.74846 1527.5361 88.85889 181.57977
7051.447 156.21754 1508.5013 133.92981 181.52548
