129404.73 122.43136 6757.638 626.87744 148.81927
129242.34 113.14942 6732.1763 656.1416 147.45378
128487.64 123.52054 6594.339 693.7451 146.72157
115939.625 89.24999 5528.2725 1480.9448 143.78625
115445.0 88.58894 5465.145 1479.0459 143.4619
114358.18 97.11159 4978.3013 1969.0454 140.37236
121893.54 95.1551 5204.215 1910.8535 142.99063
121429.96 82.51218 5262.808 1889.8579 143.08812
120717.05 101.79288 5269.538 1820.3091 142.94437
121925.79 91.81606 5222.135 1877.5493 142.9814
119166.07 91.38908 5115.1616 1883.1006 140.70325
129368.55 122.43136 6721.5176 647.5669 147.45378
129237.89 123.81409 6747.786 627.8086 153.41919
129270.87 106.63748 6731.617 621.812 150.68959
124681.96 137.04274 6240.1606 1070.7173 153.41919
124351.81 136.72815 6291.358 832.61914 144.175
