17257.309 6.16117 653.3596 95.69635 10.80972
19285.752 7.4054 711.39417 99.37439 11.12789
15918.288 6.33167 567.2515 154.26483 10.14495
19357.793 6.03158 721.46704 100.24713 11.03947
19311.906 6.94046 736.4536 79.75958 11.00364
17220.549 6.67008 613.38165 155.87445 10.55225
19459.5 6.03158 756.6474 60.4317 11.09009
19105.197 5.97411 657.1777 158.62207 10.99909
15031.972 4.66262 513.4815 149.2174 10.22546
16506.732 7.08308 542.8426 214.87988 10.25232
17790.023 9.06146 643.0693 161.27545 10.47521
18279.139 9.92421 642.1375 150.005 10.61226
15606.015 5.36936 508.83502 213.91272 10.09307
18407.326 9.88484 673.32275 116.45264 10.65317
17290.51 6.16117 545.19977 255.75238 10.30922
17050.932 5.97495 539.3752 232.0813 10.20049
17041.18 4.37379 537.275 254.49402 10.19412
