34051.74 59.88533 2601.1064 587.2549 80.25228
33933.676 59.88533 2577.4941 601.6111 74.12405
33174.887 68.15492 2509.982 547.6279 103.803
33634.934 65.69004 2588.9504 529.1821 79.29513
33634.94 65.69004 2588.9507 529.1824 65.34835
33415.4 65.34835 2552.3962 524.53174 74.16573
33607.387 68.89751 2520.6853 577.98267 70.75626
34015.57 59.88533 2599.7705 567.5923 80.25228
33926.223 59.88533 2577.9182 590.6675 74.12405
33843.48 54.3203 2576.1838 550.7202 71.44061
33987.277 54.3203 2611.8765 545.71313 103.803
33823.695 59.88533 2606.663 586.4072 80.25228
34073.324 59.88533 2622.6858 574.09985 89.72325
33809.152 59.88533 2611.9531 505.135 74.12405
33837.44 59.90779 2564.8196 646.8972 74.16573
34073.32 59.88533 2622.686 574.0996 89.72325
33551.24 68.15492 2529.3022 561.2727 65.41608
33680.55 68.89751 2590.0535 564.38794 78.22947
33551.25 68.15492 2529.302 561.27246 65.41608
33389.86 69.34026 2506.4585 649.6509 83.57379
33610.754 65.34835 2589.3745 518.2385 85.2095
