7992.374 137.84033 1546.7982 89.01001 175.68333
9375.895 138.71661 1814.5964 194.75586 181.34158
8860.4375 168.0409 1696.7697 138.40698 169.76538
8918.194 167.20268 1680.0659 196.6399 169.34273
9114.181 174.36157 1745.7385 123.761475 173.94298
9263.699 175.68333 1774.3354 133.00024 174.36157
9259.387 169.52435 1778.195 161.99963 173.68413
9360.166 157.25197 1747.8824 229.50757 174.36157
8912.969 143.94014 1702.4274 211.96252 172.89442
9273.047 156.64426 1776.6873 182.43774 176.23842
9310.227 166.48952 1785.0033 144.3003 186.23871
9355.014 163.93184 1785.1543 194.93799 174.36157
9323.476 158.90211 1822.1699 132.35388 185.39194
9271.926 154.48308 1789.7244 142.86157 174.36157
8948.074 142.17139 1596.7122 307.48535 170.58655
9148.451 136.51692 1621.0121 341.06396 169.25342
8821.398 155.21843 1652.0103 205.21558 168.88826
9148.272 147.12909 1773.8059 100.84729 178.80188
9065.064 158.90211 1770.3905 102.46228 178.80188
8904.134 174.36157 1681.8488 224.16492 172.24133
8817.338 160.10626 1707.3121 140.6449 165.36847
7836.108 138.16656 1527.9502 77.3136 168.11316
8178.99 140.33202 1583.6207 127.962036 170.36116
7903.3228 106.98147 1412.1018 283.1034 163.22998
