7089.8516 0.0 249.54 74.25011 0.87
7590.7305 0.05 270.19998 76.08005 1.17
7364.4346 0.01 261.27 66.899994 1.0
7325.498 0.0 268.37997 74.670044 1.06
7523.8013 0.04 271.84998 74.82001 0.82
7327.0957 0.0 268.07 59.539948 1.09
7548.077 0.01 267.33997 76.03006 1.03
7484.4316 0.01 268.48 62.04001 1.11
7427.9453 0.0 268.83994 69.51007 1.07
6329.886 0.06 225.7 57.960037 1.29
6828.6787 0.74 229.97005 94.02992 0.67
6274.8164 0.07 217.44 79.5 1.08
6191.632 0.09 204.60999 77.54004 1.09
6862.757 0.74 241.94 80.859955 0.84
6875.3706 0.75 224.24002 91.80997 0.7
6118.322 0.07 201.08002 76.120056 1.15
6254.6973 0.01 224.78001 60.459976 1.17
6763.413 0.7 215.43001 87.11992 0.73
