725652.25 2.07 26573.557 5486.217 131.28
752097.94 3.37 26816.281 6618.9883 115.87
744878.06 2.51 25231.902 9034.801 92.89
752602.3 1.49 27406.947 6143.459 102.99
747862.9 1.15 26056.576 8540.646 82.3
750803.94 0.55 27552.006 5781.8613 142.95
729492.4 5.7 26580.943 6010.215 85.32
748760.0 1.15 26333.592 7381.3105 84.97
753906.3 4.21 27866.596 6298.9316 121.64
750447.8 1.22 27098.22 7934.3184 89.79
623250.25 1.82 21792.078 5837.424 108.49
731897.94 0.9 24715.422 8925.641 76.64
611856.56 6.55 20465.22 8275.252 122.31
690156.75 73.15 23830.451 8385.518 65.55
671040.7 67.33 20209.553 11544.668 64.56
626507.9 5.76 19766.36 8355.342 99.98
695057.94 72.43 22565.89 8564.359 75.69
613644.4 0.35 19855.627 8266.705 82.12
