1242.207 90.87757 419.61008 147.61508 95.59421
1094.7814 91.03468 419.0399 29.230255 102.8194
1336.9601 99.13725 522.3906 22.52472 117.62522
1254.772 70.89317 461.6411 108.84473 96.44807
1342.7957 70.89317 524.098 21.73169 106.6561
1100.7773 98.6758 406.94696 65.986786 94.45287
1188.8059 102.93091 449.1872 40.924408 100.76008
1184.433 91.7618 415.64603 121.491486 91.36565
1243.0355 96.1054 482.05957 46.191772 100.22431
1251.6498 82.29756 464.20544 83.537415 98.6758
1157.101 96.52511 426.2258 84.24176 86.77349
1302.3779 100.76008 482.84998 94.68268 97.87094
1153.2346 96.51643 427.34723 84.2099 94.68919
1150.2838 94.01542 446.73584 21.776611 114.07539
1333.4037 96.35551 510.80673 39.799103 101.4792
1115.2701 82.91817 410.9091 77.16525 94.01542
939.3395 79.68404 347.8533 58.61554 87.34919
978.6681 69.72562 329.08893 119.71625 83.86839
1233.8757 95.13721 417.91562 102.495514 93.16113
1190.9773 89.64525 435.71814 70.21146 96.17577
824.54694 62.79442 304.78635 60.256287 80.90054
844.5512 56.21642 329.32306 13.11261 109.92119
1185.7523 100.16016 457.61182 43.32248 105.8597
1246.3564 84.55772 463.0857 64.354675 98.57142
1234.0955 97.87094 456.92822 105.20361 97.71368
1015.03094 88.8109 390.28375 25.356628 93.94808
1045.6152 70.20364 408.23642 29.740784 94.45287
1213.9517 98.93358 434.64142 93.72797 103.51913
1083.6508 71.00802 415.12506 31.963745 102.72768
1331.4487 99.13725 521.0207 26.452393 105.8597
992.35675 76.57748 377.0836 55.121674 87.34919
1032.6688 79.07415 403.7878 20.677094 118.73537
1110.4316 91.70713 421.17065 33.328766 97.21925
895.74915 76.57748 348.23666 40.296417 88.74552
1063.3259 73.65009 390.15698 57.58261 91.36565
1008.2822 81.75585 390.23657 36.1987 89.83475
841.4387 45.65968 295.49734 97.28375 82.91817
1093.5996 69.73188 389.9428 73.08301 88.88132
787.03015 60.62667 294.1048 36.129547 91.9413
1165.0751 90.24762 442.6928 85.38281 96.1054
1106.676 84.70788 423.66388 45.430725 95.20418
1096.206 86.54597 399.58505 76.04715 84.58547
1117.1677 76.3392 426.85056 40.77237 101.39151
921.82385 60.78391 314.00162 115.44992 84.30001
862.2384 64.18308 342.44183 9.374603 122.63096
1239.3292 87.29479 449.1571 70.29315 96.17577
1258.2075 94.68919 450.2049 94.09479 95.83216
1106.2449 55.14058 429.50262 32.000732 105.70181
743.1242 55.90316 279.81323 28.477814 90.24762
1188.7717 94.45287 445.08136 57.813934 97.87094
1157.7483 80.383 423.406 72.61536 91.24007
1237.4697 104.00551 444.0536 94.57172 104.24361
1175.0177 77.79063 425.30774 74.85394 94.11185
1169.832 87.29479 451.06393 48.091156 94.33003
1064.1981 79.58417 407.13336 32.63275 95.59421
1175.8634 96.17482 423.75293 88.181885 97.11533
1050.2188 83.66813 399.11182 53.356903 91.67013
1190.469 96.51643 429.97583 72.0495 100.2166
1175.9689 77.79533 427.30652 97.61536 95.59421
1135.1932 77.79311 433.50455 71.00845 93.16113
1004.57074 65.33321 362.44846 62.87857 87.85264
1090.5869 83.58114 390.77176 73.43829 93.7702
841.31555 58.50982 303.99506 81.61441 80.90054
1111.0236 78.97209 425.52872 43.091003 93.7702
1064.2495 81.83501 413.8056 22.704102 99.97337
996.3876 75.52345 376.06845 53.500763 85.63253
1041.2352 77.7646 408.17578 16.37323 94.08121
759.63336 63.47158 298.15985 11.482666 121.0004
926.54425 64.24718 324.60352 119.27667 83.47963
904.6328 56.89343 356.29657 13.452942 95.13721
858.8995 65.09573 305.3534 65.95853 84.76566
915.1415 65.91301 357.55396 15.375 118.36297
1230.5702 69.73188 447.77228 67.201965 92.85905
1253.3032 69.73188 435.56247 91.28708 96.81609
