7386.3384 5.80426 829.2373 298.65027 30.77288
6834.1997 5.80426 765.7822 254.43701 33.09188
7316.9023 9.09407 820.95087 319.8188 26.77596
7370.707 6.03521 890.6288 250.23462 35.22947
7634.4272 4.3254 912.8624 187.28003 38.50505
7642.2734 6.03521 920.085 215.99823 38.50505
7541.407 4.3254 845.9518 267.27966 29.28648
7292.816 5.92998 826.2573 281.77466 34.02747
7636.648 6.82983 922.35175 208.11798 38.33129
6548.7163 19.99211 701.2002 414.2379 29.36699
6344.3677 15.36034 648.5167 387.69153 24.19617
6525.0693 18.37289 651.6369 399.6541 29.36699
6537.35 11.08703 646.03015 405.29382 24.09773
6588.003 10.93273 748.38446 310.1939 30.21963
6585.5938 4.13811 744.79175 304.963 29.01012
5927.444 2.19046 656.9316 242.8902 22.13576
6723.732 3.11481 783.7634 201.53516 30.52903
5591.752 14.96835 551.77985 421.59216 22.53264
6183.3525 5.80426 728.73413 201.14716 32.79296
6452.531 10.83634 687.4162 303.1333 22.01747
6632.49 10.19582 701.859 319.9837 22.91576
6721.2837 10.19582 722.6077 323.4538 22.91576
6521.127 10.19582 692.93024 319.68182 22.91576
5636.962 2.19046 654.24036 205.28076 24.35169
6020.993 5.92998 728.4036 198.08905 34.30344
5518.471 5.80426 655.70337 207.33368 31.29347
6599.4 9.16953 742.23883 226.63452 30.0373
6313.6875 10.98809 640.14404 436.063 20.82905
6506.0825 10.83634 732.73584 245.90118 23.03474
5704.5996 8.25139 649.8729 198.58942 34.30344
5823.1807 4.13811 691.56433 190.89966 34.30344
6829.312 5.80426 771.5574 264.38135 30.0373
6742.2827 3.11481 755.8056 251.21405 30.0373
6833.9097 8.4868 741.14734 314.77405 30.0373
5751.9385 3.41494 670.8815 187.21796 29.36699
5819.5156 3.41494 677.09247 203.32086 30.21963
6104.14 13.25628 670.42194 305.62634 30.21963
6818.0703 4.70189 823.46826 236.66248 34.64907
6716.7705 4.70189 786.23645 230.77393 34.64907
6201.532 6.32738 645.34784 380.1557 20.65559
5798.297 6.03891 682.7705 204.55945 32.07581
6601.653 15.96159 712.55865 369.9041 26.31472
6407.7793 15.96159 697.38306 328.42188 24.7509
6389.0815 15.96159 686.54285 326.02344 24.7509
6290.0034 16.55372 659.7568 339.34973 24.7394
6262.4243 16.19792 630.4269 412.25134 23.90247
5867.1836 11.08703 642.9692 299.47247 24.09773
5861.2583 11.08703 681.19196 211.09393 28.40491
5772.6816 5.27439 662.33044 206.43842 28.40491
5570.4634 5.27439 666.5509 185.19312 36.07602
5749.8257 4.19177 647.308 229.44366 23.61153
6300.2544 4.3254 713.7421 210.95886 24.15528
7379.697 3.41494 899.6176 254.59747 38.01073
5726.101 4.19177 634.309 257.88678 20.82905
5340.8184 9.11921 594.85364 235.28973 24.35169
6793.88 6.03521 773.3888 283.48413 30.22584
5822.2695 15.01437 651.5678 302.75653 26.21495
6177.311 5.92998 662.07184 368.5688 20.82905
5859.2295 14.39771 640.8389 270.29724 28.45527
5814.927 14.39771 638.7212 264.2091 28.45527
6618.5884 3.11481 795.8087 209.06055 32.67904
6865.902 5.92998 781.7318 310.90393 29.39395
6790.364 10.93273 717.7062 392.7312 29.39395
6667.489 8.66173 777.5346 309.06793 29.39395
6541.692 6.82983 660.74817 503.91187 22.6624
6682.4106 6.82983 679.1562 512.87396 22.6624
5608.8403 2.19046 640.4285 176.97784 30.40059
6256.4424 3.11481 765.65607 169.61255 32.55038
6460.627 3.6656 727.4098 242.125 24.65902
6556.819 3.6656 747.9409 246.04065 23.49004
6235.2554 13.25628 667.00806 341.59064 24.65902
6201.1304 3.6656 694.2533 241.34955 23.49004
5809.57 4.13811 694.50757 191.94061 32.79296
6405.825 6.53957 770.26605 217.57776 34.64907
6333.485 3.41494 773.3407 191.55988 34.64907
6395.0 3.11481 754.2646 186.96954 34.64907
6518.742 8.25139 792.21106 246.90576 34.64907
6188.302 11.44046 624.09265 336.54822 23.61153
5988.184 4.19177 662.0278 278.37933 22.6624
6132.617 3.11481 695.0531 243.89954 23.49004
5915.7227 3.11481 678.1337 234.78497 23.49004
6052.281 9.04912 618.33954 337.38434 20.79233
6081.8213 7.04364 630.8413 318.48785 20.79233
5747.8096 3.41494 682.9026 169.91284 30.52903
7056.6636 6.03521 825.501 401.46106 34.64907
6843.1675 5.27439 790.7835 313.2077 30.21963
6678.7656 5.27439 776.9762 317.93628 24.7509
5726.883 9.08314 649.0973 233.34503 24.81566
5876.543 9.08314 657.26385 237.95544 24.81566
5898.118 9.16953 657.39844 261.9953 20.47737
6849.091 5.92998 763.91016 318.7556 29.01012
5456.628 3.41494 629.10815 190.78552 28.45527
5807.0776 12.6661 626.41785 339.18982 23.86004
5653.94 12.6661 608.47656 346.60406 23.03474
6281.9395 3.6656 765.4142 212.51599 29.28648
6156.801 15.11578 668.58044 325.8014 24.65902
6313.846 6.32738 682.0871 287.53387 22.91576
6521.3887 8.4868 738.70276 295.46106 23.90247
6219.182 3.6656 701.83466 309.76263 22.13576
5929.1123 3.6656 657.6618 297.18933 20.82905
5549.2563 8.25139 632.2701 210.59961 33.91339
6487.372 4.13811 743.7829 259.60547 29.01012
6225.7905 11.83952 624.02606 372.96924 20.79233
6340.901 5.92998 649.5718 348.87823 20.79233
6494.941 8.79305 722.237 304.72638 22.91576
6489.8496 8.79305 715.504 287.71893 22.91576
6542.709 4.13811 788.40454 229.81323 30.40059
5900.27 14.39771 592.4092 338.9895 23.03474
6459.072 3.41494 766.21783 305.10748 24.65902
6572.856 3.6656 756.5985 250.19873 24.65902
6141.8804 6.03521 721.3529 209.11646 30.0373
6749.287 13.96655 715.0115 373.4933 24.65902
6175.0684 9.09407 632.1237 410.2359 19.85449
5562.2944 4.13811 649.4575 164.98315 36.32774
6456.312 4.19177 676.38635 408.50818 22.63494
7394.775 4.3254 926.6784 163.2497 38.50505
7144.643 4.3254 843.6061 222.28674 34.64907
6953.6245 9.08314 823.4238 289.37036 34.64907
6333.2974 6.03521 748.03796 200.01526 33.09188
6226.0796 9.04912 639.74817 302.28833 22.6624
6166.044 13.81957 640.9806 396.61975 22.13576
6466.929 8.79305 745.2844 291.79553 29.39395
6182.4565 13.2815 649.4421 363.6292 23.61153
6397.149 10.98809 745.7885 290.7774 32.79296
7394.1885 6.03521 793.43463 392.04083 35.20086
5645.819 4.70189 668.68445 184.32648 31.29347
6565.88 4.13811 733.225 268.00916 29.02064
7045.1714 9.09407 778.05273 282.64233 35.67205
6945.8145 10.47395 794.83606 259.36597 30.40059
6629.102 10.47395 691.06757 364.33197 24.15528
6556.4653 3.41494 791.5749 209.46216 29.01012
5760.4683 6.03891 642.2963 237.03143 23.49004
6745.8657 14.09013 744.5404 326.40002 25.99143
5959.5825 10.93273 633.66254 336.32257 23.49004
6452.8774 13.2815 672.0829 357.0608 24.65902
6319.904 13.2815 659.9735 349.67706 24.7394
7347.338 6.82983 798.93384 359.2556 34.28632
7216.917 6.82983 813.65076 298.44934 30.2362
7083.4297 6.82983 821.4206 322.57538 30.52903
6413.748 8.79305 737.6216 248.17328 25.17749
6460.2607 6.03521 729.4586 228.08478 25.17749
6689.118 6.03521 741.0881 285.0124 25.17749
6836.537 6.03521 790.0045 255.44702 34.64907
5869.422 4.70189 670.2635 209.2215 28.45527
6174.3706 9.04912 663.77203 299.67194 20.82905
5891.776 12.69145 641.05634 267.8687 26.31472
6520.3857 6.03521 705.0118 321.89716 23.49004
5513.242 4.3254 651.987 156.77588 42.21818
6896.818 4.13811 787.4809 258.68268 34.28632
6449.113 19.99211 660.78815 446.16522 23.03474
6490.4805 9.11921 685.6073 436.17664 22.6857
6224.86 12.62948 683.5496 299.10516 24.65902
6519.151 3.6656 747.2291 239.81012 30.2279
6812.279 6.03521 726.6949 388.33392 25.06802
6804.1943 6.03521 710.2841 478.16962 23.49004
6402.926 6.03521 737.93115 247.26147 27.49233
6523.639 3.11481 724.8725 242.28241 28.17564
6479.7383 11.83952 670.7503 355.80292 24.09773
6911.9062 8.25139 813.1617 230.78534 35.26114
6814.1978 8.25139 688.9183 447.29193 26.53034
6281.755 12.62948 707.8907 261.70117 28.07888
6409.772 3.11481 684.8533 448.74585 21.60812
6994.2944 4.3254 738.68787 417.70154 25.31491
6945.586 10.63054 726.92065 435.4762 28.08066
6587.635 6.03521 732.689 265.766 27.36176
5807.407 4.3254 683.65515 189.742 34.30344
6216.6533 13.25628 678.5176 317.48212 30.52903
6086.5 13.97221 623.23083 410.9215 22.91576
6633.448 17.51422 660.6564 398.40894 28.3981
5701.8706 12.69145 583.4086 322.7152 22.6857
6857.565 6.03521 740.53217 360.86664 26.20491
6840.12 6.03521 746.78455 329.6366 26.20491
6846.8027 3.6656 770.0507 310.14044 25.31491
6755.983 3.6656 756.43616 257.13934 25.31491
6223.469 4.3254 637.7175 393.4823 20.68348
6962.1167 6.82983 804.9283 284.96344 35.76844
6565.771 8.79305 723.6499 246.29016 25.17749
6275.846 9.04912 724.7615 219.75836 26.7055
5965.3555 12.6661 596.284 350.25555 21.85575
6182.4565 13.25628 637.9304 363.73065 20.65559
5903.6226 13.25628 607.31305 363.21948 19.70974
6550.3228 6.53957 723.2128 323.93414 23.60596
6255.1177 7.04364 663.5356 283.66528 22.69691
6815.952 10.98809 757.40985 300.2862 30.52586
6471.987 10.98809 703.453 298.51868 30.52586
6853.646 8.4868 759.52057 240.89368 30.21963
6709.205 8.4868 743.1818 273.937 25.61572
6528.236 12.62948 670.61743 353.30615 22.13576
6258.074 13.56829 641.0583 379.21442 22.13576
6416.511 7.04364 704.68463 322.5097 22.13576
6199.6045 7.04364 710.31494 231.96161 24.81566
5791.297 3.41494 698.2787 191.86133 33.50922
6802.905 12.2174 786.6199 269.04834 33.09188
6758.456 12.2174 744.6043 324.00336 25.17749
6682.066 12.2174 706.3844 312.83008 25.17749
7005.5527 4.3254 739.9278 441.03058 26.20491
6976.446 4.3254 758.85583 381.98352 25.99143
6472.649 8.4868 705.6042 368.01093 22.6857
6417.5747 3.6656 761.4508 220.46912 25.31491
6103.2197 12.2174 691.4666 267.54272 24.15528
6305.1562 8.79305 711.6445 241.12616 25.61572
6136.367 3.11481 713.00885 193.25604 31.18516
6080.411 3.11481 724.39154 195.73663 31.18516
6084.66 11.83952 674.1309 222.96985 38.1264
5966.24 13.56829 644.89856 412.37 23.21754
6211.2607 12.85446 688.7742 297.49542 24.19617
5938.9873 10.47395 684.6525 242.62103 34.30344
6217.1406 9.16953 642.256 471.02625 20.79233
6261.4663 12.56759 649.20825 346.2719 22.13576
6897.143 3.41494 804.4306 206.35437 33.91339
6773.685 3.6656 785.6473 267.8592 25.06802
6597.7915 3.6656 744.53937 264.68756 24.15528
6672.251 9.11921 764.08527 307.4842 24.15528
6179.878 6.03891 724.0742 211.07233 30.0373
5941.4126 6.03891 676.07526 241.0586 23.61153
6645.349 11.44046 748.67633 312.80133 30.52586
6361.9233 12.62948 693.0184 271.55426 24.81566
5959.7085 3.6656 675.541 208.84369 24.65902
