6954.4497 25.99064 1049.7836 209.74622 68.72882
6619.634 30.55366 996.6536 200.57697 69.7771
6920.6763 43.02202 1009.94574 232.96698 65.28843
6808.6284 43.02202 1005.7104 185.88995 75.82535
6987.1885 13.80951 1061.5938 189.30884 68.72882
6731.941 39.63217 982.911 238.08203 63.99561
6109.9272 52.70958 783.53284 333.90894 56.84732
6052.3647 48.92436 889.3496 235.1565 61.0541
6732.778 64.62117 972.8857 204.19403 75.82535
6220.602 55.7001 831.69965 309.59296 62.92336
6368.038 57.20359 895.8368 311.083 65.56113
6510.8037 51.28518 795.93915 446.91547 63.67736
6574.041 39.63217 801.4177 409.77148 63.51992
6756.033 32.67483 873.53406 320.58655 61.92084
6789.2393 28.56982 850.3915 382.3556 64.83833
6337.9688 45.81792 825.2254 348.46698 59.06736
6031.2964 40.44135 929.5591 212.1532 59.8049
5174.708 27.09694 796.7585 169.68103 61.66467
5595.0664 50.1355 742.93884 293.32446 61.66467
5424.1675 48.16874 760.3873 299.52246 60.31166
5262.5234 48.16874 748.69934 211.26184 59.97424
5674.7104 24.83442 854.5261 143.49109 71.20282
5781.7 46.97524 788.2 286.72894 58.76171
5629.7607 26.4873 702.9727 425.75018 54.58188
5603.4883 27.66354 789.9559 273.68524 56.21014
5674.0903 36.87025 787.5062 243.89954 56.52375
5601.9727 36.52871 720.1411 375.6256 55.90015
5136.3857 42.76449 749.1452 195.80505 63.18133
4225.8945 35.47259 604.2503 174.76068 59.58458
5419.986 30.37649 768.78613 307.10986 55.90015
5984.0376 24.66126 884.2565 200.40881 56.53478
5232.031 8.97927 782.0319 156.0091 61.55377
5100.494 27.42486 779.43005 160.24872 61.20333
5535.3296 31.04819 772.7245 317.86743 56.09455
5365.5396 31.04819 739.8583 356.01624 53.27499
5678.4956 45.3028 832.574 183.81311 72.38298
6984.2944 39.63217 1073.5642 211.6737 68.14945
5398.066 26.33491 836.7044 127.576965 74.83624
5671.045 30.8569 852.7377 176.27063 58.57526
5383.5283 25.99064 828.0452 120.45648 72.78552
5451.392 36.52481 841.41095 154.19171 68.02489
5532.145 43.02202 813.4857 216.51941 65.51794
5211.8984 40.04282 804.29364 149.27972 66.38295
5208.876 38.98177 804.8011 133.71246 67.12321
5110.444 38.98177 794.0627 139.91833 66.38295
4972.342 39.45048 763.6316 128.13342 61.27763
5435.1006 39.29473 836.1821 164.328 63.5299
6538.63 41.46089 989.1614 178.76819 63.67736
5750.215 26.4873 897.1708 128.35107 73.54153
5528.9546 36.91188 724.21765 340.48328 56.46078
5289.1494 14.60834 823.2383 120.65466 65.20477
5281.629 14.60834 841.6578 94.71478 65.20477
5546.3037 28.88527 836.4148 152.9367 67.24868
5191.316 27.45511 783.67004 171.5456 60.21638
5286.6465 27.45511 802.3238 153.12335 64.56725
5533.432 26.41757 788.6132 291.36407 55.92549
5235.2827 38.20188 819.29395 152.63257 71.99139
5544.659 32.82019 768.63214 354.54437 55.66837
5593.296 42.61887 826.6176 216.284 65.09823
5561.724 32.67316 854.8049 183.0711 61.58285
5538.1025 32.67316 857.225 178.00708 59.51512
5730.5293 20.00563 847.53174 165.14899 61.30201
5248.9624 31.40987 806.1125 149.01263 63.65549
5917.011 32.81215 897.6365 171.24475 76.7733
5896.6206 32.67316 836.5206 263.79443 57.40421
5934.9287 44.07455 868.2641 185.34833 78.78204
5527.795 44.47144 767.99005 291.716 54.07242
5087.984 31.40987 738.8582 249.15332 53.53987
5802.6567 41.25459 889.0698 173.28601 71.4134
5584.057 30.65084 854.69464 143.47162 68.02489
5516.7686 30.65084 854.14233 139.3172 75.08501
5477.794 39.63221 775.8162 224.76709 55.98789
5386.204 28.22666 798.38586 205.97626 58.15616
5494.922 28.22666 808.4243 206.95538 57.55273
5094.6636 36.32816 768.18195 165.27258 61.28479
5522.1074 25.74695 848.2734 150.07428 67.87858
4617.9756 20.93833 694.3011 122.3233 65.49866
5658.9644 20.21467 795.0904 294.0738 55.65229
5578.523 12.0222 850.8144 142.81445 71.01897
5721.616 39.63217 737.38696 323.49292 56.81541
5702.8247 39.63217 738.6122 323.69336 56.81541
5605.086 49.02569 772.93604 321.90796 56.81541
5859.0093 35.6964 895.543 152.99054 76.20962
4913.1323 25.18426 701.5917 218.11432 56.19312
5788.9907 45.08116 784.4388 354.54865 58.68956
5939.2783 30.33872 836.20276 307.82776 57.70333
5365.189 31.58942 848.93604 110.06055 66.14919
5643.573 34.38817 796.68146 305.52362 57.40421
4995.224 24.37434 768.5564 138.04211 65.48186
5356.773 20.83741 806.68884 171.69592 56.27533
5395.767 41.25885 761.3879 264.03436 57.20359
4337.1084 21.49377 691.2357 87.9491 78.18633
6453.602 40.16531 989.90717 183.15375 58.19852
6388.7207 26.64654 978.07965 175.98053 65.25851
6283.2593 26.64654 958.053 144.57495 68.33952
6031.9966 32.08496 916.1255 164.10254 73.18694
5580.204 39.48954 838.80426 138.23663 74.83624
5503.596 33.6706 863.9665 113.83307 80.42361
5619.678 49.53781 829.24475 304.45532 70.24229
6569.783 47.87917 965.38336 222.8664 59.15611
6459.8833 23.92147 955.68256 217.22614 61.66431
5735.2476 40.34363 813.84247 348.70258 58.966
5395.808 39.45048 826.4115 219.35986 55.83956
5295.789 43.53222 797.1781 218.7431 61.82011
6574.897 36.86383 869.28284 349.1902 63.02926
5908.362 38.63698 916.1389 157.5227 62.70852
5376.8506 42.43707 757.9615 210.5794 66.59717
5690.0283 33.6706 878.7882 154.3855 75.67904
5642.3706 20.00563 869.61633 163.35205 61.5284
5643.949 41.63649 782.723 280.82483 57.05864
5625.602 45.05274 863.25037 160.03113 67.15469
5176.505 26.24526 773.4206 148.15479 65.77544
