19391.568 6.73276 746.88153 87.60907 11.44727
19391.953 6.51844 726.66833 109.70294 11.49913
19382.855 6.73276 746.3347 77.071594 11.36882
19437.404 5.37587 728.59406 103.095276 11.23833
19437.205 6.73276 713.7046 112.97095 11.47432
19271.36 5.37587 682.2849 150.63245 11.16468
19038.797 5.37587 723.3043 95.85248 10.90413
18782.457 9.92371 696.81177 122.93799 9.95038
19234.672 6.73276 666.22174 159.27155 11.08648
15246.554 4.09145 482.44528 252.54031 9.81224
15632.934 5.90424 570.40173 118.348755 11.00273
15605.41 5.65774 570.1648 117.519165 11.04038
15603.524 5.65774 571.0727 117.526 10.62779
15563.11 5.44794 568.38983 116.378845 10.80509
19213.914 6.92532 680.02405 135.88135 11.36882
15515.044 4.93559 544.1668 153.35944 9.92572
15486.177 4.93559 541.40076 151.92181 9.92572
15913.613 4.47325 566.6842 142.87878 9.93076
14916.556 4.30349 491.68338 194.3956 9.83209
19175.066 6.73276 671.9039 151.93481 11.00818
19060.314 6.73276 669.63525 149.43542 10.8379
15762.426 4.71381 574.3635 119.07373 10.7252
15736.83 4.71381 574.8419 120.67572 10.12966
16030.861 5.37587 577.84454 206.12299 9.87117
15797.111 5.04579 525.2573 183.10962 9.84175
15382.298 5.41387 530.8388 203.73578 9.9232
15424.439 5.41387 529.3755 207.50037 9.9232
15446.063 5.65243 525.21246 181.25928 9.94434
15542.926 4.68295 544.515 171.22644 9.91917
