129404.73 122.43136 6757.638 626.87744 148.81927
129242.34 113.14942 6732.1763 656.1416 147.45378
128487.64 123.52054 6594.339 693.7451 146.72157
121893.54 95.1551 5204.215 1910.8535 142.99063
122448.41 84.32993 5150.9346 2009.957 144.32138
121429.96 82.51218 5262.808 1889.8579 143.08812
120717.05 101.79288 5269.538 1820.3091 142.94437
121925.79 91.81606 5222.135 1877.5493 142.9814
119166.07 91.38908 5115.1616 1883.1006 140.70325
128786.04 123.81409 6234.7017 1099.3027 153.79124
127741.93 123.81409 5986.083 1353.1631 147.45378
125055.86 104.17542 5912.622 1330.9404 146.40137
113164.46 89.27043 5258.2734 1725.6167 141.92206
113820.336 89.27043 5307.898 1733.3105 141.92206
117998.6 102.75772 5400.2256 1762.8975 144.65913
113348.82 84.7688 5345.281 1515.96 142.11877
112951.33 84.7688 5331.31 1498.4668 142.11877
112751.305 84.7688 5350.2524 1466.168 142.11877
112983.01 92.15766 5260.1724 1643.0557 140.93779
113041.45 90.07531 5281.085 1583.7534 142.04971
113025.92 90.07531 5323.5645 1519.9688 140.93779
112982.77 90.07531 5344.444 1508.8193 140.93779
113909.266 98.45744 5555.8647 1301.9893 143.09169
114087.55 98.45744 5536.591 1280.8452 143.09169
111984.52 84.32993 4876.1763 1969.5854 140.31827
128234.26 123.52054 6603.34 691.1011 146.59882
114828.195 94.52599 5618.712 1324.8652 144.98566
114674.47 105.57594 5637.6157 1254.1372 144.88737
115414.77 105.57594 5617.7114 1275.2588 144.88737
114871.555 105.57594 5614.773 1258.9316 144.88737
117301.38 104.85193 5675.8105 1588.5747 145.10898
117329.414 104.85193 5629.612 1570.5732 144.92934
114248.39 101.39183 5313.779 1500.252 142.07623
112431.8 84.7688 5259.6636 1540.5015 140.37236
113341.54 84.7688 5280.649 1525.5747 140.93779
113514.18 84.7688 5284.1846 1580.0532 140.93779
110924.89 82.51218 5306.287 1383.9893 142.19215
110661.766 98.45744 5102.375 1589.7896 141.94662
113693.44 109.3632 5242.6543 1758.1572 142.04971
112296.56 94.06451 5270.573 1650.1455 141.94662
112062.695 94.06451 5283.325 1620.2085 141.94662
115286.39 97.11159 5007.1616 1947.44 140.37236
112557.8 97.11159 4877.801 1912.6133 140.37236
115216.66 90.07531 5617.903 1220.3281 144.43617
115364.18 104.85193 5614.241 1219.312 144.43617
116076.88 102.01997 5658.1543 1226.9541 146.46162
116567.14 102.01997 5692.8667 1235.4932 146.46162
112894.695 94.87022 5150.364 1571.0415 141.42485
112508.4 94.87022 5169.6245 1555.9893 141.36777
112297.72 94.87022 5164.5317 1540.1245 141.94662
113062.45 94.87022 5158.1045 1611.0415 141.94662
117603.63 108.22147 5615.884 1328.0527 146.48795
119435.945 89.24999 5533.628 1428.3916 145.14844
119561.17 89.24999 5579.722 1365.6289 146.21553
111954.91 88.37653 5182.1743 1757.8062 139.69392
112424.04 93.8489 5180.3384 1755.0288 141.94662
112947.62 93.8489 5160.8086 1730.938 141.94662
113840.97 96.2113 5339.8076 1538.3281 142.94357
121236.22 96.2113 5272.8433 1819.6572 145.23488
122161.07 103.25319 5288.294 1834.4883 145.10898
118483.445 99.68277 5595.611 1462.7368 142.94437
118578.914 99.68277 5543.8857 1497.9194 143.4619
122198.99 84.32993 5170.086 2021.185 144.32138
118026.414 101.39183 5168.1514 1768.5859 145.10898
118566.766 89.27043 5185.597 1801.0459 143.15266
118787.22 89.27043 5175.434 1782.1782 143.15266
117919.49 99.90365 5180.385 1798.4858 143.15266
117698.38 99.90365 5159.752 1794.689 143.15266
120903.516 91.81606 5235.581 1889.2959 142.9814
112360.2 90.07531 5314.306 1495.8687 141.57582
112226.64 94.063 5333.165 1406.4336 141.57582
112232.07 94.063 5332.2866 1443.957 141.94662
113034.18 88.58894 5374.882 1565.3247 142.14322
118331.23 103.61102 5583.6387 1545.3462 146.21553
117996.83 103.61102 5553.255 1533.5479 146.21553
118560.67 91.38908 5163.1226 1819.6802 140.93779
118880.945 91.38908 5148.4614 1808.3633 140.93779
117620.51 91.38908 5118.125 1799.4937 140.93779
118124.28 94.063 5670.8184 1358.333 143.84149
118294.766 94.063 5679.1104 1380.999 143.84149
117546.734 107.80138 5774.087 1238.0518 145.23488
112918.766 99.53857 5424.647 1199.1743 146.48795
112963.336 99.53857 5445.106 1205.81 146.48795
116268.85 93.8489 5414.56 1509.5908 142.77327
117513.5 112.21345 5613.458 1326.1572 143.09169
114333.086 93.8489 5409.644 1425.5107 142.58266
112453.48 105.74832 5496.448 1265.0415 144.99773
116688.72 89.28175 5631.494 1191.0361 145.96661
109906.664 99.53857 4963.1743 1813.4204 141.54433
110544.7 99.53857 4961.1445 1821.2837 141.54433
116404.555 97.73918 5624.573 1221.937 146.26637
117354.84 90.07531 5847.315 1324.2456 146.00975
114577.28 90.07531 5541.829 1317.0259 144.3384
114277.3 98.45744 5221.3374 1634.1646 142.87886
114746.78 98.45744 5206.6636 1658.146 142.87886
