3866.1255 142.87265 1050.5209 89.43933 163.9469
3850.8704 142.87265 1052.808 113.085815 151.80461
3862.8054 116.11183 1064.7432 82.03308 151.80461
3733.9546 138.8136 1028.8279 89.38013 145.20337
3777.4165 151.80461 992.29034 176.08917 147.03775
3650.6633 149.33876 946.5734 126.38397 145.62318
3561.5403 139.43135 993.3821 62.596558 147.16432
3778.3325 145.04329 1019.41364 113.01373 159.2542
3745.1255 149.62454 1006.6251 109.700195 156.50897
3770.1895 147.03775 1017.6246 107.931946 152.81738
3830.1248 142.87265 1045.2495 89.78638 149.62454
3714.967 147.03775 1018.95703 78.45178 154.6745
3730.8708 147.03775 1009.0357 104.94672 151.80461
3572.9653 143.8985 978.1083 75.96106 151.80461
3836.2764 142.87265 1020.6721 112.63599 156.50897
3763.8547 151.80461 1004.9351 187.52814 149.62454
3746.7573 148.66559 1033.0168 88.74072 156.50897
3645.9668 146.3314 940.0791 138.85254 144.64003
3815.1104 138.8136 1074.141 34.680786 152.81738
3515.7246 145.04329 965.4418 78.09436 148.66559
3468.5547 139.43135 962.5827 56.84955 148.66559
3778.4907 146.81595 1030.4288 103.428345 163.9469
3615.675 147.03775 976.3447 106.67859 147.34499
3733.7092 147.03775 1007.2456 108.144165 149.62454
3739.1055 116.11183 1016.81494 137.88965 145.20337
3696.936 138.8136 1038.3036 52.354126 147.03775
3727.5715 138.8136 1042.8579 38.753662 149.62454
3676.701 139.43135 1017.6398 78.90979 145.20337
3550.1494 126.97279 891.08813 183.34497 142.87265
3538.8176 139.43135 945.8392 97.83734 142.87265
3593.9194 139.22101 991.24713 99.65546 144.08519
3534.3293 139.43135 943.0039 130.2583 142.29216
3645.6162 139.43135 988.04626 104.69299 144.08519
3573.342 139.43135 982.0164 96.18463 143.8985
3436.9995 139.43135 941.8591 91.60455 145.04329
3111.2434 119.73065 852.75256 59.55829 145.04329
3162.5508 119.73065 818.72705 145.75012 137.07285
3273.8691 120.58631 901.2011 66.947876 140.76094
3262.6982 114.56345 896.93726 58.301758 140.76094
3438.9165 120.12996 958.74506 59.09735 146.81595
3405.9285 138.8136 950.1284 68.008545 142.98242
3455.3147 140.76094 938.8713 98.963806 141.64267
3216.7305 111.42402 831.7677 143.8197 137.86078
3744.0696 154.6745 999.1151 155.66882 149.62454
3784.7468 142.87265 1037.331 73.98535 154.6745
3633.8752 154.6745 983.0947 93.14661 156.50897
3521.2668 142.98242 968.9437 70.19751 149.62454
3723.5852 138.8136 1032.0071 78.73779 145.20337
3658.7407 125.74078 977.5974 105.46326 142.87265
3759.0254 151.80461 1003.6865 133.07104 151.80461
3676.07 146.695 998.1643 93.14307 145.20337
3758.2502 145.62318 1039.8986 86.63574 149.33876
3782.8945 142.87265 1064.543 65.16528 149.62454
3734.692 142.87265 1031.2628 62.440796 157.1538
3718.2927 154.6745 1019.99384 109.01312 149.62454
3699.3394 141.64267 1010.072 124.39673 147.03775
3709.9424 142.87265 1034.2976 54.55188 157.1538
3664.11 138.49104 1005.1928 74.75421 145.20337
3703.4114 123.55983 1031.5105 50.47522 148.66559
3456.2517 116.20982 855.8937 204.00415 137.33208
3828.892 117.03864 1067.9485 68.839355 156.50897
3617.1702 139.43135 991.5206 73.85071 148.66559
3773.435 138.8136 1029.4585 94.17883 149.33876
3672.8757 149.62454 976.17554 107.8811 168.73624
3751.9954 156.002 983.73883 126.90277 168.73624
3767.4326 147.16432 999.17596 118.627014 150.77475
3728.1526 147.16432 1031.4528 61.977905 169.55359
3697.6694 146.81595 1031.4816 48.024292 152.81738
3711.5667 147.16432 1012.59717 108.023315 152.81738
3756.0806 142.87265 1045.0015 62.081177 163.9469
3687.2256 142.87265 976.1467 101.60913 145.64787
3689.1663 139.43135 997.06177 123.23108 145.64787
3543.4883 116.20982 911.0743 167.8642 139.43135
3480.308 116.20982 902.68085 185.98944 138.49104
3415.508 116.20982 875.7902 169.04437 137.07285
3530.2358 137.53717 947.05164 113.782104 139.83325
3474.175 129.10553 953.49774 90.051575 140.65865
3818.4702 139.43135 1058.843 51.705444 156.0786
3865.1074 116.11183 1072.9119 77.65686 156.0786
3755.1409 146.81595 1020.05664 95.69995 149.62454
3767.974 142.87265 1041.8087 56.712036 159.2542
3789.2695 149.62454 1040.4805 126.03052 151.80461
3778.558 116.11183 1029.769 103.138794 149.33876
3734.9949 126.70641 1030.7853 83.571655 145.62318
