6173.635 47.89979 971.8187 120.81482 58.57526
6322.6035 47.62929 972.67316 192.35358 55.44438
6402.275 43.24795 964.84955 190.30609 54.79729
6128.4517 52.87331 958.3719 164.52899 55.53109
5619.949 19.55452 881.5853 102.85718 53.59465
5809.625 23.2702 907.8576 151.18805 52.12299
5678.8438 44.34787 892.968 127.367004 51.44909
5873.979 47.77325 894.69946 183.11108 51.53568
5897.731 43.21733 923.54285 186.69409 51.44909
5876.7163 33.05769 918.22534 173.65308 51.53568
5814.2476 50.24399 885.96814 210.06567 51.10163
5830.49 49.41675 899.33344 167.41705 51.53568
5923.746 26.59676 902.0459 172.85156 51.53568
5912.0254 45.3028 914.0675 161.63281 51.53568
5983.275 48.75454 904.5954 179.72455 52.33474
6035.3823 43.21733 929.7594 166.53003 52.36256
6052.4497 28.56982 916.539 209.99603 52.36256
6005.348 51.44909 919.423 192.10779 52.36256
6026.304 51.44909 926.4891 163.55511 53.08484
5714.0576 32.08496 916.2506 58.955627 70.19679
5639.0986 38.20188 903.8695 72.34552 64.38441
5802.9834 39.65337 929.68024 67.74652 76.19376
6678.389 43.29747 1055.3827 106.533936 78.03265
6578.561 51.59057 1032.4226 170.65723 58.57526
6472.8643 38.04028 1014.77637 103.87341 57.40421
6711.727 29.70826 1072.4032 88.694214 76.86596
6761.4487 29.70826 1072.8164 103.654175 62.19437
6691.0605 39.63217 1055.3546 112.51965 64.62117
6662.809 30.55366 1067.0295 79.649414 67.2597
6594.777 30.55366 1052.4816 102.16272 64.66654
6577.968 30.55366 1046.56 88.784424 64.66654
6617.3457 30.55366 1049.7539 98.70166 64.66654
6437.1323 57.37252 1016.9543 137.81268 56.81541
6566.108 52.61756 1026.8274 131.23132 58.76171
6657.9194 43.27327 1057.8334 94.642944 84.0742
6490.6504 44.4066 991.8785 167.04669 56.52375
6278.815 53.15444 892.86835 278.14264 55.47938
6191.2773 53.15444 873.845 259.94666 54.86895
6419.3706 58.29802 967.2813 194.05182 59.37655
6484.76 52.79583 999.5799 152.55487 59.37655
6501.222 52.79583 1004.7066 165.15521 61.0541
6351.8984 47.74063 1011.73364 114.61145 57.84421
6314.5728 47.74063 1005.8482 83.172424 57.84421
6308.6626 47.74063 1007.5886 85.00537 57.84421
6274.7036 57.51766 985.3767 150.42883 62.79609
6201.4023 57.51766 990.4124 123.11078 56.81541
6335.355 28.56982 996.60364 122.016846 56.81541
6351.1646 34.38817 1002.9378 124.34393 56.81541
6245.201 47.54001 968.5807 134.32764 56.81541
6166.743 51.05185 971.8185 113.7135 56.37326
6080.494 51.05185 968.6078 96.39368 56.37326
6067.451 53.79684 953.4882 119.91962 56.37326
6132.724 53.79684 982.51385 96.181946 62.79609
6070.3037 40.43753 971.14594 82.15961 57.37252
6072.5728 55.6672 967.3263 113.790405 57.37252
6008.0835 55.6672 952.10205 95.56787 61.66431
6028.412 47.77325 964.07324 87.68201 62.99733
6118.289 32.08496 980.2381 68.66986 61.66431
6339.5205 51.52621 1006.58044 87.7168 60.84615
6361.349 32.08496 1026.6624 80.99158 61.09666
6439.9707 51.52621 1010.27966 109.41748 71.89086
6416.5303 32.08496 1027.0869 94.61951 61.09666
6402.887 32.08496 1034.7322 80.80835 64.09595
6436.345 42.42118 1027.2961 113.91699 58.65578
6111.504 36.72607 939.2251 128.51941 52.50579
6196.003 42.63777 957.00256 125.71912 55.53109
6121.787 42.63777 952.5218 122.710266 54.36641
5800.614 53.28526 820.05115 239.86609 52.3214
5447.5137 39.63221 840.3825 143.09088 51.05185
5338.9956 36.83551 781.9791 200.39886 50.63661
5699.204 39.63221 886.81433 157.81006 51.05185
5815.492 39.63221 893.1626 195.50293 50.94983
6040.868 47.54001 923.41437 243.20416 51.05185
5950.8457 45.05274 912.94305 232.15656 51.05185
5967.4775 42.61887 887.58813 252.17554 50.94983
6047.828 38.0459 935.3577 210.30487 51.05185
5819.2886 48.92436 781.3855 351.18103 51.05185
6054.1577 36.91188 914.74634 239.46301 51.05185
6067.3574 24.83442 901.91846 269.75513 51.05185
6416.741 33.51945 968.2288 219.70612 53.28526
6276.103 36.87025 922.2573 217.99341 53.25053
6473.0635 33.51945 953.4284 234.50983 54.08098
6699.7056 52.20088 1027.9337 159.40796 62.62568
6810.857 47.54001 1061.5369 128.00305 61.29035
6843.0693 52.79583 1085.2097 111.307495 64.95645
6778.8345 49.80157 1034.2231 169.66626 60.52203
6689.3716 53.15207 1011.56915 163.89288 61.29035
6776.2544 53.15207 1029.6727 181.57764 61.09666
6681.8315 53.53115 1006.90936 180.60199 62.62568
6634.072 53.53115 1014.58386 178.31543 62.62568
6381.17 57.95742 954.0822 173.508 61.29035
6204.124 61.29035 947.9746 152.43555 58.29802
6123.915 58.5337 945.8619 139.09381 60.69471
6119.0728 61.29035 941.73914 140.9873 53.53115
6208.58 61.29035 953.06775 145.3606 64.77438
6169.2363 53.53115 965.46497 113.96484 65.77544
6201.3047 53.53115 966.95514 120.89789 65.77544
6146.515 53.53115 973.30396 114.59155 72.3457
6147.24 56.16613 974.03015 122.01526 72.3457
6374.677 57.95742 983.94824 186.17896 63.07981
6158.9004 47.99643 954.3507 154.91223 55.75961
6280.437 47.99643 963.20154 155.13098 55.75961
6432.5703 52.25391 977.2108 155.7185 55.75961
6424.433 52.79583 923.22687 230.66864 55.83956
6279.96 52.79583 916.5978 194.57349 55.75961
6189.4614 52.79583 911.449 190.55432 55.75961
6206.164 50.50341 971.44556 121.161255 55.98789
6193.694 50.50341 958.97516 155.06647 55.64872
6265.7764 26.33491 998.96204 105.99158 55.83956
6137.031 49.33981 925.6095 157.00403 53.25053
6369.7266 50.50341 983.85205 184.83911 55.83956
6160.3604 25.16356 964.0937 133.57733 53.45815
6238.57 44.4066 974.7707 128.18524 53.83783
6336.5044 44.4066 969.5502 145.40198 55.83956
6256.854 12.0222 976.57184 142.32489 54.9494
6288.387 45.3786 978.5973 163.84717 54.9494
6176.243 52.25391 978.42523 108.295715 59.07284
6060.8423 52.25391 938.7072 156.02106 53.49115
6182.874 50.63661 956.0131 174.90228 53.49115
6059.5757 23.2702 868.09424 243.41663 52.25391
5900.9634 53.34857 907.09015 190.02826 52.77489
5952.697 53.34857 907.77295 185.72302 53.11559
5988.8633 53.34857 908.10895 190.3692 53.11559
6080.468 49.12592 916.1408 199.30743 52.79583
6060.618 49.12592 916.4584 180.83923 53.23863
6186.588 49.12592 908.919 251.26495 53.23863
6107.7524 52.79583 917.70935 216.93567 53.23863
6019.779 53.23863 915.2206 193.49988 53.40034
6226.464 53.23863 928.89056 215.31244 55.48955
6281.1807 55.79691 931.4488 219.73883 55.48955
6036.087 52.84802 902.6273 224.14417 53.48249
6080.3237 52.20088 903.9551 239.93628 52.84802
6049.3486 52.20088 913.14557 217.54816 52.84802
6129.9023 52.20088 903.88544 248.7171 53.28449
6122.578 47.74063 940.6659 193.01013 53.28449
6063.7446 51.72654 923.9976 210.88312 53.28449
6173.302 43.29747 960.4564 167.65247 53.28449
6206.4736 46.8869 924.94055 210.29492 52.84802
6203.641 45.3572 934.0903 227.34003 52.84802
6043.8804 40.24377 851.994 279.6919 52.20088
6201.719 46.8869 957.5432 154.02148 52.66116
6154.105 46.8869 950.9528 152.37396 55.00199
6025.5415 47.18692 944.6975 153.46643 53.3777
6002.327 47.18692 908.70404 204.65948 52.20088
6278.7993 52.77489 943.7405 209.22803 53.50201
6328.7144 52.12299 962.93994 187.29517 53.79684
6243.29 52.12299 958.6141 176.20758 53.3777
6175.3237 52.12299 959.2325 170.53717 53.3777
6150.786 52.12299 965.4772 167.05774 53.32561
6205.4497 45.36795 961.4689 167.02734 53.79684
6187.5635 45.36795 960.37683 174.9226 52.39294
6271.581 43.29747 963.99756 186.71558 52.39294
6213.584 43.32732 911.4499 234.14838 52.77489
6154.7666 48.0874 930.9165 190.83032 52.77489
6291.7275 48.0874 952.837 180.24481 54.32402
6185.174 47.89979 949.8408 169.62671 53.59465
6227.6846 34.6991 968.0709 186.3523 53.59465
6287.2417 34.6991 950.731 185.59308 53.93039
6407.266 38.63698 957.32434 206.27637 54.32402
6343.269 36.5253 988.27527 150.23425 55.90015
6441.397 36.5253 995.3349 153.24176 55.90015
6415.44 36.02155 996.0438 148.87244 55.90015
6442.7183 34.0967 994.59216 164.99707 55.8184
6265.7124 34.0967 970.29663 157.24976 55.33995
6181.347 34.0967 959.38617 151.53754 52.79583
6355.461 29.51186 980.9214 161.00891 53.9199
6304.67 32.26907 969.9577 185.83356 53.9199
6284.526 32.26907 968.9391 154.74414 53.77057
6351.529 23.2702 977.93085 155.63593 54.83826
6949.9766 43.02202 1100.4724 111.04907 65.28843
6822.4854 43.29747 1057.4279 171.38647 61.89501
6858.737 43.27327 1065.6946 158.13977 61.66467
6882.2607 43.27327 1072.853 119.72742 67.2597
6602.5005 50.63661 1006.27435 158.12177 60.29772
6734.2676 50.63661 993.85236 180.21283 60.29772
6727.3657 50.63661 1028.355 177.87598 60.73545
6568.5786 45.3028 905.0551 269.67755 55.58563
6715.586 52.25391 921.92017 296.53174 57.75995
6754.6973 57.20359 1001.01306 189.3822 64.62117
6599.5195 57.20359 987.02313 177.31622 56.56695
6459.5347 47.77325 998.1443 160.42883 57.20359
6484.9053 53.79684 989.9921 167.79205 57.20359
6439.2056 53.79684 992.6664 169.17981 57.95742
6592.92 54.04918 1019.68115 171.69568 59.3513
6618.7007 54.04918 1020.8045 174.30707 57.81812
6744.9634 54.04918 1011.1748 207.98718 58.57526
6732.844 44.4066 1025.5083 225.41492 58.57526
6584.227 43.02202 1022.9684 154.8772 57.98466
6460.1367 48.9174 1026.3732 120.049194 60.72734
6579.2944 48.9174 1037.1075 133.69775 60.84615
6599.476 48.9174 1041.6862 122.426025 63.05764
6765.0586 32.08496 1078.551 89.59326 76.18398
6775.822 39.63217 1080.0721 94.71692 66.71399
6751.4785 27.58954 1071.2162 90.27783 66.28608
6781.256 27.58954 1076.3334 105.80823 64.21339
6766.989 27.58954 1082.2264 89.31738 71.13162
6844.578 29.70826 1079.4082 91.3999 71.13162
6886.5083 26.33491 1106.7904 92.63074 64.97086
6900.5327 32.08496 1100.2609 98.82385 79.32166
6863.855 28.56982 1100.8221 95.71448 80.40206
6769.0386 28.56982 1083.6368 90.23804 79.94439
6780.291 39.63217 1072.5664 110.38269 79.94439
6756.4463 39.63217 1079.5176 83.60327 79.32166
6770.3955 26.16173 1090.6322 84.76721 69.97512
6803.1216 26.16173 1077.5114 105.16724 64.66654
6756.5522 26.16173 1077.8206 100.451904 64.66654
6802.9087 26.16173 1106.8069 71.17529 79.32166
6735.6387 26.16173 1059.172 115.67053 61.54085
6761.697 26.16173 1068.8297 128.39124 61.54085
6804.2456 26.16173 1084.893 126.13855 61.66467
6864.291 26.16173 1075.4915 158.45789 61.88343
6864.3984 26.16173 1081.9092 167.8158 61.89501
6674.8384 50.50341 1033.5892 199.6554 59.97424
6707.828 50.50341 1058.5227 128.17065 61.0541
6677.3096 50.50341 1038.3218 162.3407 60.23899
6539.7866 39.63217 1009.0376 135.6831 58.57526
6621.492 39.63217 1019.7793 160.92468 57.40421
6800.375 39.63217 1061.7891 136.87329 59.3513
6862.0483 39.63217 1040.6206 156.42712 59.23911
6792.488 34.0967 1045.0002 178.99109 59.23911
6707.126 43.01931 1005.3916 179.64636 57.75995
6584.4307 50.63661 1010.96136 190.45819 55.83956
6530.699 50.63661 1010.11487 172.703 57.51766
6475.38 50.63661 973.2893 184.6698 55.98789
6450.44 50.63661 947.2103 205.44995 53.28449
6330.3066 52.87331 920.57513 255.44464 56.52375
6296.2573 52.5117 903.1849 278.70807 55.70134
6132.7837 52.5117 896.3318 255.219 53.45815
6301.148 52.79583 950.735 220.84912 55.72735
6451.224 52.79583 966.57733 235.34894 55.72735
6305.463 52.5577 912.38934 229.56915 55.72735
6135.7397 52.5577 911.8003 201.74463 55.72735
6127.0864 52.5577 914.31354 218.43817 53.49093
6050.731 52.5577 914.9158 175.69714 53.45815
6125.4507 52.5577 920.49896 184.12799 53.45815
6018.7935 53.77519 926.90283 187.04932 53.45815
5933.764 54.83826 937.9668 113.18872 59.70639
6035.453 54.83826 937.52466 107.343506 55.04761
5942.3936 52.77459 940.4022 106.4906 55.04761
5899.3184 52.77459 942.84424 78.019165 57.62215
6077.199 52.77459 948.0579 172.66742 55.04761
5899.317 52.77459 942.8442 78.019226 55.04761
5906.322 48.0874 927.5166 137.18787 54.83826
5789.439 44.67881 917.28534 126.557434 53.64393
5751.787 43.09018 890.366 138.4975 53.32561
5734.676 27.93332 906.7395 105.846985 53.32561
5734.696 39.29473 885.50525 139.43005 52.88475
5722.4644 43.09018 888.876 137.88647 53.32561
5628.75 38.71996 906.5273 76.79663 66.33882
5662.163 30.08806 906.30743 84.64838 54.86895
5652.211 30.08806 903.0077 75.64697 58.73518
5627.292 24.20142 901.899 79.02191 54.66814
5792.6655 30.08806 911.5034 102.92969 54.44818
5715.5195 45.90413 891.6999 115.59711 54.66814
5655.22 45.90413 893.2788 109.90485 54.66814
5589.7915 35.62455 890.9408 89.979675 54.66814
5607.833 35.62455 897.0944 92.3067 54.44818
5557.984 46.5393 874.6642 123.68005 54.44818
5545.2354 44.07455 890.3072 73.97046 63.33948
5583.465 44.07455 890.46027 90.85797 54.44818
5474.348 46.77796 857.28925 98.81995 54.44818
5489.363 46.5393 872.4554 89.677246 53.48249
5539.4214 46.5393 877.68835 105.50122 53.48249
5596.693 46.5393 873.2541 124.83362 54.07242
5774.6167 42.61887 905.8557 89.77374 54.83826
5805.6865 42.61887 918.2019 111.61975 53.45815
5845.4536 37.15995 899.1077 128.03448 53.48249
5815.159 37.15995 906.86835 112.08905 53.79684
5867.5176 47.16864 921.1322 138.32361 53.79684
5955.086 47.16864 932.1701 130.67804 54.94085
5954.2285 47.74063 923.4321 139.86816 54.94085
5861.7456 45.33459 908.3865 126.84595 53.79684
5886.9224 47.74063 913.6853 132.03491 53.79684
5891.3364 45.33459 913.6868 129.84247 53.79684
5886.9214 47.74063 913.68536 132.03485 53.79684
5892.2925 47.74063 913.48773 136.08197 53.79684
6032.199 32.64738 938.14185 119.58301 53.79684
7005.1855 28.56982 1112.5707 96.8374 68.02489
6930.065 26.16173 1114.6809 85.664795 68.80523
6889.2725 26.16173 1082.4865 130.39136 64.09595
6840.5806 26.16173 1065.2424 123.80481 64.09595
6912.4297 26.16173 1086.0872 132.08154 63.11359
6898.7827 42.42118 1077.208 131.32764 63.11359
6927.8076 24.83442 1047.6494 187.39307 63.11359
6904.044 32.08496 1076.5879 141.6112 63.11359
6915.3804 32.08496 1079.8308 149.70471 63.25774
6809.769 32.08496 1067.4199 126.21118 63.11359
6819.617 43.29747 1086.483 138.7572 64.66654
6786.553 43.29747 1061.6165 166.00037 63.07981
6627.795 43.29747 979.372 189.39679 57.36559
6592.0615 45.84191 991.2855 191.87842 57.36559
6680.445 45.84191 993.9228 232.88483 57.20359
6727.657 34.0967 995.65204 191.97736 57.20359
6756.609 45.84191 1017.71313 185.0509 57.75995
6669.5063 15.87961 1004.54144 168.95209 56.62727
6665.749 26.22766 1021.9962 178.3263 56.81541
6611.7197 44.34543 973.1465 234.34412 56.81541
6683.703 47.74063 1037.7736 182.31921 58.79998
6632.9653 50.52188 1024.6202 168.63416 60.73545
6556.762 50.52188 1015.1848 178.76562 57.20359
6543.3315 50.52188 1011.58704 176.6134 57.20359
6493.673 45.33459 1005.4622 160.9693 57.20359
6511.2646 45.33459 1005.30054 166.88098 57.20359
6550.3486 44.4066 1030.6198 172.05627 57.37252
6595.6562 44.34543 991.5708 201.25647 57.37252
6280.8364 58.57526 983.1505 186.64563 63.87067
6402.0264 58.57526 966.411 182.8468 65.56113
6562.243 58.57526 995.6746 175.00958 65.77544
6426.0728 58.57526 935.10724 246.23859 57.37445
6487.884 58.35139 976.0774 216.71582 57.37445
6285.033 53.15444 885.7275 286.08722 55.13396
6248.2637 53.15444 894.3732 278.49762 55.47938
6229.9116 53.15444 896.53784 284.63684 55.47938
6924.697 47.74063 1020.5863 252.9867 64.62117
6663.6914 53.79684 887.8069 335.76135 57.20359
6615.4624 53.79684 870.75323 314.49652 57.20359
6815.747 50.63661 1063.2677 153.6615 64.62117
6846.4717 43.02202 1065.8658 155.53503 63.05764
6848.3057 43.02202 1072.71 163.09265 60.23899
6794.074 50.63661 1032.7471 204.0365 58.68788
6726.133 50.35661 1018.24146 179.30127 60.23899
6756.097 37.02857 1048.2057 133.95972 60.23899
6606.811 37.02857 1025.9426 126.94104 58.95457
6692.952 37.02857 1039.088 133.9336 60.69471
6575.5723 37.02857 1025.309 130.00635 55.92247
6499.285 26.64654 1008.7619 204.0943 55.28903
6520.2793 32.08496 1006.8542 134.40656 55.28903
6288.654 32.08496 971.3108 143.78491 55.13396
7002.438 47.74063 1073.0443 187.25049 67.74534
7037.34 47.74063 1100.6962 132.01318 68.02489
6895.6484 56.73611 1042.9211 161.14575 62.78536
6939.851 62.40524 1087.123 133.6178 68.02489
6851.392 58.60348 998.665 212.80463 62.40524
6806.853 63.67736 1003.061 198.72919 58.966
6718.9805 56.03937 992.9994 198.18347 58.966
6768.9956 38.0459 1022.6054 176.09174 58.966
6846.347 38.0459 1061.6028 148.99841 60.03948
6618.839 54.04918 872.7117 340.66638 57.44123
6801.4756 54.04918 1023.0719 185.51465 58.68788
6635.774 56.73611 975.90717 221.60931 58.65578
6708.9766 43.29747 1010.4153 177.97021 58.68788
6568.2695 58.65578 908.4035 257.6817 57.44123
6382.971 58.65578 884.37604 284.99725 56.73611
6246.848 58.25325 895.0501 248.28522 56.73611
6178.2534 58.25325 883.96405 258.12067 55.9977
6224.5747 56.99813 944.7416 197.40112 55.9977
6269.6543 56.99813 935.007 227.25262 55.9977
6459.33 59.19932 963.8632 208.76654 58.78363
6270.1396 59.19932 932.99805 195.96179 60.23899
6229.813 59.19932 936.2023 195.14319 58.78363
6236.181 59.19932 934.7458 206.67047 58.78363
6418.466 52.77524 963.14996 203.20294 55.98789
6337.1855 52.77524 887.4173 266.99786 55.3122
6158.5054 57.51292 868.1082 256.36224 55.6672
6168.7964 57.51292 876.8694 263.6234 55.6672
6187.41 57.51292 870.79926 266.66962 54.66814
6168.5034 57.51292 865.4276 271.8944 54.08098
6187.4106 57.51292 870.79926 266.66974 55.6672
6265.828 57.51292 880.1924 279.40198 54.79739
6465.849 54.66814 907.09534 299.33533 55.92247
6311.096 54.66814 882.8368 292.7528 55.75961
6793.3164 32.08496 1047.3606 165.06616 59.17571
6717.905 34.30858 1031.2202 187.35205 57.40438
6668.6377 52.79583 1010.09863 224.35046 57.37252
6710.6763 52.79583 1001.6371 223.55542 57.37252
6842.8345 44.4066 1043.4735 197.43213 60.23899
6766.8706 47.54001 1027.0924 174.29968 60.23899
6665.4185 38.33417 1015.18896 162.1554 57.75848
6595.671 38.33417 1026.4685 166.8335 57.75848
6577.5933 34.6991 1041.5382 119.11145 58.62723
6676.6426 43.02202 1058.5984 103.31323 59.06736
6581.124 43.02202 1024.4601 132.89648 58.62723
6474.787 47.27172 1018.21173 115.04401 57.37252
6449.7954 38.0459 1026.915 91.5907 57.37252
6577.9326 43.24795 1028.369 155.3429 57.37252
6433.896 46.74719 1028.1049 117.944824 57.37252
6432.6855 46.74719 1025.1216 98.180664 57.37252
6533.954 46.74719 1036.9739 122.77881 57.37252
6370.1157 55.44438 849.2492 292.76776 53.14362
6280.6685 43.24795 866.1112 284.20605 53.14362
6418.8013 43.24795 855.7008 308.53455 53.14362
6527.299 43.27327 962.147 222.9165 55.44438
6588.9053 19.55452 1014.5978 152.74084 55.44438
6558.444 24.83442 1007.8791 191.8609 55.44438
6644.8857 43.24795 1004.83875 172.02917 54.80323
6619.272 19.55452 1018.2272 174.10486 56.35368
6711.766 43.24795 1012.10504 183.62762 56.62727
6685.5312 43.27327 1021.8581 175.58234 56.62727
6616.7256 43.27327 1021.7715 150.50671 56.62727
6717.877 43.27327 1036.461 141.69409 60.69471
6725.2026 47.54001 1044.485 160.6051 60.23899
6595.6875 47.54001 1000.1173 196.68713 57.75995
6668.5806 47.27172 1038.2361 164.79517 57.75995
6752.061 35.6964 1042.6157 173.26636 57.75995
6785.243 35.6964 1045.1458 179.99524 57.75995
6716.1562 33.14784 1052.8882 160.6344 57.75995
6710.522 35.6964 1065.2158 139.45483 57.75995
6582.636 19.55452 1042.0729 117.37549 58.62723
6475.94 35.6964 1024.5967 110.75073 57.37252
6508.9614 35.6964 1043.2122 102.727295 60.23899
6399.7026 35.6964 1006.9023 147.0517 55.64872
6275.2715 35.6964 984.87866 113.5166 55.64872
6407.32 35.6964 1027.0107 89.91809 65.85149
6285.8594 38.33417 953.9856 159.59265 55.6672
6269.708 38.33417 984.09174 106.41559 56.52375
6246.57 45.36795 970.09766 139.72241 56.52375
6222.7476 45.36795 971.4305 127.61163 56.52375
6280.4863 41.46089 967.448 127.46753 56.52375
6366.913 45.36795 1028.3474 80.59265 67.2597
6453.9204 45.36795 1032.9666 99.59412 79.36481
6457.4478 41.49408 1036.4937 90.67041 77.16813
6427.069 41.49408 1032.058 80.31836 76.65675
6352.0703 41.49408 1007.0577 91.79535 65.25851
6334.2153 41.49408 1009.0438 97.77185 65.25851
6332.4966 44.07455 1015.7877 89.877686 65.25851
6334.2163 41.49408 1009.04376 97.77191 65.25851
6332.496 44.07455 1015.7878 89.877625 65.25851
6328.4956 35.6964 1007.1188 85.89783 65.25851
6395.3906 32.08496 1028.1582 76.618286 65.25851
6403.604 32.08496 1026.0804 72.05957 65.25851
6395.483 32.08496 1032.0612 91.048096 62.3626
6299.372 32.08496 1023.6907 69.3949 67.2597
6274.5835 32.08496 1002.2093 81.181335 59.42058
6178.2656 32.08496 980.6487 75.82068 59.17571
