124928.59 138.94272 6150.6465 1057.3716 138.6243
123236.48 113.86264 6336.786 633.90576 142.82094
124177.75 121.71368 6236.191 913.9512 138.6243
128582.37 123.81409 6632.892 698.02734 148.81927
128340.61 123.81409 6639.0957 692.35596 148.81927
128006.18 123.81409 6621.5273 707.333 148.78528
124217.85 127.75874 6282.711 827.354 140.37236
125469.97 121.98328 6526.2466 587.90674 144.43617
124440.195 126.97676 6405.368 626.8638 143.92137
124019.47 126.97676 6397.9316 622.7246 145.15428
122395.0 128.85912 6115.1465 880.3589 139.2714
122756.91 126.15767 6139.281 860.5386 139.2714
122422.5 126.15767 6151.7026 865.50977 139.2714
116294.03 94.87022 5383.192 1551.5781 132.23616
116082.945 94.87022 5390.6064 1508.7856 132.23616
116122.2 94.87022 5389.5967 1641.5835 132.23616
115720.195 94.87022 5362.989 1421.0493 131.52065
115801.055 94.87022 5404.4023 1429.5542 131.26195
115614.97 94.87022 5434.3296 1366.4463 131.26195
115526.55 94.87022 5448.4463 1362.7666 131.26195
114658.31 94.87022 5439.058 1310.4575 131.52065
118014.9 107.94089 5504.329 1334.6323 133.51483
118548.0 107.94089 5533.7188 1340.5527 133.51483
118907.93 97.73918 5668.8535 1342.125 132.53271
118989.19 97.73918 5655.228 1383.3594 132.53271
119216.67 97.73918 5621.891 1414.0522 133.98392
119512.69 106.11704 5621.772 1442.4453 133.98392
119120.39 106.11704 5608.5684 1463.5044 132.26207
118863.76 109.89557 5617.2007 1451.0962 132.26207
118952.46 109.89557 5640.438 1451.227 132.26207
119716.266 109.89557 5642.5386 1473.9087 132.26207
122574.05 111.27056 5758.849 1346.1206 135.20143
122670.09 115.48722 5757.665 1415.3691 135.74118
123661.86 117.97775 5736.249 1357.7695 138.02145
125066.05 113.86842 5734.896 1536.0918 138.21902
123533.05 120.0433 5744.0044 1361.1812 137.57137
127450.96 113.86264 6551.0073 638.4614 146.3265
127338.81 113.86842 6533.979 677.77344 145.10898
125625.16 129.5067 6514.3364 586.79297 149.25032
126023.15 131.12895 6514.325 606.04346 149.25032
126035.98 113.86842 6573.814 579.2988 148.4634
124923.47 106.63748 6551.8643 522.6328 145.10898
125717.32 106.63748 6574.8623 559.5376 145.10898
126219.74 129.5067 6569.932 593.89453 150.7114
127270.36 121.98328 6386.0557 941.65967 144.175
127480.51 129.3894 6412.8696 919.4927 151.2861
127181.25 125.77295 6380.6655 1001.6987 143.19392
127281.36 128.25 6449.7114 850.3125 145.10898
127387.88 126.9536 6403.772 925.6382 146.2289
124400.0 123.91787 6426.1235 616.11426 143.99704
124380.5 134.44469 6362.837 652.7632 147.03877
125872.32 134.19667 6418.001 698.2822 145.89055
124496.33 134.19667 6451.874 636.81445 150.68959
126546.08 135.20143 6470.9565 800.4697 149.25032
126510.4 135.20143 6482.9663 785.59863 149.25032
126826.08 135.20143 6482.5215 805.77 149.25032
127384.8 130.71074 6522.446 797.66797 149.25032
127478.3 131.12895 6398.82 861.1304 145.14844
127096.87 131.12895 6249.432 1049.8701 145.10898
126899.17 134.6087 6453.8486 859.1328 148.11597
126768.14 134.6087 6486.7744 797.147 148.11597
126249.414 134.6087 6483.1875 808.8237 147.89226
125236.56 133.49161 6329.1562 800.33105 142.94873
127316.5 133.87474 6420.6987 848.5293 146.32124
126941.0 107.81284 6511.997 670.5664 142.82094
122225.37 113.86842 5949.477 1068.1792 137.73598
122140.66 113.86842 5937.543 1038.564 137.73598
122207.445 113.86842 5929.921 1056.7173 137.73598
122569.484 121.16368 5920.906 1080.9048 137.73598
122458.78 123.91787 5916.9116 1100.8135 137.73598
121928.5 106.88264 5902.148 1080.6562 135.88303
122036.97 106.88264 5840.1333 1122.7871 135.41707
121902.5 106.88264 5864.964 1108.956 135.41707
123783.336 106.88264 5881.827 1175.6191 135.56146
123195.35 106.88264 5903.0137 1128.5342 135.56146
123273.27 106.88264 5921.86 1133.3901 135.56146
122762.47 106.88264 5900.6963 1111.7959 135.56146
122644.1 106.88264 5892.3438 1137.9067 135.41707
122186.23 106.88264 5878.8667 1131.4697 135.41707
122445.76 106.88264 5935.8857 1094.6011 136.72815
122641.52 106.88264 5926.334 1093.4272 136.72815
120869.56 106.88264 5925.711 1026.0576 135.41707
121893.36 112.21345 5883.7476 1165.251 135.50793
121669.81 113.86842 5913.671 1068.0835 137.57137
119343.8 89.27043 6016.068 863.874 137.73598
119693.66 89.27043 6006.1304 881.81396 137.73598
119860.266 89.28175 5989.0894 874.5405 135.92345
119849.71 89.28175 5998.029 858.1001 135.92345
120646.336 107.81284 5961.12 915.8804 135.91469
120293.89 108.35525 5987.3696 880.0156 135.91469
121628.98 106.63748 6009.415 971.1494 135.91469
121603.555 106.63748 6040.8726 947.9092 135.91469
122329.02 106.63748 6043.0435 974.126 137.24153
121636.44 108.35525 6029.971 948.6128 137.24153
122136.586 108.35525 5982.892 999.42334 137.24153
122164.08 108.35525 5953.828 1053.9121 137.24153
121764.19 108.35525 5986.57 1005.8594 135.95828
121969.64 108.35525 6007.915 1024.0679 135.91469
121798.734 108.35525 5987.068 1071.0659 135.90369
121939.63 108.35525 5975.481 1066.1567 135.90369
121951.42 108.35525 5954.5894 1037.3511 135.90369
122155.57 108.35525 5938.2583 1057.1382 135.90369
121610.26 108.35525 5981.4644 994.8716 135.90369
122471.49 106.63748 6004.4185 1019.17773 135.91469
122376.65 106.63748 5966.2134 1079.0723 135.90369
122988.41 106.63748 5953.568 1093.3706 136.72815
122816.78 106.63748 5948.428 1067.604 136.72815
122328.97 108.35525 5954.1865 1106.2461 137.73598
122549.25 107.81284 5949.7427 1084.4185 137.73598
123008.73 107.80138 6027.662 1058.1172 137.73598
120462.67 117.41637 5787.306 1223.0176 134.19667
121288.01 117.41637 5900.736 1045.6719 136.55138
120900.64 117.41637 5902.9224 1034.7944 136.55138
120793.52 117.41637 5915.6606 1047.4224 136.55138
121098.54 117.41637 5927.589 1073.5312 136.55138
121361.24 117.41637 5918.191 1073.0796 136.55138
121757.93 117.41637 5956.1094 1074.9805 136.55138
122294.39 118.35303 5990.517 1137.2012 137.73598
122221.03 118.35303 5980.25 1087.5688 137.73598
121991.28 118.35303 6034.746 1086.9932 137.73598
122773.65 109.89557 5876.1147 1197.7056 135.91469
122403.08 123.17925 5907.901 1147.4512 135.91469
119689.15 109.85083 5887.672 1064.5605 135.5256
119834.625 109.85083 5921.0723 1065.3535 135.5256
119201.76 109.85083 5891.6987 1079.9033 135.28949
119306.84 109.85083 5881.9263 1099.7393 135.28949
118403.95 119.95502 5848.814 1117.7227 135.28949
118201.85 119.95502 5826.782 1143.0059 135.20143
118915.33 107.80138 5865.8447 1112.1743 135.20143
119214.21 106.63748 5865.9775 1106.3042 134.86746
121204.61 116.87633 5740.3984 1428.916 135.20143
121141.37 116.87633 5750.7188 1363.0312 134.86746
120922.984 116.87633 5825.901 1262.437 135.20143
121103.91 116.87633 5813.444 1258.0796 135.20143
120937.22 116.48429 5761.7476 1323.5293 134.86746
122060.67 110.75565 5797.0347 1352.7925 134.86746
122501.4 106.63748 5808.8486 1299.5669 135.11949
122136.86 110.75565 5830.5957 1270.4531 135.11949
121919.74 110.75565 5852.7837 1214.8994 134.86746
121940.016 110.83502 5833.572 1242.9844 134.86746
121381.57 110.83502 5798.914 1217.9326 134.86746
121215.49 119.41715 5733.5845 1339.2085 134.86746
120991.38 118.35303 5728.8613 1325.4365 135.11949
120034.95 116.48429 5847.185 1130.6025 135.27373
121975.74 116.48429 5875.485 1228.1675 135.11949
121700.4 116.48429 5835.375 1226.8633 135.11404
121227.4 116.48429 5791.858 1273.5781 135.03815
121604.29 116.48429 5836.57 1186.6436 135.11404
121757.05 116.48429 5842.148 1213.0967 135.32971
121840.164 116.48429 5921.7764 1096.773 136.47415
122018.234 107.6083 5947.495 1104.3809 136.47415
123814.24 116.48429 5944.3413 1159.6509 136.72815
123684.53 116.48429 5975.907 1159.7075 137.57137
123442.07 113.14942 5981.5576 1151.2329 137.57137
123426.44 106.63748 5980.577 1125.1289 137.57137
122827.24 106.63748 6012.9487 1069.2236 136.72815
121848.76 113.14942 6000.804 1058.6733 137.68944
121425.3 116.48429 5963.116 1104.2417 136.72815
121523.47 115.4727 5969.691 1103.7529 136.72815
121709.336 110.83502 5983.9224 1076.3296 136.72815
121790.39 110.83502 5966.2114 1094.7285 136.72815
121561.38 110.83502 5961.4995 1029.0996 136.72815
121975.38 116.48429 5926.4736 1173.6533 135.90369
122249.14 116.48429 5915.341 1189.0068 135.90369
122400.12 116.48429 5880.893 1219.9019 135.90369
122927.664 110.83502 5963.171 1151.4863 136.72815
123095.26 110.83502 5951.19 1154.4907 136.72815
121724.59 110.83502 5943.6157 1137.3423 135.20143
122277.68 110.83502 5952.3555 1164.0854 135.20143
122438.68 110.83502 5939.7197 1187.9727 135.28949
122417.03 107.80138 5928.5264 1182.9185 135.28949
122603.75 107.80138 5898.068 1262.4385 135.28949
122769.8 107.80138 5895.1904 1279.3677 135.28949
122848.59 107.80138 5974.2275 1174.0112 135.90369
122652.42 110.83502 5994.7017 1146.9521 135.90369
122369.53 110.83502 5991.438 1116.2588 135.90369
121336.03 116.48429 5930.688 1194.2393 135.28949
121606.875 116.48429 5920.843 1161.2422 135.1779
121120.12 116.48429 5932.7407 1135.376 135.1779
121766.88 109.85083 5961.9097 1132.0054 135.1779
121603.44 109.85083 5975.512 1171.2783 135.28949
121554.94 116.48429 5975.311 1161.8345 135.90369
121790.3 116.48429 5959.76 1153.4038 135.90369
121881.89 116.48429 5898.7876 1241.2256 135.32971
121724.484 114.79426 5900.18 1228.9453 135.28949
121808.43 114.79426 5915.242 1279.7886 135.28949
121219.34 114.79426 5979.2056 1159.2822 135.28949
121659.06 116.48429 5951.5747 1151.5874 135.32971
121564.66 116.48429 5945.458 1138.541 135.32971
121388.97 116.48429 5959.4033 1076.8882 135.90369
120862.83 115.97282 5963.342 1052.8774 135.90369
120813.37 115.97282 5970.5654 1040.0952 135.91469
120811.414 115.97282 5960.4585 1007.39355 135.91469
121412.74 113.14942 5993.236 1035.0186 135.90369
121548.984 115.97282 5940.615 1092.9941 135.32971
121464.06 115.97282 5924.538 1068.4966 135.32971
121689.85 115.97282 5918.006 1072.7222 135.32971
121485.99 115.97282 5922.91 1088.4204 135.91469
121910.51 106.63748 5950.9487 1074.6528 135.32971
122677.42 106.63748 5907.5825 1142.7886 135.32971
122166.91 106.63748 5890.4106 1112.3076 135.32971
121552.0 106.63748 5925.8706 1052.7119 135.32971
121317.78 106.63748 5925.58 1033.6255 135.32971
120460.72 106.63748 5921.5093 1042.4336 135.11949
119620.37 106.63748 5857.4785 1059.7212 134.19667
119634.914 106.63748 5848.0244 1087.7612 134.19667
119676.3 106.63748 5846.073 1105.8335 134.86601
119942.67 106.63748 5841.9595 1134.1045 134.86601
119715.664 106.63748 5828.1514 1117.4014 134.86601
121073.73 113.93409 5860.1333 1262.1782 134.86601
120722.49 113.14942 5888.6025 1204.2837 134.86601
120377.9 104.85193 5906.864 1161.4155 134.86601
120317.734 104.85193 5926.085 1117.1885 134.86601
119600.12 104.85193 5959.3213 1101.0225 134.86601
119088.8 104.85193 5945.117 1093.4199 135.28949
120138.05 104.85193 5910.5103 1012.2251 135.32971
119916.625 104.85193 5986.1187 1007.9575 135.32971
120479.14 104.85193 5961.9097 1030.3682 135.32971
120623.61 104.85193 5946.3154 1052.5615 135.32971
120341.68 104.85193 5934.868 1065.498 135.28949
119824.59 104.85193 5937.106 1011.35156 135.28949
119948.09 104.85193 5922.545 1033.4243 135.28949
119444.14 104.85193 5942.0117 1023.2495 135.28949
120795.74 113.14942 5994.994 935.1343 135.90369
117886.7 113.93409 5854.394 964.7993 135.90369
117785.38 115.73084 5882.2837 932.8467 137.73598
119057.73 111.27056 5882.8955 1011.43604 135.50793
119501.74 107.81284 5913.8037 999.2051 135.56146
118984.53 107.81284 5900.968 968.6675 135.56146
118842.32 112.21345 5900.07 995.0381 135.56146
118995.01 112.21345 5901.526 984.0615 135.74118
118845.09 113.86842 5908.8306 969.79736 135.74118
119576.13 113.86842 5947.6616 925.39453 137.73598
120049.7 122.03947 5946.7925 956.45557 137.73598
121865.266 109.91685 5969.662 1066.5605 136.39369
121811.34 109.91685 6002.1875 1033.1553 137.24153
122138.4 109.91685 5999.677 1046.311 137.24153
121979.21 109.91685 6002.717 1022.9912 137.73598
121464.86 122.96712 5978.295 1047.3145 137.73598
121931.16 120.19519 5956.8 1104.6338 137.73598
121707.445 120.19519 5939.9136 1094.8159 137.73598
121307.305 104.96394 6031.573 898.9502 137.73598
120739.945 104.96394 6042.2773 896.30273 137.73598
121627.27 106.63748 6047.119 950.85205 137.73598
121567.1 120.19519 6011.4937 1079.0942 137.73598
121453.71 120.19519 6013.732 1015.47363 137.73598
121341.76 120.19519 6035.9966 988.9072 137.73598
121122.99 115.97282 6051.086 933.43945 137.73598
121061.95 120.19519 6001.1763 977.8203 137.73598
121342.93 120.19519 5986.9814 1009.22314 137.73598
122247.15 109.89557 5993.9097 1025.8027 137.73598
121635.336 109.89557 6041.903 1027.3545 137.73598
121390.664 114.8572 6026.1543 957.5029 137.73598
121255.305 114.8572 6028.496 971.2412 137.73598
121664.81 114.8572 6008.313 1070.709 137.73598
121948.305 114.8572 5956.418 1079.9307 137.24153
121763.62 114.8572 5986.223 1151.4692 137.49902
121488.3 126.53001 5970.545 1096.5591 137.49902
121367.65 123.7683 5993.259 1041.2466 137.49902
121653.86 123.7683 5977.563 1094.6934 137.70534
122036.49 118.35303 5958.911 1086.6543 137.49902
121116.734 118.35303 6033.077 996.4346 137.49902
121657.8 118.35303 6016.5576 1056.1982 137.49902
121858.875 118.35303 5966.545 1102.0659 137.49902
121670.445 118.35303 5982.6997 1077.2695 137.49902
121991.625 118.35303 5952.758 1085.9243 137.49902
122174.45 118.35303 5976.6465 1059.5977 137.66968
122139.52 118.35303 5993.3755 1027.2954 137.66968
121836.664 113.14942 6026.785 969.3364 137.49902
121633.77 119.68896 6030.222 979.59717 137.49902
121306.586 119.68896 6025.3833 950.7002 137.49902
121239.14 119.68896 5888.684 1092.1914 135.91469
120619.16 115.97282 5882.568 1049.8774 135.35979
120588.91 115.97282 5914.169 1008.0923 135.74118
120646.945 119.68896 5936.4834 996.062 135.91469
120999.77 119.68896 5932.95 1049.0371 135.91469
120440.42 119.68896 5965.939 1014.6626 135.91469
119961.414 119.68896 5964.838 987.19385 135.91469
119764.516 119.68896 5966.315 988.50977 135.91469
120358.34 118.98245 5986.7256 968.1211 135.90369
120007.73 118.98245 5987.2554 967.46826 135.90369
119903.24 119.68896 5972.8877 993.31934 135.91469
120141.305 119.68896 5979.379 1021.3804 135.91469
120294.08 119.68896 5948.6016 1048.4272 135.90369
120228.21 121.91413 5917.2505 1091.1719 135.90369
119818.93 121.91413 5896.126 1039.794 135.90369
119728.62 121.91413 5915.056 1017.2075 137.57137
119453.266 121.91413 5922.0093 989.85205 137.57137
119616.445 121.91413 5907.8984 1013.4263 137.57137
119102.56 121.91413 5929.8613 1016.2529 137.57137
118728.35 121.44351 5902.3433 1000.5737 135.91469
118768.28 120.67413 5901.565 1021.55176 135.91469
118340.055 120.67413 5898.9116 1040.7725 135.90369
118193.31 120.67413 5912.548 1025.832 135.90369
118330.75 120.67413 5875.475 1090.6011 135.74118
118395.48 120.67413 5840.262 1100.898 135.74118
119934.05 119.68896 5845.841 1165.6206 135.35979
119348.72 119.95502 5856.923 1134.8022 135.35979
119365.164 119.95502 5905.2485 1102.978 135.74118
118758.11 119.95502 5912.114 1051.5493 135.90369
118507.92 119.95502 5898.67 1046.2578 135.74118
118325.79 119.95502 5881.8413 1045.7549 135.74118
118447.836 119.95502 5867.3213 1044.2578 135.74118
117930.484 118.01648 5850.7446 1032.498 135.28949
117897.57 118.01648 5845.985 1026.8828 134.19667
117428.914 110.80491 5832.0815 1024.06 134.19667
117999.02 107.80138 5823.9683 1046.4824 134.19667
119029.09 107.80138 5876.582 1027.3569 135.28949
119351.75 111.52749 5886.4673 1057.7329 135.6303
119480.64 111.52749 5872.1797 1055.6201 135.28949
119128.19 114.53787 5843.5464 1089.8784 135.28949
119350.81 117.93085 5836.479 1121.501 135.28949
119465.89 114.8572 5910.545 1002.83496 135.74118
120970.22 107.81284 5911.6577 1031.3833 135.74118
120740.77 107.81284 5915.1025 1056.5864 135.74118
120331.65 107.81284 5955.962 1073.2012 135.74118
120652.86 107.81284 5943.8438 1042.4131 135.74118
120683.73 118.35303 5932.4165 1069.7485 135.74118
120398.0 118.98245 5943.1216 1042.915 135.74118
120656.875 118.98245 5942.2256 1017.646 135.74118
121084.914 118.98245 5913.7573 1078.354 135.74118
121005.375 118.98245 5952.9575 1062.688 135.90369
121234.05 118.98245 5921.717 1110.9624 135.90369
121143.28 118.98245 5920.0063 1152.6885 135.74118
121012.55 118.98245 5930.6294 1110.3169 135.74118
121035.336 118.98245 5927.236 1079.625 135.74118
121199.61 118.98245 5903.7334 1086.8442 135.74118
121458.66 118.98245 5913.244 1087.3267 135.74118
121117.22 118.98245 5904.7666 1078.082 135.74118
120887.22 118.98245 5874.4917 1109.4087 135.35979
121210.945 118.98245 5859.786 1169.4253 135.35979
120590.125 118.98245 5882.4155 1171.8232 135.35979
120327.67 118.98245 5885.9497 1166.291 135.35979
119377.95 118.27859 5875.06 1137.1802 135.35979
120275.164 118.98245 5861.501 1113.3672 135.32971
119438.0 118.98245 5778.207 1155.6719 134.61526
119106.39 118.98245 5815.055 1106.9897 134.61526
118235.24 114.54074 5741.82 1127.9209 133.76689
119018.35 114.54074 5768.639 1153.9946 133.76689
119398.266 120.67413 5820.949 1112.603 134.61526
121277.47 121.91413 5816.094 1245.3071 135.35979
122020.96 118.27859 5898.425 1156.8848 135.55713
121834.67 121.91413 5904.064 1136.6152 135.50793
121615.8 120.97467 5911.6836 1129.9951 135.50793
122267.4 119.68896 5872.666 1207.2627 135.50793
122590.0 119.68896 5909.035 1236.1772 135.50793
122652.02 119.68896 5875.8633 1311.6948 135.50793
129171.65 107.81284 6689.69 606.81396 146.3265
129131.266 107.81284 6727.507 575.2671 146.3265
129125.67 122.43136 6743.531 582.2964 147.03877
128758.74 123.81409 6499.9946 760.1421 150.68959
128404.24 123.81409 6490.9336 720.9404 147.21472
128139.21 123.81409 6451.6123 782.0991 147.03877
127879.586 126.15767 6545.5747 725.79004 147.56624
128144.766 123.17925 6574.693 671.354 146.3265
127365.29 126.15767 6280.711 984.292 142.94437
126631.625 127.09281 6260.676 932.40625 142.61728
125583.016 128.85912 6293.9043 840.1802 141.99377
126496.17 131.75862 6257.202 944.1001 141.71442
125871.9 131.75862 6216.3965 975.2539 141.57582
124986.47 131.4633 6157.0796 984.3198 141.41927
125712.266 125.08518 6358.303 849.73926 140.73134
124854.914 131.57504 6160.828 980.2207 140.73134
123067.12 126.53001 6263.954 782.54346 140.47026
123683.695 118.98245 6231.764 813.6792 138.50993
123830.72 118.98245 6185.454 896.94775 138.50993
123272.96 119.41715 6165.523 876.38184 138.50993
123231.09 119.41715 6176.1406 866.5532 138.50993
123880.57 127.75874 6224.909 913.542 138.50993
123917.47 121.98328 6214.4824 948.42676 138.50993
124338.57 124.68573 6168.174 989.917 138.19287
124434.17 124.68573 6208.72 999.9199 138.79239
124215.95 120.34402 6226.2607 1002.9414 138.79239
124466.18 124.68573 6186.0874 1016.646 138.79239
124266.516 119.00577 6203.308 984.83545 138.79239
124257.31 119.00577 6250.823 963.9038 138.79239
123982.65 124.68573 6222.311 965.8418 138.79239
123461.375 124.68573 6233.4556 961.6118 138.79239
123070.914 119.41715 6223.3213 876.52246 138.79239
123343.76 95.74289 6281.0625 863.71533 138.79239
123311.94 95.74289 6289.2837 817.75977 138.50993
123499.87 95.74289 6313.124 865.6299 138.50993
123566.48 95.74289 6284.879 894.70996 138.50993
123573.05 109.85083 6275.2036 871.45264 138.50993
123837.36 109.85083 6265.167 902.0493 138.79239
124088.75 109.85083 6252.0317 922.78906 138.79239
124667.945 109.85083 6265.177 989.24365 138.79239
128040.03 107.81284 5977.5015 1398.1011 145.10898
127874.94 107.81284 6025.9214 1258.8887 145.10898
128357.734 107.81284 6419.408 899.67676 145.23488
128153.0 128.85912 6391.9116 924.70654 145.23488
127856.086 128.85912 6364.6406 909.48096 148.33984
127819.44 128.85912 6363.8184 904.09863 148.33984
127937.016 126.97676 6365.6226 913.9619 148.33984
127370.17 134.58107 6446.7524 749.8955 156.1775
127643.17 134.61526 6480.542 757.37354 153.41919
127084.64 134.61526 6424.0947 820.94824 151.2861
126958.4 134.61526 6385.6343 810.4453 149.91234
126872.08 134.61526 6436.4165 753.88086 146.21553
126570.375 134.61526 6454.2144 723.9092 147.03558
126268.44 135.03815 6420.341 740.0112 145.46935
126255.24 135.03815 6424.4297 746.78516 145.46935
125921.08 134.96974 6465.3267 698.47656 154.23682
126256.02 135.11404 6428.8237 740.5757 149.25032
125440.51 125.91344 6493.4653 639.0791 142.82094
126150.0 127.75874 6521.077 694.0747 143.06737
126894.41 128.13597 6492.989 673.27783 142.99063
127083.57 126.53001 6527.6367 651.38477 142.99063
127328.26 106.63748 6506.6113 688.89746 142.99063
127770.73 106.63748 6594.6626 650.65137 145.10898
127385.32 126.53001 6332.4814 901.5752 145.10898
127325.6 126.53001 6521.3936 660.81836 148.82181
126870.055 97.73918 6463.0493 788.71826 142.50319
126806.88 97.73918 6497.109 758.21045 142.77327
126788.875 97.73918 6509.1904 726.88184 142.50557
126533.76 113.14942 6384.2607 894.77 142.11165
126428.84 122.43136 6343.6763 891.0825 142.11165
126176.266 123.81409 6282.557 978.30664 142.11165
124098.164 133.49161 6211.3213 904.7998 140.73134
122705.75 113.93409 6248.9434 754.0166 140.31827
122330.05 113.93409 6185.4604 742.46436 140.31827
121953.695 113.86264 6218.5894 725.3574 140.00764
121643.64 113.86264 6225.622 708.583 140.00764
121669.695 113.86264 6220.7627 721.7461 140.00764
121681.266 113.86264 6231.2583 736.2007 140.00764
121770.445 113.86264 6225.68 742.82275 140.00764
122030.48 113.93409 6224.1875 729.66943 140.00764
121928.54 113.93409 6204.8677 723.1113 140.00764
122440.41 113.93409 6207.933 745.35254 140.00764
121479.52 113.93409 6160.5757 769.2241 139.68665
121379.414 113.93409 6159.893 753.35547 139.68665
121707.78 113.86842 6169.804 753.89355 139.68665
121619.36 95.74289 6191.799 730.72754 139.68665
120962.86 95.74289 6200.4478 757.7505 139.40508
121276.89 95.74289 6168.1562 774.8862 139.40508
120987.86 95.74289 6167.957 740.21094 139.44075
120983.05 113.86842 6173.6055 753.9951 139.40508
120808.42 113.86842 6173.0425 775.126 138.6243
121353.984 113.86842 6178.26 813.48975 138.6243
121072.56 107.81284 6173.9976 776.7998 138.6243
121079.43 113.86842 6170.5195 777.8906 138.6243
121308.75 113.86842 6161.075 769.8501 139.44075
121567.29 113.86842 6164.3 778.23096 139.44075
121664.375 109.85083 6174.688 775.48047 139.44075
121790.43 109.85083 6151.4688 778.85156 139.44075
121702.62 108.35525 6136.678 781.88086 138.6243
121651.24 106.63748 6159.8584 776.0513 138.6243
120608.24 108.35525 6098.1914 819.6201 138.11061
120886.78 113.93409 6106.7124 832.6631 138.11061
120854.26 106.63748 6133.9897 798.0596 138.11061
120347.49 112.88219 6133.4907 778.01074 138.11061
120838.42 112.88219 6125.6577 844.55225 138.11061
121154.336 112.88219 6160.9365 862.1699 137.85352
121515.77 112.88219 6159.848 860.9927 137.85352
121197.72 111.52749 6170.378 846.3462 137.85352
120917.73 111.52749 6202.7246 863.40674 137.85352
120743.83 111.52749 6169.833 837.0576 137.85352
121079.85 111.52749 6201.9844 860.5698 137.85352
121168.59 111.52749 6184.4976 848.0078 137.85352
121195.94 109.85083 6169.423 819.1504 138.43167
120561.234 109.85083 6170.642 840.1372 138.43167
120340.664 109.85083 6166.7085 778.23535 138.43167
121081.2 106.63748 6185.078 796.95996 138.43167
122480.81 111.52749 6198.157 878.18506 138.11061
122882.54 122.03947 6192.0273 899.7998 137.7514
123070.38 123.13239 6217.3906 878.65186 138.7607
122450.54 120.89301 6199.375 864.35645 138.06384
122819.95 123.13239 6200.8364 881.5049 138.06384
122920.875 116.42385 6203.0244 893.82764 138.06384
123139.984 123.13239 6177.2183 986.21436 138.06384
122978.33 117.41637 6185.257 975.6836 138.06384
123166.11 117.41637 6184.8306 953.6743 138.06384
123241.43 95.74289 6208.12 939.1587 138.06384
123305.08 95.74289 6193.214 925.0156 138.06384
122890.15 95.74289 6210.5747 940.0752 138.06384
122703.805 117.41637 6208.821 959.8135 138.06384
122247.22 117.41637 6197.3237 856.01904 138.06384
121649.99 117.41637 6197.231 845.2241 138.06384
122163.55 107.81284 6210.488 820.7163 138.06384
122508.195 107.81284 6239.1587 806.57227 139.38202
123440.984 121.98328 6238.8013 790.71924 140.00764
122644.29 125.77295 6244.684 752.03906 140.00764
123253.2 125.77295 6277.167 772.7373 140.00764
123387.7 125.77295 6251.6294 791.7422 140.00764
123977.36 132.83609 6274.218 838.2578 140.00764
124287.836 130.89606 6286.232 853.78906 140.47026
123875.09 130.89606 6252.699 819.9175 140.47026
124193.53 132.77963 6273.34 819.9448 140.47026
124533.58 127.75874 6331.3516 754.42334 140.88644
123694.34 128.25 6321.5625 716.16406 141.0754
124020.85 128.99745 6360.778 825.166 141.57582
125672.35 128.85912 6264.9375 878.34717 141.57582
125194.38 131.12895 6414.0786 731.67725 143.02838
123980.305 129.77016 6354.187 726.0464 142.82094
123214.49 129.72295 6313.704 768.16504 140.88644
123579.6 127.09281 6331.0034 746.66455 142.04971
123498.84 123.81409 6321.8857 735.4053 142.04971
123568.414 123.81409 6328.9976 750.2549 140.88644
123399.77 123.81409 6329.3657 746.69385 140.88644
123599.305 123.81409 6336.7725 756.6167 141.0754
123635.63 123.81409 6343.1826 760.58496 141.0754
123638.34 126.9536 6332.3374 761.7739 141.0754
123444.3 126.9536 6339.2686 761.4912 140.88644
123341.56 126.9536 6341.6387 762.8408 140.88644
123583.46 129.72295 6338.341 799.18555 140.88644
123124.03 129.72295 6329.672 733.9385 140.88644
123318.95 123.81409 6334.551 735.74854 142.04971
123924.375 129.72295 6344.36 831.1533 142.46227
124262.6 129.72295 6317.12 874.4155 140.88644
124141.62 129.72295 6327.526 905.8008 140.88644
123615.36 129.72295 6342.027 776.51465 142.46227
123807.02 129.72295 6333.96 769.25195 142.46227
123699.29 129.72295 6325.6753 798.90234 140.88644
123839.48 129.72295 6295.0806 815.13135 140.88644
123349.69 129.72295 6310.0283 727.8003 140.88644
123443.01 129.72295 6322.5874 711.0596 142.46227
124585.19 123.13239 6345.581 873.96875 140.31827
124319.49 123.13239 6337.8813 806.8457 140.31827
124131.555 128.22133 6360.981 824.397 140.47026
124346.305 128.22133 6318.629 848.54785 140.47026
124411.914 130.89606 6332.745 782.2329 140.95644
123972.05 130.71074 6338.8047 775.5591 140.95644
124246.42 130.71074 6345.6265 836.7466 141.54433
123967.734 130.71074 6341.201 790.1406 141.54433
123860.92 128.85912 6383.429 764.0166 141.4447
124334.44 128.85912 6347.72 827.3677 142.29396
124457.484 127.09281 6333.564 869.333 140.00764
124071.62 123.17925 6334.9883 851.71533 140.00764
123841.234 127.09281 6343.619 820.8428 140.00764
125277.55 127.09281 6409.9214 776.9971 140.76448
125557.086 127.09281 6409.6123 807.10645 142.12418
125507.9 127.09281 6385.115 786.9336 142.12418
123915.48 97.73918 6307.4795 721.1382 140.31827
123430.516 117.93085 6291.917 760.2549 140.31827
123438.16 114.53787 6269.7485 782.69824 140.31827
123493.87 107.81284 6306.6865 745.0498 140.33029
123450.95 114.53787 6313.7896 702.147 140.33029
123816.1 97.73918 6371.1978 674.19434 140.35057
123577.66 106.63748 6366.585 708.3042 140.31827
124239.23 106.63748 6371.5083 737.86523 140.31827
123707.516 106.63748 6309.8115 697.91504 140.31827
123528.78 106.63748 6336.364 676.4614 140.31827
123651.13 106.63748 6348.727 713.5996 140.31827
124126.086 106.63748 6333.8057 730.74756 139.89432
124700.914 106.63748 6374.518 755.5415 139.89432
123852.164 129.77016 6174.643 970.105 138.94272
123616.33 129.77016 6217.499 921.45605 138.94272
123670.52 129.77016 6187.128 941.6787 138.94272
123902.984 120.37168 6240.4805 854.2998 138.94272
124566.7 120.37168 6246.941 854.73535 138.94272
124642.63 120.37168 6262.903 844.19385 139.44075
124678.47 120.37168 6228.623 897.8804 138.94272
124705.85 106.63748 6223.4053 903.11475 138.94272
124848.81 106.63748 6207.658 931.91455 138.7607
124730.71 106.63748 6177.587 1002.18555 138.67992
124288.055 106.63748 6192.503 1045.3027 138.67992
124875.64 106.63748 6190.072 1087.5239 138.67992
124769.53 106.63748 6155.8647 1045.6309 138.67992
124830.19 115.48722 6158.245 1063.5317 138.67992
125046.695 115.48722 6171.944 1098.8071 138.67992
124731.03 126.15767 6176.764 1092.3774 138.50993
125135.96 126.15767 6216.2554 1054.31 139.44075
124935.02 121.21597 6152.082 1109.063 138.11061
124340.33 121.21597 6154.512 1034.2314 138.11061
124051.36 111.27056 6175.8633 1021.50635 138.50993
124801.89 111.27056 6213.142 997.77 139.05779
124825.875 112.38824 6177.7236 1033.7744 139.05779
125209.05 113.93409 6237.4595 966.65625 139.44075
124968.67 120.37168 6309.396 865.1909 140.00764
125053.2 120.34402 6312.4854 875.1216 140.00764
124878.99 115.48722 6313.0684 873.38574 140.00764
125484.93 121.21597 6321.1055 954.9546 140.00764
125506.45 121.21597 6297.623 901.73 140.00764
124625.125 122.03947 6234.6333 972.2832 139.44075
124484.42 122.03947 6241.7783 966.9214 139.44075
124774.375 120.37168 6280.652 937.0054 139.44075
125021.82 120.37168 6279.717 931.5952 139.44075
124909.63 122.03947 6236.258 982.772 139.44075
126011.24 126.15767 6250.415 1033.7847 140.31827
125503.3 123.91787 6039.682 1171.3472 138.67992
125961.7 123.91787 6266.6436 933.0576 140.31827
125611.19 127.09281 6300.761 900.7471 140.31827
125707.51 126.97676 6263.222 965.17773 140.31827
125821.13 129.77016 6288.8013 922.47656 141.41927
124835.64 127.1286 6366.6606 747.7129 142.04971
125530.02 132.05266 6337.5884 863.1577 142.50557
125335.19 129.56282 6346.688 747.0073 142.50557
125165.08 133.9832 6299.6694 849.0454 142.50557
127056.27 130.71074 6419.1445 934.5586 145.10898
127104.445 130.71074 6401.4443 946.98584 145.10898
126297.89 135.50793 6405.1694 734.3428 146.3265
127419.95 130.89606 6432.6357 828.2427 152.35272
127345.58 128.13597 6480.105 741.3584 148.53075
127361.27 130.89606 6461.646 792.8462 152.35272
127372.62 129.55254 6471.6743 775.0991 149.66136
127399.375 129.55254 6451.8374 833.4956 149.66136
127439.22 128.85912 6444.4194 804.64453 148.81927
127813.984 128.85912 6467.5337 809.55273 146.59882
127126.31 128.85912 6433.0586 820.4507 143.92137
126957.266 130.71074 6460.865 775.437 142.99063
126645.75 130.71074 6459.292 732.84717 142.99063
126212.11 107.6083 6498.1113 609.0127 143.02838
126438.95 123.81409 6559.327 640.20166 145.10898
125689.43 123.52054 6558.855 572.9238 149.90457
125524.11 123.52054 6561.334 569.5176 155.33942
125920.91 123.52054 6533.2935 602.9673 145.10898
125978.94 113.86264 6541.702 561.7285 145.23488
125601.96 113.86264 6537.6616 533.5879 145.23488
125908.17 123.24324 6567.9023 550.68115 145.23488
125690.38 123.52054 6545.725 584.9546 145.23488
126202.805 132.58537 6557.3037 594.4834 149.82169
125880.44 132.58537 6552.7524 590.895 148.4634
125540.29 132.58537 6561.694 643.1909 148.4634
125503.234 132.58537 6513.2607 632.09033 144.98566
127182.59 128.25 6479.2354 830.9043 145.10898
127347.945 122.43136 6494.42 813.67773 145.10898
127170.48 122.43136 6573.935 720.1675 145.10898
126920.1 122.43136 6580.2285 676.9292 145.10898
127032.33 122.43136 6571.109 686.3081 145.10898
127202.016 122.43136 6556.4297 680.07764 145.10898
127478.016 122.56346 6585.576 659.3457 169.33139
126900.54 128.25 6544.876 672.3579 145.10898
126992.805 113.14942 6591.1763 576.55664 146.90823
127244.58 113.14942 6617.0654 585.9668 146.90823
127850.51 113.14942 6605.7266 641.9116 146.90823
127928.07 123.81409 6576.5083 684.41504 146.90823
127513.83 113.86264 6619.0757 649.9219 146.90823
127413.086 113.86264 6608.662 646.1001 146.90823
126853.73 123.81409 6593.0796 590.71533 157.00449
126878.0 126.97676 6607.757 598.91943 157.00449
126913.75 126.97676 6591.231 686.71924 145.10898
127228.76 121.98328 6603.5474 691.5747 145.10898
126558.67 113.14942 6634.1284 575.3833 146.3265
126710.36 113.14942 6633.0273 577.41895 146.3265
127094.29 126.97676 6614.876 644.23926 146.48795
126988.89 126.97676 6620.8164 624.22217 146.48795
127051.875 126.97676 6616.524 744.3584 153.46114
127608.266 132.53271 6550.1924 719.5112 153.79124
127554.01 128.99745 6563.1035 705.34375 153.41919
126852.49 128.99745 6533.7715 772.56445 145.10898
126035.15 130.71074 6508.5635 683.81006 145.0024
127447.99 128.99745 6562.2847 796.5879 151.5482
127343.91 128.99745 6540.218 783.8706 150.57047
127745.11 127.09281 6557.276 706.0083 156.65767
127557.26 127.09281 6592.964 705.0762 156.65767
127668.734 127.09281 6575.8276 685.3838 148.78528
127490.76 129.3894 6411.7886 837.7964 150.7114
127719.195 129.3894 6448.6177 830.3965 153.41919
127864.336 129.3894 6459.72 837.7959 153.41919
127911.7 130.84593 6434.288 899.6074 153.41919
127719.41 129.77016 6356.1606 898.292 153.8396
127847.055 130.84593 6483.8105 792.4214 154.63593
127815.1 130.84593 6522.0576 762.93896 154.63593
127528.164 134.86601 6479.1387 812.33154 154.63593
127883.03 134.86601 6479.8105 843.876 154.63593
127521.484 117.11209 6445.342 832.68506 146.32124
127396.07 134.86601 6460.955 833.44775 149.07912
127365.3 130.71074 6453.4355 812.6929 146.32124
127882.09 126.97676 6481.784 844.76855 146.32124
127662.54 126.97676 6478.4307 834.0703 146.32124
126981.21 126.97676 6464.486 689.3628 145.10898
126454.93 123.81409 6550.787 565.52344 146.00975
126932.06 123.24324 6536.266 651.86865 144.68129
126906.17 113.14942 6581.7666 594.39355 146.79657
126854.86 132.58537 6505.435 734.355 152.65472
126746.74 132.58537 6517.573 736.0503 152.65472
126816.09 132.58537 6496.364 727.96924 149.90457
126803.38 132.53271 6562.2725 700.03906 148.33984
126577.555 132.53271 6521.2427 729.24756 143.92137
126595.98 129.3894 6553.379 648.4741 144.175
126922.37 121.98328 6579.3013 608.6128 144.175
126869.31 121.98328 6602.2656 593.08154 144.175
127114.17 122.43136 6566.15 695.2129 145.10898
127346.086 122.43136 6588.428 655.3872 146.3265
127668.54 122.43136 6614.5674 661.0879 146.3265
127461.63 118.01648 6638.954 660.4409 146.3265
127381.125 118.01648 6630.4453 646.3989 146.3265
127366.72 118.01648 6638.7134 602.75977 146.3265
127208.34 118.01648 6602.8667 606.75586 145.10898
127761.14 107.81284 6642.6523 616.353 145.10898
127585.98 113.14942 6416.049 781.45996 144.175
126638.69 113.14942 6425.7275 797.272 142.50319
126725.6 106.63748 6494.771 762.36914 142.50557
127087.73 106.63748 6547.406 709.7554 144.175
127252.53 106.63748 6539.5728 702.05273 144.175
126996.77 106.63748 6528.0684 700.4702 143.05672
127005.86 107.81284 6472.9165 766.50195 142.50557
126861.766 116.42385 6450.957 828.4712 142.50557
126797.77 116.42385 6405.171 898.7202 142.50319
125403.14 125.77295 6416.554 775.43506 140.73134
125575.484 125.77295 6399.7275 811.7715 140.73134
125752.4 123.81409 6388.569 854.0703 140.73134
126323.96 111.52749 6392.8013 862.3667 140.73134
126082.484 111.52749 6415.8774 747.16113 140.00764
126683.09 115.48722 6381.5107 821.9043 142.50557
126818.61 115.48722 6391.0303 825.8037 142.50557
125408.375 127.09281 6351.281 786.5532 140.37236
124963.16 129.5067 6307.436 827.81885 140.37236
124553.445 129.5067 6333.071 863.4541 139.8532
125319.78 129.5067 6325.8066 878.8496 139.85257
124844.17 129.3894 6344.6206 872.28564 140.00764
125271.125 128.25 6388.4927 801.5239 140.88644
125434.44 128.25 6395.432 787.7334 141.0754
125133.234 128.13597 6412.3 791.2383 141.0754
125434.41 128.13597 6415.2583 807.48926 141.44652
125399.695 128.13597 6419.4297 799.6621 141.57582
125525.61 128.13597 6393.2114 798.1709 141.57582
125461.83 128.13597 6396.0996 863.6162 141.57582
126426.31 126.15767 6334.6406 985.2124 141.54433
126443.05 121.98328 6387.5757 860.44385 141.54433
124822.58 107.81284 6445.2837 653.9873 141.57582
125063.97 113.14942 6436.815 677.80664 141.57582
124792.336 126.97676 6417.8857 710.75195 142.46227
125090.93 126.97676 6400.6533 731.57666 142.46227
124868.82 126.97676 6400.8867 759.5371 142.46227
124525.53 128.13597 6396.9854 733.91016 142.46227
124972.54 129.5067 6378.8037 768.0132 142.46227
124630.64 120.89301 6437.184 662.9258 142.46227
124344.71 130.71074 6372.5312 738.6904 142.61728
124011.91 128.25 6396.6304 703.8887 142.61728
124857.94 128.25 6378.511 715.43115 142.61728
124565.336 128.25 6366.0312 733.5952 142.50319
124482.086 128.25 6359.74 728.6284 142.50319
124782.49 129.9001 6338.2134 752.1719 142.50319
124595.14 128.94336 6330.123 766.8247 141.57582
124931.86 128.94336 6339.6885 757.4346 142.46227
124937.625 128.94336 6319.324 779.06445 141.57582
124648.81 128.94336 6271.2236 805.98096 140.88644
123960.08 128.94336 6283.2334 798.68506 140.88644
124258.61 128.94336 6269.602 802.16846 140.73134
123783.03 128.94336 6288.052 785.5459 140.73134
123143.9 128.94336 6291.928 763.54004 140.73134
123764.49 128.94336 6326.313 766.78564 140.73134
124178.3 128.94336 6293.976 826.333 140.88644
124106.98 128.94336 6347.2593 807.1987 140.88644
123948.36 128.94336 6316.3223 797.4136 140.73134
123665.43 128.94336 6302.5728 761.0454 140.88644
123550.04 128.94336 6317.2866 754.00244 140.77843
123386.234 128.99745 6302.511 822.48145 140.73134
123535.41 128.99745 6268.9795 789.4287 140.73134
123290.39 130.89606 6224.677 818.15967 140.73134
123084.34 132.45303 6223.1 819.7051 140.73134
122943.78 132.45303 6258.3877 776.17236 140.73134
125041.31 135.11404 6174.2925 986.50635 142.46227
124874.06 132.47232 6186.7104 972.1504 141.41927
125767.78 134.61526 6434.035 738.8589 146.3265
125273.84 134.61526 6411.0703 753.126 144.68129
124718.28 134.61526 6400.534 712.43994 144.68129
125294.4 134.19667 6402.8555 706.8115 144.68129
125399.69 134.19667 6421.9453 713.77246 144.92934
125398.7 135.50793 6375.1914 798.3921 144.62186
125851.54 135.50793 6464.918 727.7031 146.6534
126382.97 134.61526 6495.0146 725.33984 148.82181
126578.94 135.50793 6410.627 787.9297 147.03877
126642.53 135.50793 6422.9424 810.91846 147.03877
126140.734 135.61768 6272.764 987.24805 145.14844
124948.56 134.70337 6327.556 792.28467 142.87886
125712.46 137.70534 6339.012 803.88184 147.45378
125345.92 137.70534 6374.9106 748.97314 147.45378
125620.12 137.70534 6360.986 772.4092 148.81927
125143.03 137.70534 6371.107 701.7666 173.17673
125688.66 137.70534 6352.424 775.74316 173.17673
125652.29 137.70534 6369.527 802.09326 173.17673
126091.36 137.57137 6396.514 783.042 173.17673
125522.76 135.11404 6394.7173 685.9912 150.38174
125233.83 135.11404 6425.973 687.2744 150.38174
125101.69 135.11404 6416.1504 684.2202 150.38174
124935.53 137.57137 6441.5435 734.01025 152.35272
124958.82 137.57137 6396.6475 765.23535 152.35272
124893.37 137.57137 6364.4287 722.93945 152.35272
124813.23 137.57137 6351.996 715.2544 150.38174
124437.16 135.20143 6394.0137 643.24316 150.38174
124737.3 135.20143 6401.64 652.0586 148.53075
124259.42 135.20143 6409.4062 626.8364 148.53075
124123.09 135.20143 6404.801 633.7412 148.4634
123876.29 135.11404 6383.9624 624.37354 148.81927
124179.4 135.11404 6405.751 644.7969 148.4634
124124.336 123.52054 6399.82 583.4956 145.15428
123696.75 132.58537 6372.868 621.2544 145.15428
124368.58 130.71074 6430.6636 576.2793 148.13965
124373.38 130.71074 6443.225 586.8784 148.13965
124472.945 126.97676 6454.803 581.8071 166.17911
124471.96 126.97676 6433.79 579.9834 166.17911
124319.64 126.97676 6486.669 560.40186 148.81927
124406.6 126.97676 6516.9272 567.1968 148.81927
124228.92 121.98328 6509.3364 544.85596 148.81927
124156.29 121.98328 6534.4043 537.7637 148.81927
124096.22 123.17925 6531.084 539.3418 148.15761
124230.375 123.17925 6479.1533 549.5508 151.3887
124431.055 123.17925 6477.9155 529.85254 151.3887
124185.13 123.17925 6487.7817 506.97656 151.3887
124158.56 123.17925 6468.6772 528.17773 148.82286
124318.26 123.17925 6474.1826 531.2837 148.82286
124197.234 123.17925 6449.533 523.8379 148.82286
124270.055 123.81409 6489.119 552.69775 149.2844
124375.85 123.81409 6476.3667 532.1948 148.4634
124466.14 126.9536 6475.777 519.11426 162.33377
124863.99 106.63748 6495.457 509.40088 148.4634
124808.766 106.63748 6496.072 505.9751 153.41919
124147.19 106.63748 6451.1807 520.9536 146.79657
123796.39 106.63748 6450.3613 516.00146 146.79657
123296.555 106.63748 6462.4946 474.26025 144.92934
123328.55 106.63748 6453.4404 473.8506 144.92934
123982.59 106.63748 6447.595 545.0254 144.92934
123659.41 106.63748 6468.6763 499.5459 143.99704
123453.15 113.14942 6466.121 504.24463 143.99704
123456.8 113.14942 6432.535 517.6714 143.99704
123599.12 113.14942 6468.44 497.27783 149.47394
123688.055 113.86264 6459.71 513.5615 148.13965
123760.19 113.86264 6463.916 515.3242 148.13965
124009.914 113.86264 6468.924 498.58203 151.2861
123875.07 113.86264 6475.8447 468.2881 151.2861
123573.05 113.86264 6477.589 463.27393 151.2861
123604.75 113.86264 6485.556 512.2451 151.2861
123486.6 113.86264 6469.2485 461.52637 151.2861
123551.8 113.86264 6465.6396 460.0161 151.2861
123429.01 113.86842 6440.1025 497.03613 151.2861
122931.68 113.86264 6422.2383 447.27148 148.13965
122852.65 113.86264 6426.1123 459.7373 148.13965
123292.62 113.86264 6457.5493 473.21973 148.81927
123692.14 113.86264 6458.0107 485.38232 148.13965
123758.484 113.86264 6482.0293 452.99512 152.3476
123767.38 113.86264 6450.7646 504.3706 148.13965
123847.625 113.86264 6454.1426 511.9585 148.33984
123289.984 123.81409 6472.704 462.3413 148.13965
122877.35 123.81409 6473.113 460.437 148.13965
123091.85 123.81409 6476.1274 479.79346 148.13965
123319.664 123.81409 6467.8545 501.9038 148.13965
123771.41 107.81284 6466.934 482.51074 148.13965
124434.06 107.81284 6490.0483 486.9956 148.33984
124596.46 107.81284 6486.0327 487.55078 148.13965
124327.16 107.81284 6472.565 475.70898 148.82286
124360.38 113.86264 6448.8022 527.6963 148.13965
124703.17 113.86842 6481.049 509.02344 153.79124
124573.58 113.86842 6471.3145 523.79736 148.82286
124621.59 113.86842 6451.178 539.5322 148.82286
124324.83 113.86842 6474.2065 508.42578 148.82286
124070.9 113.86842 6410.1597 540.53467 145.23488
123743.69 111.52749 6428.462 513.2261 145.23488
123678.086 111.52749 6421.559 499.2749 145.23488
123807.586 113.86842 6442.165 498.11572 148.13965
124094.43 113.86842 6460.782 516.062 148.13965
123909.22 113.86842 6456.7563 516.0342 148.13965
123676.16 114.52965 6430.9785 543.05664 148.13965
123370.36 114.52965 6404.928 521.10693 148.13965
123704.25 123.81409 6416.6377 563.9756 148.13965
123535.99 126.53001 6422.4023 536.6177 154.63593
123698.89 126.53001 6412.928 525.2051 148.13965
123933.43 126.53001 6453.5493 598.22656 146.26637
123650.234 126.53001 6453.6597 546.1387 146.26637
124135.52 126.53001 6422.1733 596.8452 145.23488
124304.83 126.53001 6390.9604 592.29443 147.23483
124317.19 126.53001 6388.692 584.51807 145.23488
123773.4 126.53001 6383.7583 571.3379 145.23488
123275.95 126.53001 6367.7104 623.1094 144.98566
123182.86 126.53001 6379.425 599.0078 144.98566
122985.63 123.81409 6399.2197 577.5073 144.98566
122932.58 129.77016 6357.2466 623.67773 144.98566
125100.13 132.83609 6343.61 705.8198 143.4619
125377.195 132.83609 6363.8384 739.042 143.4619
125094.99 132.83609 6385.1997 684.26465 143.4619
124846.29 132.83609 6389.7056 698.2368 143.4619
124414.93 132.83609 6362.2285 662.45215 143.4619
125779.85 132.83609 6393.606 881.6704 142.50557
125510.34 132.83609 6371.1846 856.3242 142.50557
125913.86 134.44469 6354.251 786.8242 143.4619
125728.19 134.44469 6342.1416 772.06494 143.99704
125989.27 134.44469 6395.049 782.09814 144.175
125992.805 134.44469 6383.419 789.3003 143.99704
125586.266 134.44469 6387.482 769.2759 143.99704
125692.36 134.44469 6376.3906 771.65283 143.4619
125124.85 134.44469 6392.8643 797.98535 143.4619
125300.24 134.44469 6379.802 721.33105 143.08812
125022.96 132.77963 6348.885 710.395 143.08812
124996.19 132.77963 6387.84 684.86816 143.08812
125105.68 132.77963 6443.2466 666.708 143.92137
126077.09 134.6087 6448.3833 905.70605 143.92137
124792.43 132.77963 6212.12 1078.2534 140.73134
124744.234 132.77963 6224.2397 997.2637 140.73134
124888.03 130.71074 6234.605 967.8511 140.47026
124623.305 130.71074 6284.474 917.1948 140.47026
124799.67 130.71074 6248.1704 1002.2168 140.47026
125123.71 130.71074 6195.901 1049.0547 140.37236
125256.62 130.71074 6174.9937 1066.7139 140.37236
125474.36 128.7257 6294.5254 876.74854 141.0754
126118.36 128.7257 6265.8066 927.333 141.0754
124824.96 131.75862 6152.0005 971.6953 141.0754
125340.64 130.71074 6190.331 910.6616 141.0754
125675.8 130.71074 6205.2803 1011.6489 141.0754
125690.37 130.71074 6192.2437 1087.0835 141.0754
125475.75 131.75862 6176.3613 1075.0312 141.0754
125059.65 131.65442 6208.4927 1042.1675 140.88644
124831.836 130.71074 6294.5586 895.23096 140.73134
124718.7 130.71074 6265.5225 874.0366 140.73134
124879.81 131.4633 6209.9185 998.8989 140.73134
125285.81 130.71074 6271.042 901.3052 140.73134
125395.81 130.71074 6291.7285 927.3467 141.0754
125100.08 130.71074 6297.288 880.9458 141.0754
125068.625 129.5067 6273.1616 842.1201 141.0754
125210.34 128.7257 6282.4937 811.8413 140.80733
124464.414 128.7257 6274.419 811.6753 139.8756
124334.1 129.5067 6238.5293 845.4497 139.8756
124199.39 130.6272 6177.706 978.9907 139.8756
124347.125 130.71074 6208.8184 936.09863 140.37236
124309.28 130.71074 6228.837 914.9912 140.37236
124107.5 130.71074 6246.261 907.57324 140.37236
124027.12 130.6272 6258.281 871.6548 140.37236
123907.734 130.6272 6270.5483 834.27246 140.37236
125010.98 130.6272 6239.217 907.376 140.37236
124342.76 130.6272 6257.2524 879.5625 140.37236
124345.66 130.6272 6248.95 868.82666 140.37236
123600.71 130.6272 6276.0225 798.95703 140.37236
123956.61 130.6272 6302.544 825.3052 140.47026
124408.37 127.1286 6315.61 825.4624 140.47026
124407.13 127.1286 6317.2085 820.3428 140.47026
124423.914 130.6272 6274.4033 870.7417 140.47026
124453.92 130.6272 6276.291 890.3613 140.47026
124568.914 132.65407 6274.5596 933.98 140.47026
125025.14 132.65407 6218.7393 1052.8442 140.47026
124969.76 130.94275 6206.935 1052.7856 140.47026
124781.06 132.65407 6232.4927 974.03467 140.73134
124675.66 132.65407 6238.3457 954.5132 140.88644
124930.11 132.65407 6225.4116 986.06885 141.36887
124826.13 132.68353 6211.9365 1015.75635 140.73134
124616.96 132.68353 6259.94 867.8921 140.73134
125630.26 128.7257 6244.928 960.38184 140.73134
125404.82 131.12895 6232.63 999.74316 140.73134
125270.164 131.12895 6228.3003 979.2539 140.73134
125612.664 129.55254 6231.172 937.6177 140.73134
125688.7 128.7257 6196.3765 943.85547 140.73134
125379.81 128.7257 6177.605 971.32227 140.47026
125637.24 128.7257 6173.9233 1006.9585 140.47026
125491.01 128.7257 6174.513 1001.6953 140.47026
125900.11 128.7257 6215.6973 989.1284 140.73134
126081.47 128.7257 6196.837 1010.14014 140.73134
126425.13 128.7257 6201.474 996.8369 141.53712
126148.055 128.7257 6225.537 981.4717 141.53712
126172.414 128.7257 6220.751 1001.416 141.53712
125842.98 128.13597 6227.2188 980.9868 140.73134
125745.76 128.13597 6236.7344 942.04785 140.47026
126648.74 128.7257 6210.3276 990.81934 142.82094
126747.91 123.81409 6265.677 974.51025 142.82094
126732.1 126.9536 6259.4746 942.83545 142.82094
125926.11 130.71074 6144.321 1039.8774 140.73134
125893.89 130.71074 6166.205 1009.13916 140.73134
126140.04 128.85912 6308.3374 988.0635 141.53712
126128.43 130.71074 6312.936 956.0322 141.53712
126078.53 123.81409 6304.349 1023.4414 140.47026
126755.76 95.1551 6205.4077 1040.79 141.0754
126748.484 95.1551 6217.095 1004.84033 141.41927
126877.64 95.1551 6160.3555 1035.3745 141.41927
127013.53 107.81284 6013.0483 1265.0801 141.41927
126640.34 107.81284 6004.228 1181.333 141.41927
126617.234 118.01648 6005.967 1295.5186 140.37236
127072.12 106.63748 6035.297 1267.7305 141.03607
126850.24 118.4433 6035.388 1256.956 141.03607
126625.78 118.4433 5993.232 1218.1411 140.37236
126950.21 118.4433 5991.6353 1230.4429 140.73134
126775.67 118.4433 6001.5674 1209.2852 141.71442
127170.84 118.4433 5981.1934 1222.1699 141.41927
126644.67 118.4433 5971.6646 1203.189 141.41927
127318.7 130.71074 6610.9004 602.34033 145.23488
126838.58 130.71074 6599.5156 599.4209 145.23488
126585.18 130.71074 6466.733 719.7427 144.175
126327.13 130.71074 6497.4795 695.6738 144.175
126161.29 130.71074 6500.7573 681.9302 144.92934
125702.6 128.13597 6509.8657 640.2964 144.175
125547.266 128.13597 6490.708 625.35254 143.99704
125770.805 129.5067 6477.7285 638.20703 143.92137
126181.914 129.5067 6483.674 658.7471 142.74059
126297.65 129.5067 6483.0127 662.6655 142.9814
125756.695 129.5067 6491.2383 629.27637 144.68129
125820.22 129.5067 6487.406 643.5239 143.99704
125817.305 133.51483 6498.571 645.38916 143.99704
125987.66 133.51483 6501.4717 647.14014 143.99704
126064.58 123.24324 6533.2524 610.93945 144.68129
125735.16 123.24324 6517.193 598.8374 144.68129
125585.164 123.24324 6521.49 573.51855 143.92137
125302.95 123.81409 6519.101 608.146 143.92137
125436.7 123.81409 6521.5923 585.1953 143.99704
125883.62 123.81409 6525.8853 613.8779 143.99704
126631.01 123.81409 6563.745 594.43164 145.14844
126390.99 123.91787 6540.6226 637.23193 145.14844
126646.0 123.91787 6554.134 578.0664 146.38173
126588.08 131.75862 6496.176 675.6738 145.14844
126557.08 131.75862 6531.019 653.31494 145.14844
127101.33 131.75862 6579.926 626.4038 146.46162
127108.25 131.12895 6551.397 711.5923 146.46162
127170.91 131.12895 6532.691 769.0552 146.46162
127362.96 126.9536 6572.4253 728.1504 146.46162
127336.23 126.9536 6588.1353 739.5669 146.46162
127359.05 126.9536 6546.714 759.88086 145.23488
127096.21 126.9536 6495.207 763.3042 142.94437
126826.37 126.9536 6519.9575 717.9121 143.99704
126906.71 133.51483 6394.46 892.9326 142.94437
127198.24 133.51483 6460.8276 815.7466 145.35521
127024.68 133.51483 6502.596 780.3447 144.175
126862.92 133.51483 6505.2544 776.1841 146.48795
126928.055 133.51483 6496.394 768.667 146.48795
126745.7 133.51483 6509.2163 714.33105 146.48795
126567.195 133.51483 6516.424 744.68555 146.48795
126282.016 133.51483 6513.654 717.5171 153.79124
125922.98 133.51483 6533.201 723.6006 165.1422
126062.43 133.51483 6533.229 748.80273 148.15761
126572.68 132.58537 6555.29 677.76465 148.82181
126567.22 132.58537 6546.807 662.8955 145.23488
125986.49 126.15767 6455.1997 782.40234 142.50557
126203.17 126.15767 6452.9434 824.8052 142.50557
126701.27 107.81284 6486.781 750.34375 142.50557
126200.68 118.01648 6445.62 725.82227 141.41927
126337.086 118.01648 6419.969 763.8506 141.41927
125455.74 123.81409 6427.0933 733.5371 142.70839
124933.17 128.32639 6342.6567 876.147 141.41927
124966.79 128.32639 6310.021 840.38965 141.41927
125768.055 128.32639 6341.19 881.2588 141.41927
125722.21 128.32639 6362.5386 813.61475 141.44652
125461.266 128.32639 6370.912 840.5176 141.44652
124933.25 129.85457 6335.459 945.6499 141.41927
124912.98 134.6087 6327.162 909.35693 141.74757
124829.086 134.6087 6320.444 880.82764 141.74757
125090.24 134.6087 6313.22 941.7793 142.07852
125047.05 134.6087 6242.746 987.5171 141.41927
125660.45 131.12895 6293.4995 881.4404 141.41927
125538.33 134.6087 6309.355 879.86816 141.48924
125259.04 134.6087 6311.5957 888.0957 141.53712
125035.06 134.86601 6296.3936 901.6406 141.99377
125452.516 134.86601 6261.907 945.91016 141.99377
125448.375 134.90018 6234.881 1035.124 141.99377
126316.91 138.11061 6196.427 961.5376 143.29913
126205.01 138.11061 6335.857 857.81934 157.535
125281.36 138.11061 6332.02 787.2334 143.4619
125662.15 139.4567 6330.36 821.9487 143.4619
126078.33 138.50993 6370.6367 813.59717 144.68129
126158.23 135.50793 6411.972 760.5425 144.68129
126841.6 135.50793 6407.1973 802.6543 143.29913
126578.88 135.50793 6413.9116 803.47266 142.61728
126511.3 134.86601 6446.5483 785.4585 151.07614
125979.74 134.86601 6430.022 824.1128 143.92137
126267.71 133.49161 6435.8447 764.14355 143.92137
125961.53 133.49161 6435.2334 737.8862 143.92137
125998.38 131.75862 6438.316 692.52246 143.92137
126164.8 131.75862 6446.795 717.313 143.99704
126452.84 130.84593 6434.8447 698.6826 143.99704
126413.71 130.84593 6438.563 715.76465 143.99704
127120.375 130.84593 6479.9385 698.99023 148.02708
126489.73 134.86601 6441.201 727.7783 148.02708
126194.836 134.4181 6457.918 696.6738 148.02708
126263.01 134.4181 6491.6064 752.65625 148.02708
126614.68 134.4181 6468.4624 775.0786 149.31763
126384.53 131.75862 6489.7485 692.3623 144.175
126568.055 131.75862 6467.848 711.2539 144.175
126492.734 131.75862 6510.2393 706.7832 144.175
126731.16 131.75862 6482.285 737.3296 144.175
126865.39 131.75862 6497.497 756.80176 144.175
126541.266 131.75862 6439.528 755.00635 142.50319
126343.62 128.13597 6424.3374 739.1133 142.9814
126354.63 130.84593 6437.9893 712.5493 143.57185
125939.85 130.84593 6457.1357 689.90137 143.57185
125476.234 131.75862 6476.254 613.4033 146.04059
125753.305 131.75862 6485.384 644.49854 143.57185
125706.33 131.75862 6451.4575 644.2588 143.57185
125721.31 133.49161 6436.8354 664.4346 143.57185
125463.445 133.49161 6462.833 684.52734 143.57185
125311.305 134.58107 6451.4106 677.0864 151.5482
125255.46 134.58107 6453.1157 661.0591 144.92934
125175.43 134.58107 6440.657 716.4717 143.57185
125549.516 134.58107 6473.9375 717.28906 143.57185
125539.52 134.58107 6472.1377 697.40234 154.28375
125039.3 134.58107 6505.83 682.9165 151.2861
124835.56 134.58107 6488.997 655.0913 155.68494
125069.68 134.58107 6477.2817 671.4951 149.82169
124935.71 134.58107 6466.1006 656.8262 155.68494
124998.195 134.58107 6457.4697 661.7876 155.68494
124423.0 134.58107 6463.863 618.50635 162.33377
124699.54 133.51483 6504.5264 604.0093 162.33377
124535.16 131.75862 6498.8965 587.9971 162.33377
124380.72 128.85912 6494.1426 576.6704 162.33377
124122.695 131.12895 6488.3174 570.95654 166.54552
124009.21 131.12895 6481.819 528.1626 166.54552
123953.836 131.75862 6455.0415 566.17334 166.54552
123840.53 131.75862 6413.3247 571.52637 155.68494
124010.45 126.97676 6452.9834 551.6548 155.68494
124266.86 131.75862 6404.071 583.36914 155.68494
124269.52 131.12895 6446.035 575.9131 155.68494
124230.75 131.12895 6433.0776 572.3833 155.68494
124683.25 131.12895 6456.377 584.4414 155.68494
124186.51 131.12895 6451.274 552.0952 155.68494
123886.56 123.24324 6497.5835 524.6504 155.68494
124061.19 123.24324 6500.3296 527.6748 155.68494
124273.33 123.24324 6489.5474 519.6948 155.68494
123872.46 119.00577 6493.7134 504.32324 155.68494
123622.28 119.00577 6501.4194 479.65723 155.68494
123670.56 123.24324 6493.6973 503.12646 155.68494
123498.125 123.24324 6494.546 477.66064 155.68494
123799.18 123.24324 6486.095 456.65283 155.68494
123955.29 123.24324 6458.9507 518.28125 155.68494
123880.16 123.24324 6467.9546 515.5654 155.68494
123879.7 123.24324 6463.47 486.5171 155.68494
122864.984 107.6083 6464.9214 384.31494 151.5482
123661.01 107.6083 6487.893 418.20654 151.5482
123720.234 107.6083 6482.833 428.7627 151.5482
123864.08 107.6083 6500.3833 430.94385 151.5482
123519.86 107.6083 6488.0195 414.98047 165.1422
123553.69 107.6083 6482.3125 416.0381 165.1422
123827.05 113.86264 6499.47 418.3413 166.54552
124029.05 113.86264 6504.15 433.25488 154.28375
124041.15 113.86264 6483.269 486.53955 151.5482
124375.46 122.43136 6471.571 523.25635 153.79124
124242.03 122.43136 6486.2617 511.3623 151.5482
124612.25 122.43136 6515.001 473.82764 162.33377
124513.71 122.43136 6518.3354 485.43262 162.33377
124240.1 122.43136 6513.7715 460.2412 162.33377
124240.875 118.35303 6508.584 494.63184 158.08676
124284.1 106.63748 6524.049 466.5796 158.08676
125757.62 106.63748 6535.4263 515.2661 149.15945
125695.0 106.63748 6567.175 529.1387 153.79124
125432.164 106.63748 6571.4673 519.4409 149.15945
125502.67 106.63748 6539.924 509.6211 149.15945
126014.73 106.63748 6547.6357 532.4033 149.15945
126048.76 106.63748 6545.177 531.292 149.15945
125921.24 113.86842 6516.4062 562.19775 158.08676
125944.1 113.86842 6539.2676 562.26855 156.65767
125843.2 113.86842 6558.915 521.5386 156.65767
125913.84 113.86842 6542.4463 559.4824 156.65767
125872.38 113.86842 6533.2188 534.9888 156.65767
125748.42 118.86035 6548.1045 539.0581 155.68494
125642.125 118.86035 6553.74 541.1118 155.68494
125795.35 118.86035 6571.9116 541.916 155.68494
125462.016 118.86035 6558.384 541.08984 155.68494
125630.36 118.86035 6564.32 540.3511 158.08676
125677.25 113.14942 6564.83 495.91992 155.68494
125899.31 97.73918 6571.202 491.45068 155.68494
125989.89 97.73918 6543.842 510.29102 155.68494
126218.48 97.73918 6559.5356 523.38477 155.68494
126264.484 97.73918 6569.7046 497.22217 156.59685
126280.31 97.73918 6555.0703 512.8638 156.59685
126464.16 97.73918 6558.703 515.94336 155.68494
127005.086 97.73918 6582.0967 538.6787 155.68494
127117.86 113.86264 6616.868 543.687 155.68494
126988.0 113.86264 6591.777 529.7588 155.68494
127150.96 113.86264 6604.8623 574.95215 153.79124
126947.77 113.86264 6615.9507 544.146 147.21472
126843.98 113.86264 6618.1587 565.9004 146.2289
126875.71 113.86264 6583.6294 573.103 146.2289
126885.82 113.86264 6591.304 584.1167 146.2289
126772.336 97.73918 6574.895 539.5215 147.21472
126777.81 97.73918 6574.006 531.2793 147.21472
126974.37 97.73918 6543.014 560.87744 145.23488
127222.4 97.73918 6579.6553 593.708 145.23488
127184.53 97.73918 6564.9443 585.2671 145.23488
127120.836 97.73918 6586.825 565.3262 158.08676
126836.04 97.73918 6611.9683 566.2324 145.23488
127008.45 97.73918 6591.5127 559.25684 147.66634
126973.7 97.73918 6573.011 565.39844 145.23488
126717.45 97.73918 6574.8174 559.74756 145.23488
126405.086 97.73918 6571.4033 570.32715 144.43617
126033.23 97.73918 6520.551 546.9995 144.98566
126122.58 97.73918 6512.942 551.2114 143.78625
126233.984 113.14942 6507.3823 607.92236 143.78625
126247.99 113.14942 6530.839 615.04785 143.15266
125710.99 113.14942 6528.2427 601.2573 143.15266
126106.0 113.14942 6546.0166 570.27295 143.92137
125524.06 113.86264 6542.532 603.813 142.9814
125990.92 113.86264 6514.9414 626.6958 143.15266
125766.15 113.86264 6507.468 567.31934 143.92137
125763.31 113.86264 6518.2163 575.92725 143.92137
125753.484 106.63748 6534.5786 549.17773 146.04059
125413.61 106.63748 6527.014 548.6997 144.92934
125975.79 113.86264 6510.4453 580.97754 143.15266
126142.46 113.86264 6503.277 610.81494 143.15266
126400.63 113.86264 6501.0225 591.0503 143.15266
125883.34 113.86264 6452.333 630.34326 143.12512
125442.35 111.52749 6494.4077 592.1963 143.12512
125347.23 113.93409 6495.3843 577.7495 142.9814
125523.29 113.93409 6461.5312 626.68115 143.12512
126260.195 118.35303 6549.883 595.74365 144.10399
125895.68 106.63748 6564.133 628.02344 143.92137
125959.29 106.63748 6561.435 552.438 144.76424
126299.33 113.14942 6532.358 609.6172 143.3425
126195.33 121.98328 6526.409 635.2988 143.3425
126115.83 121.98328 6497.6675 649.44385 142.82094
125848.25 121.98328 6486.775 647.37744 142.74059
125942.03 121.98328 6492.0903 653.9385 142.74059
125668.516 118.01648 6473.784 646.79443 142.74059
126199.31 107.81284 6561.3867 553.24365 142.9814
126397.44 97.73918 6505.39 610.0659 142.9814
126199.43 97.73918 6524.68 590.1792 142.9814
126691.055 118.01648 6543.672 632.9204 142.9814
126216.86 107.81284 6523.6304 693.42773 142.74059
125235.52 107.81284 6508.797 660.4453 142.50319
125086.445 107.81284 6492.9443 659.6494 142.58266
124838.64 118.01648 6487.531 671.97656 142.58266
124971.2 118.01648 6478.4155 637.55664 142.58266
124638.66 113.14942 6466.173 671.2627 142.50557
124967.41 88.37653 6499.7417 670.11035 141.41927
125392.41 107.81284 6525.861 708.1094 141.41927
126114.055 95.74289 6516.582 672.16113 142.50557
125762.17 111.52749 6529.57 683.2217 142.50557
126286.68 129.5067 6541.3403 785.1001 142.94437
125866.1 129.5067 6530.819 717.0093 142.94437
125498.81 111.52749 6538.002 666.45703 142.94437
125647.414 111.52749 6532.51 703.0664 142.94437
125612.93 111.52749 6550.427 711.0596 142.94437
125703.74 107.81284 6535.5503 695.6846 142.94437
126036.53 107.81284 6543.3657 726.6919 142.94437
125807.89 111.52749 6540.6484 742.82715 142.94437
126258.734 111.52749 6524.435 773.14795 142.94437
126205.94 106.63748 6525.5117 782.11816 142.94437
126439.914 106.63748 6505.5366 790.68115 142.50319
126560.586 106.63748 6492.727 800.0664 142.50319
126662.86 95.74289 6527.8516 766.1621 142.50319
126546.87 111.52749 6464.3174 841.33984 142.87712
126658.36 111.52749 6453.776 830.4341 142.87712
126622.77 129.5067 6426.404 856.5283 142.46227
126379.59 127.09281 6413.1943 836.33594 142.46227
126136.88 127.09281 6382.4424 798.895 142.46227
125861.45 127.09281 6399.5186 769.5459 142.46227
125691.58 129.5067 6402.109 787.8667 142.46227
125932.28 123.81409 6418.222 772.3955 142.46227
125896.51 123.81409 6441.8857 755.6782 142.04971
126098.09 129.5067 6388.5703 895.12305 140.88644
126095.16 126.53001 6418.616 819.478 142.12418
126163.57 126.15767 6407.554 836.5083 142.12418
126020.375 126.15767 6412.456 815.3198 140.88644
126137.016 128.22133 6395.5293 800.772 140.88644
126156.086 107.81284 6482.206 672.4634 142.61728
126172.28 123.24324 6534.2524 631.6577 142.99063
126371.76 123.24324 6536.271 632.20557 144.92934
126454.97 123.24324 6536.0107 614.9883 143.92137
126492.24 113.14942 6533.685 613.28564 143.92137
126651.21 123.52054 6547.568 649.0781 143.92137
126152.98 123.52054 6549.991 689.7031 143.92137
126128.66 123.52054 6525.295 695.0918 140.88644
126423.23 123.52054 6523.5312 672.5249 142.04971
126306.25 123.52054 6444.831 711.7959 140.37236
126030.23 123.52054 6484.212 685.5469 140.37236
126036.68 123.52054 6491.685 648.00586 142.9814
126556.82 123.52054 6455.013 711.4492 142.9814
126701.125 123.52054 6460.682 740.4429 142.9814
126537.26 123.52054 6264.7285 936.01904 140.35057
125778.38 107.81284 5889.6797 1313.3701 138.50993
125660.25 107.81284 5948.425 1246.8657 138.50993
124213.08 108.35525 6110.304 1017.9263 138.17288
124381.13 108.35525 6032.425 1104.771 138.17288
125595.16 107.81284 6007.554 1146.4648 138.50993
126025.016 113.86842 6053.7207 1126.0264 138.94272
125799.836 113.86842 6072.941 1125.7192 139.69392
125794.6 113.86842 6070.6206 1104.1377 138.94272
125951.01 117.11209 6087.336 1140.4648 139.69392
126368.9 123.24324 6067.649 1136.6626 139.69392
125893.5 118.98245 6072.732 1094.0591 139.69392
125862.945 123.91787 6070.288 1105.2451 139.69392
125495.445 88.37653 6057.7085 1059.605 139.69392
125073.04 128.25 6138.0674 1016.38525 138.94272
125475.266 129.5067 6106.8257 1053.3179 138.94272
125369.73 128.94336 6147.059 1016.2002 139.27934
125462.83 128.94336 6138.353 1041.1602 139.27934
124710.31 116.42385 6163.4507 1003.9873 139.27934
125252.71 107.81284 6156.8823 1001.8926 138.94272
125081.16 107.81284 6111.489 1043.8506 138.50993
124881.95 107.81284 6144.0864 1019.6494 138.50993
124738.14 126.15767 6162.7734 1011.7324 138.50993
124656.664 123.24324 6147.173 988.9971 138.50993
124573.24 113.14942 6156.2974 1002.1929 138.50993
124059.266 97.73918 6169.1763 961.4795 138.50993
124343.73 97.73918 6162.6523 967.3452 138.50993
124756.04 113.14942 6129.489 1023.0283 138.50993
124883.62 106.63748 6104.6323 1030.7354 138.50993
124790.5 123.04027 6090.5195 1044.2305 138.50993
125142.8 123.66485 6074.4243 1061.5479 138.50993
124935.516 123.66485 6087.8643 1011.2593 138.50993
125469.33 123.66485 6068.431 1025.6797 138.50993
125224.914 123.66485 6096.123 1070.1069 138.6243
125615.125 123.66485 6051.4385 1198.9443 138.6243
125073.33 129.5067 6069.22 1165.1177 138.6243
125077.664 128.13597 6081.896 1171.8428 138.6243
124935.11 128.13597 6088.071 1129.2466 138.6243
124879.28 128.13597 6046.791 1134.2666 138.50993
123434.414 128.32639 6082.1484 1106.0498 138.17288
122916.56 128.32639 6102.2397 1079.8882 138.17288
123130.69 129.5067 6102.4175 1113.2886 138.43167
123084.695 129.5067 6100.024 1107.7603 138.43167
123422.83 128.94336 6110.3154 1075.7163 138.43167
123666.17 128.94336 6117.703 1101.6934 138.43167
123515.61 128.94336 6106.0977 1050.4414 138.43167
123914.33 128.94336 6073.357 1093.3862 138.43167
124474.08 128.94336 6083.898 1086.2881 138.50993
123660.56 128.94336 6121.9263 998.4546 138.50993
124417.91 128.94336 6130.99 1009.8154 138.50993
123686.86 128.94336 6109.6787 996.32275 138.79239
125198.72 137.49902 6168.184 1060.565 138.94272
125266.7 137.49902 6161.6846 1055.3022 141.48924
125204.945 138.06384 6176.942 995.1909 140.37057
124720.95 132.77963 6132.3794 1031.1938 138.6243
124955.88 134.19667 6199.7793 998.59717 139.69392
124446.21 129.55254 6187.5376 983.98047 139.69392
124742.51 132.76482 6235.468 939.4419 140.37057
125211.67 123.81409 6264.8916 944.9385 139.69392
125004.85 126.97676 6279.0537 963.73145 139.69392
124457.52 129.85457 6190.6836 993.0117 139.69392
124781.67 97.73918 6275.83 889.68164 139.69392
124836.8 97.73918 6249.604 913.8906 139.69392
124879.84 107.81284 6262.8857 921.03613 139.69392
125049.89 107.81284 6250.1167 922.91406 139.69392
125227.31 109.91685 6234.8237 924.66064 139.69392
124830.414 109.91685 6242.8384 913.6709 139.69392
124618.87 123.17925 6247.157 922.0762 139.69392
124203.75 123.17925 6265.625 921.9912 139.69392
124328.375 123.17925 6258.7744 896.72266 139.69392
123677.484 129.85457 6229.904 891.4448 139.69392
122883.9 128.7408 6197.0425 873.937 139.69392
123303.9 128.7408 6195.5967 866.5088 139.69392
123287.37 126.97676 6227.841 810.2085 139.69392
123121.914 126.15767 6248.6084 765.5625 139.69392
124044.18 131.26195 6222.1177 915.6836 139.69392
124007.16 125.77295 6225.7437 829.80566 139.69392
124064.66 125.77295 6239.684 873.9844 139.69392
123417.85 125.77295 6237.4375 872.4512 139.69392
124442.53 125.77295 6241.1084 876.5464 139.69392
123605.44 125.77295 6229.186 845.3999 139.69392
123547.15 125.77295 6245.855 877.4878 139.69392
123036.9 125.77295 6215.409 847.02783 138.79239
123121.16 125.77295 6202.7856 888.605 139.62997
123275.37 125.77295 6171.6904 866.28564 139.62997
123471.77 125.77295 6159.655 868.7329 139.62997
122977.65 123.81409 6197.4697 905.43604 138.67992
121493.6 113.32322 6156.743 753.4404 138.79239
121997.85 119.41715 6171.155 786.72217 138.79239
121981.15 119.41715 6199.5615 770.1255 139.47772
122328.81 119.41715 6232.278 786.8584 138.79239
122225.414 119.41715 6233.5522 820.9507 138.79239
122604.805 119.41715 6217.1216 810.8672 138.79239
122691.84 119.41715 6186.755 830.46436 138.79239
122594.54 118.98245 6186.504 809.4209 138.79239
122368.23 118.98245 6207.1963 800.08203 138.79239
122627.05 88.37653 6209.0967 756.62354 138.79239
122406.484 88.37653 6202.889 761.7822 138.6243
122572.42 88.37653 6180.144 789.5576 138.6243
122552.9 88.37653 6232.2915 763.16846 138.6243
122471.01 88.37653 6224.196 746.76953 139.09906
122476.7 88.37653 6207.507 771.72363 138.50993
122144.63 88.37653 6191.7812 761.8428 138.50993
122323.445 88.37653 6182.8486 741.31836 138.50993
122826.01 88.37653 6172.909 795.3301 138.50993
123088.65 88.37653 6179.943 785.99805 139.09906
122841.22 88.37653 6165.7925 805.1006 138.50993
122592.625 117.93085 6159.4575 813.11523 138.50993
122457.68 119.41715 6151.027 841.1304 138.50993
122175.38 119.41715 6147.399 782.3457 138.50993
122608.62 119.41715 6146.5938 792.94336 138.6243
122500.73 119.41715 6147.272 793.5737 138.6243
122336.66 121.98328 6158.5996 804.59863 138.6243
122741.22 121.98328 6165.418 793.0571 138.79239
122631.17 121.98328 6146.504 782.6133 138.6243
122217.164 121.98328 6165.758 801.9873 138.6243
122398.75 121.98328 6184.1484 805.8965 138.7607
122542.44 121.98328 6191.926 861.09814 138.6243
122594.445 119.58932 6155.0757 783.8594 138.79239
122949.195 107.81284 6163.57 804.92285 138.79239
122735.586 107.81284 6174.389 784.24805 138.79239
122545.11 107.81284 6175.6567 781.1792 138.7607
122993.5 124.8185 6171.4688 805.26855 138.6243
123104.33 123.04027 6150.7217 847.24805 138.6243
123073.26 123.04027 6190.242 842.3579 138.6243
123816.99 123.04027 6213.2256 871.771 138.6243
124158.336 123.81409 6205.451 906.28613 138.6243
124410.23 123.81409 6197.747 862.39844 138.7607
123864.8 128.22133 6176.1646 886.16846 138.6243
124018.0 128.22133 6177.154 891.06445 138.6243
124051.42 128.22133 6179.6387 898.7207 138.6243
124878.01 128.22133 6131.9287 969.3345 138.6243
124932.48 122.43136 6092.727 1007.0449 139.33543
124385.8 122.43136 6136.6235 966.96387 138.6243
123474.45 126.33176 5970.6733 1084.0308 138.17288
123660.53 121.98328 5955.0273 1119.48 138.17288
123745.88 121.98328 5954.6953 1161.8701 138.17288
123096.65 121.98328 5928.643 1124.9077 136.92401
122797.36 126.33176 5912.957 1124.8213 136.92401
122884.234 126.33176 5889.224 1110.0254 136.92401
122734.836 125.12571 5883.3853 1140.5825 136.55138
123345.336 106.63748 5932.367 1122.8232 136.55138
123527.02 125.12571 5919.4927 1180.7319 136.55138
122785.44 109.85083 5971.183 1157.9336 136.35402
123547.48 109.85083 5999.147 1131.6777 136.55138
123051.1 119.58932 5939.4634 1160.0122 136.55138
122624.82 125.12571 5930.324 1146.9297 136.55138
122564.48 122.00728 5914.2026 1128.2393 136.92401
122193.57 122.00728 5904.7783 1104.7852 136.92401
121647.27 122.00728 5943.96 1107.1602 136.92401
120788.12 122.00728 5923.064 1096.5073 136.55138
120993.875 122.00728 5905.6816 1147.3242 136.35402
120442.44 122.51272 5869.809 1225.853 135.11949
121000.68 104.17542 5855.199 1189.2676 135.11949
121292.91 104.17542 5848.1694 1171.7573 135.11949
120766.28 113.14942 5858.1846 1196.9243 134.86746
120626.086 113.14942 5915.996 1114.6445 134.86746
120735.17 88.37653 5892.188 1145.7451 134.86746
120805.04 88.37653 5894.4985 1152.5391 134.86746
121061.38 88.37653 5891.325 1143.8569 134.86746
121237.71 103.99152 5860.647 1148.419 134.19667
121137.74 103.99152 5880.882 1103.8853 135.18306
120959.0 103.99152 5848.375 1134.2471 134.19667
120826.18 99.11452 5861.672 1118.7246 134.68268
120916.24 116.87633 5848.843 1146.8364 134.19667
120638.83 122.92406 5844.627 1157.2446 134.61526
120877.734 121.98328 5853.216 1192.3721 135.18306
120946.99 123.66485 5874.7007 1155.4551 135.81477
120896.375 123.7683 5913.2007 1133.9175 135.81477
121026.555 122.56346 5904.613 1137.7559 135.81477
120368.21 122.56346 5835.353 1155.1094 135.24596
121089.375 122.56346 5895.3516 1124.9668 135.81477
120982.445 122.56346 5889.581 1119.4854 135.81477
120881.21 123.7683 5906.2163 1093.7891 135.81477
120574.37 126.79866 5901.3013 1150.919 135.95572
120785.695 126.79866 5940.757 1137.0356 137.59232
120721.87 126.79866 5945.887 1117.3306 137.59232
120914.11 126.79866 5920.7686 1136.5293 137.59232
121895.23 126.79866 5951.282 1145.0786 137.49902
121720.664 125.01105 5924.665 1123.1333 137.49902
121690.734 123.24324 5948.458 1123.54 137.49902
122016.336 123.7683 5957.239 1125.2544 136.39369
123160.32 119.68896 5939.7593 1206.9194 136.55138
123000.72 119.68896 5944.5234 1169.3335 136.55138
123096.88 107.81284 5964.2974 1111.728 136.55138
123053.79 110.75565 5948.327 1158.5337 136.55138
123244.77 110.75565 5923.078 1172.6157 136.55138
123074.99 119.68896 5925.815 1139.5752 136.39369
122862.76 119.68896 5979.151 1107.2725 136.39369
122539.11 126.15767 5974.5503 1130.6929 136.39369
122637.55 126.15767 5983.544 1161.4556 135.95572
122534.54 126.79866 5953.6797 1242.3462 135.95572
122255.0 126.79866 5963.648 1209.3882 135.95572
121732.945 126.79866 5940.4243 1209.0806 135.95572
121662.945 126.79866 5943.376 1163.7275 135.95572
121731.44 126.15767 5973.2417 1109.0298 138.06384
121062.56 126.79866 5941.4336 1144.0088 136.39369
121241.69 113.14942 5994.976 1132.4854 136.39369
120965.51 126.79866 5949.947 1165.1084 136.39369
121381.61 126.79866 5962.655 1137.187 136.55138
121713.484 126.33176 5955.396 1145.5264 138.06384
121720.69 126.33176 5918.082 1140.7715 138.06384
121360.46 126.79866 5942.221 1122.978 138.06384
120378.13 126.79866 5895.285 1110.0938 138.06384
119958.82 126.79866 5863.13 1135.4551 136.55138
124145.41 138.17288 6204.0674 941.2261 142.50557
123974.5 138.42888 6213.4224 870.562 143.15266
124232.38 138.42888 6192.457 924.9883 143.15266
124182.54 138.42888 6221.881 921.2754 143.33925
124283.34 138.42888 6219.952 936.66016 143.33925
124135.07 138.42888 6211.771 928.3916 142.99063
124322.125 138.42888 6224.955 962.45557 143.19392
124005.86 138.42888 6188.3945 1005.45557 142.87886
124378.66 138.42888 6214.0405 946.5757 142.99063
124252.19 138.42888 6195.561 937.8667 142.99063
124341.13 138.42888 6215.923 920.8779 143.33925
124630.89 138.17288 6243.2217 862.58887 142.99063
124732.234 138.17288 6264.4204 829.35645 143.19392
124248.46 138.11061 6276.3853 760.4072 147.45378
123878.99 138.11061 6257.8057 759.27686 146.12917
125763.86 138.17288 6329.4893 770.7246 147.79411
125325.38 138.42888 6331.716 790.749 147.79411
125238.99 138.42888 6331.992 767.9614 157.03206
125462.3 138.42888 6348.3364 784.7031 153.79124
125414.484 137.49902 6364.812 799.27 146.12917
124798.25 137.49902 6342.1313 740.84863 146.12917
124644.87 138.42888 6307.009 760.57227 146.12917
124341.09 135.35373 6306.373 727.04346 146.12917
124275.2 135.35373 6332.5547 718.8462 145.87195
123827.84 135.35373 6309.734 711.833 145.87195
123587.914 135.35373 6298.804 693.1543 146.48795
123588.13 135.35373 6295.461 704.06396 153.79124
123144.945 135.35373 6326.1255 687.9785 150.7114
122660.64 135.35373 6331.2446 671.6201 150.7114
122777.09 135.35373 6291.174 688.71875 145.87195
123205.15 137.04274 6295.0664 728.41406 145.87195
123492.95 137.04274 6331.401 735.4199 145.87195
123394.28 137.04274 6324.24 730.30615 143.19392
123670.28 138.42888 6264.794 788.1831 143.19392
124795.336 138.11061 6326.4595 767.8877 141.0754
124519.56 137.04274 6329.468 753.4116 142.99063
124851.67 137.04274 6355.271 759.6543 144.25827
124831.164 137.04274 6365.47 746.8613 146.48795
125010.766 137.49902 6333.5537 748.88135 144.25827
124677.055 138.11061 6333.4507 798.4468 143.30919
124594.12 138.11061 6342.308 850.78174 143.30919
125293.56 137.78804 6311.324 830.2656 143.30919
124701.99 132.2244 6307.254 757.8657 142.07852
125332.26 132.2244 6326.0405 801.2988 142.07852
125824.375 128.13597 6383.465 779.2285 141.44652
125388.625 128.13597 6351.509 763.41895 141.44652
124923.05 137.78804 6299.121 784.1089 142.07852
124792.83 129.55328 6333.5977 738.0303 142.07852
124294.34 129.55328 6326.5317 737.08545 142.94437
124135.164 135.11949 6319.2163 713.48145 145.34363
124548.22 135.11949 6326.7656 728.8208 142.9814
125383.29 135.11949 6350.4634 757.3286 142.9814
125345.78 135.11949 6362.4917 764.8154 142.9814
124894.34 135.11949 6327.5693 740.36035 142.9814
125093.914 137.78804 6351.8887 762.0718 142.9814
124939.58 137.78804 6359.5254 756.2368 147.8345
124914.516 137.78804 6365.352 755.78125 147.8345
124388.25 137.55951 6349.9717 746.14795 147.45378
125217.664 137.78804 6373.763 724.8242 148.81927
125166.5 137.78804 6339.248 752.68506 147.66634
125269.2 137.78804 6338.924 743.18896 147.66634
125231.91 137.78804 6341.772 768.7163 146.79657
125261.03 138.17288 6310.3027 776.98096 143.89537
125119.39 138.17288 6293.913 766.5254 147.45378
124862.42 137.49902 6303.6567 750.20654 143.4619
126237.414 137.49902 6457.204 709.7207 147.21472
126463.82 137.49902 6470.4214 733.36523 153.79124
126462.69 137.49902 6452.05 750.6587 148.09781
126507.26 137.49902 6461.2646 771.4888 148.09781
126468.88 137.49902 6482.7114 751.2993 146.3265
126492.65 137.49902 6449.781 785.54004 146.3265
126655.28 137.49902 6415.4062 844.9199 150.68959
126579.72 137.49902 6382.5845 784.17725 146.3265
126843.65 137.49902 6473.028 713.09863 154.63593
126355.83 137.49902 6500.6206 675.3091 154.63593
126749.21 137.49902 6490.227 707.6782 154.63593
126345.53 137.49902 6463.2764 743.8906 150.68959
126210.38 132.58537 6490.1533 738.8799 143.09921
126375.266 121.98328 6553.9546 708.2163 143.09921
