16368.0 0.0 388.0 42.0 0.0
16424.0 0.0 392.0 45.0 0.0
16432.0 0.0 392.0 46.0 0.0
16436.0 0.0 391.0 45.0 0.0
16438.0 0.0 389.0 46.0 0.0
16403.0 0.0 391.0 43.0 0.0
16446.0 0.0 392.0 50.0 0.0
16443.0 0.0 389.0 48.0 0.0
16544.0 0.0 389.0 49.0 0.0
16564.0 0.0 391.0 50.0 0.0
16571.0 0.0 391.0 51.0 0.0
16563.0 0.0 394.0 53.0 0.0
16539.0 0.0 394.0 51.0 0.0
16574.0 0.0 394.0 54.0 0.0
16558.0 0.0 393.0 52.0 0.0
16576.0 0.0 392.0 52.0 0.0
16619.0 0.0 393.0 53.0 0.0
16641.0 0.0 390.0 50.0 0.0
16629.0 0.0 393.0 54.0 0.0
16656.0 0.0 392.0 54.0 0.0
16676.0 0.0 387.0 56.0 0.0
16668.0 0.0 391.0 52.0 0.0
16651.0 0.0 390.0 51.0 0.0
16724.0 0.0 391.0 62.0 0.0
16744.0 0.0 391.0 71.0 1.0
16734.0 0.0 389.0 60.0 0.0
16762.0 0.0 386.0 65.0 0.0
16740.0 0.0 386.0 64.0 0.0
16739.0 0.0 388.0 69.0 0.0
16739.0 0.0 387.0 68.0 0.0
16734.0 0.0 392.0 63.0 0.0
16729.0 0.0 390.0 62.0 0.0
16714.0 0.0 390.0 57.0 0.0
16677.0 0.0 391.0 57.0 0.0
16706.0 0.0 393.0 60.0 0.0
16709.0 0.0 392.0 58.0 0.0
16722.0 0.0 393.0 61.0 0.0
16701.0 0.0 394.0 64.0 0.0
16719.0 0.0 395.0 70.0 0.0
16719.0 0.0 394.0 65.0 0.0
16713.0 0.0 395.0 68.0 0.0
16691.0 0.0 395.0 67.0 0.0
16696.0 0.0 394.0 63.0 0.0
16695.0 0.0 394.0 60.0 0.0
16658.0 0.0 393.0 59.0 0.0
