28892 134.67786 3005.0315 369.05542 159.8183
28449 145.03763 2994.321 330.82886 164.25992
28752 139.01215 2979.0566 446.89453 157.09888
28721 140.7367 3041.0813 353.38525 152.192
28076 133.64328 3005.3381 213.20361 163.45361
28876 144.71455 3014.0894 375.5581 163.50699
28515 139.01215 3003.9907 345.7915 159.5137
28944 126.31421 2983.2925 476.51392 159.8183
28779 143.01666 3023.3564 383.96875 163.11304
28778 139.01215 3049.679 359.27002 161.50732
28438 137.57196 3044.4033 257.60156 159.8183
28568 134.67786 3005.004 298.2771 163.11304
28874 139.01215 2864.6416 586.626 163.11304
28331 130.56471 3019.1 289.51758 155.56223
28723 130.56471 3082.1377 348.67334 164.25992
28513 134.67786 2963.1316 375.60083 152.192
28919 139.01215 3076.5205 299.99097 163.50699
28813 143.01666 3051.7578 344.95654 165.0488
28663 134.67786 3072.157 217.35352 163.50699
28343 126.31421 2900.128 436.66357 152.192
28036 134.67786 3001.0913 241.79492 161.50732
28441 144.71455 2967.789 404.00464 163.50699
28522 144.71455 2874.8083 513.18604 161.50732
28390 144.71455 3020.937 271.01172 156.36453
28455 126.31421 2994.4226 273.30176 163.50699
28511 137.57196 3033.0159 284.6853 164.2568
28346 144.71455 2984.1748 276.6599 161.50732
28885 126.31421 2933.9358 527.60693 157.86858
28653 137.57196 3029.8662 328.33325 163.11304
28965 145.97896 3045.2644 426.14355 164.25992
28565 130.56471 2956.8525 352.77393 154.76138
28224 144.71455 2977.398 310.77002 156.36453
27848 133.64328 2961.573 225.30444 157.09888
