15574 3.27163 962.406 868.97314 13.627
14779 3.27163 931.479 811.521 17.80965
14574 4.51297 892.32635 921.94745 11.75958
14105 6.34909 876.3637 694.22845 23.34942
12840 4.00989 816.18555 589.44824 23.34942
14308 4.7702 894.89557 704.77826 23.34942
15203 3.27163 943.7976 898.0138 7.68264
15512 3.27163 1035.1543 824.8367 17.85357
15208 4.51297 954.8787 916.8724 17.13618
14256 4.51297 872.80743 915.62335 11.75958
15934 3.27163 1016.4623 832.2074 14.76574
15312 4.41473 960.81226 869.6947 17.13618
15582 3.27163 970.9821 903.856 10.27635
15158 3.27163 955.77795 814.97314 17.13618
15429 3.27163 973.2667 853.2046 16.3208
14468 4.00989 925.9007 607.5107 23.34942
15635 3.27163 991.2519 865.7951 17.13618
14157 4.00989 887.90106 598.1895 23.34942
15170 3.27163 930.75385 844.7215 17.80965
14010 4.41473 885.7611 611.2284 23.34942
14226 3.27163 936.83624 559.6143 49.5014
14749 4.51297 931.1683 972.0076 12.64674
15181 4.51297 968.8827 895.6742 17.85357
15513 3.27163 990.4001 875.79694 12.64674
14757 3.27163 978.43097 699.39813 23.34942
15132 3.27163 940.0408 845.43494 11.75958
15570 3.27163 1024.1257 882.1238 17.85357
15253 3.27163 954.12885 859.081 14.76574
15096 3.27163 951.45575 649.59393 23.34942
15705 3.27163 989.8772 947.36475 16.3208
15192 4.00989 979.08923 877.7777 17.80965
15088 3.27163 932.7795 906.1739 10.27635
15614 4.00989 986.64014 892.4448 10.60562
15117 3.27163 961.4357 697.0407 25.16532
14273 4.41473 884.6662 673.5213 23.34942
14386 4.41473 887.73987 688.77527 23.34942
14859 3.27163 930.9329 817.2984 14.76574
14445 4.7702 892.9345 912.3139 14.76574
13892 4.00989 879.22656 642.8413 23.34942
15658 3.27163 977.1239 932.8169 11.75958
15403 3.27163 996.1395 868.4568 13.86914
15101 3.27163 935.61505 831.3421 11.75958
15494 4.00989 1036.9626 899.0432 17.85357
14225 4.41473 914.65375 635.2255 49.5014
14202 4.51297 884.10065 689.3658 23.34942
15548 3.27163 996.27747 805.1387 23.34942
15088 3.27163 973.861 860.3516 13.86914
15232 4.00989 1022.7674 892.4937 17.85357
14743 3.27163 986.44885 625.3187 49.5014
14789 3.27163 929.4917 831.3168 17.13618
14301 3.27163 913.4431 557.833 23.34942
15064 3.27163 965.0081 614.1893 23.34942
15883 3.27163 997.559 856.7609 17.80965
14956 3.27163 938.3525 865.7668 15.69133
14969 4.41473 937.76904 859.37085 18.38799
14090 4.41473 874.4322 670.9483 49.5014
15573 3.27163 979.8924 866.34735 12.64674
13726 4.41473 848.91565 600.9098 23.34942
16060 3.27163 1056.5632 842.59106 18.38799
14902 6.27498 924.31024 930.48737 13.627
15473 3.27163 958.2211 887.7164 17.80965
15310 4.00989 991.4089 887.36224 18.38799
15454 3.27163 990.7115 905.4776 16.3208
14482 4.7702 904.2529 897.3666 18.38799
14381 3.27163 914.5672 562.53546 23.34942
14690 6.27498 903.619 972.70264 16.3208
14201 4.41473 891.613 671.5109 23.34942
15115 4.00989 956.6181 852.8129 17.80965
14256 4.00989 921.89703 684.51776 23.34942
15648 3.27163 982.846 860.1734 18.38799
15526 4.41473 989.62695 862.43896 17.85357
15323 3.27163 967.4375 873.74036 16.3208
14894 3.27163 978.12445 565.6071 23.34942
14149 4.51297 877.8769 904.5855 17.80965
14434 4.41473 893.3429 693.17505 23.34942
13735 4.41473 861.67993 674.4125 23.34942
15229 4.41473 960.7312 876.9778 11.75958
15142 3.27163 951.7788 875.47754 14.76574
15323 3.27163 1038.927 825.24146 18.74008
14884 3.27163 934.15076 643.68176 23.34942
14690 4.00989 921.6152 655.94855 23.34942
15190 4.41473 947.81604 913.5552 16.3208
14621 3.27163 940.9798 572.14606 23.34942
15635 3.27163 1045.3575 813.99927 20.70111
14736 3.27163 940.68677 689.9166 23.34942
14679 3.27163 919.84766 696.7566 23.34942
14136 4.00989 886.76984 671.46893 23.34942
14925 4.51297 933.0489 939.6446 17.80965
13630 4.00989 853.469 695.9282 23.34942
15615 3.27163 981.6185 930.9292 23.34942
15576 4.00989 999.6812 878.55414 21.65203
13578 4.00989 843.67554 643.4346 23.34942
13183 4.00989 840.236 592.36163 23.34942
15544 3.27163 990.6089 936.3799 18.38799
14283 3.27163 933.70245 576.3466 23.34942
14353 4.41473 887.71405 888.6479 14.76574
15601 3.27163 983.6572 827.3496 17.85357
15124 4.41473 941.534 862.39996 17.80965
