545 169.41707 339.58777 37.579834 162.92653
424 133.43439 274.45343 17.141876 146.07188
536 175.20378 354.85254 7.6997375 176.69667
448 148.969 299.25897 1.352417 155.1752
502 163.84192 329.19568 10.580444 149.37988
514 161.85239 327.20612 26.387726 153.45474
514 161.85239 327.20612 26.387726 154.91193
491 155.1752 315.58456 21.0643 148.93723
502 163.84192 329.19568 10.580444 154.91193
537 157.15855 328.33786 51.900787 157.15855
535 176.69667 353.79773 6.206848 175.20378
473 150.32144 310.7308 13.520477 149.37988
497 134.05267 302.2545 61.08786 137.95714
461 141.01904 287.09094 33.40332 138.69498
453 148.93723 299.25867 6.237976 160.40936
524 140.24123 316.16748 68.818115 144.8671
537 142.36433 331.59882 64.63257 150.35706
519 157.72873 332.1511 30.368744 140.46855
483 150.90358 308.63232 25.335938 140.46855
544 177.22244 356.87122 10.875 161.85239
490 150.57626 314.70142 25.663269 142.19908
569 176.69667 364.482 30.300232 170.93636
574 170.93636 366.0769 38.122986 170.93636
475 146.07188 307.92426 22.129944 140.01256
531 148.93723 337.1773 46.20334 154.91193
475 146.07188 307.92426 22.129944 141.07132
425 131.19412 276.06122 19.12732 149.37988
555 142.19908 346.74963 66.86026 170.93636
472 144.8671 308.2378 20.486633 149.37988
560 177.10106 356.74982 27.449493 175.20378
418 138.69498 277.79523 2.3240356 146.07188
519 170.43292 343.2304 6.668152 159.88635
