1096 160.20787 542.41406 18.503479 164.17995
1029 167.51593 508.341 18.538635 162.63135
1030 158.5563 508.3922 11.588867 167.51593
1057 163.07207 514.0984 27.15387 164.17995
1029 167.51593 508.341 18.538635 164.65929
1057 163.07207 514.0984 27.15387 164.65929
1077 162.63135 523.6622 27.814758 164.65929
1057 162.63135 513.66925 31.783264 160.11044
1048 139.73398 501.1148 47.553345 160.11044
1029 167.51593 508.341 18.538635 167.51593
987 136.90945 462.49875 71.94687 160.11044
1057 163.07207 514.0984 27.15387 167.51593
1022 160.11044 509.13144 7.1806946 167.51593
1096 160.20787 542.41406 18.503479 167.51593
1021 160.11044 495.32944 23.41153 162.63135
1030 158.5563 508.3922 11.588867 168.03398
1048 157.48483 515.3395 14.416138 164.17995
1077 162.63135 523.6622 27.814758 167.51593
1050 164.17995 514.6502 31.305481 164.65929
1048 157.48483 515.3395 14.416138 164.65929
1178 181.31795 567.82605 35.562378 164.17995
1140 167.51593 538.81067 59.27649 164.17995
1117 164.17995 538.75323 34.624695 167.51593
1088 136.69614 486.77002 98.336 164.17995
1050 164.17995 514.6502 31.305542 167.51593
1057 162.63135 513.66925 31.783264 167.51593
