12252 117.57348 1899.1 365.01453 160.30267
12221 132.56592 1688.9065 549.511 151.5651
12157 136.07391 1789.7971 407.9834 154.33969
12327 115.97558 1940.3333 340.1836 168.39055
11502 113.83048 1785.5219 244.0896 161.49222
12029 117.57348 1849.7191 308.13245 163.80936
12186 142.09856 1852.1687 356.3103 160.38235
12271 117.57348 1869.9984 428.2069 152.96826
12366 142.50175 1902.0205 290.24268 168.05441
12563 117.57348 1913.4515 400.2804 154.81926
11726 117.57348 1825.4059 280.76697 159.08852
11667 129.7829 1773.5707 373.66223 153.81905
12377 116.5453 1891.834 335.93506 154.81926
11676 116.5453 1813.5808 294.3562 159.08852
11908 146.24731 1820.2189 309.27747 168.72223
11106 115.68216 1766.3584 167.64453 161.49222
11971 142.50175 1882.7056 259.95508 160.53265
12244 124.6035 1895.5017 366.5127 160.53265
11783 125.00838 1629.8065 556.2938 149.29277
11742 115.97558 1642.776 581.7435 148.05211
12375 140.19344 1895.0554 354.2915 154.81926
12217 116.5453 1859.3629 331.28064 155.57652
12360 115.97558 1927.1865 339.72266 162.46426
12117 116.06812 1859.7223 300.20056 151.82643
10719 116.69662 1520.3536 425.4458 151.5651
11362 116.69662 1590.3668 461.02966 148.05211
12386 142.09856 1877.1733 376.99658 170.37039
12284 144.90121 1819.4377 428.6985 173.63062
12313 144.13629 1930.9845 248.4425 168.05441
12028 126.79245 1832.2488 301.93286 152.96826
12385 124.6035 1834.5898 372.99023 183.11385
12043 117.54819 1695.7805 534.6299 151.21288
12183 144.13629 1837.5253 383.0592 172.21883
11084 99.85261 1756.729 238.47852 153.81905
12097 115.97558 1903.3503 378.3684 148.16652
11655 117.57348 1808.9832 335.18652 152.04152
12312 117.57348 1852.1744 326.6405 162.83264
11691 115.97558 1687.3219 528.0548 151.5651
11206 115.97558 1611.3116 497.3385 146.24731
11285 99.85261 1731.3464 376.46265 149.72812
11380 115.97558 1824.4144 192.44287 161.49222
12305 125.00838 1698.2041 480.2202 154.33401
11591 116.06812 1841.2736 241.84412 162.83264
12509 115.97558 1948.6699 368.27832 170.37039
11831 141.62564 1832.2559 308.73535 160.38235
11938 138.37085 1877.2589 317.63147 155.38774
11397 99.85261 1626.4575 579.1985 147.86932
12296 135.63562 1844.6086 311.3623 158.45319
11774 116.06812 1718.3807 545.6249 151.5651
12012 136.07391 1846.679 378.60132 151.82643
11230 96.46235 1600.264 531.6554 148.05211
11293 117.57348 1727.1403 273.56274 159.08852
11612 145.52798 1802.917 356.7859 161.97293
12227 117.57348 1899.005 321.2174 160.53265
11532 115.97558 1824.0992 235.34534 184.61458
11506 125.00838 1572.2722 534.3152 151.5651
11838 117.54819 1671.2839 595.00806 148.77126
