622 90.02822 289.46048 41.789886 65.7444
598 65.1884 256.11322 105.57782 64.51137
557 64.94562 269.62372 24.118378 64.51137
479 68.70286 230.45557 20.007736 89.04988
522 65.1884 251.59581 21.405624 101.52536
498 65.7444 228.75215 40.8264 101.52536
558 64.94562 264.08392 40.312195 64.51137
507 65.1884 221.5416 48.78238 64.51137
557 64.94562 269.62372 24.118378 64.94562
605 53.45841 261.97742 64.483185 64.94562
568 64.94562 272.90485 40.397736 87.45556
475 68.70286 235.70886 10.088867 75.42809
564 64.94562 276.06598 23.979736 87.45556
632 64.94562 291.25955 69.23233 64.51137
649 93.06632 308.368 42.536316 65.7444
568 64.94562 272.90485 40.397766 74.30151
561 64.94562 263.77484 32.707764 103.11498
560 64.51137 265.11768 51.729095 64.94562
730 106.13297 347.59625 43.78009 65.7444
558 64.94562 264.0839 40.312225 89.04988
546 64.94562 258.23502 32.399536 103.11498
579 64.94562 272.75867 36.10486 101.52536
623 87.4512 283.6124 60.440826 65.7444
651 64.51137 293.53802 68.25763 64.94562
622 90.02822 289.46048 41.789886 93.29928
579 64.94562 272.75867 36.10489 101.52536
479 68.70286 230.45557 20.007751 65.7444
498 65.7444 228.75214 40.826416 101.52536
566 64.94562 259.6719 40.476654 101.52536
509 65.1884 218.66994 53.89656 64.51137
545 74.30151 251.78094 46.206512 65.7444
657 53.45841 282.48508 87.53763 64.94562
522 65.1884 251.59581 21.405655 101.52536
475 68.70286 235.70886 10.088867 93.06632
730 106.13297 347.59625 43.78009 87.4512
567 68.70286 241.83212 96.80728 65.7444
498 65.7444 228.75214 40.826416 113.15512
