171 171.65521 171.65521 0.0 173.0555
209 209.61568 209.61568 0.0 179.7096
191 191.82289 191.82289 0.0 179.7096
170 170.50124 170.50124 0.0 173.0555
209 209.61568 209.61568 0.0 200.74365
204 204.53636 204.53636 0.0 180.11504
175 175.05806 175.05806 0.0 178.93446
165 165.91231 165.91231 0.0 173.0555
200 200.74365 200.74365 0.0 183.35294
189 189.66621 189.66621 0.0 183.45325
162 162.98761 162.98761 0.0 155.89703
207 207.357 207.357 0.0 190.942
190 190.942 190.942 0.0 190.942
189 189.86444 189.86444 0.0 190.942
183 183.35294 183.35294 0.0 183.89726
151 151.87799 151.87799 0.0 151.09193
176 176.28482 176.28482 0.0 179.7096
168 168.56032 168.56032 0.0 183.89726
180 180.11504 180.11504 0.0 189.86444
181 181.18755 181.18755 0.0 207.357
168 168.56032 168.56032 0.0 199.19339
162 162.79002 162.79002 0.0 177.14929
