-53443.33	-38.22171	-3369.6748	649.1255	81.6928
-53437.465	-36.33923	-3324.3857	650.90063	78.19034
-51252.29	-70.05326	-2838.481	1157.5769	70.63095
-50589.523	-66.74837	-3024.983	957.0591	68.04924
-50554.3	-67.51029	-2550.152	1445.0911	66.74016
-50172.027	-68.56447	-2954.2788	1006.57935	72.7438
-50577.09	-67.75017	-3018.587	954.3657	70.50957
-47989.51	-39.04208	-3001.353	402.81372	82.995
-45655.574	-45.10657	-2805.2756	397.91626	91.90918
-45653.504	-44.33604	-2880.1528	359.91455	88.12791
-45812.42	-44.33604	-2860.4067	398.99634	88.12791
-46333.598	-44.33604	-2881.185	394.06055	95.951
-46137.91	-44.33604	-2856.873	400.42114	78.67049
-48163.406	-45.92375	-3007.9653	434.20068	72.35691
-48101.844	-45.92375	-2988.5251	459.33618	72.16763
-48165.164	-48.75191	-3022.8838	443.09058	78.74215
-48163.793	-48.75191	-3017.9128	425.27197	82.28423
-48176.207	-43.92947	-3033.0676	416.62622	82.28423
-47931.234	-36.33923	-3043.115	381.3501	82.28423
-48536.684	-58.16115	-3008.2817	547.3274	74.63951
-46824.004	-46.89605	-2877.5947	482.2307	72.78751
-46871.11	-46.89605	-2875.9387	494.09058	72.78751
-45570.367	-48.75191	-2833.743	471.04126	73.67786
-45473.562	-48.75191	-2813.5596	490.7024	73.21133
-45377.75	-48.75191	-2820.8843	482.9038	73.21133
-45792.258	-48.75191	-2793.6145	501.55078	73.21133
-46682.3	-48.57425	-2885.4521	495.58472	72.78751
-45708.27	-48.75191	-2853.199	450.68628	76.65204
-45858.664	-50.60658	-2842.6162	449.8496	76.72784
-45692.473	-50.60658	-2845.212	445.95166	76.72784
-45918.188	-50.60658	-2824.78	464.55762	76.72784
-46228.027	-50.60658	-2848.3184	474.27246	76.72784
-45926.848	-49.04123	-2813.2046	481.72412	74.04159
-45909.816	-49.04123	-2814.3389	479.46362	74.04159
-46210.164	-48.75191	-2801.7144	493.17676	74.04159
-45884.664	-48.75191	-2818.0068	462.76196	74.04159
-45952.508	-48.75191	-2821.6218	476.32227	74.04159
-46292.535	-47.06613	-2837.8064	484.5337	74.04159
-46771.23	-47.06613	-2886.2485	496.438	74.04159
-47018.816	-47.06613	-2854.1492	485.17407	74.04159
-46530.832	-50.60658	-2842.1282	501.5559	74.04159
-46281.938	-50.60658	-2847.3286	500.4121	74.04159
-47464.168	-52.11852	-2924.1648	508.17334	73.67786
-47661.355	-54.66425	-2913.6487	478.10254	78.67049
-47221.625	-50.55514	-2956.3835	474.32617	78.67049
-47736.24	-46.6412	-2966.051	416.1604	78.67049
-47726.434	-46.6412	-2974.121	428.44287	78.67049
-46695.492	-51.45221	-2896.3218	438.0437	77.8105
-47476.566	-51.45221	-2904.6636	484.06274	77.8105
-47147.996	-51.45221	-2909.8965	474.8545	78.67049
-47182.668	-50.28931	-2922.6582	442.58276	78.67049
-47020.41	-50.28931	-2905.2534	445.3584	77.8105
-46956.16	-52.11852	-2889.5872	489.01782	77.43421
-46852.117	-52.11852	-2885.681	474.6814	77.43421
-46518.055	-46.89605	-2913.0967	422.64233	77.61024
-46677.957	-46.89605	-2902.1233	423.09937	77.61024
-47109.707	-46.89605	-2926.7605	430.95947	77.61024
-47114.312	-52.11852	-2909.53	447.24048	77.61024
-47115.566	-50.55514	-2906.522	456.2068	77.61024
-47205.426	-50.55514	-2907.7212	437.87158	84.31255
-48470.88	-50.55514	-2963.183	496.48877	77.43744
-48147.047	-48.75191	-2998.1492	432.90942	78.67049
-48218.945	-48.75191	-2997.7744	438.55273	78.67049
-50021.445	-43.92947	-2991.8242	683.1433	67.50425
-50560.953	-57.45044	-3127.6128	729.97217	76.44973
-49467.53	-38.22171	-3117.8013	387.56763	76.58974
-51550.246	-39.04208	-3188.1675	498.6228	82.48898
-51332.887	-43.66964	-3189.016	502.59204	82.48898
-47006.945	-56.43159	-2684.302	818.16016	66.74837
-46338.094	-54.54203	-2530.1123	982.604	65.36344
-46669.02	-38.22171	-2805.677	676.1365	65.36344
-49114.805	-45.92375	-2908.305	642.9585	67.50425
-49721.324	-50.55514	-2911.583	646.4844	67.2871
-50600.832	-59.21268	-3059.4158	575.0559	76.6985
-50851.797	-51.05334	-3023.137	658.92505	72.7438
-50590.477	-52.60741	-3104.3064	509.9629	78.19034
-49225.03	-51.09145	-2931.2805	707.375	66.74016
-49219.63	-45.5021	-2938.1724	701.1985	67.1209
-50533.164	-59.1056	-3020.2869	649.7256	68.04924
-50783.0	-55.297	-3109.031	753.5276	72.58862
-49971.137	-38.22171	-3092.077	441.06592	79.72095
-49332.027	-43.66964	-3094.5503	439.04077	76.58974
-49388.062	-43.66964	-3100.8982	427.021	80.52892
-49686.496	-43.66964	-3143.3872	403.67163	92.76247
-49793.895	-43.66964	-3016.1956	578.8015	67.1209
-50822.727	-50.5156	-3104.5337	766.0303	68.4972
-50467.992	-50.5156	-3057.0461	552.2527	70.50049
-50684.08	-39.04208	-3075.1025	555.2522	68.53938
-50742.582	-43.92947	-3067.7007	608.9912	68.53938
-50581.613	-43.92947	-3081.644	572.124	68.53938
-50648.42	-48.75191	-3042.2527	632.29126	67.92085
-49616.21	-43.8142	-2915.2407	685.468	67.06267
-50569.8	-38.22171	-2994.273	650.62744	67.2871
-50671.543	-38.22171	-2821.1409	902.5071	67.08014
-50594.566	-38.22171	-2857.8708	797.17773	67.08014
-49129.773	-40.8563	-2825.5183	955.011	65.28069
-49009.246	-40.8563	-2836.602	968.96313	65.28069
-49319.598	-43.92947	-2825.652	957.0779	65.28069
-49528.71	-43.66964	-2891.258	950.62695	66.39945
-49847.72	-43.66964	-2866.8796	970.3728	66.39945
-49734.86	-49.43811	-2843.3066	956.0112	66.39945
-48557.5	-51.05334	-2907.6777	676.38477	67.06267
-48927.15	-46.07086	-2943.751	607.323	67.06267
-48827.176	-43.66964	-2952.2976	604.7273	67.06267
-49033.695	-46.07086	-2941.088	990.2112	65.93193
-49650.027	-48.57425	-2912.3801	956.8801	65.93193
-49322.13	-36.42438	-2930.778	956.541	65.93193
-48006.293	-52.11852	-2864.5142	735.14136	63.79536
-48379.18	-52.11852	-2831.8	789.25635	65.35749
-48139.22	-52.11852	-2836.8323	775.65356	65.93193
-48154.41	-46.6412	-2877.736	688.51807	65.93193
-48048.977	-46.6412	-2873.6924	688.25415	65.93193
-48213.312	-46.6412	-2861.608	708.9136	65.93193
-48914.27	-43.66964	-2923.7603	633.3059	65.93193
-48511.387	-46.07086	-2928.2744	622.65796	65.93193
-49085.516	-46.89605	-2944.9314	682.9072	67.06267
-48963.03	-38.22171	-3000.8533	660.3779	67.07116
-49066.074	-48.57425	-2954.4646	720.6221	67.06267
-48705.812	-49.84605	-2980.671	668.46875	67.06267
-48163.656	-38.22171	-2952.4395	656.56274	67.06267
-49291.12	-57.49511	-2937.967	769.4751	67.06267
-50210.73	-38.22171	-2957.29	916.6355	66.55663
-48518.94	-57.65915	-2741.7734	879.7366	66.55663
-50211.754	-51.44427	-2862.7495	978.02	66.74016
-49493.723	-45.73336	-2933.614	703.9944	67.06267
-52272.285	-52.85518	-3184.645	826.28687	77.49073
-53510.5	-36.33923	-3357.5347	651.47485	77.61024
-53297.63	-36.33923	-3333.9924	677.7815	74.01904
-53071.605	-36.33923	-3269.6707	778.3303	73.21133
-51229.965	-50.2865	-3074.437	808.9072	67.92085
-51320.3	-50.28931	-3062.5308	818.1616	67.92085
-51298.91	-50.28931	-3074.0154	818.15234	67.92085
-53285.42	-48.57425	-3265.0159	821.7107	77.49073
-53128.066	-48.57425	-3268.3254	804.4475	83.01612
-52675.39	-48.57425	-3046.1726	1011.8811	76.17896
-51727.375	-50.28931	-3127.866	736.17456	76.6985
-50835.66	-50.04607	-3129.025	565.61035	73.21133
-50336.49	-45.92375	-3095.6904	500.65356	73.21133
-50835.92	-43.66964	-3137.6062	490.34155	76.08959
-50767.695	-43.66964	-3130.533	473.33765	74.30264
-50566.55	-45.92375	-3119.5405	493.96216	74.30264
-51328.32	-52.53377	-3083.231	564.8601	74.85582
-52135.23	-52.53377	-3099.2332	860.7737	74.85582
-52050.86	-52.85518	-3127.8257	884.75635	72.7438
-51708.234	-45.73336	-3085.0725	642.5315	72.7438
-50618.094	-50.5156	-3131.373	751.96216	73.00068
-50407.13	-46.11847	-3100.237	564.99146	71.27214
-51908.117	-46.11847	-3171.7817	777.59204	67.75017
-52082.12	-46.11847	-3164.6846	769.91064	67.75017
-51668.41	-50.28931	-3159.4658	713.9109	77.49073
-52057.098	-48.57425	-3177.9954	735.5913	74.85582
-51708.902	-48.57425	-3150.8835	748.65186	72.18954
-51064.11	-48.57425	-3160.485	559.5166	74.63951
-50763.453	-48.57425	-3153.3113	556.4856	73.47451
-50585.066	-48.57425	-3111.4526	571.1101	73.06075
-51226.46	-48.57425	-3120.7002	650.44775	73.00068
-50519.836	-37.42426	-3064.4387	610.36743	67.99218
-51127.97	-50.28931	-3093.601	652.072	73.00068
-50086.03	-39.04208	-3165.4626	472.20972	76.58974
-50526.9	-39.04208	-3186.2659	504.9016	76.58974
-49716.22	-33.19054	-3161.79	394.90063	84.67525
-50192.426	-38.22171	-3164.1135	413.07837	84.67525
-49913.69	-38.22171	-3143.784	432.69775	77.8105
-49954.316	-38.22171	-3165.8416	419.25366	86.2778
-50785.062	-37.42426	-3186.2026	445.05444	86.2778
-50006.37	-50.5156	-3105.1545	707.15015	72.56092
-49636.895	-54.99712	-3029.6978	553.36816	72.18954
-50630.55	-50.5156	-3118.149	725.92773	71.37268
-51338.965	-43.66964	-3212.6614	600.59106	75.00603
-50121.195	-50.28931	-3118.8223	545.3938	73.00068
-50267.145	-50.28931	-3119.3088	524.8413	76.17896
-49871.266	-50.28931	-3105.8357	517.42236	76.29077
-49699.133	-52.85518	-3082.032	494.11865	78.74215
-49015.05	-39.04208	-3040.7957	509.7827	69.97175
-48789.496	-39.04208	-3007.9536	518.12476	69.29471
-48874.406	-39.04208	-3004.3452	523.7854	69.29471
-49188.656	-43.66964	-3025.9028	556.3076	67.2871
-48826.066	-45.92375	-2955.311	613.8916	67.2871
-48440.098	-53.57693	-2999.531	523.4321	72.5087
-47845.633	-50.55514	-2923.3167	515.12573	72.16763
-47824.645	-50.55514	-2933.5044	515.728	73.67786
-48295.69	-46.6412	-2955.2	508.40796	73.00068
-48555.92	-46.6412	-3042.625	432.15747	73.32973
-48855.086	-46.6412	-3018.827	485.00708	73.32973
-49098.75	-46.6412	-3038.307	487.8291	73.21133
-49120.438	-46.6412	-3051.6614	492.08862	74.60427
-48692.258	-45.51318	-3061.9338	445.21997	74.60427
-48767.836	-50.28931	-3022.7952	454.92773	74.60427
-48927.04	-50.28931	-3066.4866	492.2849	74.60427
-49020.59	-50.28931	-3073.9966	494.2544	74.60427
-48946.492	-50.28931	-3024.551	512.68604	73.61608
-48805.61	-50.28931	-3035.4587	498.26978	73.61608
-49700.277	-50.28931	-3077.2026	514.30664	74.60427
-49271.562	-50.28931	-3033.4756	556.9719	69.93009
-49658.75	-46.6412	-3053.3108	554.28125	69.93009
-50196.797	-48.57425	-3092.332	576.83276	69.29471
-50680.883	-48.57425	-3101.7085	558.97876	71.60074
-50498.863	-58.16115	-3092.2292	748.45337	71.04974
-50534.258	-51.91515	-3114.6062	729.01807	72.5087
-50725.586	-51.41588	-3119.9734	738.5425	72.7438
-50713.57	-48.75191	-3142.7012	692.70825	72.7438
-51050.566	-38.22171	-3185.1165	576.88354	73.05701
-50997.074	-38.22171	-3191.494	592.79785	73.05701
-52415.594	-43.66964	-3212.6582	622.5703	77.49073
-52863.258	-43.66964	-3171.2573	728.4319	77.49073
-52375.816	-45.73336	-3190.895	636.595	80.93449
-50814.316	-39.04208	-3161.7725	462.5918	73.21133
-50695.1	-39.04208	-3140.8176	456.65625	73.21133
-50495.703	-38.22171	-3177.6533	434.74976	90.40947
-50302.598	-43.66964	-3160.158	430.57983	90.40947
-49275.43	-51.41588	-3046.5874	426.26367	86.2778
-49958.46	-43.66964	-3130.215	373.56616	84.67525
-49799.87	-45.73336	-3112.7488	407.89062	84.67525
-49936.363	-43.59718	-3134.9585	424.84326	84.67525
-50121.55	-43.59718	-3123.6348	424.5752	84.67525
-50183.07	-39.04208	-3118.0234	436.5415	84.67525
-49828.805	-39.04208	-3080.663	429.90356	77.49073
-50294.51	-37.42426	-3121.0134	408.1931	77.47518
-50124.918	-37.42426	-3112.5388	437.3601	76.92278
-50284.387	-37.42426	-3125.3596	432.62988	81.41293
-50708.83	-37.42426	-3123.0864	437.9441	76.92278
-50849.848	-37.42426	-3112.8765	435.41602	84.67525
-50838.25	-38.22171	-3126.9065	452.24805	76.92278
-50456.145	-38.22171	-3126.3074	450.7473	78.27084
-50576.65	-38.22171	-3090.0547	548.01465	69.93009
-50950.1	-43.66964	-3142.9827	687.70557	68.04924
-50057.9	-45.73336	-3113.198	431.98804	94.91364
-49601.836	-50.5156	-3070.1423	440.1482	86.2778
-49591.848	-50.5156	-3070.6729	440.3733	86.2778
-49216.06	-50.5156	-3075.289	431.53638	92.76247
-49263.34	-50.5156	-3062.935	421.82983	86.2778
-49247.117	-50.5156	-3069.5557	403.14844	86.2778
-50128.547	-48.57425	-3096.7063	432.48755	86.2778
-50060.816	-48.57425	-3104.0393	438.4082	86.2778
-49911.75	-45.73336	-3098.0107	400.21167	84.67525
-49631.98	-45.73336	-3083.8386	395.7224	96.70815
-50060.258	-45.73336	-3103.8103	428.3728	89.24748
-50084.24	-45.73336	-3131.5444	403.86548	96.70815
-49974.312	-45.73336	-3138.8823	406.82202	92.76247
-49841.42	-47.06613	-3116.0903	400.14624	92.76247
-49875.21	-47.06613	-3112.4937	406.521	92.76247
-50446.164	-39.04208	-3156.046	395.58813	92.76247
-50235.812	-39.04208	-3143.4482	379.74097	92.76247
-50596.45	-39.04208	-3176.767	404.27295	91.98291
-50393.324	-43.66964	-3097.9167	437.57227	82.28423
-49715.17	-43.66964	-3022.357	492.53125	72.16763
-49742.29	-43.66964	-3065.56	494.47363	72.16763
-49527.24	-39.04208	-3102.0159	431.04614	80.59652
-49501.63	-39.04208	-3074.696	429.06982	82.48898
-49545.555	-39.04208	-3071.5415	406.27466	72.69491
-49622.992	-39.04208	-3065.5051	434.23047	72.16763
-49849.125	-39.04208	-3066.6697	428.4851	74.01904
-49882.844	-39.04208	-3071.615	435.9475	74.01904
-49987.96	-39.04208	-3097.112	453.2168	75.13111
-50011.984	-39.04208	-3095.5752	430.20337	82.48898
-50035.87	-33.19054	-3130.8782	409.9546	82.48898
-49819.586	-33.19054	-3133.783	401.20752	82.48898
-49769.473	-33.19054	-3115.2678	399.37964	76.72784
-49544.19	-33.19054	-3128.0725	380.8203	76.72784
-49852.195	-33.19054	-3113.2344	400.1421	76.72784
-49698.152	-33.19054	-3132.2095	398.38037	73.21133
-49701.414	-33.19054	-3085.3274	424.5559	73.21133
-49771.445	-33.19054	-3085.3215	428.90552	73.00068
-49675.777	-33.19054	-3090.659	413.56006	73.00068
-49395.777	-43.66964	-3074.2454	408.7312	73.00068
-49370.156	-38.22171	-3106.7913	383.44287	76.6985
-49633.74	-38.22171	-3117.9102	398.761	76.6985
-49397.414	-38.22171	-3119.6973	387.59595	76.6985
-49379.875	-38.22171	-3102.8164	409.615	73.21133
-49944.203	-43.66964	-3100.7332	440.10107	73.21133
-49939.71	-39.04208	-3109.6206	436.51147	73.21133
-49907.582	-43.66964	-3104.8982	475.0398	73.21133
-50278.6	-37.42426	-3105.8765	437.68774	77.35117
-50373.176	-37.42426	-3120.1604	420.34155	77.44059
-50512.03	-37.42426	-3127.5752	440.5022	72.16763
-50532.19	-37.42426	-3110.6704	473.63184	72.16763
-50398.598	-33.19054	-3114.159	440.1328	72.16763
-50324.766	-33.19054	-3132.018	444.28833	76.65919
-50323.258	-33.19054	-3138.263	454.01392	76.65919
-50170.652	-33.19054	-3137.1123	488.3379	72.58862
-50151.656	-33.19054	-3151.8865	453.52417	75.27856
-50128.0	-33.19054	-3129.5044	467.60742	72.58862
-50154.21	-33.19054	-3133.6948	482.04443	72.58862
-50126.31	-33.19054	-3148.3953	472.26758	72.58862
-51232.805	-38.22171	-3236.7634	655.3025	72.16763
-51147.973	-38.22171	-3217.1956	637.4485	73.00068
-51290.37	-38.22171	-3227.7341	652.92456	73.00068
-51404.67	-38.22171	-3238.6829	694.3904	72.18954
-51619.207	-39.04208	-3254.5308	623.6804	82.48898
-51978.27	-33.19054	-3230.757	582.9673	76.92278
-51823.33	-33.19054	-3224.7173	585.8074	76.65204
-51803.844	-33.19054	-3205.855	578.7063	76.92278
-52128.426	-33.19054	-3260.497	589.9155	82.87768
-51911.08	-36.33923	-3250.8362	585.2805	82.01817
-52370.426	-39.04208	-3235.511	636.91455	92.5754
-51561.605	-43.92947	-3227.459	603.7737	81.81037
-51621.89	-43.66964	-3243.4307	604.2141	77.61024
-51526.78	-43.66964	-3149.2117	561.5652	76.44973
-52071.82	-43.66964	-3190.211	544.67505	77.49073
-52201.137	-43.66964	-3194.3809	573.99316	77.61024
-52018.16	-45.73336	-3160.1006	587.395	77.61024
-51644.832	-38.22171	-3224.1213	458.6067	86.2778
-51662.164	-38.22171	-3195.8193	471.34326	86.2778
-51268.656	-38.22171	-3175.6611	438.35278	99.12666
-51507.273	-39.04208	-3157.5706	468.42603	99.12666
-50449.15	-59.34003	-3102.0857	523.1294	77.8105
-50363.22	-56.55434	-3103.8271	496.49414	77.8105
-52280.05	-50.28931	-3203.7712	734.56714	77.49073
-51993.094	-54.99712	-3179.3088	741.56055	77.49073
-51963.75	-51.41588	-3184.8784	789.4995	77.49073
-51009.688	-50.5156	-3120.2466	550.54517	77.43421
-50775.69	-60.38768	-3058.8933	649.30005	77.49073
-51544.332	-50.28931	-3174.5115	752.85547	73.12088
-50681.58	-50.28931	-3136.1113	761.5354	72.7438
-51749.453	-43.66964	-3191.6323	648.72437	73.61608
-51167.44	-50.28931	-3180.9338	439.84912	81.6928
-51323.367	-50.28931	-3196.274	454.29175	76.65919
-51146.152	-40.95588	-3054.002	609.657	68.42986
-50465.74	-50.28931	-3043.5403	559.0513	68.29344
-49576.63	-52.29874	-2907.2583	688.22437	67.12448
-50014.754	-52.29874	-2911.963	721.2837	67.12448
-49979.816	-39.04208	-2899.7544	667.4907	67.12448
-49874.926	-39.04208	-2907.5425	667.40356	67.12448
-49798.426	-39.04208	-2931.4211	637.80566	67.12448
-50071.414	-39.04208	-2970.1948	619.0869	67.50425
-50369.574	-39.04208	-2959.358	660.2534	67.50425
-50673.59	-39.04208	-3024.7917	639.99536	67.75017
-49907.723	-48.75191	-2999.6418	556.6721	67.75017
-50519.766	-45.92375	-3102.7505	525.96313	67.75017
-50453.543	-45.92375	-3088.8306	483.80664	72.7438
-50555.887	-45.73336	-3064.5674	649.5598	67.75017
-49983.6	-53.57693	-2636.522	1265.1477	65.28069
-48371.2	-49.84605	-2456.575	1420.7185	63.56308
-48096.89	-43.92947	-2446.1404	1375.4392	63.56308
-47832.023	-49.02014	-2423.0752	1401.2417	63.53316
-48549.453	-49.02014	-2574.597	1278.2	63.68614
-48274.26	-49.02014	-2549.117	1270.4526	63.68614
-48776.523	-49.02014	-2567.691	1272.0779	63.68614
-49189.297	-49.02014	-2576.558	1282.1809	63.68614
-49005.266	-49.02014	-2577.0745	1280.3943	63.68614
-50470.25	-45.73336	-2625.3833	1217.0271	65.28069
-50254.184	-48.57425	-2983.3948	643.52515	67.50425
-50265.457	-48.57425	-2931.1748	683.3064	67.50425
-50407.9	-48.57425	-2933.1738	717.2395	67.50425
-50310.31	-48.57425	-2965.1682	715.17065	67.50425
-49786.887	-49.76005	-2970.3474	726.20825	67.50425
-49175.203	-49.76005	-2937.921	691.8616	67.50425
-49327.37	-51.91515	-2937.1877	703.77246	67.50425
-48345.34	-54.99712	-2931.857	693.23047	67.50425
-48643.082	-54.99712	-2934.741	695.22656	67.50425
-48716.668	-54.99712	-2916.983	678.81055	67.1209
-48643.902	-50.60658	-2928.318	672.4675	67.1209
-49212.254	-48.57425	-2926.3027	655.93604	67.1209
-51747.914	-46.6412	-3119.6863	543.59033	77.49073
-51803.44	-33.19054	-3243.7656	450.1704	91.00864
-52104.195	-36.33923	-3207.86	479.45947	99.12666
-52028.387	-36.33923	-3216.8442	481.48022	99.12666
-51965.77	-36.33923	-3265.0535	483.44922	91.00864
-51918.754	-36.33923	-3225.7483	493.437	77.22223
-51926.684	-38.22171	-3240.5562	496.06543	77.12408
-51434.984	-38.22171	-3213.742	529.27686	73.37206
-52216.49	-38.22171	-3255.9895	587.6587	78.3992
-52370.906	-38.22171	-3253.3442	590.66846	76.44973
-52472.695	-38.22171	-3288.8074	593.4011	76.44973
-52704.05	-38.22171	-3272.6562	674.886	76.65204
-52804.848	-38.22171	-3275.4868	750.91797	77.61024
-52786.016	-38.22171	-3284.4683	707.82544	77.61024
-52728.62	-38.22171	-3262.4727	756.75024	76.92278
-53000.55	-43.66964	-3219.1174	794.84717	77.49073
-52741.594	-43.66964	-3167.4556	846.1338	76.40815
-52287.555	-36.33923	-3155.9868	824.5183	70.50957
-50702.984	-57.45044	-3099.5986	813.85474	70.47028
-50949.74	-57.45044	-3142.776	769.8511	72.7438
-51523.6	-36.33923	-3182.271	666.3279	70.47028
-51154.305	-36.33923	-3139.889	704.74976	67.75017
-50795.742	-36.33923	-3132.2905	533.52686	67.75017
-51265.97	-36.33923	-3097.831	580.3408	67.75017
-50684.324	-36.33923	-2886.2727	798.4761	66.96457
-49304.79	-43.92947	-2868.7725	721.6653	66.6605
-49836.25	-42.17992	-2841.063	791.6365	66.6605
-50055.04	-42.17992	-2840.2065	807.69556	66.6605
-50211.5	-39.25367	-2865.2134	795.97974	66.6605
-49768.527	-39.25367	-2851.4863	790.7422	66.6605
-49599.004	-43.66964	-2864.3352	745.7693	66.6605
-49506.44	-43.66964	-2914.1125	674.9226	67.06267
-49111.46	-43.92947	-2902.1987	683.0686	67.06267
-48526.56	-41.57807	-2706.222	1023.34644	64.16189
-48217.87	-41.57807	-2713.3547	1039.2129	64.16189
-48899.61	-45.73336	-2907.2104	719.3357	64.72212
-48791.82	-45.73336	-2909.74	680.34595	65.29282
-48959.3	-37.42426	-2867.6711	697.53784	66.18948
-49770.703	-37.42426	-2863.8687	1119.7583	66.18948
-49670.84	-47.06613	-2891.3218	1070.2256	66.18948
-48850.523	-47.06613	-2905.721	711.91943	65.29282
-48868.465	-51.64587	-2861.019	697.3428	65.29282
-49521.25	-51.64587	-2857.6226	1045.1975	65.29282
-49210.594	-51.64587	-2865.29	1092.2109	65.29282
-49207.4	-51.64587	-2871.2466	1076.7654	65.29282
-48801.477	-51.64587	-2875.9507	1082.6934	65.29282
-48955.06	-36.33923	-2883.6345	1047.2449	65.29282
-48906.46	-36.33923	-2908.864	1031.429	65.29282
-48949.48	-36.33923	-2904.6685	1047.3464	65.29282
-49126.332	-50.28931	-2897.9858	1063.8154	65.29282
-48987.516	-56.998	-2805.1704	1146.0615	65.29282
-48983.12	-56.84866	-2844.3333	1076.0859	65.29282
-48913.15	-56.84866	-2842.5767	1056.7478	65.36344
-50340.777	-56.998	-2947.0059	995.42456	66.3578
-50483.504	-56.998	-2940.629	974.7151	66.86431
-50180.273	-56.998	-2933.0068	969.5222	66.86431
-50323.62	-43.92947	-2914.2866	980.25195	66.20195
-50267.375	-43.92947	-2926.1077	990.2993	66.39945
-50718.938	-43.92947	-2973.0027	922.75073	66.86431
-49535.492	-36.33923	-2942.7063	753.06006	66.39945
-49428.97	-37.42426	-2942.4236	762.397	66.39945
-49346.348	-33.19054	-2948.0535	707.3179	66.4807
-49611.344	-33.19054	-2947.8281	726.7534	66.4807
-49412.516	-37.42426	-2952.8804	708.0051	66.39945
-49027.355	-50.28931	-2949.1003	670.24854	66.86431
-49014.07	-36.33923	-2967.364	677.39307	66.86431
-48966.703	-50.28931	-2944.9731	665.00757	66.39945
-49247.965	-50.28931	-2934.9407	683.5647	66.39945
-49417.516	-50.28931	-2938.8726	695.71216	67.50425
-49716.684	-50.28931	-2951.83	708.6682	67.50425
-49746.98	-50.28931	-2931.4978	668.198	67.50425
-49669.25	-50.28931	-2927.2668	664.7302	67.50425
-49661.77	-55.297	-2897.7368	736.7102	67.50425
-49572.195	-55.297	-2902.7903	805.4429	67.50425
-49488.836	-55.297	-2922.103	667.0054	67.50425
-48979.58	-55.297	-2906.7349	638.47656	67.12448
-49057.44	-43.70429	-2905.331	666.5176	66.86431
-49201.41	-55.1682	-2925.1187	667.4026	67.12448
-49413.39	-55.297	-2918.6462	647.24414	67.12448
-49859.07	-52.85518	-2923.2769	677.64966	67.2871
-49763.04	-56.998	-2870.2817	774.55444	67.2871
-49878.996	-58.82927	-2849.6382	803.35596	67.2871
-49327.39	-58.82927	-2848.0837	798.2649	67.2871
-49040.684	-56.18236	-2859.752	768.906	67.2871
-49152.29	-56.18236	-2864.7375	806.51953	66.96457
-49698.375	-59.1056	-2847.8352	791.49146	67.2871
-49752.043	-57.84118	-2860.6016	785.4895	67.2871
-49801.168	-57.84118	-2862.0813	798.98145	66.96457
-49616.11	-36.33923	-2911.4275	709.16724	66.96457
-49620.29	-36.33923	-2936.8862	725.6365	66.96457
-49567.484	-45.92375	-2908.7114	687.2522	66.96457
-49012.504	-45.92375	-2899.2598	656.5647	66.96457
-48590.94	-55.95301	-2755.9175	824.13354	66.86431
-49503.098	-52.85518	-2787.6833	775.6162	66.39945
-49497.574	-48.75191	-2791.176	829.31836	66.39945
-49397.664	-48.75191	-2839.134	795.0703	66.39945
-49263.246	-45.10657	-2807.4573	790.5249	66.39945
-49458.688	-45.10657	-2790.6445	819.8462	66.39945
-49203.684	-45.10657	-2770.9214	793.8037	65.77201
-49511.99	-37.42426	-2776.247	809.8152	65.77201
-49713.97	-37.42426	-2842.7988	796.2212	66.39945
-49496.348	-37.42426	-2831.9558	782.8899	65.77201
-49537.75	-27.91447	-2839.363	802.136	65.77201
-49154.668	-27.91447	-2828.0815	754.43066	66.18948
-49486.0	-27.91447	-2846.602	762.426	66.18948
-49683.67	-37.42426	-2823.8403	801.9856	66.18948
-49598.03	-37.42426	-2812.6533	783.7864	66.18948
-49452.35	-37.42426	-2830.087	780.5679	66.18948
-48972.633	-50.28931	-2821.9412	770.3645	66.18948
-48903.316	-50.28931	-2845.2244	767.93774	66.18948
-49061.11	-47.99299	-2780.5806	826.9336	66.18948
-49434.227	-43.66964	-2736.9934	891.8662	66.18948
-49668.992	-43.66964	-2937.4666	702.82764	67.08014
-49317.39	-51.91515	-2922.679	773.3733	67.08014
-49611.168	-51.91515	-2915.3179	790.5554	67.08014
-49281.58	-51.91515	-2880.793	762.9971	67.08014
-48935.16	-51.91515	-2775.2944	870.5386	65.28069
-48873.97	-45.10657	-2787.4263	1040.7354	64.16189
-49279.234	-45.73336	-2794.221	960.7483	64.68629
-49089.047	-45.73336	-2798.9417	1000.0591	64.35159
-48824.207	-45.73336	-2818.9216	993.2749	64.35159
-49573.887	-36.33923	-2865.6572	1154.0801	64.68629
-50021.64	-36.33923	-2859.3748	1168.1323	65.28069
-49612.895	-36.33923	-2835.6165	1023.0127	65.28069
-49414.3	-36.33923	-2856.1118	954.81177	65.94781
-49029.664	-36.33923	-2842.0022	951.15576	65.94781
-48386.277	-45.73336	-2808.506	911.5698	64.35159
-48657.6	-47.99299	-2754.0176	907.83936	64.35159
-48702.297	-48.57425	-2819.5347	806.3181	64.68629
-48861.08	-50.55514	-2811.3547	761.5547	64.68629
-48774.234	-50.55514	-2806.9167	744.81665	64.68629
-48999.066	-50.55514	-2794.7173	828.0564	64.68629
-48988.348	-40.8563	-2801.9446	782.20996	64.54325
-49963.08	-50.55514	-2845.393	1060.0132	64.68629
-49238.918	-49.43811	-2766.9097	840.08594	64.68629
-49457.527	-49.43811	-2765.4392	898.87305	65.10909
-49098.434	-43.59718	-2760.2812	809.8501	65.10909
-48990.707	-43.59718	-2757.916	786.3594	66.18948
-49342.24	-45.73336	-2751.0	867.83154	65.10909
-49652.33	-54.05095	-2797.3472	1128.9434	64.54325
-49400.797	-54.05095	-2802.7095	1114.4939	64.54325
-49814.273	-48.57425	-2852.6284	1109.7869	64.54325
-49730.53	-51.64587	-2834.8135	1051.7319	64.86082
-49503.12	-51.64587	-2830.352	1045.3643	64.35159
-50145.94	-51.41588	-2837.9597	1029.606	64.54325
-49941.023	-51.64587	-2820.3389	994.6333	64.66542
-49869.035	-51.64587	-2818.2395	1016.8589	64.36086
-49535.12	-51.64587	-2791.7075	1018.6416	64.35159
-49764.215	-47.99299	-2791.299	1015.7278	64.35159
-49927.043	-47.99299	-2800.5981	1025.5728	64.36086
-49848.02	-47.99299	-2821.633	1011.4497	64.86082
-50642.363	-51.41588	-2883.6687	1026.6782	66.74016
-50403.414	-54.05095	-2901.0188	990.44214	66.74016
-49612.89	-54.05095	-2892.1667	907.7134	66.96457
-50517.273	-54.05095	-2942.912	932.70605	66.74837
-50515.805	-54.05095	-2925.2617	922.5845	66.96457
-50383.44	-56.18236	-2940.7815	902.51807	67.18681
-49998.285	-56.18236	-2921.2322	869.11743	67.18681
-49507.113	-56.18236	-2897.7336	855.2517	67.18681
-53408.527	-36.33923	-3214.6106	829.417	77.49073
-52895.844	-36.33923	-3057.2231	976.626	72.82789
-52864.08	-36.33923	-3084.857	946.8667	72.82789
-52423.848	-43.66964	-3049.651	889.677	68.53938
-52471.4	-43.66964	-3022.7717	990.44336	68.53938
-52730.758	-38.22171	-3198.5789	837.88965	68.53938
-52027.55	-38.22171	-3117.9197	623.5095	68.53938
-51649.79	-38.22171	-3109.2866	606.9612	68.53938
-51184.727	-33.19054	-3148.6104	529.64185	70.8699
-51346.973	-33.19054	-3164.9949	545.68335	70.8699
-51286.684	-43.66964	-3171.1926	548.47144	70.8699
-52018.91	-38.22171	-3220.8965	704.1079	70.8699
-51814.723	-38.22171	-3233.9521	697.28174	70.8699
-51662.95	-37.42426	-3215.3318	715.6963	68.2849
-51766.242	-43.66964	-3174.0806	742.677	67.50425
-51839.49	-43.66964	-3164.9275	794.9509	67.50425
-51498.53	-47.06613	-3196.918	734.17773	73.40472
-51589.402	-47.06613	-3182.0667	744.69727	76.17896
-51614.727	-54.99712	-3194.7656	754.33716	76.17896
-51371.55	-54.99712	-3077.9568	855.0271	67.1209
-51052.984	-54.99712	-3073.603	811.4844	67.1209
-50686.824	-54.99712	-3081.3872	762.7073	69.52657
-50748.277	-54.18109	-3095.1135	764.43164	71.27214
-51198.69	-48.75191	-3153.187	697.7886	71.37268
-50931.805	-43.66964	-3140.3684	697.1438	67.1209
-50765.926	-43.66964	-3141.1536	668.36597	67.1209
-50550.668	-54.99712	-3077.1123	729.18994	67.1209
-50999.625	-54.99712	-3141.308	664.0293	76.17896
-51257.91	-54.99712	-3142.6272	698.0808	75.98563
-51062.383	-51.91515	-3135.3228	671.4751	75.98563
-51219.074	-50.04607	-3186.3157	709.9419	68.37698
-51234.46	-50.04607	-3154.174	769.89966	72.80252
-51446.703	-43.66964	-3165.7417	720.8872	70.95745
-52215.996	-36.33923	-3241.3757	600.063	73.32973
-52315.96	-45.73336	-3275.7856	626.17163	77.43744
-52615.51	-45.73336	-3312.137	637.95483	76.72784
-52408.188	-45.73336	-3232.861	725.7761	73.32973
-52285.426	-45.73336	-3233.5908	725.82104	68.16541
-51972.008	-51.09145	-3029.2031	1013.82837	68.16541
-51376.844	-46.73746	-2955.92	1060.2278	67.64299
-51442.074	-46.73746	-2936.035	1016.3635	67.64299
-51916.258	-56.55434	-3208.871	807.0908	68.15876
-51904.723	-56.55434	-3199.0276	782.85767	68.15876
-51741.957	-47.06613	-3200.28	787.8342	73.46774
-51432.734	-46.11847	-3198.9253	723.1533	71.27214
-51379.227	-39.04208	-3199.5146	703.82446	71.27214
-51727.44	-39.04208	-3193.7458	637.0432	71.94036
-51879.61	-39.04208	-3202.2085	646.9636	71.94036
-51777.867	-39.04208	-3189.282	699.3906	71.37268
-51717.53	-39.04208	-3218.2568	689.323	71.37268
-51765.727	-39.04208	-3220.2747	656.251	74.01904
-51651.188	-39.04208	-3230.357	647.6074	73.61608
-51790.902	-38.22171	-3243.0605	739.50977	73.61608
-51759.227	-39.04208	-3242.3171	731.1687	73.61608
-51767.613	-39.04208	-3241.5881	720.63574	73.61608
-52071.633	-48.75191	-3250.5518	749.948	73.61608
-52188.1	-45.73336	-3200.33	721.9773	73.61608
-52519.133	-45.73336	-3209.6653	752.9856	73.61608
-52401.773	-48.57425	-3243.546	795.74097	73.61608
-51845.582	-48.57425	-3134.1885	622.3767	86.2778
-51704.023	-48.75191	-3151.2356	585.26245	86.2778
-51654.926	-48.75191	-3180.8083	567.99	86.2778
-51765.133	-43.66964	-3144.7603	589.65405	76.65204
-51580.402	-45.73336	-3161.7275	585.05884	75.27856
-51565.797	-45.73336	-3144.487	611.7781	74.85582
-51540.992	-45.73336	-3148.7737	583.4136	74.85582
-51447.945	-45.73336	-3181.755	557.0281	74.85582
-51415.965	-50.28931	-3098.578	596.50146	75.6129
-51062.26	-50.28931	-3096.6848	591.4968	72.7438
-51183.586	-50.28931	-3080.293	646.0974	72.7438
-51117.906	-51.41588	-3055.67	668.54614	72.5087
-50797.16	-51.41588	-3129.1892	480.4724	93.87894
-50534.594	-51.41588	-3125.938	472.7439	84.67525
-50635.855	-51.41588	-3125.4668	494.82788	84.67525
-50385.06	-54.99712	-3147.3796	452.37988	80.52892
-50217.344	-51.41588	-3140.8638	508.29395	77.43744
-50397.203	-51.41588	-3134.2598	541.57935	77.43744
-50676.28	-53.57693	-3121.5146	550.9707	76.92278
-51007.844	-54.99712	-3118.9897	560.89844	76.92278
-51346.336	-54.99712	-3115.1636	633.9778	73.61608
-50702.89	-56.55434	-3123.9512	607.47363	74.85582
-50698.41	-56.55434	-3126.3965	596.7949	74.85582
-50897.92	-57.73047	-3108.0493	632.822	73.00068
-50915.945	-57.73047	-3076.0242	663.73096	73.00068
-50478.363	-56.18236	-3102.169	593.5156	75.44538
-52030.31	-56.998	-3158.233	861.2356	77.49073
-52216.43	-54.99712	-3181.035	794.11523	77.49073
-51796.223	-54.99712	-3195.3594	767.11035	77.49073
-51651.023	-51.41588	-3201.581	777.6892	77.49073
-51631.37	-51.41588	-3182.4712	753.9524	94.28151
-51620.215	-51.41588	-3185.7656	738.9363	94.28151
-50838.24	-54.99712	-3148.8777	691.59814	81.1678
-50968.184	-54.99712	-3156.2898	694.3152	83.18227
-51202.824	-54.99712	-3156.0317	723.7295	75.27856
-50711.42	-54.99712	-3121.396	544.6609	74.63951
-51352.555	-51.41588	-3174.652	589.3384	73.91345
-51638.043	-48.57425	-3145.4282	621.52026	76.92278
-51593.97	-48.57425	-3142.1934	611.6116	76.92278
-51843.39	-48.57425	-3188.5723	512.4204	90.40947
-51769.504	-48.57425	-3141.012	609.3994	86.2778
-51451.72	-48.57425	-3117.488	590.9182	73.32973
-51494.535	-48.57425	-3101.455	666.08203	73.32973
-51123.71	-48.57425	-3121.4648	638.7124	73.32973
-51074.285	-50.55514	-3110.1533	620.3667	73.00068
-50861.332	-50.55514	-3081.27	606.9834	73.00068
-50873.203	-51.41588	-3098.686	557.8069	77.43421
-51089.31	-51.91515	-3127.6208	509.08765	79.27297
-52076.77	-36.33923	-3184.689	544.5935	79.27297
-52147.117	-36.33923	-3132.1812	548.3047	79.27297
-52111.273	-36.33923	-3165.1738	507.59253	77.8105
-52124.816	-38.22171	-3148.9177	518.23804	74.85582
-51834.93	-38.22171	-3185.3684	501.24243	73.61608
-51507.715	-38.22171	-3188.6223	466.78516	82.48898
-51394.45	-38.22171	-3244.3613	474.26123	73.61608
-51538.938	-38.22171	-3176.1323	497.94702	73.61608
-51640.277	-38.22171	-3209.848	495.55078	82.01817
-51597.508	-38.22171	-3242.1807	477.3623	82.01817
-51738.215	-38.22171	-3243.622	530.0642	74.01904
-51732.625	-43.66964	-3207.1477	580.9263	74.01904
-51509.754	-43.66964	-3171.8347	531.36597	74.01904
-51455.07	-43.66964	-3184.0793	502.4231	73.61608
-51408.74	-45.73336	-3175.7256	497.71777	71.94036
-51236.79	-45.73336	-3044.3757	679.9116	68.53938
-51183.25	-45.73336	-3045.59	696.1411	68.53938
-51371.543	-45.73336	-3171.7979	556.5137	69.14
-51048.863	-45.73336	-3060.2861	636.80005	68.98244
-50755.844	-50.28931	-3029.5854	625.19995	68.98244
-50788.984	-50.28931	-3034.0703	632.5779	68.98244
-50574.207	-53.57693	-3099.4497	592.60547	68.42986
-51115.74	-53.57693	-3097.359	739.0403	71.37268
-50765.164	-54.99712	-3097.2292	752.199	72.7438
-50872.48	-54.99712	-3107.3596	763.4404	72.35691
-50179.555	-54.99712	-3090.053	547.17236	72.35691
-49804.99	-57.84118	-3066.7234	555.1367	70.50957
-50146.03	-57.84118	-3097.1685	543.97046	73.61608
-50881.29	-57.84118	-3073.5747	590.27026	73.61608
-50953.99	-58.90252	-3097.5378	568.574	76.72784
-51033.34	-58.90252	-3096.112	556.46655	76.72784
-50521.33	-54.99712	-3113.3906	532.5935	73.61608
-50045.5	-54.99712	-3129.051	518.1111	73.61608
-50247.25	-54.99712	-3089.1326	543.58984	73.21133
-50992.742	-54.99712	-3115.4983	567.4348	73.21133
-51310.86	-53.57693	-3119.2766	571.5481	73.21133
-51059.805	-53.57693	-3098.3916	525.07104	73.21133
-51159.066	-47.06613	-3123.943	528.7739	73.21133
-51172.516	-46.6412	-3137.4285	546.0486	73.21133
-51132.633	-47.06613	-3172.4734	519.1577	71.94036
-50982.633	-47.06613	-3177.0737	559.1372	76.17896
-51618.734	-47.06613	-3177.6333	719.9802	76.17896
-51337.113	-47.06613	-3192.4817	714.2654	76.17896
-51385.973	-47.06613	-3185.3896	714.7781	76.17896
-51307.55	-47.06613	-3188.617	677.5869	75.27856
-51270.062	-47.06613	-3190.8	685.01245	75.27856
-51649.66	-49.84605	-3155.412	756.6323	75.27856
-51372.047	-43.92947	-3193.1206	605.5908	76.6985
-51291.676	-49.84605	-3165.296	744.5608	73.40472
-51643.047	-38.22171	-3208.312	656.834	73.40472
-51522.42	-38.22171	-3214.7031	638.5381	73.40472
-51512.24	-38.22171	-3224.3777	622.27344	73.40472
-51330.37	-43.66964	-3220.3625	605.02	73.40472
-50888.4	-43.66964	-3192.0173	561.93164	73.40472
-50838.19	-43.66964	-3182.398	586.27734	72.58862
-51451.637	-43.66964	-3214.1265	604.6633	73.32973
-51681.887	-43.66964	-3243.1084	605.3423	84.67525
-51755.004	-43.66964	-3243.0903	614.4883	80.20006
-51628.164	-43.66964	-3221.304	616.5476	75.66216
-51740.25	-43.66964	-3211.6465	649.62256	75.66216
-51721.598	-45.73336	-3259.4116	630.3384	73.6228
-51674.207	-36.42438	-3238.1455	622.89014	73.6228
-51858.63	-36.42438	-3209.6746	682.8894	73.6228
-52027.8	-36.42438	-3250.0327	697.06055	76.08959
-52165.0	-36.42438	-3232.283	706.0935	73.6228
-51442.777	-36.42438	-3215.4272	539.449	73.6228
-51776.1	-36.42438	-3193.8032	557.7307	73.6228
-51716.03	-36.42438	-3194.656	541.8303	73.6228
-52138.637	-36.42438	-3197.6558	605.1929	73.6228
-52069.645	-38.22171	-3181.3982	556.30835	73.6228
-52020.562	-36.33923	-3159.189	550.6128	73.6228
-51849.836	-36.33923	-3142.7078	538.2988	70.55095
-51561.49	-38.22171	-3100.0889	558.0581	70.55095
-51668.83	-38.22171	-3129.794	548.438	72.16763
-51688.344	-59.1056	-3144.1736	513.42725	77.49073
-51118.8	-60.26007	-2965.8677	695.9856	77.49073
-50841.28	-59.34003	-2828.8418	798.3733	70.55095
-50775.29	-60.26007	-2839.6707	781.35913	70.55095
-51965.023	-60.26007	-3167.3303	881.3721	77.49073
-51365.336	-57.89303	-3081.2625	942.99194	68.37698
-51755.008	-60.26007	-3171.506	716.0654	81.6928
-50819.414	-61.55289	-3109.215	839.34155	69.93009
-50981.617	-61.63363	-3124.7969	843.45435	69.93009
-50567.707	-61.63363	-3098.4653	821.27466	69.93009
-50679.574	-61.55289	-3115.2976	744.56396	82.01817
-50460.695	-61.55289	-3122.203	710.6277	82.01817
-50475.074	-61.55918	-3126.0203	732.0183	82.01817
-50642.68	-61.55918	-3120.0586	754.8259	82.01817
-50506.434	-61.55918	-3093.5693	804.8528	71.04974
-50274.305	-60.26007	-3109.6562	762.8528	75.06137
-50582.6	-60.26007	-3127.0671	773.7383	75.06137
-50304.82	-61.55918	-3119.5288	781.8076	75.06137
-50982.95	-64.86082	-3068.1401	822.07104	81.6928
-50567.3	-59.77117	-3123.6243	541.98413	86.2778
-50294.16	-59.77117	-3127.346	571.76465	90.9863
-50660.16	-59.77117	-3132.1338	582.4243	86.2778
-50821.973	-51.05334	-3157.1409	560.2715	86.2778
-50544.11	-59.37528	-3126.372	537.58716	99.12666
-50785.42	-59.37528	-3121.8064	542.35913	99.12666
-51452.367	-59.34003	-3171.4077	761.2151	75.4522
-51474.617	-59.34003	-3157.1726	765.8413	75.6129
-51536.293	-59.34003	-3168.2476	742.71826	79.0268
-51425.125	-59.34003	-3175.6665	736.3125	82.48898
-51191.516	-59.34003	-3170.2942	713.1643	82.48898
-51172.043	-59.34003	-3160.7646	700.5137	79.0268
-51403.164	-59.34003	-3130.6692	826.2805	72.80252
-51928.496	-50.28931	-3147.6523	856.0205	70.47028
-51423.117	-57.73047	-3047.8135	970.74634	68.16541
-51214.55	-59.21268	-3105.9736	866.678	69.48818
-50514.566	-61.55918	-3042.688	925.6128	67.75017
-50957.168	-60.26007	-3109.055	809.8237	76.40815
-50834.46	-62.11547	-3096.4036	811.7009	68.42986
-50680.508	-62.11547	-3110.1582	844.8716	75.68555
-50685.652	-62.11547	-3115.6577	836.4297	77.43744
-51078.73	-59.77117	-3116.6572	539.9734	86.2778
-51502.387	-50.28931	-3155.066	526.5281	86.2778
-51758.273	-50.28931	-3112.4539	611.5017	86.2778
-51363.855	-59.34003	-3067.5635	690.7627	86.2778
-51480.89	-59.34003	-3079.914	705.3992	86.2778
-52120.824	-59.34003	-3120.624	893.8638	77.49073
-50192.777	-64.98795	-2714.609	1209.008	67.2871
-50209.477	-64.98795	-2704.6682	1253.9082	67.2871
-49447.94	-61.55289	-2720.9563	1089.815	66.74016
-51629.86	-70.05326	-2956.2693	1059.992	77.49073
-50758.02	-64.16719	-3046.7036	606.3108	73.00068
-50710.453	-64.13892	-3091.6304	583.312	77.49073
-50578.453	-64.13892	-2727.9468	1280.0088	67.06267
-49875.37	-65.46994	-2767.4487	1138.9072	65.28069
-49126.54	-62.66256	-2776.7354	1082.4946	65.68388
-49649.242	-58.90252	-2789.8535	1086.936	65.68388
-49495.57	-59.98304	-2778.1274	1074.4756	65.68388
-49889.13	-60.38768	-2774.6294	1076.3535	65.68388
-50223.58	-60.38768	-2752.9226	1137.1663	66.74837
-50263.13	-60.26007	-2771.245	1113.1326	66.96457
-50199.613	-60.26007	-2816.0774	1056.2456	66.96457
-50428.2	-63.77489	-2783.4863	1115.7632	66.96457
-51135.426	-63.77489	-3082.5967	804.4204	77.49073
-51044.914	-63.77489	-3100.7446	784.09155	77.49073
-51337.47	-61.73053	-3127.3103	800.0325	86.51291
-51482.555	-61.73053	-3119.44	794.82544	86.51291
-51287.69	-66.3578	-3092.0715	812.4231	81.83658
-51535.08	-63.20045	-3133.1882	812.5513	81.83658
-51418.43	-64.68629	-3123.6782	792.17896	79.0268
-51199.977	-64.68629	-3134.0403	829.04565	81.26832
-49280.37	-65.46994	-2969.1904	694.47217	77.43421
-50247.76	-65.46994	-3011.5764	834.89185	75.4522
-50280.26	-65.46994	-3055.6494	613.85254	77.43744
-50257.22	-60.26007	-3082.6228	570.9099	77.43421
-50114.41	-60.26007	-3068.8762	548.541	77.43421
-51735.105	-66.39945	-3139.951	855.906	72.07375
-51976.812	-60.26007	-3141.3137	827.00146	72.07375
-51994.168	-60.26007	-3122.7075	838.81226	79.0268
-51751.836	-56.22593	-3170.4133	768.5137	79.0268
-52012.156	-56.22593	-3175.498	772.5161	71.37268
-51814.035	-48.75191	-3191.31	682.13477	78.79844
-51717.9	-48.75191	-3214.0703	700.9961	78.79844
-51746.97	-48.75191	-3182.046	724.5835	76.58974
-51591.484	-48.75191	-3183.8037	714.6575	76.6985
-51718.566	-48.75191	-3199.2805	742.4907	76.6985
-51496.727	-50.28931	-3210.018	709.7117	76.6985
-51882.867	-50.28931	-3206.743	722.9353	77.49073
-52136.676	-50.28931	-3224.5015	724.9458	80.12437
-51965.613	-50.28931	-3203.547	715.9651	81.6928
-51509.797	-50.28931	-3189.007	720.3679	80.59652
-51457.65	-50.28931	-3194.8816	696.6052	87.79668
-51951.58	-50.28931	-3210.1565	717.72437	92.43366
-51879.95	-50.28931	-3228.3938	681.978	92.43366
-51771.555	-48.57425	-3241.1548	703.6433	92.43366
-52011.93	-48.57425	-3219.1328	708.2644	77.49073
-52228.633	-46.11847	-3217.463	688.9004	77.49073
-52181.055	-46.11847	-3219.7842	683.6719	71.9291
-52019.613	-46.11847	-3241.337	710.47363	81.83658
-51396.57	-45.51318	-3198.0046	476.43677	86.2778
-51251.727	-45.51318	-3208.4365	452.2561	86.2778
-51381.797	-45.51318	-3200.6067	493.00903	86.2778
-51752.844	-37.42426	-3202.8196	486.70142	86.2778
-52273.96	-37.42426	-3219.769	500.02246	86.2778
-52190.664	-37.42426	-3199.4885	497.57812	86.2778
-51837.37	-37.42426	-3197.0247	477.67993	86.2778
-51847.37	-43.66964	-3207.037	488.80664	86.2778
-51999.24	-43.66964	-3240.8975	507.26758	77.49073
-51947.004	-45.73336	-3224.5837	511.47656	77.49073
-51698.34	-48.57425	-3170.7878	524.77637	77.49073
-51639.383	-48.57425	-3190.5112	531.3965	77.49073
-51573.3	-48.57425	-3187.2788	494.1001	77.49073
-51684.324	-48.57425	-3195.608	550.18896	77.49073
-51508.36	-50.28931	-3155.1477	577.3003	77.49073
-51460.316	-50.28931	-3170.7651	563.3965	77.49073
-51667.28	-46.11847	-3197.0037	577.98535	81.6928
-52445.57	-50.28931	-3221.1	766.6384	77.49073
-52266.266	-50.28931	-3122.0334	857.0276	72.16763
-52187.664	-50.28931	-3132.6797	855.0596	69.97175
-51406.645	-50.28931	-3070.279	666.82324	69.97175
-51478.39	-50.28931	-3097.857	614.34766	76.92278
-52455.293	-50.28931	-3181.97	753.05347	76.92278
-52385.62	-45.86737	-3113.168	838.5989	69.93009
-52515.18	-43.66964	-3101.176	866.08887	69.93009
-52373.426	-43.66964	-3150.6567	795.65283	71.00372
-52119.62	-50.28931	-3101.4465	793.6604	76.40815
-51770.22	-50.28931	-3123.207	716.0464	81.45436
-51792.945	-50.28931	-3122.025	709.28394	81.45436
-51734.26	-50.28931	-3143.5586	707.44995	81.45436
-51994.297	-50.28931	-3162.8037	721.3679	81.45436
-51615.906	-50.55514	-3147.2388	722.88184	81.45436
-51830.934	-50.55514	-3153.574	734.4917	81.45436
-52018.566	-50.55514	-3109.9258	766.10474	81.45436
-51560.324	-52.85518	-3100.4172	767.438	73.00068
-51640.676	-50.28931	-3123.8887	736.24756	73.00068
-51776.188	-45.73336	-3163.324	674.37646	74.7702
-51448.65	-43.92947	-3141.5068	649.96875	73.00068
-51461.27	-43.92947	-3161.3872	650.8562	72.56092
-51726.516	-45.73336	-3186.621	659.0596	72.56092
-51636.94	-45.73336	-3160.9126	657.30054	72.56092
-51904.715	-43.66964	-3212.593	606.97266	76.29077
-52114.836	-43.66964	-3203.818	610.54956	76.29077
-52340.42	-43.66964	-3234.4797	628.14795	76.29077
-52184.23	-43.66964	-3208.639	649.7085	75.00603
-51731.11	-43.66964	-3218.184	605.9978	73.61608
-51214.305	-39.04208	-3191.2334	587.74243	73.61608
-50799.4	-39.04208	-3186.7346	590.6306	72.16763
-50980.19	-39.04208	-3178.0645	625.6897	72.7438
-50902.562	-67.55704	-2970.0283	982.66895	72.5087
-50752.668	-67.55704	-2978.3574	945.3972	72.1282
-49789.582	-64.73588	-2793.6062	893.34326	67.55704
-49569.688	-61.45918	-2784.1562	953.3115	66.52797
-49756.094	-60.26007	-2787.2117	931.3447	66.52797
-49289.27	-61.45918	-2795.9062	886.8811	66.4807
-49136.03	-61.45918	-2769.0195	880.5266	67.07116
-49043.31	-61.45918	-2773.01	872.3262	67.07116
-48820.75	-61.45918	-2786.1382	852.3164	67.07116
-48749.98	-61.45918	-2795.6638	861.9866	67.07116
-48704.934	-62.354	-2783.8076	839.58765	67.07116
-48728.848	-62.354	-2768.9995	879.4009	67.07116
-48992.977	-62.354	-2784.6824	889.4612	66.52797
-49028.16	-62.354	-2796.9148	839.4192	67.2871
-49240.707	-62.354	-2755.3816	904.13696	65.46994
-49125.04	-60.55045	-2790.1523	833.145	66.74016
-50023.414	-61.4417	-2771.8533	1158.259	66.74016
-50067.676	-49.76005	-2956.7544	929.698	66.52797
-49433.84	-45.73336	-2928.0042	725.8154	66.52797
-49250.387	-49.76005	-2911.0684	714.09766	66.52797
-49277.59	-45.11984	-2948.273	687.0747	66.52797
-49882.75	-45.11984	-2959.042	844.10034	66.52797
-49969.36	-57.45044	-2947.8657	919.9048	66.6605
-49460.633	-57.45044	-2924.8425	908.28174	66.6605
-49100.04	-50.55514	-2912.588	911.3877	66.52797
-49153.117	-50.55514	-2907.0112	910.6809	66.4807
-49180.266	-55.18182	-2911.263	935.25635	66.39945
-48993.55	-55.18182	-2887.2402	935.0918	66.52797
-48803.785	-60.37016	-2876.9412	988.0525	66.52797
-49033.0	-59.21268	-2873.5789	1046.4287	66.55663
-49096.637	-59.32408	-2864.1519	1055.7683	66.55663
-49495.832	-56.84866	-2994.0894	961.6399	66.74837
-49528.06	-56.84866	-2973.6792	949.20825	66.74837
-49788.168	-56.84866	-2978.1975	952.2012	66.74837
-49473.42	-56.84866	-3004.9185	932.2908	66.74837
-49815.39	-55.43587	-3016.3926	897.44946	67.1209
-50025.61	-55.43587	-2998.5535	903.5991	67.1209
-50019.418	-55.43587	-2988.4287	912.0325	66.55663
-49815.566	-55.43587	-3002.4028	930.5586	66.74016
-50224.09	-36.33923	-3029.988	872.5437	66.74016
-50082.18	-36.33923	-2984.467	889.27734	66.55663
-49775.48	-45.10657	-2992.6792	883.71924	66.55663
-49179.023	-45.10657	-2973.797	711.7385	66.55663
-49040.66	-50.55514	-2922.071	748.6228	66.55663
-49452.164	-50.55514	-2934.843	752.98364	66.55663
-50539.418	-50.55514	-3021.0671	728.146	66.74016
-50212.555	-50.55514	-2866.6985	867.9944	66.4807
-50098.695	-50.55514	-2886.2456	820.80444	66.4807
-50925.047	-50.55514	-2869.2583	1039.7065	66.4807
-50710.438	-51.64587	-2848.5571	1154.5679	66.4807
-50674.32	-51.64587	-2857.4194	1131.4082	66.4807
-50962.18	-50.55514	-2849.712	1027.0371	66.4807
-50239.11	-36.42438	-2853.1082	908.7095	66.4807
-49971.562	-44.89612	-2845.6055	908.11816	66.10358
-50079.82	-50.55514	-2841.0532	945.4741	66.10358
-49860.918	-50.55514	-2804.8774	921.2168	66.10358
-49417.293	-50.55514	-2792.269	884.7053	66.10358
-49674.566	-39.04208	-2777.968	899.75073	66.10358
-51277.367	-66.74016	-3006.3342	983.39136	67.51029
-51994.258	-60.26007	-3093.679	866.76294	77.12408
-52164.215	-60.26007	-3126.848	896.38135	73.00068
-51295.824	-60.26007	-3073.4465	907.5786	67.1209
-50870.586	-64.16719	-3025.316	921.7473	67.1209
-50728.586	-66.52797	-3044.5923	646.9978	86.2778
-50616.8	-66.52797	-3054.2266	650.26514	86.2778
-51357.41	-66.52797	-3099.9478	871.4685	86.51291
-51240.56	-63.77489	-3096.7583	811.88135	78.38313
-51322.812	-66.52797	-3133.7825	840.03906	86.51291
-50946.723	-66.52797	-3101.614	879.2637	72.82789
-50362.984	-66.52797	-3074.8286	592.0703	86.2778
-49775.926	-64.27379	-3041.5945	547.7634	80.59652
-50838.035	-60.26007	-3079.8865	608.5386	77.49073
-50578.99	-59.32408	-3097.9856	529.98267	77.49073
-50594.418	-59.32408	-3083.968	533.9321	77.49073
-50519.613	-55.18182	-3104.2092	523.0552	77.43421
-50417.887	-55.18182	-3111.5825	526.0779	77.43421
-50665.8	-55.18182	-3103.4116	508.61108	77.43421
-50547.703	-59.1056	-3101.568	529.10693	77.43421
-50640.293	-57.89303	-3100.339	504.9834	77.43421
-50260.203	-57.89303	-3104.767	508.14478	77.43421
-50054.66	-57.89303	-3087.7083	499.93555	77.43421
-49755.887	-52.85518	-3076.5967	498.7024	77.43421
-49634.863	-52.85518	-3067.015	498.3103	77.43421
-50638.16	-68.04924	-2943.1978	998.687	72.7438
-50904.81	-67.2871	-3008.1968	935.56226	72.58862
-51586.617	-68.56447	-3061.065	985.92944	72.82789
-52016.492	-67.1209	-3133.4	880.7915	68.56447
-52057.953	-54.99712	-3136.775	815.8518	76.92278
-52053.22	-54.99712	-3150.9253	777.26807	76.92278
-51945.42	-62.66764	-3139.37	815.8872	78.79844
-52012.332	-59.1056	-3154.4438	822.3347	76.92278
-52189.34	-51.41588	-3145.421	871.6704	76.92278
-51907.805	-51.41588	-3165.272	735.0823	77.49073
-51953.85	-51.41588	-3158.0903	741.3806	77.49073
-51730.62	-57.45044	-3146.8687	751.2407	77.49073
-51819.066	-56.55434	-3155.889	766.65405	77.49073
-52035.703	-56.55434	-3136.0388	903.24097	77.43744
-51990.23	-56.55434	-3133.6377	905.33765	73.06075
-52035.816	-56.55434	-3149.4902	872.17896	78.50802
-52285.9	-51.41588	-3137.1775	886.1572	78.50802
-52088.242	-56.55434	-3151.0554	865.8264	82.48898
-52089.973	-56.55434	-3146.7107	873.1133	78.50802
-52182.28	-57.45044	-3150.1028	766.88306	80.52892
-51960.926	-57.45044	-3120.985	807.36426	76.92278
-51969.09	-57.45044	-3135.5667	773.7832	78.79844
-51990.46	-57.45044	-3109.8367	808.4038	77.49073
-52398.53	-57.45044	-3099.3152	822.86865	77.49073
-51959.613	-57.45044	-3063.8823	822.6316	75.29173
-51529.254	-50.55514	-3069.0564	762.6113	73.6228
-52092.695	-50.28931	-3110.7969	754.32544	72.63032
-51298.48	-50.28931	-3070.9114	590.4165	72.58862
-51319.543	-50.28931	-3049.9001	605.063	73.00068
-51184.707	-50.55514	-3038.438	628.6255	72.58862
-50781.52	-55.297	-3024.7358	599.86865	67.55704
-49819.28	-56.22593	-3018.5266	525.9446	76.65919
-49751.633	-56.22593	-3022.6653	540.8491	76.65919
-49797.914	-56.22593	-3023.0022	549.8093	72.16763
-49667.33	-55.43587	-3022.5713	531.8264	72.7438
-49836.54	-52.85518	-3029.5872	541.10205	72.1282
-49700.004	-52.85518	-3004.4668	546.13135	71.04974
-49499.043	-49.84605	-2992.925	551.0498	70.79426
-49182.543	-52.85518	-3027.7175	538.79956	70.87987
-48791.49	-50.55514	-3007.2957	534.7627	70.79426
-49107.3	-50.28931	-3027.304	515.2046	70.79426
-49611.76	-50.28931	-3047.4534	535.4839	72.7438
-49493.24	-50.04607	-3036.3542	514.9446	71.33019
-49479.44	-50.28931	-3047.4119	519.82056	71.33019
-49611.695	-46.6412	-3035.6506	528.4204	71.33019
-51077.727	-67.75017	-3062.4207	941.80615	75.29173
-51260.53	-67.64246	-3097.708	905.31177	77.61024
-50853.004	-67.64246	-3107.283	918.6172	73.21133
-51047.93	-67.64246	-3104.7583	929.1719	73.21133
-50787.67	-67.75017	-3064.6626	913.27637	77.49073
-50478.902	-67.75017	-3051.728	895.5095	88.90597
-50454.348	-67.75017	-3056.6528	946.02856	73.21133
-50931.902	-67.75017	-3084.1143	950.2258	73.21133
-51135.816	-67.75017	-3076.2795	1006.0691	73.21133
-51742.285	-67.75017	-3112.7534	917.47363	77.43744
-51712.254	-66.39945	-3126.5203	842.5454	77.43744
-51473.758	-61.73053	-3108.8215	846.01807	73.32973
-51878.066	-61.73053	-3116.6426	812.62256	77.43744
-52159.312	-61.73053	-3140.0825	819.8845	81.26832
-51667.73	-61.73053	-3121.519	833.1448	77.49073
-51472.88	-61.73053	-3116.7056	820.9187	77.49073
-51320.67	-61.73053	-3123.7354	789.89453	77.43744
-51283.996	-61.73053	-3130.7593	769.7793	76.6985
-50882.04	-61.73053	-3092.3606	628.7095	86.2778
-50773.605	-61.73053	-3038.2468	693.85034	77.43744
-51104.664	-60.26007	-3098.2393	628.93506	77.43421
-51327.69	-60.26007	-3111.4438	584.33105	78.19034
-51096.13	-60.26007	-3119.3794	549.7451	79.61829
-51145.652	-60.26007	-3114.312	580.2146	79.61829
-51112.46	-60.26007	-3081.9475	621.6831	77.43421
-51437.547	-60.26007	-3043.6858	644.5281	88.90597
-51402.652	-60.26007	-3052.3777	647.8545	86.2778
-51116.46	-63.86697	-3058.6187	606.79297	86.2778
-51127.383	-60.55045	-3070.0667	585.6582	86.2778
-50774.55	-60.55045	-3058.4019	564.0791	86.2778
-50515.273	-60.55045	-3047.555	574.9082	84.48663
-50144.844	-61.73053	-3036.602	556.1421	84.48663
-50731.277	-60.26007	-3083.2036	541.7483	77.49073
-51020.605	-60.26007	-3074.441	598.1426	77.49073
-50545.066	-60.26007	-3077.6885	581.6362	77.43421
-50534.973	-63.86697	-3075.7632	578.9153	77.43421
-51011.39	-63.86697	-3087.7275	865.3208	69.14
-50779.215	-63.86697	-3080.1545	830.176	75.98563
-50004.383	-61.55918	-3033.841	543.53296	87.23973
-50381.438	-61.55918	-3063.126	554.8721	77.43421
-50157.64	-61.55918	-3065.3806	544.70654	77.43421
-50245.0	-60.26007	-3063.9578	542.8235	77.43421
-50252.887	-61.55918	-3064.1628	547.50195	75.15705
-50489.29	-64.68629	-3078.507	563.01465	67.51029
-50312.457	-57.84118	-3067.101	561.9133	72.07375
-50728.09	-64.68629	-3078.085	582.0051	70.05326
-50552.336	-55.1918	-3058.8308	578.68945	75.15705
