-12678.604	-147.49121	-1998.3346	233.7279	188.6372
-13126.992	-144.32755	-2060.3948	374.78198	148.98947
-12946.854	-147.49121	-2026.7358	348.2566	159.83609
-13126.99	-144.32755	-2060.395	374.78174	149.8714
-12973.276	-148.98947	-2015.3286	381.65186	147.49121
-13079.863	-148.98947	-2028.3658	410.04797	159.59308
-13074.013	-147.49121	-2041.2638	352.47937	151.41685
-12581.067	-142.62119	-1962.1761	275.34045	178.58943
-13074.012	-147.49121	-2041.2639	352.47925	177.44951
-12988.944	-148.98947	-2013.6135	389.96802	147.49121
-12973.279	-148.98947	-2015.3286	381.6516	151.41685
-13074.011	-147.49121	-2041.2638	352.47937	148.98947
-13079.864	-148.98947	-2028.3657	410.0481	144.32755
-12473.432	-142.62119	-1956.6982	265.89307	177.44951
