-7446.0327	-9.04912	-881.8209	269.33228	35.22947
-7582.998	-4.3254	-875.33563	243.03021	36.48998
-7469.6978	-6.03521	-799.59515	328.16644	35.22947
-7629.0444	-4.3254	-941.2793	184.71777	42.38684
-7643.082	-6.03521	-949.20667	185.13855	42.66518
-7227.9463	-9.09407	-857.0352	241.02911	34.64907
-7659.777	-4.3254	-944.6093	200.15204	38.33129
-5921.117	-19.35933	-583.7503	361.1151	26.21495
-5894.035	-15.96159	-596.95245	410.71967	18.66649
-6291.3047	-19.70974	-629.2482	370.50165	26.31472
-6407.7295	-22.14375	-652.8661	479.26135	19.25949
-6254.185	-19.14834	-615.0313	497.10883	18.24545
-7160.5117	-9.09407	-769.64703	343.76007	25.17749
-6501.343	-6.82983	-737.8788	248.789	23.49004
-6437.4727	-6.82983	-725.3713	234.02002	23.49004
-6647.0317	-10.98809	-751.09875	358.5005	23.49004
-6797.6914	-9.09407	-700.85425	362.89563	21.85575
-6396.068	-11.83952	-692.8148	362.75623	20.60826
-6480.2324	-12.2174	-757.95276	250.58221	25.17749
-6657.8896	-12.2174	-774.48413	271.37134	25.17749
-6579.2715	-14.09013	-751.42914	294.60724	24.19617
-6615.0063	-14.09013	-748.3885	303.95282	24.15528
-6537.544	-14.55034	-726.9765	333.58942	24.15528
-6870.6147	-9.09407	-765.84985	278.37903	24.7394
-6513.8896	-10.47395	-726.20013	372.53522	20.64232
-7122.61	-9.09407	-790.9329	298.54083	24.7394
-6779.1323	-13.81957	-745.9973	287.31873	30.21963
-6667.1704	-15.80146	-730.2389	326.6787	27.85872
-6480.3213	-15.80146	-718.54834	286.5569	24.56118
-6305.342	-11.44046	-688.1291	327.45044	20.47737
-6255.6685	-11.44046	-688.2642	309.15735	20.47737
-6262.21	-11.44046	-627.2564	362.8553	19.14834
-6166.5103	-11.44046	-608.74176	391.12463	18.53034
-7113.604	-12.2174	-800.92725	287.80005	30.40059
-6854.7847	-9.08314	-772.4694	326.76617	24.15528
-6845.5454	-14.55034	-770.61053	262.66864	30.2279
-6546.0654	-14.55034	-727.6017	261.5208	30.2279
-6588.989	-11.83952	-770.3694	206.60272	30.40059
-6685.399	-12.62948	-737.22327	282.1516	24.15528
-6932.1396	-6.03521	-796.9003	214.71997	30.0373
-6144.49	-8.4868	-670.4543	290.3676	19.14834
-5963.4326	-9.45388	-627.58203	284.1673	19.14834
-5775.68	-9.45388	-612.22473	266.55615	19.14834
-7266.0244	-9.04912	-754.84894	372.8051	25.31491
-7237.658	-9.04912	-754.7686	347.25726	26.21495
-7143.1245	-3.41494	-742.45844	339.32062	25.47872
-7089.3384	-9.09407	-781.81305	287.0738	26.88716
-6437.2803	-5.92998	-736.187	199.22003	28.07888
-6831.7563	-12.62948	-748.3248	249.35992	30.0373
-6891.271	-12.2174	-784.2147	283.78674	30.21963
-6852.0225	-10.98809	-798.7115	264.9344	30.0373
-6767.225	-10.98809	-790.3777	233.71155	30.0373
-6903.6157	-6.82983	-776.6527	278.45325	23.49004
-6837.1265	-6.82983	-781.1552	268.8969	23.49004
-6376.656	-9.09407	-717.1369	295.23517	20.47737
-6050.7563	-6.32738	-686.47345	251.17316	20.47737
-6282.521	-6.32738	-702.35364	261.49103	20.82905
-6404.5767	-3.6656	-746.8976	202.69446	23.03474
-6407.3413	-3.6656	-745.8951	201.62811	23.03474
-6311.1494	-7.04364	-712.35834	243.94757	23.03474
-6166.799	-8.4868	-710.4325	213.91486	23.03474
-6232.862	-8.4868	-724.29486	220.04175	23.40282
-6225.525	-8.4868	-726.40466	218.2663	23.03474
-6262.404	-8.4868	-714.3343	224.67548	23.49004
-6365.2505	-12.62948	-727.8948	235.95624	23.49004
-6314.413	-8.4868	-737.25757	238.203	23.49004
-6676.8765	-5.27439	-746.21484	236.70038	24.15528
-6565.7554	-5.27439	-740.14435	217.97266	24.15528
-6618.097	-10.24273	-728.31305	248.867	24.15528
-6469.297	-10.24273	-718.1444	241.26617	23.49004
-6280.64	-10.24273	-711.4504	255.71973	22.53264
-5689.7905	-13.24492	-591.68115	364.42487	19.04572
-5731.245	-13.97221	-589.10913	370.62653	18.75478
-6192.8516	-12.85446	-690.46906	307.29724	20.64232
-6413.165	-8.4868	-739.38	284.91284	20.64232
-6391.5503	-8.4868	-729.74316	236.12769	23.49004
-6087.5107	-13.24492	-703.05963	238.37402	23.49004
-5975.3633	-15.78782	-604.6786	328.37463	19.99211
-5784.8438	-15.78782	-584.304	310.628	19.99211
-6128.806	-14.39771	-675.35913	247.77869	28.17564
-5643.231	-14.39771	-639.9458	220.784	25.31491
-5638.306	-13.24492	-635.8155	224.41528	23.03474
-6472.2104	-9.09407	-740.9699	232.49225	23.86004
-7491.1987	-4.3254	-783.5384	327.26044	28.56166
-7186.6333	-6.03521	-748.1858	350.37134	24.65902
-7422.7285	-9.08314	-838.17267	260.58136	28.17564
-7354.5327	-9.08314	-769.97784	320.29144	27.54886
-7347.2583	-9.09407	-752.9286	356.98987	27.54886
-6726.2495	-10.47395	-714.9699	403.2414	21.85575
-6584.6826	-10.47395	-734.73975	296.92932	22.6857
-6352.6885	-12.62948	-718.7848	274.83875	20.82905
-6765.402	-11.44046	-725.8581	349.18903	22.6857
-6641.634	-12.62948	-723.63306	260.20587	22.6624
-6188.157	-15.33938	-673.2862	323.61536	20.82905
-6121.9297	-12.56759	-703.57434	250.96887	23.03474
-6241.9644	-10.83634	-718.37463	217.78491	23.03474
-6539.1724	-10.83634	-713.74	276.41382	20.82905
-6524.722	-10.83634	-731.79553	276.01904	20.82905
-6699.339	-5.80426	-720.9911	294.15802	20.82905
-6563.974	-5.80426	-726.0584	273.9278	23.03474
-6408.103	-7.04364	-733.9892	190.97144	24.81566
-6316.8574	-3.6656	-731.09326	186.6737	24.81566
-6324.9106	-3.6656	-708.47894	239.62872	22.13576
-6309.587	-3.6656	-712.969	227.97559	22.13576
-6224.314	-7.04364	-704.2132	232.02533	22.13576
-6270.9795	-7.04364	-696.054	247.51825	20.82905
-6226.4995	-9.04912	-708.27075	254.07837	20.82905
-6326.166	-9.04912	-736.51996	221.78375	24.65902
-6691.254	-9.04912	-779.87463	250.91785	26.7055
-6129.019	-17.27208	-636.15424	382.61133	19.35933
-6092.953	-17.27208	-636.5122	388.56958	19.35933
-6778.797	-10.98809	-671.85956	424.03876	23.15758
-6906.418	-10.98809	-700.71295	426.87494	24.54395
-6897.5713	-10.98809	-686.90393	406.05457	24.54395
-6951.9155	-10.47395	-701.38544	425.99957	24.54395
-6870.9326	-14.88415	-694.8495	419.9884	24.65902
-6305.97	-15.42878	-692.6032	305.71564	22.6857
-6349.163	-15.33938	-690.4198	294.06525	23.21754
-6651.4937	-12.69145	-715.7513	298.3072	24.7394
-6411.122	-15.33938	-701.9981	305.0799	23.21754
-6544.816	-16.55372	-731.74426	312.9203	24.19617
-6695.9863	-16.55372	-740.813	367.81018	24.19617
-7102.3486	-13.81957	-792.7341	332.9693	30.77288
-6860.8223	-13.81957	-817.5643	326.93622	30.40059
-6804.8	-13.81957	-785.7782	287.4115	30.40059
-6720.448	-13.81957	-720.80774	312.82837	21.60812
-6673.559	-11.44046	-746.59534	282.75574	23.03474
-6584.7397	-7.04364	-732.96967	280.53198	23.03474
-7480.0024	-4.3254	-802.956	318.32745	29.28648
-7330.5093	-9.09407	-794.15533	309.18927	27.37853
-7132.2993	-10.98809	-747.02716	392.84943	27.37853
-7200.9697	-11.83952	-804.10297	292.67145	28.3981
-7114.453	-11.83952	-815.67096	263.10126	30.21963
-7102.791	-11.83952	-812.28143	259.87628	30.21963
-7012.5156	-12.2174	-781.8474	313.6886	30.21963
-6887.973	-12.91739	-759.2791	321.95184	23.86004
-6562.065	-12.91739	-728.49756	252.28699	23.86004
-6582.123	-12.56759	-747.1507	286.7857	23.86004
-6736.8003	-5.80426	-753.20026	290.65692	23.45232
-6725.392	-8.66173	-761.24744	275.70068	23.45232
-6737.041	-3.41494	-751.2129	282.07227	23.45232
-6756.9214	-3.41494	-735.4863	251.49475	23.45232
-6749.928	-8.25139	-749.0477	261.58466	23.86004
-6646.869	-8.25139	-752.77136	266.14893	23.86004
-6524.2256	-12.69145	-718.4359	287.57843	21.60812
-6560.635	-8.4868	-715.7308	260.0069	22.6624
-6869.3276	-12.2174	-797.6239	242.47827	30.0373
-7465.1753	-6.82983	-784.4128	321.26056	28.56166
-7624.1147	-6.82983	-943.3535	173.32593	38.33129
-7459.56	-6.82983	-812.0849	307.7729	33.09188
-7387.4243	-9.09407	-795.872	331.34393	33.09188
-7035.9194	-10.19582	-816.26056	207.02484	33.09188
-6490.5913	-8.4868	-735.9038	216.71442	24.65902
-6396.172	-6.82983	-734.4198	205.8866	24.65902
-6192.834	-6.82983	-713.80304	203.77283	24.65902
-6268.764	-5.80426	-720.1598	199.18518	24.65902
-6254.1724	-5.80426	-742.1682	205.94379	22.69691
-6867.9727	-10.24273	-826.4625	209.35632	30.40059
-6993.4297	-10.19582	-830.2056	192.45166	30.40059
-6924.8184	-6.82983	-847.1377	180.89331	33.09188
-6931.9795	-6.82983	-850.2786	180.94464	33.09188
-7316.6035	-6.82983	-899.4548	232.45026	35.22947
-6984.998	-9.09407	-787.0664	275.19702	26.7055
-6695.745	-10.19582	-761.8256	236.44904	26.7055
-6601.5273	-8.4868	-749.66547	215.31549	26.7055
-6590.999	-10.19582	-749.297	215.09045	26.7055
-6766.48	-10.19582	-780.7734	201.46991	30.0373
-6718.1113	-9.04912	-808.7627	231.05713	30.22584
-6639.16	-9.04912	-780.4929	236.77106	25.17749
-6574.4336	-8.25139	-775.46515	258.4416	24.7509
-6513.546	-8.25139	-774.1402	234.21698	24.7509
-6533.58	-8.25139	-771.0233	234.1612	26.7055
-6936.3926	-6.03521	-790.63153	261.98883	23.90247
-6879.223	-10.24273	-729.93994	348.35657	22.6624
-6870.538	-10.24273	-745.41925	325.98053	22.14375
-7006.919	-6.82983	-791.6439	308.4745	23.90247
-7050.7217	-6.82983	-785.2426	258.97382	26.91926
-7152.4204	-6.82983	-804.2865	257.32288	28.17564
-7203.229	-3.11481	-915.1839	125.8913	35.22947
-6461.156	-3.11481	-792.53784	148.41211	30.0373
-6420.382	-3.6656	-787.1577	162.5553	30.0373
-6678.8794	-5.80426	-804.46857	176.29816	30.0373
-6746.7188	-6.03521	-737.5352	256.27795	23.45232
-6602.994	-3.41494	-754.9587	232.19855	23.49004
-6461.8853	-3.41494	-762.0717	230.38092	23.49004
-6475.3457	-3.41494	-739.41876	198.95142	24.7394
-6474.1846	-3.41494	-733.84973	212.89447	23.49004
-6618.8853	-7.04364	-727.22485	250.57666	23.49004
-6710.8945	-4.13811	-744.9942	220.8302	24.65902
-6802.78	-4.13811	-768.1145	232.9591	24.81566
-6963.6553	-4.13811	-809.276	296.51013	24.81566
-6996.8354	-4.3254	-811.39355	302.82886	24.81566
-6904.9287	-4.3254	-809.69104	293.03125	24.81566
-6673.476	-4.3254	-807.37085	292.9369	25.08207
-7079.654	-10.98809	-785.45105	322.72644	28.17564
-6829.245	-10.98809	-782.1715	243.05823	28.17564
-6902.009	-10.98809	-788.8748	255.24103	28.17564
-6897.4336	-10.98809	-771.5335	301.39594	26.31472
-6899.4526	-10.47395	-758.738	301.10443	24.7394
-6900.549	-10.47395	-744.7477	352.84753	23.49004
-6843.7363	-10.47395	-769.5267	292.59418	24.65902
-7119.3813	-5.92998	-857.6847	178.71533	33.09188
-6885.601	-8.4868	-803.9895	230.02148	30.0373
-6326.8687	-5.92998	-745.02374	191.33398	26.20491
-6345.5005	-3.6656	-788.4991	161.67786	30.22584
-6322.2827	-3.6656	-797.42224	152.24915	31.73149
-6350.6797	-3.6656	-794.10254	135.95905	30.52586
-6205.3057	-3.6656	-784.68835	110.99994	38.62883
-6218.102	-3.6656	-781.4364	126.950806	32.67904
-6381.6035	-3.6656	-790.95905	131.29352	32.67904
-6443.3184	-3.6656	-783.4538	179.43774	28.17564
-6638.353	-5.80426	-802.1659	218.80865	28.17564
-6662.943	-5.80426	-805.0637	214.30902	29.28648
-6664.7114	-5.80426	-788.7695	216.75049	29.28648
-6895.217	-8.18716	-803.55273	235.26672	29.28648
-6784.893	-6.53195	-804.9504	180.60437	30.0373
-6816.2944	-6.82983	-826.86194	184.82068	30.0373
-6998.983	-5.80426	-839.41223	195.42822	30.0373
-6927.939	-8.4868	-801.75305	221.95203	30.0373
-6807.0	-8.4868	-788.3329	196.19666	30.0373
-6960.8438	-10.83634	-756.245	257.1189	30.0373
-7039.402	-10.83634	-765.0201	262.29047	30.0373
-6953.0864	-10.83634	-790.2622	266.32312	30.0373
-6682.827	-16.55372	-689.9314	311.3261	28.56166
-6587.088	-15.3043	-692.6267	325.73578	24.7394
-6836.9863	-13.81957	-725.67865	344.35553	24.7394
-6457.2993	-13.81957	-714.03894	286.49207	20.68348
-6443.216	-8.79305	-714.76404	296.81085	20.68348
-6465.7827	-13.81957	-692.72144	372.0692	18.78206
-6554.7236	-13.81957	-697.8197	374.75916	20.47737
-6656.8154	-13.81957	-762.4608	292.02258	30.0373
-6741.546	-12.62948	-788.5659	216.70874	30.0373
-6742.46	-12.62948	-771.71436	247.32489	30.0373
-7311.5435	-9.09407	-823.40497	329.01093	30.22584
-7185.8306	-9.09407	-832.515	245.56897	30.0373
-7210.8354	-9.09407	-847.5065	239.6106	30.77288
-7141.064	-9.09407	-850.6532	276.35242	30.77288
-6982.214	-13.25628	-832.0247	303.27997	30.77288
-7255.3643	-9.45388	-861.1289	260.91992	33.09188
-7254.043	-9.45388	-834.6022	254.54626	33.09188
-7182.497	-11.83952	-871.7247	264.55328	33.09188
-7085.571	-13.25628	-840.2258	309.79944	33.09188
-6978.116	-12.62948	-831.178	225.57935	33.09188
-6864.244	-12.62948	-760.5125	265.0412	26.7055
-6615.534	-12.62948	-738.80334	256.4225	24.41807
-6706.7197	-8.66173	-800.1342	277.55353	24.65902
-6664.798	-6.03521	-760.98804	245.55756	24.41807
-6681.004	-6.03521	-756.0833	250.84454	24.41807
-6830.077	-6.03521	-771.0815	254.96136	24.65902
-6713.7935	-8.4868	-809.81683	228.24225	30.3828
-6673.618	-5.80426	-792.10815	233.6001	24.65902
-6553.076	-5.80426	-772.2022	200.03534	24.65902
-6617.207	-3.41494	-789.77435	215.77136	26.77596
-6708.8315	-8.4868	-783.99664	204.50769	26.77596
-6905.51	-9.09407	-798.4898	285.73395	26.77596
-7037.0845	-9.09407	-822.9933	263.28906	27.62561
-7020.156	-9.09407	-831.9328	289.64716	29.36699
-7152.0747	-9.09407	-816.7368	355.4547	27.62561
-7176.432	-9.09407	-821.4996	293.98212	28.17564
-7335.9224	-9.09407	-812.4499	284.52545	28.17564
-6866.758	-10.47395	-732.25745	315.50806	24.65902
-6989.928	-10.47395	-741.517	386.04645	24.65902
-6840.2256	-10.47395	-728.5846	423.95618	23.03474
-6720.8086	-12.2174	-706.79517	409.49194	23.03474
-6346.2837	-15.33938	-687.8603	415.98248	22.13576
-6407.687	-15.33938	-692.083	417.52148	22.13576
-6453.1196	-15.33938	-694.2007	423.8401	22.13576
-6461.6216	-16.25401	-699.7328	427.05286	22.13576
-6649.35	-16.55372	-735.6918	336.16113	22.14375
-6519.4717	-11.83952	-722.3542	313.0617	22.14375
-6576.019	-11.83952	-738.6549	286.99646	23.61153
-6874.5312	-10.24273	-777.35486	299.9884	26.91926
-6869.2964	-9.16953	-771.5561	285.3907	26.91926
-6671.2324	-9.16953	-748.785	254.5481	24.7509
-6594.611	-9.16953	-743.5217	251.48773	24.7509
-6563.9893	-9.16953	-747.76184	245.34491	24.7509
-6599.5254	-10.83634	-754.3122	232.53333	29.39395
-6564.515	-10.83634	-746.38184	237.77563	25.61572
-6376.792	-12.6661	-712.83093	261.99957	23.61153
-6130.001	-12.6661	-680.87024	315.64038	20.47737
-7214.3643	-8.4868	-842.9537	261.14557	25.52544
-7031.029	-6.62037	-789.1857	260.5517	25.52544
-7191.809	-3.41494	-831.9615	248.85004	25.52544
-7129.7437	-3.41494	-821.0074	251.43195	24.7394
-7229.17	-3.41494	-815.7934	274.71307	27.36176
-7064.707	-9.08314	-792.31274	289.12598	27.36176
-6864.8877	-9.09407	-766.40857	282.48523	24.7509
-6734.5273	-10.19582	-728.84375	261.5089	24.7509
-6803.743	-12.2174	-748.58594	262.057	24.7509
-6828.6367	-12.2174	-770.4509	273.32788	25.99143
-6956.438	-10.98809	-783.4448	272.37085	28.78408
-6853.058	-10.98809	-770.7408	254.76788	27.49233
-6891.098	-10.98809	-771.011	260.89343	27.54886
-6905.2656	-10.24273	-776.96545	258.3269	27.49233
-6714.9985	-10.24273	-753.35474	259.99237	24.15528
-6713.578	-9.08314	-759.7916	272.40405	24.15528
-6831.3066	-9.08314	-777.0819	240.31165	26.1624
-6849.174	-9.08314	-755.72314	293.063	24.15528
-7105.025	-9.08314	-828.34625	232.6037	30.0373
-7250.2134	-9.08314	-838.31323	222.69617	33.09188
-7336.3535	-6.82983	-876.2356	235.75989	33.09188
-7284.922	-9.09407	-876.1557	245.9018	33.09188
-7105.774	-5.27439	-861.66266	189.15094	33.09188
-7115.268	-5.27439	-866.9732	203.87238	33.09188
-7227.35	-5.27439	-879.2849	213.39929	33.09188
-7186.0933	-5.27439	-876.6965	211.87689	33.09188
-6813.8945	-3.11481	-809.51227	164.90112	30.77288
-6842.882	-3.11481	-818.3219	167.51514	30.77288
-7084.156	-3.11481	-841.48083	183.82666	30.77288
-6944.0874	-10.98809	-766.60547	257.97644	30.40059
-7172.914	-10.98809	-810.9207	259.00165	30.77288
-7071.2026	-10.98809	-792.2857	258.7188	30.77288
-7067.51	-10.98809	-783.1002	257.82507	30.77288
-7061.823	-10.98809	-798.6179	254.00403	30.77288
-6920.046	-12.62948	-747.4165	301.01855	30.77288
-6652.496	-12.62948	-738.0397	278.77393	23.61153
-6843.0635	-4.13811	-769.3892	250.8028	24.65902
-6816.177	-4.13811	-765.3914	250.14276	24.65902
-6666.279	-12.62948	-739.1798	274.69202	24.65902
-6658.7573	-12.62948	-731.9138	280.7469	23.61153
-6791.9565	-10.98809	-764.13525	240.79437	25.61572
-6806.791	-10.98809	-780.06885	224.93121	30.77288
-6831.378	-10.98809	-784.4151	227.97095	30.77288
-6943.104	-10.98809	-768.94403	230.89825	30.77288
-7221.084	-8.4868	-845.2571	196.3634	30.77288
-7330.702	-9.09407	-850.0428	247.97272	30.77288
-7259.247	-4.3254	-857.8357	223.24768	33.91339
-7233.2095	-4.3254	-831.798	252.67944	29.28648
-7140.5645	-3.11481	-855.7761	239.48926	28.17564
-7083.941	-3.11481	-850.28625	238.83887	28.17564
-7028.2188	-3.6656	-814.2297	259.00372	25.31491
-7122.8325	-3.6656	-845.0811	278.58368	29.28648
-7102.0093	-3.6656	-853.1979	261.05713	28.17564
-7041.1553	-9.04912	-840.2394	203.58264	30.40059
-7166.7866	-9.04912	-863.83466	204.78119	30.40059
-7191.0522	-3.41494	-855.57007	278.8048	30.40059
-7190.465	-3.41494	-864.99786	249.7702	30.40059
-7163.7925	-3.41494	-865.04865	214.42181	30.40059
-7364.221	-3.41494	-882.4992	206.57843	32.59545
-7313.965	-3.41494	-866.8091	247.26062	30.77288
-7420.2104	-3.41494	-867.8035	240.1878	30.79455
-7506.9272	-4.3254	-851.02734	261.5083	30.77288
-7224.657	-4.3254	-822.38806	231.19727	30.40059
-7058.5317	-6.03521	-788.23444	245.39594	25.61572
-6938.0176	-12.2174	-775.3491	266.4348	29.01012
-6855.94	-12.2174	-768.6281	267.7519	24.65902
-6837.2856	-12.2174	-748.2008	281.3683	24.54395
-6698.257	-12.56759	-730.6748	304.4182	24.54395
-6599.302	-10.98809	-732.4116	242.54956	25.47573
-7058.502	-8.66173	-784.9918	254.47754	28.78408
-7041.2666	-8.66173	-778.64465	278.22644	27.54886
-6709.171	-9.09407	-737.0517	261.83258	23.21754
-6728.056	-10.19582	-751.48114	355.9709	23.21754
-6713.8857	-10.19582	-753.1332	340.67773	23.61153
-6742.5747	-14.09013	-746.0645	334.9837	23.61153
-6732.0205	-13.97221	-748.2655	326.8075	23.61153
-6720.272	-13.97221	-736.5164	334.8803	22.6857
-6855.754	-9.09407	-741.0253	310.38007	22.6857
-6814.652	-5.27439	-779.2772	289.98157	22.6857
-6722.262	-9.09407	-734.22424	296.62146	22.6857
-6467.647	-14.88415	-708.42706	302.43268	22.14375
-6526.7466	-14.88415	-714.15594	292.46094	26.7055
-6430.9175	-10.98809	-714.4826	266.73834	20.47737
-6514.455	-9.45388	-731.3656	249.74841	21.51581
-6683.742	-9.45388	-770.15656	242.47882	25.17749
-6696.498	-6.03521	-769.654	237.07996	25.17749
-6548.745	-6.03521	-732.4066	245.25952	21.51581
-6557.4097	-6.03521	-744.43896	241.05267	21.85575
-6446.6777	-4.70189	-731.4302	240.17969	21.85575
-7530.6772	-4.3254	-875.1655	295.05078	34.64907
-7461.685	-6.03521	-843.23425	274.1405	34.64907
-7331.35	-6.03521	-808.7994	289.88275	27.85872
-7246.838	-6.03521	-781.0758	323.65662	25.52544
-7038.7163	-6.03521	-752.5138	279.31104	24.7394
-7017.9634	-10.24273	-780.7915	279.61304	28.07888
-6987.7397	-10.19582	-769.12415	302.2765	27.85872
-6851.1562	-10.19582	-763.51227	254.4621	24.81566
-6998.7524	-10.19582	-790.96344	276.51996	28.17564
-6936.9766	-10.24273	-791.4571	219.23358	28.17564
-7018.776	-9.08314	-800.7595	222.23584	28.17564
-7033.0786	-6.03521	-803.5609	224.52917	28.17564
-7145.5107	-6.03521	-811.0715	240.9588	28.17564
-7044.014	-9.08314	-800.5769	231.7019	28.17564
-7160.4478	-4.3254	-822.423	258.0609	28.17564
-7145.296	-6.82983	-823.7998	246.07898	28.17564
-7262.116	-6.82983	-858.0892	208.44098	34.64907
-7225.282	-6.82983	-821.25494	254.53229	30.0373
-6966.8164	-6.82983	-798.1437	217.27112	30.0373
-6832.665	-9.08314	-764.2947	225.38763	24.7509
-6767.9053	-4.13811	-776.60846	226.66534	24.81566
-7006.782	-4.13811	-833.5802	218.49878	30.0373
-7011.58	-4.13811	-834.2173	227.58301	27.85872
-7039.9604	-4.13811	-815.7347	260.9715	27.54886
-7040.587	-4.3254	-803.5602	231.92065	26.7055
-7042.421	-4.3254	-790.6463	234.26129	27.54886
-7017.401	-9.08314	-800.57697	218.52594	26.77596
-7023.42	-9.08314	-802.71375	242.53381	26.77596
-6810.46	-9.08314	-781.422	251.76111	26.7055
-6728.647	-8.79305	-766.47076	237.47717	26.7055
-6834.9976	-10.98809	-782.90405	246.26587	26.88716
-6927.6284	-10.98809	-758.13873	262.7638	26.7055
-7019.842	-5.80426	-790.9891	233.16632	26.7055
-7423.632	-5.80426	-897.18896	180.62476	35.22947
-7340.039	-5.80426	-878.9342	202.2013	34.64907
-7319.3555	-5.80426	-896.89404	213.00293	34.64907
-7275.4585	-8.4868	-854.2833	214.6582	34.64907
-7131.018	-8.4868	-878.28577	173.06873	34.64907
-7164.7695	-3.11481	-887.9626	176.54462	34.64907
-7148.103	-9.09407	-871.2975	178.74634	34.64907
-6970.6646	-10.19582	-849.5046	182.9715	33.09188
-7089.1177	-10.24273	-840.577	208.98059	33.09188
-7205.169	-10.24273	-830.8135	224.58606	34.64907
-7180.6973	-10.24273	-821.7026	212.52252	30.40059
-7045.989	-10.24273	-807.6978	209.96204	30.40059
-6906.45	-10.24273	-819.0188	209.07043	30.40059
-6910.5225	-10.24273	-814.642	197.88965	35.67205
-7027.934	-10.24273	-836.8371	230.02997	30.40059
-6894.99	-13.81957	-745.0481	368.12024	24.15528
-6890.861	-13.81957	-740.9187	364.16968	24.15528
-6616.9224	-13.81957	-741.7345	288.83435	27.36176
-6484.545	-14.09013	-751.92633	289.07208	27.36176
-6409.3555	-14.09013	-737.7763	255.90942	33.91339
-6655.2397	-14.09013	-723.2219	289.60675	26.7055
-6864.8438	-14.09013	-766.8829	299.57904	27.36176
-6873.9556	-14.09013	-760.5188	296.97632	30.0373
-6875.156	-14.09013	-760.8283	297.1054	30.0373
-6528.033	-16.21669	-721.88525	295.88336	23.49004
-6707.699	-10.47395	-743.5501	341.7077	23.49004
-6698.554	-10.47395	-764.31995	277.62463	23.49004
-6491.8555	-10.47395	-745.4196	247.9289	24.15528
-6477.9526	-11.83952	-756.2247	252.16174	24.09773
-6408.5146	-13.97221	-720.2238	248.78918	24.15528
-6381.5503	-13.97221	-726.28076	232.5235	30.52903
-6199.5127	-15.11578	-695.5713	268.5487	23.49004
-6265.6665	-5.92998	-713.81195	212.21765	23.49004
-6234.916	-6.82983	-717.7666	208.25494	23.49004
-6038.0776	-6.82983	-704.43195	207.71057	23.49004
-6055.464	-9.16953	-702.32214	204.30853	23.49004
-6220.3174	-12.69145	-718.69745	209.91241	23.49004
-6057.0737	-15.54405	-667.83936	269.89233	23.49004
-5933.0713	-16.25401	-642.41766	307.1192	23.49004
-5898.125	-15.3043	-648.68	245.67676	23.49004
-6195.7266	-15.3043	-685.5745	269.26538	26.1624
-6225.486	-7.04364	-691.88116	212.87164	23.49004
-6129.048	-13.25628	-684.64984	237.47858	23.49004
-6249.995	-13.25628	-675.9623	270.185	23.49004
-6229.3613	-12.69145	-686.15295	242.34338	23.49004
-6266.659	-12.69145	-706.5803	229.9881	24.65902
-6267.7554	-12.69145	-683.5656	246.94818	26.91926
-6385.137	-12.69145	-747.01166	229.98749	30.0373
-6430.243	-13.25628	-742.5512	212.60986	30.0373
-6683.4185	-13.25628	-779.9407	215.78387	33.09188
-6863.578	-13.25628	-767.9432	299.78937	38.01073
-6960.563	-12.2174	-789.75275	301.09857	30.21963
-7153.2236	-10.19582	-808.084	328.4535	27.62561
-7015.186	-3.6656	-818.26434	211.53204	27.62561
-7029.887	-3.11481	-805.39355	238.86633	26.77596
-7007.2695	-3.11481	-817.3179	223.4524	26.77596
-7104.8823	-3.11481	-815.74506	240.63629	26.77596
-6841.518	-3.11481	-793.0177	210.53735	26.77596
-6808.2783	-3.11481	-778.87756	200.68103	26.77596
-6704.058	-3.11481	-776.7858	187.57715	26.77596
-6840.104	-3.11481	-775.97705	209.90387	26.77596
-6764.9517	-4.3254	-762.77167	232.94806	23.49004
-6722.491	-4.3254	-781.1377	215.79254	25.06802
-6790.031	-4.3254	-786.45245	238.08832	24.81566
-6813.786	-4.3254	-801.41974	248.2486	25.31491
-6777.588	-8.4868	-790.96674	239.04645	24.81566
-6578.3384	-10.19582	-742.46857	233.26776	24.81566
-6395.8486	-6.82983	-784.2598	207.97015	24.81566
-6203.6177	-6.82983	-747.8668	200.29749	24.81566
-6443.5566	-6.82983	-764.29974	234.96686	24.15528
-6464.6035	-8.18716	-757.6515	219.73584	24.15528
-6417.87	-9.11921	-762.9881	253.91846	24.15528
-6391.348	-12.2174	-734.2423	258.42804	24.15528
-6302.9087	-12.2174	-714.7054	220.60004	24.15528
-6342.957	-12.2174	-754.05286	205.3645	30.0373
-6610.8438	-10.19582	-787.2574	167.7536	30.0373
-6620.8223	-8.79305	-797.2368	175.27325	30.0373
-6609.1587	-8.25139	-800.8625	178.14124	30.0373
-6484.7188	-3.41494	-793.8915	174.55212	30.0373
-6408.967	-18.75478	-641.0569	430.54382	26.21495
-6640.458	-16.94896	-720.5966	335.64703	30.0373
-6681.501	-16.94896	-726.5304	339.839	30.0373
-6947.3955	-16.55372	-763.7133	310.35187	30.0373
-6770.389	-16.55372	-746.959	329.33386	24.7509
-6373.9927	-16.55372	-661.03894	367.53247	20.64232
-6445.5454	-10.83634	-683.0541	317.49744	18.24545
-6524.28	-10.83634	-697.42786	306.27576	19.70974
-6291.8877	-13.24492	-671.0751	296.5896	19.70974
-6293.0493	-13.24492	-658.974	352.20227	19.70974
-6821.886	-16.55372	-699.6174	396.3653	24.19617
-6819.2246	-18.24545	-714.25366	363.43262	23.21754
-6885.9673	-16.64856	-722.3258	353.25427	29.36699
-6837.465	-16.64856	-706.9697	378.08936	27.51733
-6697.8975	-16.64856	-675.50714	406.47052	19.52733
-6686.1147	-15.83616	-680.25085	382.98145	22.6624
-6684.3086	-13.25628	-725.86975	293.4016	26.77596
-6732.059	-12.69145	-757.9277	292.95538	26.77596
-6711.765	-12.69145	-749.5806	264.69653	26.77596
-6529.812	-16.53516	-735.3883	262.03473	26.77596
-6553.355	-16.53516	-733.35315	269.8083	26.77596
-6558.266	-15.3043	-738.26416	268.35767	28.17564
-6061.471	-15.96159	-670.6739	308.56512	20.82905
-6180.022	-15.96159	-684.05597	296.7624	23.03474
-6432.9287	-15.96159	-710.1062	273.3178	25.61572
-6830.843	-16.55372	-743.6531	295.03186	33.09188
-6783.562	-15.3043	-749.6333	301.85242	28.23101
-6792.024	-15.3043	-735.86694	354.43506	27.26857
-6584.3804	-15.3043	-715.5479	311.93463	26.1624
-6216.879	-15.01437	-688.82196	257.7038	26.1624
-6019.32	-15.01437	-677.651	249.53906	27.85872
-5833.413	-15.01437	-661.0774	249.41687	28.45527
-5883.12	-12.91739	-621.6437	288.43427	20.47737
-5995.197	-16.19792	-629.43243	291.25128	20.47737
-6278.321	-16.53516	-656.717	342.516	20.47737
-6254.7144	-16.53516	-655.15784	313.49573	20.47737
-6359.855	-19.70974	-651.2461	379.3667	20.47737
-6398.5786	-14.55034	-683.67957	329.63055	20.47737
-6573.1323	-14.55034	-713.73804	326.31616	23.03474
-6727.6475	-14.55034	-721.2466	314.99634	24.15528
-6447.611	-14.88415	-691.0075	329.52954	21.51581
-6833.6597	-9.09407	-760.3959	316.66003	22.53658
-6711.7666	-6.53957	-733.9717	325.07288	21.51581
-6695.46	-9.09407	-737.54224	321.90808	21.60812
-6607.7246	-9.09407	-743.2143	306.38922	20.47737
-6614.0327	-9.09407	-718.2871	357.64197	20.47737
-6978.933	-8.25139	-783.1313	288.11127	25.31491
-6920.378	-8.25139	-772.3662	300.099	23.49004
-6989.23	-9.09407	-767.60547	319.53552	23.49004
-6970.654	-9.09407	-771.56006	304.9757	23.49004
-6999.1987	-9.09407	-788.97455	279.62238	26.88716
-6733.82	-10.83634	-740.6212	277.81836	23.49004
-6675.001	-10.83634	-727.4748	277.69397	23.49004
-6811.696	-10.83634	-763.00165	263.4516	24.41807
-6655.012	-10.83634	-750.9327	254.76312	24.65902
-6675.009	-10.98809	-756.94165	294.27832	24.41807
-6483.0405	-13.2049	-739.2345	291.03064	24.7394
-6276.572	-15.96159	-669.48505	311.13385	21.85575
-6353.0073	-15.96159	-675.2972	371.88995	21.85575
-6289.6274	-15.96159	-669.6768	372.982	20.79233
-6304.959	-16.64856	-653.31335	384.36072	19.70974
-6375.952	-16.64856	-660.2124	390.8202	21.51581
-6528.425	-16.64856	-673.7769	365.90582	21.85575
-6516.8203	-16.53516	-686.4986	330.40997	23.03474
-6515.107	-19.25949	-673.1614	450.92346	20.82905
-6654.958	-18.37289	-693.4178	391.2265	27.51733
-6840.1523	-16.55372	-714.94946	372.70935	26.31472
-6858.647	-16.55372	-707.6354	418.21667	26.91926
-7017.862	-13.81957	-796.7391	381.68732	30.40059
-7012.6094	-13.81957	-786.43524	326.8056	30.40059
-6579.6084	-13.81957	-703.27423	289.60028	24.15528
-6485.2656	-13.81957	-697.2329	293.6645	20.82905
-6566.93	-13.81957	-706.66895	294.2868	20.82905
-6525.3604	-13.81957	-703.8718	271.89154	23.40282
-6863.22	-12.69145	-744.74066	394.503	23.49004
-6888.221	-10.98809	-749.62305	399.21155	24.65902
-7079.2114	-10.98809	-755.2509	412.59296	26.88716
-6862.1665	-9.45388	-736.3506	262.29462	26.88716
-6972.5337	-9.11921	-839.38495	193.3664	38.50505
-6802.336	-9.11921	-807.34064	182.521	33.09188
-6857.4272	-5.80426	-825.57385	164.69733	33.09188
-6948.3164	-3.11481	-838.6752	155.78638	33.09188
-6923.08	-3.11481	-853.9241	150.76807	33.09188
-7002.88	-3.11481	-853.6567	159.1549	33.09188
-7016.602	-3.11481	-859.6782	161.38086	33.09188
-7022.5747	-3.11481	-854.4142	162.17987	33.09188
-7072.8447	-3.11481	-869.1109	165.38556	33.09188
-6576.16	-16.55372	-652.96313	475.29614	19.14834
-6772.81	-13.2815	-735.12646	367.77686	23.49004
-6985.85	-12.2174	-777.61633	328.84607	25.25763
-7137.081	-10.19582	-755.26953	401.00037	26.7055
-6927.3735	-11.83952	-720.964	401.34692	24.83813
-7082.1865	-11.83952	-748.98346	377.3598	26.7055
-6858.152	-11.83952	-765.7418	301.28796	25.25763
-6924.8794	-10.19582	-770.332	295.98187	25.25763
-7201.399	-9.09407	-814.3499	270.86163	30.19125
-7214.3457	-9.09407	-804.57947	280.93835	30.19125
-7355.3677	-9.09407	-854.70044	238.1217	34.64907
-7423.9946	-9.09407	-881.1231	210.84296	38.33129
-7296.1904	-10.98809	-826.9828	298.0592	30.77288
-7237.5884	-10.47395	-847.6738	252.15454	30.77288
-7160.2925	-10.47395	-828.83844	217.83502	35.67205
-7000.3936	-12.2174	-709.61005	370.8836	25.06802
-6842.967	-15.11578	-686.57184	373.10162	24.15528
-7072.3853	-15.11578	-781.82056	303.8097	25.61572
-7151.8345	-15.83616	-779.0868	336.10266	30.2279
-7039.371	-15.54405	-752.48914	401.40564	27.54886
-7025.74	-15.54405	-753.3645	394.79187	27.54886
-6851.702	-15.54405	-735.61804	439.21973	26.20491
-6880.639	-15.54405	-739.54095	420.83344	27.26857
-6776.5273	-15.83616	-730.8696	423.96265	28.95294
