-129139.93	-122.43136	-6692.9478	598.2256	154.28375
-126000.88	-142.94437	-6210.252	1077.7266	142.87886
-125071.266	-140.37236	-6229.8257	957.7095	146.12917
-120835.586	-112.38329	-5546.9233	1587.7417	136.65492
-117061.586	-113.93409	-5697.532	1155.0103	135.92345
-117358.75	-109.85083	-5783.2456	1049.2324	135.95828
-115843.195	-99.11452	-5757.208	1037.939	137.57137
-115726.19	-99.11452	-5748.604	1037.519	137.57137
-115210.34	-99.11452	-5742.787	1030.4424	137.57137
-114489.33	-99.11452	-5719.891	989.999	135.95828
-120849.984	-122.75535	-5886.8486	1181.7803	138.43167
-120970.87	-122.75535	-5887.714	1263.898	138.43167
-121449.695	-122.75535	-5862.8086	1305.9707	138.43167
-121206.97	-122.75535	-5854.8726	1300.7324	138.43167
-122474.55	-122.56346	-5870.4253	1202.5552	138.42888
-122745.516	-122.56346	-5885.895	1205.2817	138.42888
-121909.62	-122.51272	-5879.9507	1181.8984	138.42888
-121809.65	-119.24809	-5887.69	1218.9058	138.42888
-120393.07	-106.63748	-5979.7554	968.8628	137.73598
-118476.305	-108.12316	-5858.34	962.36084	137.73598
-118991.47	-108.12316	-5878.6807	971.4253	137.73598
-118475.1	-108.12316	-5864.5728	962.18896	137.73598
-119282.586	-108.12316	-5829.399	1116.7886	137.73598
-120349.305	-107.6083	-5856.8247	1173.1533	135.56146
-119864.26	-107.6083	-5842.435	1054.1216	135.56146
-119614.21	-107.6083	-5842.903	1059.1758	135.20143
-119323.41	-113.86842	-5816.3047	1060.5615	135.35373
-119637.555	-113.86842	-5813.9834	1094.0957	135.35373
-119916.37	-113.86842	-5827.166	1082.7236	137.73598
-119281.42	-119.68896	-5876.5967	1041.9492	137.73598
-119439.375	-119.68896	-5819.9707	1195.5459	137.73598
-119067.63	-121.44351	-5897.165	1071.8242	137.73598
-119637.26	-121.44351	-5928.9707	1016.97266	139.53172
-121179.734	-119.00577	-6015.0635	984.68164	139.5079
-120315.945	-118.98245	-5956.024	1037.1631	138.50993
-121150.484	-118.98245	-5925.005	1022.2666	138.50993
-121956.04	-100.22832	-5965.2744	1115.0039	137.73598
-122554.57	-100.22832	-6004.667	1125.7529	137.73598
-122456.09	-100.22832	-6010.2446	1137.3896	137.73598
-121937.055	-100.22832	-5989.5244	1124.0474	137.73598
-121949.96	-111.77504	-6005.0273	1152.9321	137.73598
-122303.08	-109.89557	-5972.783	1187.6445	137.73598
-121181.82	-106.4547	-5662.732	1348.0127	137.19519
-120767.52	-106.4547	-5691.4756	1304.021	137.19519
-121390.02	-97.73918	-5699.4736	1357.9468	137.19519
-120975.22	-106.4547	-5705.659	1347.1313	137.19519
-121209.125	-106.4547	-5713.5186	1359.9478	136.97675
-123121.375	-118.24763	-5765.7114	1361.1748	136.97675
-123035.67	-118.24763	-5762.4775	1351.9473	137.57137
-122097.29	-117.47545	-5760.4604	1343.0415	137.57137
-122124.71	-118.24763	-5818.3066	1262.6587	137.78804
-122477.766	-118.24763	-5817.763	1248.3867	138.24129
-122660.48	-118.24763	-5779.1943	1277.127	138.24129
-122248.805	-118.24763	-5759.153	1331.3071	137.57137
-122089.12	-118.24763	-5769.234	1320.9067	137.57137
-121937.05	-118.24763	-5777.693	1268.3477	137.57137
-120561.03	-108.28049	-5755.4727	1227.7178	137.49902
-120817.8	-113.86264	-5736.7446	1269.438	137.49902
-119808.92	-118.24763	-5677.656	1262.8228	137.49902
-119938.82	-118.24763	-5682.5557	1280.4854	137.49902
-119485.73	-118.24763	-5672.9927	1209.9766	137.49902
-119219.805	-118.24763	-5682.4033	1171.7134	137.49902
-118645.24	-117.97775	-5664.7075	1170.5566	136.97675
-118566.04	-117.97775	-5689.6646	1189.0591	136.97675
-119931.82	-117.97775	-5741.7944	1206.6597	136.97675
-120486.03	-108.22147	-5727.2324	1219.5337	136.97675
-120590.08	-108.22147	-5711.699	1222.1489	136.97675
-120700.98	-108.22147	-5750.768	1226.0757	136.97675
-120815.36	-117.97775	-5773.5825	1180.9546	138.02145
-120784.695	-117.97775	-5764.583	1157.0225	138.02145
-120808.54	-117.97775	-5741.012	1171.2578	138.02145
-119950.37	-111.77504	-5686.051	1241.8545	135.91469
-119993.96	-111.77504	-5700.511	1260.7573	135.67326
-120384.6	-111.77504	-5687.8276	1261.3398	135.76694
-120006.984	-111.77504	-5672.1426	1260.1885	135.48152
-119730.164	-110.83502	-5654.244	1252.5938	135.48152
-118943.055	-107.80138	-5621.7466	1254.6274	134.61526
-119143.63	-107.80138	-5621.2	1295.1357	134.61526
-118454.266	-112.42149	-5667.921	1203.1606	134.61526
-118352.11	-112.42149	-5657.1094	1231.1572	132.76993
-118204.6	-112.42149	-5624.7534	1230.7388	132.76993
-117950.41	-112.42149	-5673.0117	1195.4805	132.53271
-118062.45	-100.22832	-5640.546	1295.0767	132.53271
-118607.4	-100.22832	-5675.9595	1312.8262	132.53271
-118476.484	-100.22832	-5696.606	1197.2319	133.903
-119047.56	-118.35303	-5707.139	1256.1099	132.76993
-118794.766	-113.93409	-5667.973	1310.5469	132.58537
-119195.19	-113.93409	-5709.3604	1297.2432	134.43527
-118898.28	-113.93409	-5714.5684	1238.8369	134.43527
-118308.55	-113.93409	-5666.1416	1232.4858	134.43527
-118525.555	-113.93409	-5697.889	1188.1421	135.95572
-117810.04	-113.93409	-5677.651	1142.7202	135.95572
-117869.93	-113.93409	-5674.85	1184.3765	135.95572
-118023.74	-113.93409	-5651.8438	1168.688	135.81477
-117506.516	-113.93409	-5637.316	1156.2334	135.81477
-117152.914	-113.93409	-5616.5474	1153.0342	135.81477
-116888.91	-113.93409	-5594.359	1148.7651	135.81477
-116424.16	-94.063	-5583.485	1158.5127	132.53271
-117156.375	-94.063	-5613.342	1187.77	132.53271
-116008.57	-94.063	-5438.59	1354.4595	132.23616
-115097.625	-94.063	-5461.617	1324.5415	131.5253
-114741.836	-94.063	-5440.1367	1313.0356	131.5253
-115359.89	-94.063	-5432.847	1324.002	132.23616
-115295.164	-94.063	-5437.206	1301.6929	132.23616
-115176.39	-94.063	-5443.0474	1347.0605	132.23616
-115222.08	-94.063	-5443.7803	1396.9224	132.23616
-115341.05	-94.063	-5434.391	1387.1655	131.5253
-115331.836	-94.063	-5421.899	1377.8848	132.04634
-116197.13	-94.063	-5460.425	1622.5884	131.5253
-115463.73	-94.063	-5430.6494	1494.5151	131.5253
-115578.26	-94.063	-5372.255	1581.4648	131.5253
-116300.11	-94.063	-5463.74	1506.4453	132.23616
-115289.02	-94.063	-5459.174	1457.1069	132.23616
-115799.15	-94.063	-5465.468	1522.0518	132.23616
-115319.17	-94.063	-5480.9478	1509.1455	132.23616
-116162.21	-94.063	-5473.6387	1557.6748	132.23616
-116322.03	-94.063	-5464.369	1561.749	132.23616
-117010.734	-94.063	-5451.442	1560.6108	132.23616
-118158.39	-94.063	-5460.7437	1604.0117	132.23616
-117837.48	-94.063	-5479.269	1584.6079	132.23616
-117922.74	-94.063	-5466.7163	1591.7178	132.23616
-117712.1	-94.063	-5451.6997	1583.3916	132.23616
-116549.1	-94.063	-5409.6797	1584.9976	131.5253
-116834.14	-94.063	-5438.1396	1614.6753	131.5253
-117139.53	-94.063	-5386.896	1660.8384	131.5253
-116593.5	-94.063	-5395.7695	1603.2632	131.5253
-116479.84	-94.063	-5371.759	1533.0293	131.5253
-116070.914	-94.063	-5361.4434	1499.0747	131.5253
-116147.17	-94.063	-5364.7627	1514.9673	131.05365
-116804.77	-94.063	-5385.58	1507.9146	132.23616
-116735.34	-94.063	-5389.86	1485.5171	132.23616
-116625.05	-94.063	-5412.648	1454.562	132.26207
-116251.234	-94.063	-5416.8022	1427.9517	132.26207
-116714.734	-94.063	-5430.403	1526.669	132.26207
-117303.375	-94.063	-5420.825	1508.499	132.26207
-118004.18	-94.063	-5418.2373	1537.0981	132.44635
-119352.51	-94.063	-5463.325	1609.4883	132.44635
-121689.37	-106.63748	-5625.6914	1483.2534	135.74118
-119749.75	-94.063	-5633.248	1459.603	134.44469
-119481.36	-94.063	-5653.8643	1412.1123	133.87474
-120635.97	-94.063	-5619.652	1402.8809	133.87474
-121229.445	-94.063	-5622.5205	1442.041	134.44469
-120904.83	-94.063	-5637.569	1437.0044	134.72493
-120381.44	-94.063	-5621.0493	1427.4971	134.72493
-120308.49	-94.063	-5683.296	1410.1758	134.72493
-121272.836	-94.063	-5696.9683	1492.627	135.74118
-121247.234	-106.63748	-5700.837	1514.4897	134.80179
-120076.86	-106.63748	-5693.9316	1505.8237	134.80179
-121366.875	-107.97681	-5599.3975	1608.4487	135.74118
-119413.38	-108.07152	-5663.4717	1308.2085	134.80179
-119746.016	-108.07152	-5650.3022	1348.6377	133.76689
-120132.89	-108.07152	-5669.4507	1387.5186	134.72493
-120213.57	-108.07152	-5638.4663	1401.0269	134.72493
-120343.84	-108.07152	-5612.7563	1450.0234	134.72493
-120086.055	-108.07152	-5693.7046	1378.645	135.74118
-119281.18	-108.07152	-5682.336	1305.6909	134.80179
-119499.875	-108.07152	-5675.4478	1311.8037	134.80179
-119657.87	-88.37653	-5724.0464	1257.4868	134.80179
-119615.4	-97.73918	-5699.228	1280.9414	134.80179
-119840.0	-97.73918	-5700.3604	1320.4097	134.80179
-120929.88	-108.07152	-5682.835	1350.0942	137.55597
-121515.26	-108.07152	-5599.0146	1459.9487	135.74118
-119837.766	-97.73918	-5680.9404	1282.2476	135.35979
-120113.164	-97.73918	-5696.5557	1282.5747	135.35979
-119419.01	-108.07152	-5667.3022	1299.2339	135.11949
-119308.46	-108.07152	-5677.883	1260.3325	135.03815
-119485.414	-108.07152	-5646.283	1284.0376	134.80179
-121025.984	-107.97681	-5688.4385	1313.3955	136.92401
-121203.266	-111.20244	-5655.3438	1368.3726	134.80179
-121017.12	-88.37653	-5663.9106	1341.4551	135.50793
-120560.78	-88.37653	-5672.083	1291.4727	135.50793
-120678.35	-111.20244	-5684.7437	1310.6587	135.50793
-120806.88	-111.20244	-5689.5093	1317.3872	134.80179
-121170.055	-97.73918	-5684.045	1366.0957	134.80179
-121233.54	-97.73918	-5710.067	1303.248	135.74118
-121232.234	-97.73918	-5713.1875	1314.5537	135.74118
-121513.97	-97.73918	-5695.531	1354.4023	135.74118
-121767.7	-96.77168	-5645.7324	1430.8174	135.74118
-122643.2	-96.77168	-5638.5605	1422.5034	135.74118
-122494.164	-84.32993	-5336.2827	1735.7432	135.33318
-122701.57	-91.38908	-5371.5107	1740.5283	135.33318
-121878.73	-91.38908	-5391.373	1726.1152	135.11168
-121866.52	-91.38908	-5393.993	1769.9692	135.11168
-121615.58	-91.38908	-5429.473	1683.4297	134.80179
-121647.914	-91.38908	-5420.189	1669.0034	134.80179
-121873.93	-91.38908	-5387.387	1692.9497	134.80179
-122259.26	-91.38908	-5350.5503	1734.1396	134.80179
-122172.41	-91.38908	-5352.8916	1723.2427	134.80179
-121788.32	-91.38908	-5389.728	1655.1226	134.80179
-121826.55	-91.38908	-5414.5347	1668.9707	134.80179
-122433.766	-91.38908	-5407.289	1678.6606	135.33318
-122193.63	-91.38908	-5394.361	1678.3623	135.33318
-122522.414	-91.38908	-5401.9487	1752.7495	135.33318
-122681.43	-91.38908	-5395.435	1761.4146	135.33318
-122653.164	-91.38908	-5396.651	1768.9287	135.33318
-122705.664	-91.38908	-5386.2246	1788.7983	134.80179
-124737.28	-91.38908	-5429.625	1763.3364	136.03023
-124508.44	-91.38908	-5416.8833	1751.3247	136.03023
-123659.99	-91.38908	-5392.5576	1744.2246	135.91469
-122906.93	-91.38908	-5381.177	1666.0161	135.91469
-122694.625	-91.38908	-5393.1	1683.2876	135.91469
-122648.54	-91.38908	-5385.0874	1675.3511	135.91469
-122978.375	-91.38908	-5429.545	1696.4209	135.91469
-123571.65	-91.38908	-5441.4526	1697.5591	137.9603
-124137.375	-91.38908	-5430.588	1710.4585	137.9603
-123685.32	-91.38908	-5463.273	1724.9937	138.22917
-125693.71	-129.5067	-6298.1416	883.3721	143.4619
-129288.38	-123.81409	-6722.8096	639.5469	153.41919
-129055.68	-123.81409	-6673.108	628.8179	153.41919
-128567.17	-123.81409	-6477.3853	790.7134	152.35272
-125943.63	-106.63748	-6379.579	850.7925	142.50319
-125938.44	-106.63748	-6397.366	823.4585	142.50319
-125455.445	-109.85083	-6339.3457	840.7969	142.50319
-123709.34	-113.93409	-6304.9717	712.7383	142.87712
-123697.54	-95.74289	-6314.9053	697.63525	141.41927
-126072.85	-97.73918	-6476.9434	686.0449	144.14264
-128845.15	-122.43136	-6479.8667	777.9956	148.78528
-128488.45	-132.53271	-6507.6543	706.30225	148.81927
-128092.63	-132.53271	-6487.211	746.53125	148.78528
-127835.8	-132.53271	-6491.007	740.6743	148.78528
-126342.58	-116.87633	-6153.947	1124.6641	142.82094
-126162.96	-116.87633	-6196.05	1081.4541	142.50319
-123518.41	-131.26195	-6084.159	958.9487	142.07623
-125017.9	-128.13597	-6397.199	823.29443	141.71442
-123431.484	-122.75108	-6091.8936	1039.2446	138.50993
-120682.055	-109.85083	-6130.916	759.8286	140.31827
-129354.88	-122.43136	-6734.503	616.6338	149.67123
-128897.47	-123.81409	-6430.539	890.23096	149.67123
-128642.71	-123.81409	-6461.1313	794.78564	147.45378
-128065.39	-123.81409	-6384.48	843.687	146.3265
-127747.27	-123.81409	-6380.937	840.125	146.48795
-127630.08	-123.81409	-6406.819	799.73535	146.00975
-127564.56	-132.53271	-6357.254	873.0752	146.00975
-126892.2	-129.3894	-6339.7505	861.8281	146.59882
-124865.72	-97.73918	-6507.664	553.6416	145.52124
-124989.47	-97.73918	-6490.077	575.25195	145.52124
-123047.734	-111.52749	-6458.3296	557.4995	146.46162
-123535.984	-111.52749	-6460.8643	542.69775	146.90823
-125653.83	-113.86842	-6541.805	556.7573	153.79124
-125645.8	-95.74289	-6535.947	541.3423	146.3265
-125836.39	-95.74289	-6557.5747	558.29346	147.23483
-126283.58	-95.74289	-6574.023	579.25244	146.3265
-126065.18	-95.74289	-6581.5527	582.0654	146.3265
-126479.27	-95.74289	-6565.8315	605.35596	146.3265
-126532.266	-95.74289	-6542.421	620.05225	146.3265
-126288.34	-121.98328	-6527.329	630.6157	146.21553
-126139.21	-121.98328	-6531.4526	673.31396	146.21553
-127309.35	-97.73918	-6599.004	629.79297	147.66634
-127387.445	-97.73918	-6587.935	642.7539	146.79657
-126887.766	-97.73918	-6567.073	684.9458	146.48795
-126978.41	-97.73918	-6549.368	664.59814	145.27196
-126495.63	-97.73918	-6497.9204	676.03516	144.175
-126986.56	-97.73918	-6483.0127	754.22217	144.175
-126655.29	-97.73918	-6476.7065	721.4004	144.175
-126821.42	-97.73918	-6488.732	744.6333	144.175
-126562.85	-97.73918	-6473.263	748.0049	142.50557
-126497.93	-97.73918	-6468.1055	725.5913	143.4619
-126056.19	-97.73918	-6474.028	712.5205	142.87886
-125343.74	-97.73918	-6468.932	688.1924	142.87886
-123983.65	-131.75862	-6427.616	668.0674	144.98566
-126121.38	-126.97676	-6535.573	613.3042	155.68494
-126214.305	-126.97676	-6546.116	619.52	155.68494
-126293.54	-126.97676	-6542.6377	621.50977	155.68494
-126457.055	-126.97676	-6550.575	622.251	155.68494
-126763.38	-126.97676	-6532.9487	602.0757	155.68494
-126644.48	-126.97676	-6533.6025	640.3071	155.68494
-126519.96	-130.71074	-6541.125	643.8638	155.68494
-127142.91	-130.71074	-6539.45	711.93555	155.68494
-127352.19	-129.3894	-6565.009	655.33057	155.68494
-127365.49	-129.3894	-6547.4453	671.1201	155.68494
-127117.05	-129.3894	-6559.0454	655.29346	155.68494
-127068.37	-113.86842	-6573.422	675.1885	148.15761
-127134.83	-113.86842	-6542.242	703.85645	148.82181
-127080.24	-121.98328	-6511.3525	775.15967	147.03877
-127319.81	-121.98328	-6585.0405	724.3965	147.21472
-126463.55	-121.98328	-6599.563	568.4048	147.03877
-126707.94	-121.98328	-6575.829	616.188	147.03877
-126659.62	-121.98328	-6578.8057	640.41455	147.03877
-126538.58	-123.17925	-6572.2017	687.0215	147.89226
-126463.13	-123.17925	-6570.254	644.7256	147.89226
-126646.92	-106.63748	-6612.8057	598.62256	148.4634
-126867.11	-106.63748	-6609.563	528.0654	148.4634
-125266.05	-130.71074	-6462.431	722.26074	144.14264
-124994.82	-130.71074	-6488.9907	700.7178	144.14264
-125005.88	-128.85912	-6492.404	686.8462	144.14264
-125071.086	-128.85912	-6462.936	696.01807	144.14264
-125348.98	-128.85912	-6490.415	671.5576	145.10898
-126020.48	-113.86264	-6473.8564	696.1509	143.19392
-125723.664	-126.53001	-6510.929	678.9717	143.08812
-125746.57	-126.53001	-6490.085	656.1196	143.08812
-126266.76	-126.53001	-6521.7783	664.56836	148.02708
-126155.06	-126.53001	-6531.985	647.09375	148.02708
-126368.42	-126.9536	-6550.0176	612.81494	164.79825
-126320.13	-130.71074	-6443.989	792.1802	146.26637
-125817.164	-130.71074	-6485.313	726.53076	146.26637
-125857.13	-130.71074	-6470.7607	771.74805	146.26637
-125703.09	-130.71074	-6485.764	735.8408	146.78502
-126330.38	-125.08518	-6514.9727	680.5342	146.26637
-126223.37	-125.08518	-6511.253	654.8721	146.26637
-125801.71	-123.91787	-6496.9707	640.8213	149.25032
-125871.32	-123.91787	-6494.9253	642.0239	146.66031
-126017.266	-126.97676	-6496.6885	645.6792	144.14264
-125917.81	-126.97676	-6501.1113	651.97363	144.14264
-126327.375	-126.97676	-6551.4463	629.7285	150.57047
-126293.81	-126.97676	-6535.647	622.67285	150.57047
-126447.055	-126.97676	-6496.82	688.23	148.78528
-126948.25	-126.97676	-6550.9478	731.34326	153.41919
-126471.13	-126.97676	-6552.005	633.20166	151.77692
-126801.76	-126.97676	-6535.629	645.3076	151.77692
-126723.914	-126.9536	-6511.272	675.04785	149.25032
-126476.05	-126.9536	-6477.678	704.0967	148.78528
-126374.45	-126.9536	-6511.616	704.2446	148.78528
-126557.63	-126.97676	-6552.05	650.03076	153.8396
-126116.81	-126.97676	-6522.7974	659.68604	148.78528
-125554.21	-123.17925	-6528.972	622.4536	148.78528
-124989.164	-129.3894	-6505.14	623.73096	146.78502
-125272.56	-128.99745	-6494.9917	594.72217	157.00449
-125715.68	-128.99745	-6501.054	624.97363	157.00449
-125616.484	-128.99745	-6526.018	616.1045	157.00449
-125326.234	-128.99745	-6495.6406	593.0674	165.1422
-125448.27	-130.84593	-6494.1963	583.14795	165.1422
-125635.89	-130.84593	-6492.954	614.4624	163.99167
-125635.67	-130.84593	-6513.7734	598.81494	157.00449
-125529.32	-130.84593	-6506.153	600.93506	147.03877
-125436.52	-130.71074	-6364.915	739.3579	145.10898
-125553.32	-130.71074	-6341.107	722.7969	146.0281
-126159.14	-131.05365	-6428.414	729.66455	146.90823
-125578.734	-130.84593	-6424.4355	649.86426	146.90823
-125455.81	-130.84593	-6437.198	617.5591	146.0281
-125597.56	-130.84593	-6422.474	649.4258	146.08026
-125299.87	-130.84593	-6446.451	589.86914	146.08026
-125144.09	-122.56346	-6443.9023	576.8291	146.08026
-125176.84	-122.56346	-6442.8457	574.78564	146.08026
-125752.445	-122.56346	-6455.362	609.16406	146.0281
-125767.1	-122.56346	-6438.6973	623.11426	146.46162
-125614.8	-128.13597	-6470.464	679.7666	146.56749
-125904.05	-128.13597	-6420.8013	794.9155	144.30089
-125584.89	-128.13597	-6447.0117	710.5669	144.30089
-125401.77	-128.13597	-6467.654	730.47314	144.30089
-125399.21	-128.13597	-6444.2515	709.063	144.30089
-124759.77	-123.13239	-6422.2065	722.6841	142.50557
-124834.03	-128.13597	-6435.8076	683.6328	144.175
-124512.95	-130.84593	-6414.209	689.4497	146.00975
-124794.85	-130.84593	-6459.311	690.1372	146.79657
-124725.516	-130.84593	-6459.925	686.2505	146.79657
-125079.086	-130.84593	-6507.684	712.749	146.79657
-124516.53	-130.84593	-6468.092	573.83984	146.79657
-124844.16	-130.71074	-6465.708	572.9321	146.79657
-124377.63	-128.13597	-6442.223	545.99316	153.79124
-124881.38	-128.13597	-6467.4253	596.50586	153.79124
-124747.38	-128.13597	-6473.7324	569.6582	153.79124
-124419.44	-128.13597	-6462.885	566.8218	153.79124
-126346.62	-142.87886	-6211.066	1129.2104	145.10898
-126595.5	-142.50557	-6237.227	1117.5605	149.2644
-126832.8	-140.78769	-6338.769	968.5405	153.41919
-126966.59	-140.72095	-6358.3774	946.4385	153.41919
-126950.516	-140.47026	-6353.2583	911.46875	153.41919
-127530.79	-140.37236	-6425.9595	825.01465	153.41919
-127671.87	-137.49902	-6400.6016	878.74414	162.33377
-127219.96	-137.49902	-6408.7373	849.61865	147.89226
-126577.195	-137.49902	-6375.441	845.74365	147.89226
-126619.03	-135.50793	-6428.0244	736.1763	147.66634
-126228.95	-135.50793	-6413.475	729.76416	148.33984
-125984.0	-131.12895	-6429.442	709.1465	148.78528
-126071.01	-131.12895	-6467.5283	718.2012	148.78528
-125633.875	-128.32639	-6410.48	736.13135	145.10898
-126010.76	-128.32639	-6403.7295	766.0596	145.10898
-125967.984	-129.55254	-6432.012	770.7163	145.10898
-125908.26	-126.97676	-6436.11	743.75977	143.99704
-125674.945	-126.97676	-6431.705	729.1382	143.99704
-126064.07	-126.97676	-6418.648	842.5049	143.99704
-125194.625	-123.17925	-6340.185	931.37744	142.50319
-125538.234	-125.77295	-6158.582	1106.7012	141.0754
-125789.58	-125.12571	-6306.1675	967.79834	142.82094
-125529.36	-125.12571	-6316.4546	951.7798	142.82094
-125712.22	-125.08518	-6296.2964	951.7949	142.82094
-121659.234	-113.93409	-6156.931	854.396	138.50993
-121921.69	-113.93409	-6206.042	858.9131	138.50993
-121249.62	-113.93409	-6156.807	879.3882	138.11061
-121806.836	-113.93409	-6160.8154	901.1572	138.17288
-121506.1	-113.93409	-6181.503	855.6201	138.17288
-121515.625	-106.63748	-6161.8896	943.83984	138.17288
-121848.24	-106.63748	-6159.447	878.47266	138.17288
-121854.44	-106.63748	-6157.376	885.71533	138.11061
-121925.375	-113.93409	-6134.919	980.5034	138.50993
-122275.08	-113.93409	-6118.447	966.02344	138.50993
-122583.48	-113.93409	-6100.7217	993.88916	138.17288
-122343.54	-113.93409	-6116.726	956.0215	138.17288
-122134.086	-109.85083	-6096.6626	972.3833	138.11061
-121767.68	-118.01648	-5956.158	1096.3496	138.11061
-121882.49	-118.5061	-5912.671	1158.2769	138.11061
-122081.945	-118.5061	-5895.6714	1207.2319	138.11061
-122731.414	-113.93409	-6101.9004	958.5654	138.50993
-123259.414	-113.93409	-6210.2305	873.9375	139.33543
-124120.24	-123.13239	-6285.863	892.4331	141.57582
-123194.49	-130.89606	-6231.123	904.1841	141.57582
-123373.97	-123.91787	-6278.212	837.2915	141.57582
-123580.91	-122.03947	-6272.2783	919.0254	141.41927
-123236.6	-123.24324	-6303.527	916.22217	141.41927
-123135.81	-123.81409	-6298.662	911.53125	141.41927
-123490.47	-123.81409	-6293.5396	867.8037	141.41927
-123548.44	-123.81409	-6292.8633	814.32666	141.41927
-123355.71	-107.81284	-6310.6025	839.89746	140.37236
-123248.75	-114.52965	-6287.0913	933.6797	140.47026
-123580.52	-121.71368	-6278.6567	917.90283	140.37236
-123214.4	-117.71117	-6302.8887	772.4321	140.6655
-122938.02	-117.71117	-6304.1787	777.23975	140.6655
-122574.46	-117.71117	-6303.362	759.4092	140.6655
-123038.47	-113.86842	-6274.411	751.68506	140.95644
-122781.375	-106.63748	-6278.62	740.7959	140.6655
-122570.26	-109.8703	-6279.764	737.38477	140.6655
-122267.164	-109.8703	-6283.5474	713.64844	140.37236
-122478.64	-109.8703	-6296.527	726.1245	140.37236
-122952.55	-109.8703	-6291.7993	792.9536	140.37236
-123556.92	-109.8703	-6266.742	809.6162	140.37236
-122778.05	-88.37653	-6292.053	746.6367	140.37236
-122698.56	-88.37653	-6253.623	742.3911	140.37236
-123238.72	-114.52965	-6288.715	767.9287	140.37236
-123923.12	-119.84846	-6269.168	853.28955	140.37236
-122200.99	-116.42385	-6279.045	782.08105	140.00764
-123834.125	-121.98328	-6278.2563	848.7168	140.37236
-124058.6	-121.98328	-6265.1475	874.0093	140.37236
-124699.82	-122.03947	-6281.476	905.2876	141.57582
-124545.74	-122.03947	-6292.414	874.999	141.57582
-124592.375	-109.85083	-6294.343	865.792	139.8532
-124425.266	-109.85083	-6258.816	863.1753	139.8532
-124113.63	-109.85083	-6287.518	833.3379	139.8532
-123338.85	-109.85083	-6294.6914	833.9824	140.47026
-122917.05	-111.52749	-6272.2515	881.3169	139.24025
-122314.984	-111.52749	-6154.1465	955.8164	138.43167
-121771.11	-111.52749	-6192.959	914.30273	138.43167
-121991.18	-111.27056	-6197.4497	857.896	138.43167
-121747.76	-106.63748	-6204.17	882.0425	138.43167
-121848.96	-106.63748	-6218.4697	913.5322	138.7607
-121750.92	-106.63748	-6203.9067	936.58594	138.43167
-122067.56	-106.63748	-6183.896	921.2632	138.43167
-122078.24	-106.63748	-6165.2036	923.0659	138.43167
-122511.45	-106.63748	-6264.1387	839.9717	139.24025
-122198.62	-106.63748	-6256.1045	790.2905	139.24025
-122251.94	-106.63748	-6234.315	833.93945	139.24025
-122143.78	-109.8703	-6214.3066	843.4082	138.6243
-122160.43	-109.8703	-6177.7397	876.0571	138.6243
-122513.69	-111.52749	-6195.8374	876.5947	138.6243
-123010.84	-111.52749	-6204.662	908.16113	139.24025
-124111.06	-107.81284	-6267.483	806.52637	140.00764
-123877.82	-107.81284	-6247.171	836.4297	139.38202
-123707.25	-107.81284	-6251.387	821.6748	139.38202
-123167.78	-104.96394	-6218.241	863.18604	138.8906
-123542.88	-111.52749	-6232.2603	832.2837	139.38202
-122899.34	-111.52749	-6194.8965	881.33154	138.6243
-122720.79	-88.37653	-6186.407	845.32324	138.6243
-123035.34	-88.37653	-6176.9688	867.6387	138.6243
-123112.305	-111.52749	-6177.2065	906.1001	138.7607
-123679.125	-111.52749	-6199.4326	903.85254	139.38202
-123559.445	-111.52749	-6212.8296	819.8418	139.38202
-123266.52	-111.52749	-6217.3926	819.10205	139.38202
-123566.52	-111.52749	-6238.0024	838.4614	140.00764
-123468.85	-107.81284	-6306.82	750.2876	140.00764
-123508.67	-107.81284	-6337.021	737.22705	141.41927
-123366.91	-111.52749	-6337.709	716.5254	141.44652
-123497.26	-111.52749	-6324.1855	695.4297	142.50319
-123461.12	-111.52749	-6296.814	732.31885	141.44652
-123734.93	-111.52749	-6326.2183	738.38086	141.44652
-124975.05	-111.52749	-6332.411	761.72266	141.44652
-124759.32	-111.52749	-6389.411	739.7759	141.44652
-125051.17	-107.81284	-6399.982	726.86816	141.44652
-125243.89	-107.81284	-6393.1104	746.92676	141.4447
-126016.586	-113.86264	-6333.9463	861.80273	142.82094
-125660.54	-113.86264	-6337.687	831.57666	141.4447
-125423.53	-113.86264	-6356.3647	800.14795	141.4447
-124729.06	-108.22147	-6304.2847	900.6201	140.47026
-125072.73	-108.22147	-6278.1685	895.5615	140.47026
-125305.83	-108.22147	-6255.1465	951.6699	140.47026
-124876.5	-108.22147	-6261.197	912.01025	140.00764
-123846.53	-108.22147	-6162.1973	947.5864	139.19386
-123538.016	-108.22147	-6145.274	919.82324	138.43167
-123029.24	-126.82869	-6002.179	1086.5879	138.67992
-122937.55	-126.82869	-6005.151	1099.0112	138.67992
-123496.85	-126.82869	-6038.0605	1091.4131	139.44075
-123455.914	-121.43205	-6031.524	1156.3501	139.19386
-124403.82	-121.43205	-6012.427	1171.9912	139.69392
-124278.2	-121.21597	-6010.699	1147.5483	139.35718
-123545.08	-108.22147	-5974.008	1175.6743	138.50993
-123747.484	-108.22147	-5983.0664	1179.6416	138.50993
-124006.97	-114.01379	-5986.93	1181.5776	138.50993
-123778.86	-114.01379	-5999.0005	1174.7881	138.6243
-123506.164	-114.01379	-5967.9443	1206.7856	137.57137
-122807.055	-113.93409	-5962.8403	1203.4023	137.57137
-122683.73	-113.93409	-5990.45	1212.9834	137.78804
-122787.836	-113.93409	-6024.052	1230.6475	137.78804
-122110.25	-113.93409	-6059.43	1148.4614	137.78804
-122617.33	-113.93409	-6056.7847	1141.898	137.78804
-122131.26	-129.40944	-6013.2754	991.4883	139.89304
-122581.0	-129.40944	-6007.531	1054.5488	139.89304
-123422.72	-129.77016	-6030.412	1104.7002	140.31827
-122740.01	-129.77016	-6041.7607	1008.0176	140.31827
-123788.04	-129.72295	-6144.882	995.166	141.4447
-123387.31	-129.9001	-6221.922	887.42725	141.57582
-123683.94	-129.9001	-6229.754	894.7373	141.74033
-123611.88	-129.77016	-6183.598	912.76465	141.57582
-122869.22	-133.903	-6221.9575	757.12305	144.14264
-121616.88	-127.1286	-6145.9	801.2578	140.95644
-121596.195	-127.1286	-6156.248	802.86035	140.88644
-121242.4	-127.1286	-6164.1294	787.52686	140.88644
-122676.7	-127.1286	-6249.168	745.9326	142.87712
-122548.305	-127.1286	-6245.7393	771.48926	142.04971
-122711.74	-127.1286	-6211.083	848.0205	140.31827
-122374.06	-127.1286	-6155.945	838.834	140.31827
-122506.27	-127.1286	-6155.434	841.2129	140.31827
-123375.914	-126.97676	-6195.9355	839.01465	140.31827
-123504.1	-97.73918	-6266.4985	780.96924	140.31827
-123905.2	-97.73918	-6267.9956	799.3706	140.00764
-123158.6	-125.12571	-6224.3545	822.9468	140.00764
-122248.64	-113.86264	-6242.311	686.0137	141.57582
-121556.01	-118.35303	-6241.2607	688.73	142.82094
-121565.484	-118.35303	-6244.3193	695.0708	141.54433
-121596.62	-118.35303	-6231.7896	703.6333	141.49333
-122205.87	-113.86264	-6253.9062	691.4126	141.49333
-122226.11	-114.53787	-6236.7007	724.78076	140.73134
-121599.32	-114.53787	-6213.5854	721.59326	140.72095
-123028.06	-120.19519	-6218.8184	784.25586	140.37236
-122980.15	-122.75108	-6223.942	743.3159	140.37236
-122980.02	-118.35303	-6240.2246	725.38135	140.37236
-123704.43	-118.35303	-6205.972	797.2295	140.37236
-123505.99	-113.14942	-6228.9375	784.6074	140.37236
-123001.85	-113.14942	-6237.57	765.3828	140.37236
-123200.28	-118.98245	-6217.044	816.34326	140.31827
-122453.125	-120.19519	-6213.544	783.9995	140.31827
-123195.195	-119.84846	-6256.948	807.0132	139.68665
-123181.984	-119.84846	-6273.5127	770.8833	140.00764
-123195.09	-119.84846	-6237.5312	784.3784	140.00764
-123262.195	-128.85912	-6208.5337	790.8364	141.53712
-123415.695	-123.13239	-6243.1133	787.2241	141.53712
-123345.2	-123.13239	-6223.3	789.1489	140.47026
-122609.945	-123.13239	-6233.391	790.1719	140.31827
-122798.375	-123.13239	-6218.318	798.2412	140.31827
-123648.734	-112.21345	-6252.3794	793.79346	140.37236
-124082.0	-123.13239	-6210.153	844.2134	140.37236
-123653.62	-123.13239	-6240.91	791.97754	141.74033
-123178.24	-123.13239	-6265.6343	829.95654	140.88644
-123604.11	-123.81409	-6347.921	697.1006	141.57582
-123413.52	-111.52749	-6360.6655	652.70264	141.57582
-123284.15	-107.6083	-6368.3574	716.03174	141.57582
-122883.625	-107.6083	-6377.015	577.9712	143.99704
-123244.305	-126.9536	-6361.1753	669.6299	143.99704
-123468.28	-127.75874	-6355.789	690.69727	143.99704
-122777.99	-127.75874	-6353.3735	677.6011	143.99704
-122840.9	-127.75874	-6346.041	647.3628	143.99704
-122609.89	-127.75874	-6353.6797	653.1489	143.99704
-123215.664	-127.75874	-6349.367	704.41016	143.1318
-123103.94	-127.75874	-6358.5693	692.0864	143.1318
-123659.734	-127.75874	-6350.9443	717.3491	142.9814
-123289.4	-127.75874	-6358.5693	718.51074	142.87886
-123284.5	-123.04027	-6405.607	616.65674	142.87886
-123729.44	-113.14942	-6455.0005	479.86914	149.15945
-123547.82	-113.14942	-6455.0684	493.26807	149.15945
-124562.99	-113.86264	-6485.0005	504.69092	150.7114
-124699.64	-107.81284	-6480.2417	535.40137	146.46162
-125039.195	-107.81284	-6506.453	550.8843	146.46162
-125344.81	-107.81284	-6512.7593	567.8237	146.46162
-125640.984	-107.81284	-6468.7754	634.4512	142.82094
-125332.27	-113.86842	-6448.1113	659.90576	142.82094
-125177.38	-113.86842	-6465.4736	602.2871	142.50557
-125127.54	-106.63748	-6473.9966	651.87354	142.94437
-124891.13	-121.98328	-6494.1997	717.6128	142.94437
-125831.49	-118.01648	-6521.954	669.43604	142.94437
-125847.91	-118.01648	-6480.6562	724.6006	142.94437
-125333.8	-118.01648	-6497.623	666.27295	142.94437
-126012.53	-121.98328	-6315.849	879.6846	142.94437
-125615.97	-130.71074	-6311.7485	874.4365	142.94437
-125710.77	-127.09281	-6360.1333	835.2129	144.175
-126495.26	-127.09281	-6440.84	751.0298	145.10898
-126742.49	-127.09281	-6490.527	799.34375	145.10898
-126629.85	-123.91787	-6526.79	778.1304	145.10898
-125905.08	-123.91787	-6507.953	739.84424	142.9814
-125937.695	-123.91787	-6511.4624	832.6123	142.9814
-126141.55	-123.91787	-6486.982	777.4214	142.9814
-126391.46	-107.81284	-6488.454	738.71826	142.9814
-126587.42	-107.81284	-6491.8086	739.5967	142.9814
-126152.17	-130.71074	-5939.74	1292.0815	142.99063
-126242.89	-126.97676	-5931.325	1355.1079	142.99063
-126221.23	-126.97676	-5976.4365	1235.4243	142.99063
-126039.42	-130.71074	-5936.9585	1218.8901	143.4619
-126180.01	-130.71074	-5896.187	1279.6187	143.4619
-126159.64	-130.71074	-5934.536	1250.293	143.4619
-126241.96	-130.71074	-5933.9814	1290.0015	144.175
-127069.3	-130.71074	-6471.432	783.3701	146.79657
-126331.29	-134.61526	-6436.345	836.3374	144.98566
-125970.19	-134.61526	-6460.078	869.75195	146.48795
-125746.84	-134.61526	-6466.468	743.39307	144.98566
-125374.43	-134.61526	-6501.283	712.1763	144.98566
-125259.734	-134.61526	-6498.9785	683.6704	147.81142
-125679.92	-135.35373	-6475.6523	656.7793	151.97437
-125790.625	-135.35373	-6484.927	656.96826	151.97437
-125925.266	-135.35373	-6468.153	681.6953	147.21472
-125872.51	-135.35373	-6457.497	725.751	146.46162
-125369.76	-135.35373	-6454.9414	685.52783	146.46162
-125295.92	-135.35373	-6456.462	679.68506	146.90823
-125303.33	-138.65323	-6464.7983	666.74854	151.5482
-124899.56	-135.11404	-6455.8345	656.3457	146.90823
-124773.54	-134.6087	-6470.6226	607.42334	151.97437
-124784.74	-134.6087	-6472.6895	641.21484	147.81142
-124969.2	-134.6087	-6460.5	680.9131	148.78528
-125079.8	-134.6087	-6459.578	661.78076	148.78528
-125243.23	-134.6087	-6454.6636	658.0698	150.38174
-125625.29	-134.6087	-6452.981	659.3887	151.5482
-126134.77	-134.6087	-6468.5117	668.81104	151.5482
-126391.83	-135.11404	-6459.812	676.82324	151.5482
-126260.31	-135.11404	-6469.7	695.46045	151.97437
-126078.03	-135.11404	-6495.7056	674.36914	155.68494
-125899.41	-135.11404	-6483.9956	700.65234	151.5482
-125423.33	-135.11404	-6468.4067	746.5386	150.38174
-126424.68	-135.11404	-6440.685	769.0825	150.38174
-126378.36	-135.11404	-6444.555	773.3633	150.38174
-126380.54	-135.11404	-6442.2637	812.5967	150.38174
-126560.85	-134.86601	-6446.6055	780.3877	153.79124
-126536.016	-134.86601	-6455.025	753.9321	153.79124
-126343.01	-130.71074	-6499.4917	691.43164	153.79124
-126478.164	-130.71074	-6520.6997	707.28467	153.79124
-126854.22	-125.08518	-6519.715	715.166	153.79124
-126925.43	-121.98328	-6499.915	705.66064	148.78528
-125856.42	-121.98328	-6483.9756	657.45557	142.99063
-126328.73	-121.98328	-6476.965	719.5322	142.99063
-126923.195	-121.98328	-6443.6816	735.8779	142.99063
-127466.164	-121.98328	-6454.394	744.0752	145.27196
-127244.71	-121.98328	-6424.917	740.1865	144.68129
-126799.51	-132.53271	-6197.6514	963.3823	145.02785
-126711.375	-129.77016	-6375.5225	901.4243	144.68129
-126476.17	-129.3894	-6374.0083	885.7964	144.68129
-126420.805	-129.3894	-6402.684	876.5967	144.68129
-126301.0	-129.3894	-6400.185	823.3589	144.68129
-126806.59	-129.3894	-6498.5576	710.6914	145.80624
-126933.08	-113.14942	-6506.387	697.3257	145.80624
-126980.8	-126.82869	-6461.0386	787.4346	145.80624
-126935.31	-126.82869	-6440.0103	798.93066	145.27196
-126398.055	-129.3894	-6486.4053	713.8789	145.14844
-126484.91	-129.3894	-6483.0547	727.3135	145.14844
-126717.51	-129.3894	-6516.5103	691.35693	150.68959
-125927.02	-131.12895	-6510.05	665.76807	150.68959
-126028.836	-131.12895	-6511.1963	674.05664	150.68959
-126212.13	-131.12895	-6512.8574	682.3745	150.68959
-126286.19	-128.25	-6518.863	680.36426	144.68129
-126455.99	-128.25	-6522.5127	706.24805	144.68129
-126553.36	-122.43136	-6469.9155	772.20703	144.68129
-126872.1	-122.56346	-6531.8467	696.97266	148.02708
-126561.51	-122.56346	-6517.483	745.19385	145.09714
-126375.02	-128.25	-6250.0537	1064.5815	143.92137
-126428.66	-129.56282	-6194.8315	1159.081	143.92137
-127290.56	-131.12895	-6541.9546	721.5029	147.45378
-127338.414	-132.53271	-6516.834	759.0791	155.68494
-127149.65	-132.53271	-6528.2515	769.81445	149.07912
-126774.89	-129.7271	-6322.737	930.33203	145.87195
-126972.26	-129.7271	-6331.697	991.0674	145.87195
-126677.516	-134.58107	-6339.527	961.1011	145.10898
-126385.734	-131.75862	-6337.0225	949.09424	145.10898
-126177.3	-131.75862	-6286.3247	948.28076	143.92137
-126038.195	-131.75862	-6276.9277	928.2544	143.92137
-125205.414	-126.11225	-6245.4575	863.3838	142.50557
-125659.26	-126.97676	-6296.786	884.2163	142.50557
-125112.45	-126.97676	-6255.9	897.84814	142.50319
-125240.625	-122.43136	-6272.6177	896.0967	142.46227
-125141.46	-122.43136	-6260.532	892.751	142.50319
-125100.59	-122.43136	-6307.86	882.31885	142.46227
-125694.0	-122.43136	-6294.396	916.03467	142.82094
-125739.695	-122.43136	-6285.969	919.3247	142.82094
-125999.31	-122.43136	-6270.2227	941.71387	142.82094
-125945.93	-123.81409	-6247.7144	939.76514	142.82094
-125777.38	-123.81409	-6279.9883	898.94434	142.82094
-125249.96	-122.03947	-6266.332	884.39307	142.46227
-125020.69	-123.81409	-6250.3506	889.855	142.46227
-124890.414	-129.7271	-6192.427	938.6846	142.46227
-125135.97	-129.7271	-6220.0537	948.71826	142.46227
-125572.31	-127.99057	-6179.82	991.2676	142.82094
-125294.44	-128.94336	-6234.3994	900.9741	142.82094
-125038.336	-128.94336	-6195.724	930.416	142.74059
-124924.86	-128.94336	-6235.5444	945.2158	142.50319
-124708.99	-128.94336	-6250.579	943.34766	142.46227
-124582.31	-128.94336	-6265.2617	925.54297	142.46227
-125115.09	-128.13597	-6252.214	985.5044	142.74059
-125128.46	-135.90369	-6172.909	978.9746	144.46446
-124549.69	-135.90369	-6290.3994	786.8994	149.82169
-124332.586	-135.90369	-6299.422	761.0381	148.4634
-124292.016	-135.90369	-6309.0884	767.4121	149.31763
-124610.695	-135.90369	-6343.1274	786.9834	142.94437
-124482.516	-136.81421	-6302.4473	850.68945	142.94437
-124561.53	-136.81421	-6309.969	894.54736	145.10898
-124779.7	-136.81421	-6308.3433	883.0952	145.10898
-125167.75	-135.50793	-6296.1396	935.36523	145.10898
-125921.32	-132.77963	-6354.8667	857.79297	143.99704
-125280.51	-132.77963	-6372.167	760.6089	143.99704
-125196.87	-132.77963	-6372.7725	744.5513	143.99704
-125651.43	-132.77963	-6376.2744	777.2251	143.99704
-125514.14	-132.77963	-6375.109	767.4053	143.99704
-124973.53	-132.77963	-6437.3247	692.20654	143.99704
-124370.72	-130.25137	-6218.0225	876.4961	142.07623
-124781.79	-130.25137	-6199.572	888.88135	142.07623
-124700.29	-128.99745	-6196.8584	857.6118	142.50319
-123952.66	-128.99745	-6212.014	832.2124	142.07623
-124252.42	-128.99745	-6182.768	866.3867	140.88644
-124391.516	-128.99745	-6146.126	899.14355	140.88644
-125037.586	-123.81409	-6190.3926	977.2749	140.37236
-124773.586	-110.83502	-6205.7515	954.9419	140.37236
-124639.805	-118.27908	-6199.0464	930.6709	140.37236
-124839.336	-113.86264	-6221.604	975.18945	140.37236
-125254.71	-125.77295	-6153.7773	1091.4609	140.37236
-124724.79	-125.77295	-6171.532	1090.1587	140.37236
-124274.97	-129.3894	-6145.5024	979.4741	140.37236
-124771.9	-129.3894	-6126.7334	982.03906	141.36887
-124697.23	-129.3894	-6127.0674	990.41846	140.37236
-124638.13	-129.3894	-6151.8203	999.73145	140.37236
-124614.86	-130.25137	-6108.6777	1061.7725	140.37236
-124955.516	-110.83502	-6171.4644	953.0366	140.37236
-124645.24	-110.83502	-6161.8003	937.1079	140.37236
-124533.78	-122.51832	-6145.423	954.1133	140.37236
-124906.836	-129.5067	-6220.026	898.48096	141.46008
-125030.65	-129.5067	-6218.547	926.74414	141.46008
-125023.03	-129.5067	-6227.6465	968.0137	141.46008
-124243.23	-129.5067	-6232.1294	975.4136	141.46008
-124024.0	-129.77016	-6238.5103	1017.8823	141.46008
-123989.445	-129.77016	-6227.452	913.09717	141.46008
-124063.8	-129.77016	-6228.7036	918.396	141.46008
-123017.83	-123.81409	-6246.0923	793.8198	141.36887
-123099.67	-122.03947	-6261.534	804.8237	141.0754
-125514.11	-121.98328	-6325.0747	940.0513	141.51549
-125487.48	-121.98328	-6363.5522	942.97656	142.50319
-125628.64	-121.98328	-6330.4233	986.812	142.50319
-125398.52	-121.98328	-6307.172	926.8042	142.50319
-125355.55	-121.98328	-6310.7217	907.8213	142.11165
-125547.35	-123.81409	-6303.517	919.36426	142.11165
-125439.59	-123.81409	-6338.5586	952.8584	142.11165
-125901.414	-123.81409	-6322.3755	946.4551	142.11165
-125576.8	-123.81409	-6331.3945	920.47314	142.50557
-125750.695	-123.81409	-6332.0454	923.68896	142.50557
-125382.24	-123.24324	-6350.0894	923.501	142.50557
-125400.875	-121.98328	-6352.9883	903.18994	142.61728
-125124.64	-123.24324	-6370.55	872.90576	142.58266
-124970.72	-123.24324	-6374.3433	781.0488	142.50557
-125110.7	-123.24324	-6363.3623	863.11035	142.50557
-125383.836	-123.24324	-6437.3936	756.166	142.94437
-125328.54	-123.81409	-6414.1904	784.41797	142.94437
-125306.766	-123.81409	-6429.4214	771.20703	142.94437
-125919.04	-128.13597	-6347.9565	870.0918	142.99063
-126011.03	-128.13597	-6405.156	852.82227	143.4619
-125752.055	-128.13597	-6406.89	865.6626	143.4619
-125725.69	-128.13597	-6402.086	842.4668	143.4619
-125592.82	-128.13597	-6461.1455	715.97363	143.3425
-125851.414	-123.17925	-6475.641	706.57227	142.94437
-125503.82	-123.17925	-6451.425	704.97363	142.94437
-124792.93	-132.38087	-6232.141	940.8838	142.94437
-125184.68	-130.84593	-6225.695	990.6377	142.94437
-125470.51	-130.84593	-6203.5015	1078.897	142.50319
-125662.27	-128.73705	-6198.479	1051.8667	142.50319
-125153.055	-128.73705	-6218.223	960.65674	142.50319
-125324.89	-131.75862	-6223.0645	979.78906	142.50319
-125158.875	-131.75862	-6235.448	964.9409	142.07852
-124696.07	-131.75862	-6209.251	1025.4536	141.54433
-125758.99	-140.37236	-6225.4634	1018.2749	148.81927
-126434.06	-138.7607	-6388.98	841.83154	148.81927
-126710.75	-138.6243	-6375.722	823.3384	152.35272
-126177.97	-138.42888	-6355.95	809.1616	152.35272
-126141.08	-138.42888	-6351.9243	822.72217	148.81927
-126014.23	-138.42888	-6322.164	854.3237	147.89226
-125726.51	-138.17288	-6339.065	831.374	147.89226
-125798.8	-138.17288	-6326.6973	851.8467	147.89226
-125416.33	-138.42888	-6315.7544	837.5088	147.89226
-125089.68	-138.6243	-6340.689	808.1929	147.89226
-125276.414	-138.6243	-6316.1885	857.53076	147.89226
-125691.76	-138.6243	-6327.11	859.47217	147.89226
-126033.74	-138.6243	-6304.177	915.47656	147.89226
-126415.88	-138.6243	-6279.73	954.3076	147.89226
-125998.09	-138.7607	-6264.54	944.8296	147.89226
-125256.35	-138.7607	-6276.66	913.50195	147.89226
-124596.89	-138.7607	-6283.1836	816.30566	166.76744
-124240.05	-138.7607	-6270.757	813.78125	166.76744
-124868.61	-138.8906	-6285.2773	827.35596	145.10898
-124665.36	-138.50993	-6301.29	823.5742	145.10898
-125124.25	-138.50993	-6305.3843	858.8789	146.00975
-125282.12	-138.50993	-6337.9683	836.8755	149.07912
-124953.69	-138.50993	-6305.7275	842.97217	146.59882
-125087.32	-138.50993	-6281.014	829.479	146.90823
-125618.44	-138.50993	-6293.162	839.1953	147.45378
-125353.46	-138.50993	-6290.488	830.0254	147.45378
-126110.125	-138.50993	-6291.4976	961.1284	147.45378
-125558.28	-138.43167	-6272.8984	910.49414	144.74106
-125945.97	-138.43167	-6293.9214	919.6924	144.74106
-125930.05	-131.75862	-6322.8193	879.9033	144.74106
-126001.76	-131.75862	-6338.2324	890.8047	144.92934
-126307.15	-131.75862	-6331.4985	855.8613	144.92934
-126109.91	-130.84593	-6354.753	858.11475	144.68129
-126247.1	-130.84593	-6346.09	842.22705	144.68129
-125798.11	-130.84593	-6353.935	842.5469	144.92934
-125776.91	-130.84593	-6357.1045	811.9331	144.74106
-125889.28	-130.84593	-6365.791	864.4116	144.175
-126096.195	-130.84593	-6359.3877	850.9883	144.175
-126076.086	-130.84593	-6349.665	818.97705	144.74106
-126532.94	-136.35402	-6340.334	909.063	145.23488
-126162.734	-135.11949	-6348.9727	881.2539	145.23488
-126128.375	-134.19667	-6368.96	814.2827	145.23488
-126276.164	-134.19667	-6367.612	833.3296	145.23488
-126559.57	-134.19667	-6339.331	885.749	145.40678
-126740.06	-134.19667	-6293.7915	952.3994	145.40678
-126827.19	-134.19667	-6294.0273	952.62256	145.23488
-127102.61	-126.97676	-6291.8164	1030.935	145.23488
-126867.53	-126.97676	-6337.35	980.3135	145.23488
-126744.086	-126.97676	-6340.672	992.1284	145.23488
-126888.836	-126.97676	-6300.361	1038.0513	145.23488
-126559.53	-136.39369	-6309.8564	980.26953	145.23488
-126522.25	-138.43167	-6357.434	910.13916	145.23488
-126465.125	-135.50793	-6361.9624	913.24365	145.23488
-125972.31	-135.50793	-6337.285	899.624	145.23488
-125825.67	-135.50793	-6367.084	898.2002	145.40678
-126127.02	-134.86601	-6365.0767	905.2246	146.79657
-126569.555	-134.86601	-6340.738	887.562	146.79657
-126774.87	-136.35402	-6294.3037	1031.6011	146.79657
-126665.13	-134.86601	-6303.099	938.7964	146.79657
-126685.56	-134.86601	-6289.2124	976.1636	146.79657
-126858.14	-134.86601	-6253.398	1068.2993	146.79657
-127505.984	-132.53271	-6442.9673	874.5449	146.79657
-127852.516	-106.63748	-6617.0684	680.08496	148.02708
-127668.0	-106.63748	-6591.331	727.688	146.79657
-127154.09	-113.86842	-6558.2485	774.6836	146.79657
-126824.98	-113.86842	-6571.572	739.8418	146.79657
-126793.8	-113.86842	-6565.869	709.98535	145.10898
-126953.4	-113.86842	-6532.0967	709.6333	146.2289
-126613.24	-113.86842	-6558.4287	692.03613	146.2289
-126179.266	-113.86842	-6553.375	668.4673	146.2289
-125521.95	-106.63748	-6539.5283	637.355	145.10898
-126260.74	-118.01648	-6542.9253	631.0967	146.3265
-126020.47	-118.01648	-6553.917	642.80664	146.3265
-126915.53	-118.01648	-6542.5728	690.65234	145.10898
-127283.19	-107.81284	-6565.072	665.8301	145.10898
-127475.38	-107.81284	-6542.2896	692.604	145.10898
-127539.31	-107.81284	-6543.9453	699.6157	145.10898
-126935.125	-107.81284	-6530.889	649.88477	145.10898
-126373.46	-107.81284	-6492.973	671.3071	144.43617
-126333.945	-107.81284	-6523.3213	650.3706	144.43617
-126028.87	-118.01648	-6517.111	633.11084	144.43617
-126758.375	-118.01648	-6539.254	620.3115	145.10898
-126346.87	-118.01648	-6535.289	615.81494	145.10898
-126392.79	-118.01648	-6531.224	615.99414	146.79657
-126659.234	-107.81284	-6562.8477	572.4697	146.79657
-126848.48	-107.81284	-6556.4307	622.51074	146.79657
-126972.1	-107.81284	-6537.1416	615.28906	146.79657
-127425.77	-113.86264	-6572.1304	681.2788	146.79657
-127436.48	-113.86264	-6576.5713	683.1172	146.79657
-127274.15	-113.86264	-6555.226	661.5747	146.79657
-127085.89	-113.86264	-6456.52	792.417	143.12512
-127121.16	-121.98328	-6455.8853	814.7661	143.12512
-127363.49	-123.81409	-6443.7046	870.8345	143.33925
-126721.24	-123.81409	-6363.0977	981.75244	142.9814
-126531.42	-123.81409	-6325.0376	965.0049	142.9814
-126527.82	-123.81409	-6348.9727	923.4214	142.9814
-126371.79	-123.81409	-6348.371	890.5044	142.9814
-126401.51	-123.81409	-6336.893	909.64307	142.9814
-125947.26	-123.13239	-6306.971	932.3369	142.94437
-125883.25	-123.13239	-6329.69	906.0	142.94437
-126110.47	-118.98245	-6327.451	926.0576	142.94437
-126219.93	-118.98245	-6322.123	1007.48584	142.94437
-125954.51	-118.98245	-6364.8516	898.1455	142.94437
-125894.164	-123.81409	-6340.338	954.59424	142.94437
-125689.47	-123.81409	-6369.4507	870.72363	142.94437
-125595.91	-123.81409	-6397.23	796.2378	142.94437
-125620.0	-123.81409	-6392.5205	842.5293	142.94437
-125410.29	-123.81409	-6378.2773	790.1904	142.94437
-125196.78	-123.81409	-6334.542	838.55615	142.87886
-125223.055	-123.81409	-6340.495	841.5947	142.87886
-124032.35	-123.81409	-6347.8564	708.583	142.87886
-124121.77	-123.81409	-6367.015	718.5786	142.87886
-124445.625	-123.81409	-6392.237	741.64404	142.87886
-124713.11	-123.81409	-6412.5894	753.4863	142.87886
-123934.05	-123.81409	-6387.1035	685.77734	142.87886
-124038.4	-121.98328	-6385.5527	696.19434	142.87886
-124672.03	-121.98328	-6383.5156	719.61816	142.87886
-124756.984	-121.98328	-6397.5044	726.3628	142.50319
-124340.32	-121.98328	-6397.734	754.93555	141.0754
-124071.0	-88.37653	-6388.8076	736.4258	141.0754
-124110.03	-88.37653	-6373.306	747.8867	140.78745
-124146.125	-88.37653	-6364.4907	737.97217	140.78745
-124199.88	-88.37653	-6384.967	757.09424	140.70325
-124764.945	-121.98328	-6401.1533	762.68896	140.70325
-125274.18	-121.98328	-6390.3506	769.38184	140.70325
-125191.73	-121.98328	-6392.8027	782.25146	140.70325
-124658.35	-121.98328	-6208.1133	970.041	140.00764
-123446.04	-125.58012	-6266.309	854.0713	140.00764
-124506.6	-125.58012	-6274.457	901.80176	141.53712
-124719.77	-125.58012	-6245.2007	933.4209	140.78745
-124030.15	-125.58012	-6259.102	845.5947	140.88644
-123859.13	-125.58012	-6278.506	775.5044	142.50557
-123741.445	-129.40944	-6237.2964	833.25244	141.57582
-123837.375	-129.3894	-6231.2617	883.29834	141.57582
-123130.516	-129.3894	-6198.705	911.06104	140.88644
-123140.375	-129.72295	-6178.938	891.4585	140.37236
-122631.766	-129.72295	-6136.433	887.124	140.37236
-122576.586	-129.72295	-6119.958	899.71484	140.00764
-122357.38	-129.72295	-6145.514	915.2588	140.00764
-121639.98	-129.72295	-6112.759	868.5054	140.88644
-122777.02	-130.71074	-6178.635	829.45605	142.87886
-123086.805	-134.19667	-6170.01	859.9043	142.87886
-123653.87	-134.70337	-6191.2075	861.01855	142.82094
-123141.31	-135.6303	-6158.3096	906.2036	140.37057
-123131.68	-135.6303	-6182.1	867.5752	142.50557
-122815.61	-134.19667	-6172.428	838.88135	142.50557
-122940.484	-132.83609	-6187.5547	837.91846	142.82094
-122899.82	-134.19667	-6185.008	849.82764	142.50557
-123459.234	-134.68268	-6132.7773	998.37744	142.50557
-123356.93	-134.68268	-6135.385	1020.2339	142.50319
-123284.85	-135.90369	-6184.1753	927.78467	142.50319
-122909.96	-134.4181	-6194.8447	921.3862	142.50557
-122470.25	-134.4181	-6183.9175	897.58105	142.50557
-122161.914	-134.4181	-6193.2964	823.9199	142.50557
-122182.336	-134.4181	-6157.3154	844.66406	142.50557
-121399.03	-129.56282	-6185.9014	712.82324	142.87886
-122024.29	-129.56282	-6188.0483	744.5259	143.19392
-122356.32	-128.99745	-6243.02	713.1328	143.33925
-121912.02	-128.99745	-6254.5815	712.5078	143.33925
-121612.29	-128.99745	-6236.967	701.2539	143.33925
-121315.82	-128.99745	-6222.7095	684.63525	143.33925
-121352.51	-129.3894	-6199.2466	695.6987	142.87886
-121780.61	-129.3894	-6247.225	661.98926	144.175
-121449.2	-129.3894	-6229.0474	690.06885	143.3425
-121853.33	-129.3894	-6228.1255	717.0132	143.3425
-121587.4	-129.56282	-6199.2344	738.21436	143.3425
-121888.805	-129.56282	-6194.53	743.6406	143.3425
-122579.97	-129.56282	-6234.9385	758.21484	142.11165
-122416.27	-118.35303	-6258.15	690.78516	142.11165
-122743.98	-118.35303	-6259.219	696.7954	142.11165
-122803.09	-118.35303	-6245.9893	737.854	141.41927
-122878.04	-129.56282	-6209.8745	783.8677	141.41927
-122905.45	-129.56282	-6209.6665	809.438	142.11165
-122452.67	-123.91787	-6286.718	718.1875	141.41927
-122657.7	-123.91787	-6265.716	723.0713	141.41927
-122846.664	-123.91787	-6284.715	749.7197	140.72095
-122874.11	-123.91787	-6290.0884	754.47363	140.72095
-122504.62	-123.91787	-6304.027	704.3677	142.87886
-122654.586	-128.99745	-6293.8564	737.77	142.87886
-122915.59	-128.99745	-6261.5723	766.9927	142.87886
-122741.15	-128.25	-6205.566	752.7417	142.87886
-122737.01	-128.99745	-6212.072	763.05273	142.87886
-123393.11	-128.99745	-6254.3594	773.08984	142.87886
-123511.19	-129.3894	-6267.7124	791.2495	142.87886
-123047.92	-129.3894	-6271.725	775.5298	142.87886
-122328.96	-128.13597	-6212.04	729.3794	142.87886
-122178.38	-126.15767	-6236.817	676.1636	142.87886
-122516.93	-126.15767	-6259.792	679.24756	142.87886
-122139.08	-126.15767	-6271.1025	661.09766	142.87886
-122859.09	-123.91787	-6296.5405	640.1924	142.87886
-123115.84	-123.91787	-6255.2534	711.63965	142.87886
-123320.58	-123.91787	-6224.979	755.0747	142.74059
-123677.45	-123.91787	-6422.1807	597.28076	146.00975
-123573.5	-123.91787	-6431.2427	594.18164	146.00975
-123609.7	-123.91787	-6431.9043	604.7378	144.92934
-123010.56	-108.12316	-6371.7427	591.7197	144.92934
-122387.03	-108.12316	-6351.396	532.6045	145.09714
-122952.79	-123.91787	-6395.6885	550.5449	144.92934
-122994.445	-123.91787	-6383.67	580.9995	145.10898
-123160.1	-97.73918	-6368.904	600.8716	145.10898
-123533.64	-97.73918	-6401.802	578.772	145.14844
-124097.086	-88.37653	-6478.6895	543.7671	145.23488
-124780.87	-88.37653	-6488.144	579.8262	145.10898
-124361.94	-88.37653	-6485.8237	558.2827	145.10898
-124521.29	-88.37653	-6488.623	558.2959	145.10898
-124420.05	-88.37653	-6493.765	585.2417	145.10898
-124591.914	-88.37653	-6490.5044	597.2031	145.10898
-124353.945	-88.37653	-6490.6934	581.1406	145.10898
-125079.27	-88.37653	-6502.0024	583.9678	146.24681
-125648.32	-106.63748	-6548.443	624.478	145.14844
-125596.266	-111.52749	-6542.158	596.9463	145.14844
-125544.2	-118.86035	-6549.1943	537.8208	155.33942
-124897.28	-113.14942	-6543.6724	524.3291	147.21472
-124944.77	-113.14942	-6532.834	545.624	147.21472
-125562.734	-123.52054	-6498.8765	552.7456	149.11816
-125670.89	-113.86264	-6531.5464	532.33057	148.0333
-125690.48	-113.86264	-6528.464	528.0034	147.21472
-125861.24	-113.86264	-6538.1494	505.1289	149.15945
-126029.93	-113.86264	-6546.788	525.74023	153.79124
-126138.18	-113.86264	-6563.16	536.6343	149.70216
-126146.31	-113.86264	-6544.4365	528.5386	153.79124
-125975.0	-113.86264	-6569.464	480.1919	153.79124
-125849.09	-118.01648	-6548.128	563.2842	153.79124
-125352.57	-118.01648	-6506.743	562.979	153.79124
-124866.03	-118.01648	-6512.0894	525.6704	158.08676
-124844.83	-123.52054	-6505.2812	539.08057	166.17911
-124792.95	-123.81409	-6538.59	526.8384	158.08676
-125556.664	-123.81409	-6552.103	559.5586	158.08676
-125343.74	-126.97676	-6518.886	546.7378	158.08676
-125360.625	-126.97676	-6510.509	567.04443	162.33377
-125473.35	-126.97676	-6495.66	553.4971	166.17911
-126162.46	-126.97676	-6494.912	576.9839	148.78528
-126577.24	-126.97676	-6523.0957	596.15137	150.0524
-126209.664	-126.97676	-6488.356	675.4829	148.78528
-126654.98	-123.52054	-6477.883	649.05225	148.78528
-126204.06	-123.52054	-6552.4814	636.39746	146.48795
-126580.555	-123.52054	-6559.311	631.8994	148.78528
-126561.586	-113.86842	-6560.6655	653.7705	146.48795
-126128.234	-113.86842	-6569.701	609.3916	146.48795
-126527.13	-106.63748	-6583.232	640.65967	146.48795
-126526.71	-106.63748	-6556.2183	640.3794	146.48795
-126265.53	-106.63748	-6563.846	637.26465	146.48795
-126579.195	-106.63748	-6555.05	631.62695	146.48795
-126462.5	-106.63748	-6560.754	609.05176	146.48795
-126385.43	-107.81284	-6553.1255	604.0674	146.48795
-126543.11	-107.81284	-6575.822	588.62256	148.11597
-126801.21	-107.81284	-6586.878	554.34814	157.00449
-126657.8	-107.81284	-6591.133	533.53125	157.00449
-126949.97	-107.81284	-6573.101	557.8428	158.92873
-127392.05	-107.81284	-6575.227	571.8247	148.33984
-127318.9	-106.63748	-6570.1816	570.626	154.28375
-127100.12	-106.63748	-6548.075	550.33154	148.11597
-127006.36	-106.63748	-6550.688	542.05273	148.11597
-126546.66	-106.63748	-6577.7896	573.1826	148.11597
-126727.55	-106.63748	-6586.4243	612.292	148.11597
-126978.086	-106.63748	-6563.267	646.04395	148.11597
-126558.16	-113.86842	-6546.2124	640.02734	145.46935
-126844.02	-113.86842	-6512.76	636.28516	146.78502
-127036.13	-113.86842	-6512.9917	620.2988	148.78528
-126837.45	-113.86842	-6530.9	589.79443	148.81175
-126997.875	-113.86842	-6556.8545	619.6094	148.78528
-127068.99	-113.86842	-6540.761	623.47266	148.78528
-127223.37	-113.86842	-6488.5474	719.0537	148.78528
-126586.266	-113.86842	-6453.916	753.29785	144.175
-126334.07	-113.86842	-6431.781	734.7373	144.175
-126172.27	-113.86842	-6441.343	676.6426	144.175
-125892.15	-113.86842	-6418.888	682.59766	143.92137
-126186.82	-106.63748	-6434.692	681.8843	143.92137
-126187.91	-106.63748	-6433.2334	684.86084	143.92137
-126362.06	-106.63748	-6479.867	690.60156	143.92137
-126448.695	-106.63748	-6462.528	695.96924	144.68129
-126631.125	-106.63748	-6436.9453	704.4634	144.68129
-126848.94	-106.63748	-6456.793	755.6372	144.68129
-126782.3	-106.63748	-6461.121	742.45605	144.68129
-126499.12	-106.63748	-6460.895	704.10693	144.68129
-126182.2	-112.88219	-6470.959	628.105	144.68129
-126338.99	-112.88219	-6468.256	689.20654	144.68129
-126670.5	-113.14942	-6478.4946	714.8169	144.68129
-126584.92	-113.14942	-6479.8594	723.02783	144.68129
-126676.94	-113.14942	-6467.709	760.0132	144.68129
-126666.836	-113.86842	-6480.656	779.2451	144.68129
-126989.0	-113.86842	-6515.0957	819.17676	146.59882
-126973.83	-123.17925	-6511.2925	795.1714	146.59882
-126516.8	-125.91344	-6521.708	786.1577	146.59882
-126646.25	-125.91344	-6518.1816	735.2129	146.21553
-126910.12	-125.91344	-6490.4614	779.895	146.21553
-126875.08	-125.91344	-6486.0713	775.24414	146.21553
-126907.1	-123.81409	-6508.138	720.71094	146.21553
-127017.27	-123.81409	-6471.128	754.0298	146.79657
-126760.08	-123.81409	-6473.2505	707.3721	147.45378
-126625.05	-123.81409	-6499.795	694.21924	146.21553
-126471.73	-125.91344	-6500.317	668.07324	146.21553
-126466.15	-125.91344	-6507.34	668.4697	146.32124
-126573.15	-125.91344	-6477.5864	706.7627	148.81175
-126727.28	-125.91344	-6513.5957	709.47705	148.81175
-126694.19	-123.17925	-6498.271	678.66064	148.81175
-126532.64	-125.91344	-6519.8516	691.55273	146.00975
-126026.85	-122.56346	-6530.58	686.3325	144.175
-126088.945	-122.56346	-6517.5566	733.5073	144.175
-126158.93	-122.56346	-6503.313	720.0674	144.175
-126592.24	-122.56346	-6465.1753	802.9385	144.175
-126473.195	-123.17925	-6420.092	820.2886	144.175
-126170.375	-123.17925	-6455.4956	746.56396	144.175
-126282.67	-123.17925	-6435.5454	769.6455	144.175
-126201.945	-123.17925	-6430.803	753.28076	144.175
-126277.11	-123.17925	-6385.62	745.96924	144.175
-126143.59	-123.81409	-6441.3086	706.72266	144.175
-126218.766	-123.81409	-6415.139	725.8589	142.9814
-126141.33	-123.81409	-6434.3213	705.4551	142.9661
-125883.08	-123.81409	-6475.776	694.3618	142.9661
-125503.71	-130.84593	-6430.3247	745.1343	142.9661
-125691.75	-130.84593	-6435.8643	760.76807	142.9661
-126023.64	-130.84593	-6432.385	771.3535	146.90823
-126392.69	-130.84593	-6439.5347	831.03613	145.23488
-126247.75	-130.84593	-6454.9165	779.0947	145.23488
-126407.086	-130.84593	-6431.1206	813.4751	145.14844
-126336.66	-130.84593	-6469.623	797.62354	145.23488
-126004.93	-130.84593	-6470.192	768.45166	145.23488
-125828.58	-130.84593	-6463.8657	748.0864	145.14844
-125897.84	-130.84593	-6452.7	792.3379	145.14844
-126240.266	-130.84593	-6454.591	800.52295	145.14844
-125570.1	-133.49161	-6443.6274	833.0049	144.16899
-125581.836	-133.49161	-6440.004	818.03076	144.16899
-125352.266	-133.49161	-6456.9907	794.0786	144.16899
-124776.22	-133.49161	-6323.8647	876.3208	143.4619
-125090.52	-135.20143	-6314.5317	901.959	145.10898
-125900.61	-130.84593	-6323.2256	925.77246	143.4619
-126169.3	-129.55254	-6354.495	907.4165	143.4619
-126195.625	-128.85912	-6342.1147	916.8008	143.4619
-125772.305	-128.85912	-6340.485	883.6968	143.4619
-126002.4	-128.85912	-6318.75	891.5845	142.9814
-126196.88	-128.85912	-6289.0	966.44775	142.9814
-125720.55	-128.85912	-6141.7686	1071.8008	142.9661
-125553.78	-125.91344	-6144.1265	1058.148	142.11165
-125527.88	-127.75874	-6107.2095	1153.6191	140.37236
-125569.555	-133.76689	-6088.167	1142.6636	140.37236
-125419.74	-133.76689	-6108.667	1116.3872	140.00764
-125276.61	-133.76689	-6119.502	1059.771	142.11165
-125057.164	-133.76689	-6150.7563	1045.1846	142.87886
-124964.91	-133.76689	-6235.887	983.4204	143.4619
-125239.83	-133.76689	-6223.338	992.1504	143.4619
-125766.19	-131.26195	-6220.6006	988.7676	143.4619
-125376.49	-131.26195	-6191.858	970.46826	143.4619
-125380.93	-131.26195	-6198.048	974.00146	143.4619
-125137.484	-131.26195	-6214.201	959.7256	143.4619
-124922.305	-131.26195	-6246.4673	921.02246	142.50557
-124740.51	-129.77016	-6245.013	898.21826	142.50557
-124674.516	-129.77016	-6289.3657	816.2119	142.50557
-124694.65	-129.5067	-6262.1133	866.167	142.50557
-124087.59	-129.5067	-6252.531	809.26904	142.74059
-123536.45	-129.5067	-6251.6104	798.77734	142.74059
-123677.7	-129.5067	-6266.842	799.7949	142.74059
-123481.695	-129.5067	-6289.6846	836.1328	142.74059
-123268.266	-129.5067	-6275.5356	811.14795	142.74059
-123107.74	-129.5067	-6275.9224	799.5742	142.74059
-123012.94	-129.5067	-6261.6616	804.501	142.50557
-123438.35	-129.5067	-6257.9346	807.5078	142.46227
-123925.71	-129.77016	-6255.6777	919.19336	142.46227
-124348.734	-129.77016	-6223.782	997.5283	141.71442
-124636.625	-129.77016	-6237.9336	1012.06494	141.71442
-124290.234	-129.77016	-6227.325	872.15967	141.71442
-124592.21	-129.77016	-6248.1685	867.66846	142.19142
-124692.6	-128.22133	-6259.732	868.34033	141.71442
-124568.77	-129.5067	-6239.1445	856.34863	141.71442
-124869.93	-129.5067	-6249.7163	866.1792	142.74059
-124676.76	-128.85912	-6269.105	871.97314	142.74059
-124629.85	-128.85912	-6292.089	848.54297	142.74059
-124414.49	-128.85912	-6289.9517	843.6577	142.50557
-124414.34	-128.85912	-6302.1973	876.4912	142.50557
-124535.77	-128.85912	-6337.082	884.355	142.50557
-124651.664	-128.85912	-6301.834	865.8408	142.50557
-124279.516	-125.12571	-6280.772	814.0366	142.50557
-124232.55	-125.12571	-6256.356	813.3457	142.50557
-124080.44	-125.12571	-6250.188	812.3169	142.50557
-123922.14	-128.85912	-6204.754	848.30566	140.47026
-124070.086	-128.85912	-6204.0625	852.667	140.47026
-124414.59	-128.85912	-6241.501	872.7178	140.47026
-124125.12	-118.35303	-6262.2246	794.4126	140.47026
-124190.266	-118.35303	-6243.1074	839.27246	140.47026
-124759.48	-128.25	-6233.357	866.8784	140.47026
-125049.57	-128.25	-6212.5117	909.2471	140.47026
-124953.625	-123.81409	-6253.1685	900.3799	140.47026
-124688.1	-128.25	-6271.468	874.55225	140.47026
-124403.36	-128.25	-6262.2886	853.374	139.69392
-123830.88	-128.25	-6239.9727	841.30664	142.46227
-123546.05	-128.25	-6247.449	838.43945	142.46227
-123901.5	-128.25	-6271.589	855.8511	142.50319
-123057.05	-128.22133	-6279.9966	782.3916	142.29396
-123260.875	-128.22133	-6264.1914	841.228	142.29396
-123463.99	-128.22133	-6263.506	837.0752	140.47026
-123583.6	-128.22133	-6248.924	842.2554	140.47026
-124025.36	-128.22133	-6240.5312	832.16016	140.37236
-123664.984	-126.9536	-6248.954	803.1455	140.37236
-123699.086	-126.9536	-6258.013	805.1089	140.37236
-123586.21	-126.9536	-6273.553	820.15576	141.71442
-123362.91	-128.22133	-6251.293	835.27246	141.71442
-123597.28	-128.22133	-6286.513	804.78076	142.50557
-123899.305	-128.22133	-6299.9956	827.3076	142.50557
-123676.336	-128.22133	-6290.1226	810.9707	142.87886
-123268.086	-128.22133	-6272.039	802.83594	142.87886
-123512.29	-126.97676	-6281.5996	786.3511	142.87886
-123646.33	-126.97676	-6281.3906	806.1123	142.87886
-123293.125	-126.15767	-6287.897	778.1621	142.87886
-123822.26	-126.15767	-6315.4653	790.9131	142.87886
-124092.33	-126.15767	-6362.7427	730.4463	142.99063
-124139.445	-126.15767	-6335.5454	728.72705	142.99063
-123762.2	-126.15767	-6345.226	710.022	142.99063
