-5100.0	-0.0	-209.0	31.0	0.0
-5105.0	-0.0	-208.0	31.0	0.0
-5182.0	-0.0	-213.0	31.0	1.0
-5195.0	-0.0	-215.0	32.0	0.0
-5177.0	-0.0	-215.0	30.0	1.0
-5171.0	-0.0	-216.0	30.0	1.0
-5236.0	-0.0	-215.0	35.0	0.0
-5231.0	-0.0	-215.0	33.0	0.0
-5230.0	-0.0	-216.0	34.0	0.0
-5243.0	-0.0	-217.0	38.0	0.0
-5239.0	-0.0	-217.0	36.0	0.0
-5254.0	-0.0	-216.0	37.0	0.0
-5253.0	-0.0	-216.0	36.0	0.0
-5283.0	-0.0	-214.0	53.0	0.0
-5266.0	-0.0	-214.0	41.0	0.0
-5264.0	-0.0	-216.0	39.0	0.0
-5286.0	-0.0	-209.0	56.0	0.0
-5284.0	-0.0	-213.0	47.0	0.0
-5281.0	-0.0	-215.0	43.0	0.0
-5275.0	-0.0	-215.0	42.0	0.0
-5277.0	-0.0	-217.0	43.0	0.0
-5267.0	-0.0	-218.0	43.0	0.0
-5257.0	-0.0	-218.0	40.0	0.0
-5262.0	-0.0	-218.0	42.0	0.0
