2734.481 156.6483 891.0816 39.05847 168.37735
3066.7078 170.29402 953.75903 134.22815 175.56256
2821.2305 146.42358 902.7627 74.496826 156.44406
3001.1038 172.59387 947.4372 99.121155 175.56256
2682.8247 158.76811 857.02966 72.41797 159.09889
2605.6716 132.45357 850.60785 25.623352 159.31747
3113.103 172.59387 963.6561 142.24304 175.56256
2969.1428 171.11234 932.8627 95.1167 156.6483
2807.0808 154.18167 911.0396 56.67041 168.56853
3064.9363 158.15666 915.48914 175.9729 168.23352
2992.2415 166.57277 933.3641 156.06061 167.80708
2951.5947 175.56256 944.3905 77.99164 172.59387
2658.725 146.36084 835.4672 77.622375 148.22198
2633.4585 152.70178 863.5659 33.2688 172.59387
2842.271 136.44456 826.62396 171.68494 148.29529
2387.472 133.80927 791.4568 8.409241 159.26941
2732.311 127.88705 888.80896 58.068542 153.60292
2809.617 154.18167 915.6291 84.29297 152.81651
2578.0952 147.01022 853.23083 15.948303 174.58607
3103.0422 148.9879 956.86646 133.40808 175.56256
2431.4927 133.31015 790.4185 39.142883 148.06262
3037.2605 145.06038 920.87 159.30115 159.09889
2705.491 159.08867 857.91547 85.364075 150.28746
2548.7236 143.65761 819.0974 69.91235 148.06262
2805.2686 167.80708 885.5284 84.38202 168.23352
2621.038 136.8855 865.4883 18.10144 174.58607
2611.358 158.87866 825.8645 68.62256 152.8547
3062.0784 180.30351 958.69574 126.65607 174.07896
3113.1035 172.59387 963.6561 142.24316 175.56256
3001.1035 172.59387 947.43726 99.12109 175.56256
2702.59 151.46977 881.2827 46.565674 163.30281
2601.3738 158.81538 835.94714 63.069336 156.44406
2682.825 158.76811 857.02966 72.41797 160.57045
3041.901 167.80708 947.3123 160.16693 166.57277
3058.805 175.56256 909.3578 202.55688 172.59387
2734.7917 148.9879 891.0314 40.9516 175.39734
3032.6106 162.65744 919.6614 146.73291 170.29402
2704.4092 154.18167 861.0249 70.7514 152.81651
2693.3752 149.79512 872.739 91.00983 152.65053
3082.8677 168.37735 961.55853 158.9477 174.07896
2945.8027 139.3843 895.0787 177.77045 156.26208
2616.664 159.09889 854.13214 52.872498 158.81538
2625.5981 150.28746 855.4224 61.201904 150.28746
2734.4812 156.6483 891.08154 39.058533 168.37735
2848.893 171.11234 932.1106 29.370972 176.18057
2648.8105 150.28746 859.2932 46.89148 159.1573
2613.989 148.9879 848.4121 54.430176 151.48897
3131.7378 148.9879 982.9878 116.92871 180.10432
2964.8975 146.85654 946.36176 103.821106 158.76811
2652.108 149.77594 836.0246 88.85834 148.22198
2865.458 133.08548 926.896 57.541016 168.82925
3041.9006 167.80708 947.3124 160.16675 166.57277
2910.149 155.5343 917.7947 105.6499 155.56047
2867.2905 156.44406 919.7058 105.549805 153.60292
2558.1687 149.1685 820.951 84.23926 148.06262
2766.3567 146.42358 894.51697 44.702393 169.51671
2893.8713 155.5343 942.7641 49.046875 172.59387
2730.0303 147.01022 881.4679 50.91931 160.6806
2896.3003 171.11234 946.0617 48.311462 178.6093
2966.1445 163.30281 960.7988 68.98901 166.57277
2576.875 149.77594 829.6292 74.62396 148.22198
3082.3145 139.48946 949.8872 140.18372 170.43655
2709.1038 151.46977 876.9743 48.21826 165.63431
2572.1707 147.01022 850.7814 13.917419 171.99399
2625.598 150.28746 855.4224 61.201904 150.03307
2754.847 156.44406 875.39685 77.036865 153.60292
2629.514 143.49786 863.25885 22.431274 161.69604
2753.4685 151.46977 889.4357 56.250183 169.51671
3087.1426 151.46977 949.4146 140.27118 180.10432
3003.008 151.46977 962.63696 66.674805 175.56256
2594.1855 139.75049 853.9279 22.378479 160.57045
2793.457 147.3938 912.25165 62.443665 169.51671
2475.3586 136.27896 819.8691 11.036072 160.57045
2719.91 149.79512 870.71045 81.0448 150.28746
2661.4998 143.49786 853.1892 65.87445 148.9879
2619.2131 145.97743 865.4274 15.911011 184.25049
2761.7668 156.44406 863.27997 130.19983 148.9879
2715.6062 148.9879 895.15515 20.810852 171.03131
2982.8784 165.63431 928.5952 154.76514 162.17918
2896.3005 171.11234 946.0617 48.311523 178.6093
3098.265 146.42358 948.8175 130.9115 175.56256
2989.507 168.37735 925.55804 139.42767 163.04944
2867.1047 148.9879 919.091 102.18152 154.18167
2668.9307 150.98149 858.40063 75.67383 152.65053
2807.7244 146.85654 872.8424 160.63965 150.98149
2621.0383 136.8855 865.4883 18.101501 174.58607
2686.4285 149.47963 835.7283 91.65662 148.9879
2581.3665 150.28746 838.8534 42.33142 156.44406
2610.8008 153.60292 847.19293 49.353577 150.28746
3003.0078 151.46977 962.63696 66.674805 171.11234
2982.9194 170.43655 957.14246 82.81384 172.59387
2657.3408 149.47963 847.3064 72.94641 148.9879
2709.1038 151.46977 876.9743 48.218323 162.88988
3005.3577 172.59387 929.524 113.8327 180.44133
2654.3972 149.47963 865.14087 50.603577 159.33563
2906.6768 151.46977 914.32227 97.180664 156.26208
2842.2708 136.44456 826.624 171.68481 148.29529
2897.0308 158.76811 846.27765 196.9289 155.60138
3105.7505 139.48946 957.0005 153.00317 170.43655
2726.441 162.17918 878.8783 57.900146 168.82925
2839.9414 151.46977 912.24146 91.890076 153.60292
2719.9102 149.79512 870.7104 81.04486 150.28746
2668.931 150.98149 858.40063 75.67389 152.65053
2992.241 166.57277 933.36414 156.06055 167.80708
3094.608 180.10432 945.8579 144.73242 174.07896
2676.616 148.9879 876.05664 28.86444 152.65053
2887.5542 157.99146 871.90796 150.28064 149.1685
2594.9727 162.17918 845.8582 33.57965 164.64369
2927.9321 133.31015 877.17883 182.65674 150.29782
2579.9133 142.96455 848.98846 19.106628 174.07896
2841.326 165.63431 908.801 63.716064 161.11539
2798.7249 159.08867 890.06793 100.112976 150.28746
2754.8472 156.44406 875.39685 77.03699 153.60292
2720.1702 165.06464 868.9864 88.05646 159.09889
2743.1348 148.9879 897.3024 59.43396 152.65053
2630.787 150.28746 862.6212 30.746948 163.30281
2798.6948 172.16602 894.8408 79.1189 160.57045
2572.4128 145.34834 826.7772 47.445923 151.48897
2809.6167 154.18167 915.62915 84.29291 152.81651
2935.3582 175.56256 916.82245 101.75336 171.11234
2753.4688 151.46977 889.43567 56.250305 169.51671
2596.203 155.60138 842.8255 42.97412 159.09889
2577.7126 150.98189 824.0763 84.315674 148.9879
2562.6985 143.65761 837.92834 27.181458 153.91612
2610.8965 150.28746 859.5289 23.378418 162.88988
2575.9739 155.03871 839.9696 31.524292 165.63431
2620.5693 159.26941 864.94037 26.069153 168.37735
3078.5276 151.46977 940.79956 123.357056 171.11234
2754.8472 156.44406 875.3968 77.03693 153.60292
2451.431 136.8855 812.2306 9.78418 184.9315
2710.791 148.06262 874.9812 56.848755 153.60292
2556.4697 135.1452 842.79224 17.390137 156.44406
3021.6204 161.11539 939.7839 186.10431 165.63431
2611.6594 149.47963 842.79535 55.296387 158.15666
3018.0244 151.46977 951.9461 103.56427 163.30281
2982.8784 165.63431 928.5953 154.7652 161.11539
3005.5398 163.30281 960.47156 74.55469 159.1573
2563.1506 150.98149 828.29407 41.791626 158.81538
2898.1301 165.63431 946.5961 82.11432 172.59387
2448.2334 141.10666 809.13916 11.594788 165.28757
2766.357 146.42358 894.51697 44.702454 169.51671
2978.1084 151.46977 963.73755 65.783936 176.18057
2887.5547 157.99146 871.9079 150.28064 148.9879
2716.7126 156.6483 865.693 103.773926 148.9879
3066.7083 170.29402 953.7591 134.22821 175.56256
2408.56 132.36911 800.6797 5.140686 173.33376
3033.4534 175.56256 920.50433 161.84174 170.29402
2558.3333 156.44406 820.3257 66.41852 153.60292
2930.6997 175.56256 927.969 87.79492 162.17918
3083.7444 147.01022 946.01636 160.21094 168.37735
2716.1365 167.80708 880.7792 56.050354 168.37735
3060.5298 151.46977 965.9415 110.71716 163.30281
2915.3755 150.98189 913.87976 158.10803 156.26208
2818.2776 151.46977 886.9234 97.15039 152.65053
2746.3555 147.3938 896.4854 48.770325 168.37735
2682.825 158.76811 857.0296 72.41803 159.09889
3041.901 167.80708 947.3124 160.16687 167.80708
2579.913 142.96455 848.98846 19.106628 165.63431
2744.3425 168.23352 879.6398 59.83142 167.80708
2567.4412 145.08446 830.73724 44.03015 151.26845
2906.2896 133.31015 890.6426 152.0227 150.29782
2681.6438 141.41768 870.0886 44.633423 156.26208
2570.8406 158.81538 841.291 42.241577 155.03871
2604.3904 136.8855 861.8096 17.686829 182.29018
3082.315 139.48946 949.88715 140.18378 170.43655
3077.385 139.48946 948.00366 195.52112 165.63431
2610.8967 150.28746 859.5288 23.378479 162.88988
2843.9358 156.44406 886.25195 100.09967 152.81651
2589.3413 142.18704 840.0138 58.546143 149.77594
2619.9563 150.28746 858.97614 30.512085 162.65744
2713.9915 167.80708 865.30237 77.634766 162.65744
2898.9746 171.11234 938.02356 53.308167 175.39734
2941.6511 174.51805 903.1519 122.47162 160.57045
2551.4922 136.27896 834.9596 25.138733 160.12032
3014.356 159.1573 950.40686 113.198 174.07896
2735.4517 150.98189 853.72626 113.57086 148.9879
2448.2336 141.10666 809.13916 11.594849 165.28757
2628.0642 145.97743 866.1889 19.807434 175.39734
2540.802 155.60138 830.39874 26.930542 161.09023
2685.1633 167.80708 865.63184 63.9021 165.06464
2709.1033 151.46977 876.9743 48.21826 162.88988
2613.9888 148.9879 848.4121 54.430054 151.48897
2893.3499 156.44406 900.99567 132.14532 152.81651
2767.1433 148.9879 904.5186 27.367432 180.30351
2665.9473 153.60292 857.40295 66.03107 150.28746
2799.1675 158.52834 828.65436 158.73627 152.48749
2560.4175 149.1685 823.1996 93.725586 148.06262
2726.689 148.9879 889.71655 46.500183 154.18167
2715.6067 148.9879 895.15515 20.810913 162.88988
2630.7876 150.28746 862.6212 30.74707 163.30281
3074.124 167.80708 961.1749 185.15112 166.57277
2697.4897 160.57045 876.35095 49.089783 162.17918
2704.4094 154.18167 861.0249 70.751465 152.81651
2686.4287 149.47963 835.7282 91.65668 148.9879
2795.9153 154.11949 904.3527 65.58319 158.81538
2633.8755 145.08446 870.6365 19.836792 176.79051
2682.455 148.9879 875.34845 35.707275 156.44406
2798.725 159.08867 890.06793 100.11304 150.28746
2789.9395 151.46977 894.7656 60.96985 152.81651
3073.0413 139.48946 943.65985 132.91571 171.11234
2458.3438 133.31015 794.4867 53.437134 148.06262
3073.041 139.48946 943.6599 132.91553 171.11234
2867.9583 172.16602 938.65985 41.88684 171.11234
2578.095 147.01022 853.23083 15.948242 174.58607
2998.4568 165.63431 911.5635 157.29309 170.43655
2631.3198 156.26208 855.44244 33.439453 173.66588
2783.4841 133.31015 894.00183 100.78296 150.29782
3131.738 148.9879 982.98773 116.92877 180.10432
2802.4644 143.42473 905.88446 70.3551 156.44406
2621.6858 162.17918 854.98505 35.26288 159.26941
2798.725 159.08867 890.06793 100.112976 156.26208
3098.2646 146.42358 948.81757 130.91144 175.56256
3094.6077 180.10432 945.85785 144.73236 174.07896
2558.1685 149.1685 820.951 84.2392 148.06262
2706.3564 156.44406 863.8347 96.87549 148.06262
3032.6104 162.65744 919.6614 146.73279 170.29402
2978.2366 166.75435 919.35913 171.44641 162.17918
2548.6587 155.03871 842.30963 13.734436 148.22198
3094.013 145.06038 944.56555 133.80017 162.65744
2632.636 152.74002 851.982 56.628845 159.08867
2980.861 167.80708 919.45483 233.5929 162.17918
2898.9744 171.11234 938.02356 53.308105 175.39734
3062.078 180.30351 958.6958 126.656006 175.56256
2705.4912 159.08867 857.9154 85.364075 153.60292
2466.085 150.28746 817.1165 13.641907 162.65744
2657.315 160.6806 842.0051 70.89337 159.09889
2766.494 151.46977 869.7165 119.14856 148.9879
2713.9912 167.80708 865.3024 77.634705 162.65744
2591.8872 155.56047 855.3372 25.253357 168.37735
2797.4727 163.04944 891.1163 86.50415 152.81651
2632.2544 132.08876 859.7324 36.418518 148.22198
2669.352 160.58025 866.214 72.651855 160.57045
2841.3262 165.63431 908.801 63.716064 165.63431
3005.3572 172.59387 929.52405 113.83264 180.44133
3036.6387 175.56256 933.2563 114.18536 174.07896
2592.4033 155.60138 840.94385 36.750854 159.09889
2742.8591 147.3938 892.25415 41.34424 168.37735
2839.9412 151.46977 912.2415 91.890015 153.60292
2632.287 155.03871 844.63367 62.522644 160.57045
2630.7874 150.28746 862.6213 30.74701 163.30281
2661.5 143.49786 853.1893 65.87439 150.98189
2619.9558 150.28746 858.9762 30.512024 162.65744
2812.2202 133.31015 880.5381 131.41711 150.29782
3069.8977 172.59387 937.47034 133.45532 180.44133
2675.353 151.57996 880.9318 21.236511 168.37735
2964.8972 146.85654 946.36176 103.820984 158.76811
2746.0881 156.6483 896.0848 43.75287 168.37735
2617.1467 145.97743 862.4143 18.024048 175.39734
2810.303 159.08867 895.842 104.757996 156.26208
2683.1694 148.9879 881.08765 23.828735 162.65744
2833.182 156.65688 899.77405 100.88324 152.65053
2711.074 149.79512 868.9695 73.81702 150.28746
2631.1008 160.57045 847.7938 49.238586 159.09889
2629.5142 143.49786 863.2588 22.431396 160.58025
2567.369 153.60292 837.4487 48.61731 152.65053
2615.8704 158.81538 851.3515 47.326233 159.09889
2475.359 136.27896 819.8691 11.036133 158.69536
3073.71 152.81651 967.9088 136.85632 166.57277
2915.376 150.98189 913.8797 158.1081 156.26208
2966.1445 163.30281 960.79877 68.989075 162.17918
2574.2607 161.69604 846.6793 22.333862 167.80708
2685.163 167.80708 865.6319 63.90204 162.17918
2688.1223 163.81062 881.65576 34.41748 162.17918
3014.428 175.39734 931.1952 159.90808 171.11234
2618.8477 139.75049 858.4223 27.769714 160.57045
2571.108 140.68813 830.5357 46.398926 151.48897
2542.3933 143.65761 814.9043 59.082397 148.06262
2641.7354 155.03871 852.3687 88.369446 148.22198
2556.47 135.1452 842.79224 17.390198 156.44406
2980.8608 167.80708 919.45483 233.59277 162.17918
2966.1443 163.30281 960.7988 68.98889 162.17918
2564.849 146.36084 849.44244 11.812622 165.06464
2742.8594 147.3938 892.25415 41.3443 168.37735
2632.2866 155.03871 844.63367 62.522583 160.57045
2605.6714 132.45357 850.6079 25.623291 159.31747
2910.1494 155.5343 917.7947 105.64996 155.56047
2635.83 139.34174 864.1351 27.08014 156.44406
2897.031 158.76811 846.2776 196.92908 155.60138
3008.128 174.99878 924.8952 173.23004 163.04944
2887.555 157.99146 871.9079 150.2807 148.9879
2713.9236 159.09889 879.0725 73.94763 157.04668
2887.1016 163.04944 905.5295 105.628296 152.65053
2998.457 165.63431 911.5634 157.29315 170.43655
2561.025 155.60138 833.3532 34.10846 160.6806
2895.0613 146.36084 844.30804 204.06317 148.9879
2893.3496 156.44406 900.99567 132.1452 156.44406
3010.333 148.9879 962.04504 102.332886 175.56256
2748.9985 163.28447 880.18945 67.15961 161.09023
2734.4814 156.6483 891.0815 39.058533 168.37735
2654.3975 149.47963 865.1408 50.603638 159.33563
2887.5547 157.99146 871.90796 150.28058 150.98189
3094.6082 180.10432 945.85785 144.73248 174.07896
2604.3906 136.8855 861.80945 17.68695 182.29018
2806.5305 145.06038 848.74225 138.21362 151.46977
2893.35 156.44406 900.9956 132.14526 152.81651
3060.4253 139.48946 931.04425 168.54034 161.11539
2431.493 133.31015 790.4185 39.142944 148.06262
2841.3262 165.63431 908.801 63.716187 161.11539
3113.1035 172.59387 963.65607 142.2431 175.56256
3010.3333 148.9879 962.0449 102.33301 175.56256
2767.1438 148.9879 904.5186 27.367493 180.30351
2975.6272 156.44406 934.2076 118.8056 158.15666
2676.6157 148.9879 876.0567 28.86438 152.65053
2844.88 136.44456 794.12683 230.36462 148.29529
2906.2893 133.31015 890.6426 152.02258 150.29782
2935.3584 175.56256 916.8224 101.75342 171.11234
2795.9153 154.11949 904.35266 65.58313 152.81651
3003.0078 151.46977 962.63696 66.67468 174.07896
2890.674 165.63431 918.2092 93.17578 161.09023
2587.9785 147.01022 847.7588 24.63916 162.17918
2735.452 150.98189 853.7262 113.57092 148.9879
2564.8489 146.36084 849.4425 11.812561 165.06464
2694.3428 161.69604 877.0973 41.425537 168.37735
2576.8748 149.77594 829.6292 74.6239 148.22198
3005.5396 163.30281 960.4716 74.554504 159.1573
2589.8057 150.98189 819.6301 88.121704 150.03307
2797.473 163.04944 891.1162 86.50421 152.81651
2570.841 158.81538 841.291 42.24164 155.03871
2556.47 135.1452 842.79224 17.390137 158.81538
2805.3633 152.74002 853.7134 132.37738 151.46977
2567.3691 153.60292 837.44867 48.61743 152.65053
2625.5981 150.28746 855.42236 61.201965 150.03307
2779.9531 150.07303 912.42474 47.53662 169.51671
2617.4282 153.34912 858.75385 25.508118 168.37735
2705.4912 159.08867 857.9154 85.364136 150.28746
2767.144 148.9879 904.51855 27.367554 180.30351
2729.693 140.68813 873.0757 78.9884 149.47963
3123.7302 148.9879 974.283 162.51996 175.56256
2805.363 152.74002 853.7134 132.37732 151.46977
2693.3752 149.79512 872.7391 91.00989 152.65053
2611.016 159.09889 856.95593 21.595032 169.7348
2898.13 165.63431 946.5962 82.114136 172.59387
3005.5396 163.30281 960.4717 74.554565 159.1573
2969.1426 171.11234 932.8627 95.11658 156.6483
2619.213 145.97743 865.4275 15.91095 184.25049
2836.5127 146.42358 908.8128 90.27252 159.09889
2679.2795 141.7328 877.9266 45.618835 159.09889
2887.555 157.99146 871.90796 150.28064 151.48897
2867.9578 172.16602 938.65985 41.88678 171.11234
2780.9526 148.9879 903.6341 50.970154 156.44406
2888.6938 162.88988 887.2617 162.1908 156.26208
2746.3552 147.3938 896.4855 48.770325 168.37735
2596.2026 155.60138 842.82556 42.97406 159.09889
2632.6362 152.74002 851.982 56.628967 159.08867
2475.3584 136.27896 819.8691 11.036072 158.69536
2589.341 142.18704 840.0138 58.54608 149.77594
2798.695 172.16602 894.8408 79.1189 161.09023
2716.1367 167.80708 880.7792 56.050415 168.37735
3060.425 139.48946 931.0442 168.54028 161.11539
2611.0159 159.09889 856.95593 21.59491 169.7348
2720.1697 165.06464 868.98645 88.0564 159.09889
2615.8706 158.81538 851.35144 47.326355 159.09889
3001.1033 172.59387 947.43726 99.12097 175.56256
2572.171 147.01022 850.7814 13.91748 171.99399
3087.1423 151.46977 949.4147 140.27112 175.56256
2746.088 156.6483 896.08484 43.75287 168.37735
2976.1538 166.57277 948.34485 105.38464 167.80708
2830.8252 154.18167 906.5991 73.361084 161.09023
2812.2205 133.31015 880.53796 131.41724 150.29782
2558.333 156.44406 820.3257 66.41846 153.60292
2629.514 143.49786 863.25885 22.431335 160.58025
3087.1428 151.46977 949.41455 140.27124 175.56256
3003.008 151.46977 962.6369 66.674866 171.11234
3018.0247 151.46977 951.9461 103.56439 175.56256
2613.2717 148.9879 838.43945 73.35077 148.22198
3005.5396 163.30281 960.4717 74.55444 162.17918
2591.887 155.56047 855.3373 25.253296 168.37735
2715.5042 150.98189 882.3485 48.463562 162.65744
2734.792 148.9879 891.0313 40.95166 175.39734
2700.1655 142.96455 876.9075 43.7063 156.6483
3003.0076 151.46977 962.63696 66.67468 171.11234
3014.3562 159.1573 950.4068 113.19806 175.56256
2799.1677 158.52834 828.6543 158.73633 152.48749
2805.0854 148.9879 908.30817 73.51941 156.26208
2906.2898 133.31015 890.6426 152.0227 150.98189
2746.3557 147.3938 896.4854 48.770386 168.37735
2971.838 175.39734 934.23846 125.039856 163.04944
2716.713 156.6483 865.69293 103.77399 148.9879
2761.767 156.44406 863.27997 130.19989 148.9879
2715.6064 148.9879 895.1551 20.810852 165.69635
2563.1504 150.98149 828.2941 41.791504 158.81538
2833.1821 156.65688 899.774 100.8833 152.65053
2616.6638 159.09889 854.13214 52.872437 158.81538
2844.8801 136.44456 794.12683 230.36475 148.29529
2611.6592 149.47963 842.7954 55.296326 158.15666
2887.1013 163.04944 905.52954 105.628296 152.65053
