13035.43 144.32755 2048.5833 367.84253 159.83609
12946.854 147.49121 2026.736 348.2567 159.83609
13079.862 148.98947 2028.3658 410.04773 144.32755
12988.947 148.98947 2013.6135 389.96777 147.49121
12973.277 148.98947 2015.3287 381.65173 147.49121
12946.853 147.49121 2026.736 348.25647 159.83609
12988.946 148.98947 2013.6135 389.96753 159.83609
13079.864 148.98947 2028.3657 410.04785 144.32755
13080.447 147.49121 2047.6951 370.83716 159.83609
12703.188 144.32755 2011.3717 240.3346 155.38664
12678.605 147.49121 1998.3346 233.7279 155.38664
12934.267 147.49121 2037.3146 347.50427 159.59308
12703.1875 144.32755 2011.3716 240.33447 155.38664
13079.865 148.98947 2028.3658 410.04797 144.32755
12973.276 148.98947 2015.3287 381.6515 147.49121
12678.6045 147.49121 1998.3346 233.72766 159.59308
13074.012 147.49121 2041.264 352.47913 148.98947
13035.431 144.32755 2048.583 367.84302 159.83609
12930.881 144.32755 2049.0215 365.1228 177.44951
12678.6045 147.49121 1998.3345 233.72778 155.38664
12946.855 147.49121 2026.7358 348.25635 159.83609
12973.281 148.98947 2015.3286 381.6516 148.98947
12946.856 147.49121 2026.7358 348.25684 159.83609
13074.015 147.49121 2041.2639 352.47925 148.98947
12703.185 144.32755 2011.3717 240.33435 159.59308
13126.992 144.32755 2060.395 374.7815 148.98947
12988.948 148.98947 2013.6134 389.9679 159.83609
12934.269 147.49121 2037.3145 347.5044 159.59308
13079.866 148.98947 2028.3657 410.0481 144.32755
13074.014 147.49121 2041.264 352.47937 148.98947
12973.278 148.98947 2015.3287 381.6515 151.41685
12678.605 147.49121 1998.3345 233.72778 159.83609
13126.993 144.32755 2060.395 374.78174 148.98947
12678.606 147.49121 1998.3345 233.72803 155.38664
13074.016 147.49121 2041.2639 352.4795 148.98947
12973.279 148.98947 2015.3286 381.6516 147.49121
12946.856 147.49121 2026.7357 348.2567 159.83609
12703.186 144.32755 2011.3717 240.33435 177.44951
13079.863 148.98947 2028.3658 410.04773 151.41685
13074.014 147.49121 2041.264 352.47913 159.83609
13080.446 147.49121 2047.6952 370.83704 150.73563
