7276.0073 151.34694 1599.372 62.835083 181.57945
7786.2266 181.57945 1667.2845 137.90076 171.56995
7373.6406 155.74196 1588.0261 108.6416 170.07141
7317.7266 174.7367 1567.7749 113.642334 169.97684
7204.3945 166.23059 1579.2776 53.477295 181.57977
6990.8706 169.97684 1533.096 40.059082 176.8985
7048.5083 169.50111 1545.3654 54.50403 171.08647
7185.981 169.50111 1535.9812 103.52515 170.16061
7435.027 178.64627 1556.6276 199.76965 169.7106
7205.39 169.50111 1567.7087 69.3584 174.15352
7068.421 169.50111 1545.1936 56.134155 171.63148
7332.2725 151.34694 1598.2562 61.200806 182.65958
7075.0054 169.50111 1486.2661 144.85132 167.70311
7229.2104 166.23059 1574.8589 72.77954 171.51328
7792.7007 182.50279 1632.8646 176.2279 181.7072
7210.727 164.22998 1518.0317 181.03845 167.26622
7073.2285 169.97684 1540.8 67.71826 171.64255
7112.8896 169.7106 1555.8245 42.883667 174.63663
7779.949 181.7072 1661.007 134.4049 182.50279
7698.5166 171.51328 1657.2184 111.5896 181.57945
7693.132 181.7072 1651.8335 110.688965 191.6762
7693.1626 156.74846 1644.0176 110.098145 182.50279
7224.623 169.7106 1572.176 96.21875 171.51328
7127.7715 169.97684 1563.3622 59.032104 194.17918
7125.1675 169.97684 1552.4283 57.876587 174.63663
7723.635 166.85081 1661.2738 132.27576 182.50279
7299.948 151.34694 1586.9426 76.125244 171.56995
7164.6025 169.50111 1568.0526 79.11792 169.62741
7162.032 166.23059 1574.206 36.89392 181.57945
7738.301 156.74846 1654.3062 112.41138 185.58884
7467.179 174.7367 1595.2076 127.173096 170.16061
7633.0645 164.54955 1618.8058 135.20264 172.76732
7191.0366 166.23059 1565.4446 68.19141 171.56995
7045.016 165.84038 1496.4595 120.56189 167.26622
7671.8584 169.2478 1654.9099 96.30823 180.78838
7017.36 167.70311 1528.7461 67.52051 169.91818
7317.7266 174.7367 1567.7748 113.64221 169.97684
7786.2275 181.57945 1667.2844 137.90076 171.51328
6818.8887 149.51726 1442.8654 189.19849 167.21616
7723.6343 166.85081 1661.2739 132.27563 182.50279
7255.229 151.34694 1581.0618 51.778076 182.65958
7127.77 169.97684 1563.3623 59.03186 194.17918
6988.8535 170.75714 1517.7925 77.81409 170.34453
7039.328 170.41586 1528.0188 85.893555 170.16061
7792.7 182.50279 1632.8647 176.22803 181.7072
7024.097 170.07141 1536.3121 54.24695 176.8985
7116.916 157.265 1555.958 74.22461 169.99121
7449.542 169.50111 1628.0623 69.49597 177.18243
7292.4634 151.34694 1590.1799 59.34375 185.95882
7178.172 157.265 1547.162 79.03235 169.7106
7477.78 170.16061 1614.906 106.14746 171.51328
7194.955 169.50111 1556.2341 82.194336 171.56995
7173.1816 169.50111 1548.9741 85.92432 169.99121
7159.588 170.16061 1561.8992 69.33716 201.21951
7379.238 169.50111 1588.2561 119.92285 169.97684
7340.51 169.50111 1557.0358 150.36487 167.70311
6992.437 156.74846 1542.5795 29.395386 181.57945
7656.6895 169.2478 1651.3802 99.72156 178.14653
6699.4634 149.51726 1451.7817 64.10693 169.97684
7739.1094 156.74846 1649.0078 134.04126 184.04543
7139.916 169.2478 1553.9359 66.197876 176.8985
7284.8906 156.74846 1598.6626 61.08008 181.69229
7194.3667 169.97684 1564.2776 76.1803 197.40558
7259.5254 166.995 1583.1669 62.974365 185.95882
6831.1035 141.71907 1404.0245 214.49902 167.21616
7205.3896 169.50111 1567.7087 69.35828 174.15352
7723.634 166.85081 1661.274 132.27551 182.50279
7621.541 175.97603 1586.7826 180.47864 169.7106
7211.154 155.74196 1574.931 75.15405 171.51328
7191.036 166.23059 1565.4446 68.191284 173.31102
7083.0605 169.7106 1556.6431 50.280396 174.15352
7083.061 169.7106 1556.643 50.28064 174.15352
7258.7495 151.34694 1592.5049 53.77661 181.57945
7145.0356 169.7106 1546.5728 64.05798 177.59703
7213.504 167.01422 1574.1057 68.5564 205.18037
7535.672 166.85081 1616.9648 108.25415 171.51328
7256.2256 155.74196 1577.4509 59.416016 179.12552
6983.9263 171.56995 1512.6302 77.01489 198.86555
7200.214 156.74846 1550.8319 88.31311 169.91818
6998.961 169.99121 1492.0212 107.41431 169.7106
7734.3457 181.57977 1646.4048 122.19348 175.97603
7147.6045 164.54955 1564.3798 41.087036 171.51328
7224.0923 164.20447 1581.5737 46.427246 181.57977
6979.188 169.50111 1468.5479 125.37073 167.26622
7196.971 156.74846 1571.8225 51.754272 174.63663
7249.319 166.995 1576.6166 78.635376 175.97603
7779.95 181.7072 1661.0068 134.4049 182.50279
7287.0425 166.23059 1589.3832 66.46338 178.64627
7701.163 172.76732 1648.1918 117.10266 182.50279
7142.722 164.54955 1546.1729 78.32153 169.62741
7500.3564 151.34694 1617.8784 96.21069 173.61166
7686.5303 182.50279 1637.3855 127.37134 177.18243
7112.8906 169.7106 1555.8243 42.88391 174.63663
6699.4624 149.51726 1451.7817 64.10681 167.21616
7693.163 156.74846 1644.0176 110.09827 182.50279
6718.976 149.51726 1429.2444 114.26868 167.26622
7419.818 169.2478 1605.6268 100.98804 175.97603
7217.17 166.23059 1571.9034 65.77478 181.57945
6947.355 169.50111 1473.644 114.456055 167.26622
7224.6235 169.7106 1572.176 96.21875 171.56995
7063.0576 169.2478 1537.35 70.406494 169.99121
7154.886 169.7106 1541.5962 117.26318 169.62741
7240.389 158.24025 1560.4138 89.75098 174.15352
7444.8657 174.7367 1599.9888 122.90735 173.61166
7097.5234 169.7106 1556.2289 44.930298 174.15352
7658.4116 166.85081 1660.303 112.37952 182.50279
7284.078 169.7106 1573.5879 116.78943 170.16061
7245.724 156.74846 1564.0225 96.425415 171.51328
7182.0693 157.265 1558.7538 77.806274 169.97684
7215.586 157.265 1575.904 87.640625 169.99121
7151.2065 167.70311 1556.5654 61.597412 171.56995
6918.1465 153.31886 1514.2158 39.036743 174.15352
7143.8496 170.16061 1543.8539 89.58057 170.34453
7627.818 166.85081 1651.4938 100.00708 172.14256
7674.7256 166.85081 1635.4856 110.04883 182.50279
7281.4194 156.74846 1591.2062 60.698486 181.57977
7188.921 169.97684 1561.4939 72.82971 196.84515
6836.2876 167.26622 1464.8062 92.231445 169.2478
7175.772 156.74846 1573.8157 50.25476 174.7367
7201.513 167.26622 1562.045 98.916504 169.7106
7122.4917 170.16061 1545.4146 72.370605 171.51328
7276.006 151.34694 1599.372 62.83496 181.57945
7855.6704 181.7072 1694.6453 135.22937 182.50279
7129.15 169.97684 1534.0559 80.37988 174.7367
7249.3184 166.995 1576.6167 78.635254 175.97603
7060.192 169.7106 1536.364 58.477783 171.64255
7250.7026 156.74846 1579.8368 70.29797 175.97603
6820.034 146.9509 1453.3312 113.21863 167.26622
7701.164 172.76732 1648.1917 117.10278 182.50279
7229.2095 166.23059 1574.859 72.77942 171.51328
7742.681 166.85081 1634.4133 133.74634 188.35666
7250.702 156.74846 1579.8369 70.29761 175.97603
7644.721 181.57977 1650.9258 82.15662 177.18243
7391.5806 151.34694 1617.4308 61.100708 185.95882
7366.5254 175.80394 1559.0872 137.86853 169.97684
7054.8955 170.16061 1531.858 61.693115 196.84515
6924.695 154.9508 1522.6245 32.274902 180.39503
7217.6597 156.74846 1576.9216 50.777588 181.57945
7285.069 156.74846 1589.0173 59.910522 181.57977
7366.526 175.80394 1559.0872 137.86865 169.97684
7465.644 169.50111 1569.5002 190.51074 167.70311
7317.726 174.7367 1567.7749 113.64209 169.97684
7287.685 156.74846 1597.9325 54.395996 181.73256
7572.5195 178.14653 1591.4774 137.54895 171.51328
7208.107 164.45074 1566.9869 57.994873 171.56995
7196.0728 169.7106 1581.3096 44.523804 187.05614
7572.2383 166.85081 1606.9381 118.28894 171.51328
7800.513 182.50279 1639.4884 199.54468 181.7072
7217.661 156.74846 1576.9216 50.77771 181.57945
7259.525 166.995 1583.1667 62.974243 185.95882
7332.4956 156.74846 1591.6299 68.16321 188.35666
7298.0435 151.34694 1588.9064 57.44348 181.69229
7121.352 158.24025 1567.7604 31.667725 181.57945
7182.475 170.16061 1547.1705 119.529175 169.7106
7126.2573 158.59431 1564.7317 40.74768 175.97603
7097.22 169.50111 1535.6141 77.72119 170.16061
7559.4067 170.16061 1631.2657 116.20593 171.51328
7247.916 171.51328 1540.4896 143.89136 169.91818
7284.892 156.74846 1598.6626 61.0802 181.69229
7671.8564 169.2478 1654.9099 96.308105 180.78838
7081.526 170.91527 1539.1238 71.46887 176.8985
7279.948 156.74846 1591.2805 63.426514 177.18243
7166.423 166.23059 1562.2457 55.42151 171.51328
7229.21 166.23059 1574.8589 72.77942 171.51328
7086.37 169.50111 1513.6261 155.59424 167.26622
7569.4253 169.50111 1608.3792 116.784546 173.22226
7292.463 151.34694 1590.1799 59.343506 185.95882
7080.5786 171.08647 1533.8713 76.51526 185.4951
7206.7085 167.26622 1564.1304 80.28479 171.63148
7465.6445 169.50111 1569.5001 190.51086 167.70311
7225.6665 156.74846 1566.464 67.472046 171.56995
7008.2393 172.14256 1503.2449 80.35742 196.84515
7287.686 156.74846 1597.9324 54.39612 181.73256
7502.9316 174.7367 1609.2031 122.98218 172.14256
6924.7075 149.51726 1467.6621 271.6372 167.21616
7466.167 151.34694 1630.8533 75.188965 181.69229
7436.781 157.265 1607.1306 83.09253 175.80394
7068.4194 169.50111 1545.1936 56.134033 171.63148
7240.1577 151.34694 1582.4641 59.262085 173.61166
7193.5547 157.265 1571.2319 89.934204 169.97684
7125.972 169.7106 1547.9584 69.16858 170.34453
7109.308 167.70311 1554.1019 51.27185 171.51328
7234.655 156.74846 1588.9005 51.11194 174.7367
7289.9897 151.34694 1601.8181 31.12854 185.95882
7645.5967 166.85081 1665.4414 68.53235 182.50279
7301.3057 171.08647 1545.534 186.92932 167.70311
7255.228 151.34694 1581.0618 51.777954 181.57945
7195.117 169.50111 1527.7775 117.54016 169.7106
7196.071 169.7106 1581.3097 44.52356 187.05614
7179.5254 171.08647 1537.9713 127.572266 169.2478
7185.691 167.01422 1561.9752 68.50879 174.7367
7258.75 151.34694 1592.5049 53.776733 181.57945
7091.7783 170.07141 1550.0945 56.966553 185.4951
7233.251 169.50111 1521.3898 198.34009 167.26622
7116.9155 157.265 1555.9581 74.22449 169.99121
6858.755 165.60847 1505.166 35.19397 180.18295
7091.778 170.07141 1550.0947 56.966187 185.4951
7102.0923 170.07141 1544.706 64.47412 185.4951
7443.6543 151.34694 1621.3855 80.523926 171.56995
7164.604 169.50111 1568.0526 79.118164 175.80394
7418.584 171.08647 1563.4955 212.35034 167.70311
7170.2197 169.7106 1556.154 67.10083 171.51328
7543.6123 171.51328 1625.7031 121.15552 174.13953
6714.6777 141.71907 1405.2971 144.56152 167.21616
7644.7207 181.57977 1650.9259 82.15637 177.18243
7738.3022 156.74846 1654.3063 112.41138 190.53282
6820.0347 146.9509 1453.3312 113.21875 167.26622
7130.8486 166.81885 1556.6515 65.66736 174.7367
7180.827 166.23059 1580.6455 41.953125 190.81367
7242.2114 157.265 1571.115 91.56091 167.70311
7005.0713 157.265 1541.0973 37.661133 178.64627
7396.6323 173.22226 1542.3534 185.68958 169.50111
7299.9478 151.34694 1586.9426 76.12512 171.56995
6789.5063 137.71425 1397.7506 197.93762 167.01422
7198.5684 158.1165 1583.6895 39.247192 185.95882
7497.4863 170.34453 1594.5208 129.29956 171.51328
7153.5264 171.64255 1542.724 90.20642 174.15352
7669.976 169.2478 1653.0287 86.98828 181.7072
7198.1377 164.20447 1572.0187 63.177856 181.57945
7789.479 184.04543 1628.4535 206.09277 180.78838
7126.257 158.59431 1564.7318 40.74756 171.51328
7147.6055 164.54955 1564.3796 41.08716 172.49841
7686.532 182.50279 1637.3854 127.371704 182.50279
7281.419 156.74846 1591.2063 60.698364 181.57977
7284.0767 169.7106 1573.588 116.78931 170.16061
7175.367 164.54955 1530.8876 114.39368 169.62741
7073.7705 169.7106 1536.709 61.65564 171.51328
7061.8677 164.22998 1512.286 111.30713 169.2478
7535.673 166.85081 1616.9647 108.25427 171.51328
7332.614 170.07141 1532.7333 189.43152 169.2478
7693.1323 181.7072 1651.8335 110.68909 191.6762
7125.973 169.7106 1547.9584 69.1687 170.34453
7135.485 169.7106 1525.0012 84.031494 169.50111
7557.109 151.34694 1635.8518 118.36743 171.56995
7320.2095 157.265 1593.1027 121.48987 169.99121
7264.168 156.74846 1579.6328 99.14795 169.97684
7142.7227 164.54955 1546.1729 78.321655 169.62741
7125.167 169.97684 1552.4285 57.876587 174.63663
7090.596 164.45074 1555.1671 40.406494 179.83795
7422.9917 181.69229 1580.7073 174.92749 175.97603
7080.5767 171.08647 1533.8715 76.51489 185.4951
7267.844 157.82498 1486.0818 236.21216 167.26622
7132.027 171.08647 1551.5845 83.30151 176.8985
7135.189 169.99121 1516.0927 169.76929 167.70311
7170.758 170.34453 1555.5135 110.53723 171.51328
7111.0986 170.16061 1549.7401 64.99426 174.15352
7185.2534 156.74846 1554.014 77.91504 169.7106
7171.9795 156.74846 1565.6483 55.585083 173.58748
7286.1113 156.74846 1574.8301 96.47632 172.49841
7280.817 169.92242 1581.4232 116.33862 169.99121
7502.931 174.7367 1609.2032 122.982056 172.14256
7263.874 164.20447 1558.491 106.062744 170.07141
7193.8687 151.34694 1577.0969 46.53369 181.57945
7357.2812 169.2478 1605.8422 83.91467 174.7367
7737.567 166.85081 1649.6271 122.63928 182.50279
6962.229 160.51367 1525.565 36.055176 178.64627
7693.1313 181.7072 1651.8336 110.688965 191.6762
7216.855 171.51328 1535.4011 130.93848 169.50111
7444.866 174.7367 1599.9888 122.90747 173.61166
7098.7915 164.54955 1547.2373 76.77344 169.7106
7035.537 137.71425 1409.8723 298.63025 167.01422
7061.2173 141.71907 1416.1461 306.47095 167.21616
7255.229 151.34694 1581.0616 51.777954 181.57945
6999.0513 169.7106 1534.9049 41.85193 192.734
7135.1895 169.99121 1516.0925 169.76941 167.70311
7213.503 167.01422 1574.1058 68.55615 205.18037
7206.7085 167.26622 1564.1305 80.28467 175.80394
7181.763 169.50111 1546.0537 108.115845 170.16061
7332.272 151.34694 1598.2562 61.200806 182.50279
7226.396 169.7106 1559.2257 94.29614 171.56995
7340.5103 169.50111 1557.0356 150.36511 167.70311
6947.8623 172.14256 1503.8162 73.68103 191.0484
7698.517 171.51328 1657.2183 111.58972 181.57945
7142.083 164.54955 1565.2391 48.410767 174.7367
7242.211 157.265 1571.1151 91.561035 167.70311
7279.793 157.265 1537.7705 115.72815 169.7106
7289.9033 156.74846 1593.2787 81.74829 175.97603
7260.0737 164.54955 1577.5592 92.08032 172.76732
7485.431 166.85081 1612.1367 110.09277 170.16061
7183.9272 157.265 1558.7795 84.404175 169.97684
7283.957 164.22998 1479.191 249.16675 167.26622
7109.3086 167.70311 1554.102 51.271606 171.56995
7184.219 169.97684 1560.5026 91.287964 174.63663
7265.0356 165.84038 1491.9064 248.69055 167.26622
7686.5317 182.50279 1637.3855 127.37146 177.18243
7645.5977 166.85081 1665.4412 68.53259 182.50279
7175.3677 164.54955 1530.8876 114.3938 169.62741
7175.831 155.74196 1561.4706 57.874268 171.51328
7467.18 174.7367 1595.2075 127.17322 170.16061
7171.4453 156.74846 1564.28 85.55432 169.7106
7686.53 182.50279 1637.3856 127.37146 182.50279
7734.345 181.57977 1646.4049 122.19324 175.97603
7198.5664 158.1165 1583.6896 39.24695 185.95882
7267.131 156.74846 1578.4612 61.595093 174.7367
7188.922 169.97684 1561.4939 72.829834 196.84515
6980.3516 164.45074 1530.4792 40.85327 174.7367
7500.357 151.34694 1617.8783 96.21069 173.61166
7198.5674 158.1165 1583.6895 39.24707 185.95882
7557.1084 151.34694 1635.8518 118.36719 171.56995
6839.0884 164.20447 1501.1116 35.064697 185.38005
7187.6074 175.98636 1566.4093 129.26355 174.15352
7625.3086 170.16061 1627.5508 161.63159 169.7106
7108.801 169.2478 1539.8893 63.916748 174.15352
7302.713 156.74846 1581.366 62.64612 185.95882
7433.832 175.80394 1556.8208 149.93945 169.97684
7196.0723 169.7106 1581.3097 44.52368 187.05614
7101.61 165.84038 1479.7847 194.33105 167.26622
7151.207 167.70311 1556.5654 61.597412 172.49841
7291.7104 156.74846 1577.4297 86.89392 173.58748
7608.973 174.7367 1637.4983 133.1106 170.16061
7153.527 171.64255 1542.7239 90.20654 174.15352
7237.176 171.51328 1543.5524 139.11108 169.7106
7275.3354 156.74846 1586.4352 96.03516 171.56995
7559.407 170.16061 1631.2657 116.20618 171.51328
7418.585 171.08647 1563.4955 212.35046 167.70311
7365.096 169.2478 1604.7328 86.051025 174.7367
7084.2446 170.07141 1548.7001 56.381958 218.13211
7057.3936 171.08647 1535.6814 66.98132 178.64627
7126.258 158.59431 1564.7317 40.747803 178.1485
6858.7554 165.60847 1505.1661 35.19409 180.18295
7190.7373 169.2478 1563.6556 56.93213 181.57977
7284.8916 156.74846 1598.6627 61.0802 181.69229
7208.1064 164.45074 1566.987 57.99463 171.56995
7081.5254 170.91527 1539.1238 71.46875 176.8985
7024.0967 170.07141 1536.3123 54.246826 176.8985
7206.743 169.7106 1570.4763 71.23047 192.734
7365.0967 169.2478 1604.7328 86.05115 174.7367
7154.096 169.7106 1552.2229 62.258423 184.04543
7188.3066 171.51328 1549.5447 102.085815 170.34453
7195.518 169.50111 1552.9404 88.76953 171.63148
7159.589 170.16061 1561.899 69.33728 201.21951
7090.5957 164.45074 1555.1672 40.40625 179.29912
7145.037 169.7106 1546.5728 64.058105 177.59703
6655.214 137.71425 1402.7311 136.75378 166.995
7406.952 169.7106 1576.7552 185.71814 167.70311
7621.54 175.97603 1586.7827 180.47852 169.7106
7279.49 156.74846 1584.387 66.48364 176.8985
7467.1797 174.7367 1595.2078 127.173096 171.56995
7645.597 166.85081 1665.4412 68.53247 182.50279
7095.204 164.54955 1543.65 74.67175 169.7106
7154.8857 169.7106 1541.5962 117.26306 169.62741
7298.0425 151.34694 1588.9064 57.44336 181.69229
7423.645 169.2478 1593.6816 105.23303 174.63663
7154.0977 169.7106 1552.2229 62.258545 184.04543
7054.8965 170.16061 1531.858 61.693237 196.84515
7233.424 169.7106 1537.1228 155.8429 169.50111
7084.2446 170.07141 1548.7 56.38208 185.4951
7322.933 141.71907 1511.1791 266.66138 167.63219
7283.9585 164.22998 1479.1909 249.16687 167.26622
7357.282 169.2478 1605.842 83.91467 174.7367
6923.212 160.51367 1522.5978 31.25 177.78789
7497.487 170.34453 1594.5206 129.29956 171.51328
6831.105 141.71907 1404.0245 214.49915 167.21616
7396.092 171.08647 1557.3892 197.45532 167.70311
7175.786 172.00563 1438.7094 300.64087 169.2478
7286.1104 156.74846 1574.8302 96.4762 172.49841
7217.1694 166.23059 1571.9036 65.774536 181.57945
7786.2266 181.57945 1667.2844 137.90063 171.51328
7435.029 178.64627 1556.6274 199.76978 169.7106
7095.204 164.54955 1543.6501 74.671875 169.7106
7193.555 157.265 1571.2319 89.93445 169.97684
7114.238 158.24025 1559.8337 40.618164 180.18295
7224.625 169.7106 1572.1759 96.21875 171.51328
7532.733 180.78838 1595.2505 153.36865 171.08647
7261.3403 169.7106 1581.6919 89.91809 174.15352
7435.0273 178.64627 1556.6274 199.76965 169.7106
7020.45 171.64255 1521.5789 81.41724 170.34453
7301.3774 169.91818 1550.1661 178.81311 169.2478
7175.3667 164.54955 1530.8877 114.393555 169.62741
7435.7734 151.34694 1618.8219 66.22034 173.58748
7017.3696 169.7106 1535.3248 42.448242 174.63663
7147.605 164.54955 1564.3795 41.087402 171.51328
7226.397 169.7106 1559.2256 94.296265 171.51328
7669.9775 169.2478 1653.0286 86.98828 181.7072
7114.2393 158.24025 1559.8336 40.618286 180.18295
6941.6953 167.63219 1527.6069 38.245117 196.84515
7108.7993 169.2478 1539.8894 63.916626 174.15352
7178.112 169.7106 1550.7272 94.61255 170.16061
7133.464 170.75714 1541.9597 91.7334 171.64255
7178.111 169.7106 1550.7273 94.61218 170.16061
7626.7173 171.51328 1591.959 189.56238 169.7106
7175.8306 155.74196 1561.4707 57.874146 171.51328
7574.8584 166.85081 1613.5464 131.19788 170.16061
7025.21 157.265 1534.2816 53.205933 171.08647
7479.3086 177.18243 1551.0975 214.09937 169.97684
7267.1304 156.74846 1578.4613 61.59497 174.7367
7179.7393 166.995 1567.3057 66.31079 181.57945
7245.7236 156.74846 1564.0225 96.42529 171.51328
7443.6533 151.34694 1621.3856 80.5238 171.56995
7134.3145 172.76732 1523.5121 100.95776 171.64255
7301.3047 171.08647 1545.534 186.92908 167.70311
7546.2017 167.01422 1621.2041 110.01489 172.14256
6988.853 170.75714 1517.7926 77.813965 170.34453
7288.912 156.74846 1587.0037 80.18811 174.15352
7572.238 166.85081 1606.9382 118.28906 171.56995
7186.706 156.74846 1561.5577 71.78601 171.51328
6836.289 167.26622 1464.806 92.23157 169.2478
7135.4834 169.7106 1525.0012 84.03137 169.50111
7718.8975 156.74846 1644.9269 107.835815 188.35666
7225.6675 156.74846 1566.4639 67.472046 171.56995
7061.2183 141.71907 1416.146 306.47095 167.21616
7286.11 156.74846 1574.8303 96.476074 171.56995
6912.9224 137.71425 1422.5475 323.50464 166.995
7518.3174 166.23059 1610.6182 101.49109 171.51328
7182.4756 170.16061 1547.1704 119.52942 169.7106
7172.9883 169.2478 1560.156 84.27246 172.49841
6858.7544 165.60847 1505.1663 35.19397 180.18295
7396.0923 171.08647 1557.389 197.45544 167.70311
7279.949 156.74846 1591.2805 63.426514 178.1485
7121.5815 169.7106 1558.4672 41.992065 178.1485
7681.9424 181.7072 1604.1328 201.79248 175.97603
7121.581 169.7106 1558.4673 41.99182 178.1485
7644.7217 181.57977 1650.9257 82.15686 177.18243
7224.8384 166.995 1570.184 62.182983 181.57977
7288.911 156.74846 1587.0038 80.18799 174.15352
7194.367 169.97684 1564.2775 76.1803 197.40558
7485.4326 166.85081 1612.1366 110.09277 170.16061
6990.1143 156.74846 1530.5344 39.67578 177.49312
7193.8013 171.08647 1551.9539 111.14636 171.51328
7073.2275 169.97684 1540.8002 67.71814 171.64255
7389.951 171.51328 1544.7559 174.08838 169.50111
7232.7036 169.92242 1554.0714 122.9209 169.7106
7379.239 169.50111 1588.2561 119.923096 169.97684
7406.953 169.7106 1576.7552 185.71826 167.70311
7007.1187 158.24025 1539.5996 33.800293 177.78789
7125.9736 169.7106 1547.9583 69.16882 170.34453
7154.5146 164.54955 1564.082 57.720703 172.76732
7137.984 169.7106 1565.0557 57.151978 187.01881
7255.2285 151.34694 1581.0618 51.778076 181.57945
7371.176 169.50111 1597.5046 97.40869 171.51328
7435.0283 178.64627 1556.6276 199.76965 169.99121
7512.1777 171.51328 1583.967 151.60571 169.7106
7144.39 167.26622 1552.642 59.28662 178.64627
7779.949 181.7072 1661.0071 134.4049 190.53282
7427.946 169.7106 1610.5059 106.0863 171.51328
7206.0195 164.20447 1550.428 113.69141 169.7106
7090.895 166.23059 1554.8954 39.685547 177.59703
7739.108 156.74846 1649.0078 134.04114 184.04543
7178.724 157.265 1563.9852 76.37427 169.99121
7671.859 169.2478 1654.9099 96.30835 180.78838
6831.1045 141.71907 1404.0244 214.49902 167.21616
7024.4434 158.24025 1529.7786 64.058105 170.34453
7060.1934 169.7106 1536.3638 58.478027 171.64255
7238.042 157.265 1567.425 82.97864 169.99121
7196.9717 156.74846 1571.8225 51.754395 174.63663
7144.391 167.26622 1552.6418 59.286865 178.64627
7532.734 180.78838 1595.2505 153.36877 171.08647
7792.701 182.50279 1632.8646 176.22803 181.7072
7499.321 170.16061 1588.9545 149.9076 169.7106
7264.434 156.74846 1581.0793 75.36572 174.15352
7535.309 169.50111 1618.4056 125.921265 169.7106
6789.506 137.71425 1397.7507 197.93738 167.01422
7469.2695 179.29912 1594.1401 149.44678 171.08647
7032.4575 149.51726 1454.9869 246.76306 167.21616
7149.4834 172.00563 1453.6503 250.41797 169.2478
7164.603 169.50111 1568.0526 79.11804 169.62741
7497.486 170.34453 1594.5208 129.29944 171.51328
7255.2275 151.34694 1581.0618 51.777832 181.57945
7057.393 171.08647 1535.6815 66.98108 178.64627
6764.3857 153.31886 1479.3947 39.372803 171.51328
7693.164 156.74846 1644.0175 110.09839 182.50279
7391.58 151.34694 1617.4309 61.100708 185.95882
7171.445 156.74846 1564.28 85.5542 169.7106
7419.8174 169.2478 1605.6268 100.987915 175.97603
7133.4644 170.75714 1541.9595 91.73364 171.64255
7301.3784 169.91818 1550.166 178.81323 169.2478
7484.76 169.50111 1578.75 185.64038 169.62741
7302.712 156.74846 1581.3661 62.64612 185.95882
7738.3003 156.74846 1654.3063 112.41138 185.58884
7035.5376 137.71425 1409.8722 298.63037 167.01422
7237.1753 171.51328 1543.5525 139.11108 169.7106
7779.9497 181.7072 1661.007 134.40479 190.53282
7129.151 169.97684 1534.0558 80.37988 174.7367
7018.8247 169.7106 1533.1937 54.78015 171.56995
7290.8623 157.82498 1447.2408 295.92017 167.26622
7437.261 179.38376 1587.4446 131.61499 175.80394
7111.8125 157.265 1547.577 58.18579 170.34453
7607.811 156.74846 1621.5579 133.0625 171.63148
7786.531 156.74846 1659.0682 120.42615 188.35666
7168.247 164.54955 1549.0698 67.62305 169.91818
7026.0493 156.74846 1543.8759 38.645508 178.14653
7124.514 169.97684 1529.4193 84.31714 174.15352
7142.723 164.54955 1546.1729 78.32178 169.62741
7248.3374 171.08647 1524.5884 177.15979 169.2478
6993.2266 166.22899 1538.7852 40.881226 177.49312
7175.7705 156.74846 1573.8158 50.25464 178.1485
7188.7227 156.74846 1573.0469 43.328125 181.69229
7205.3906 169.50111 1567.7086 69.35852 174.15352
7080.578 171.08647 1533.8716 76.515015 185.4951
7275.337 156.74846 1586.4352 96.03516 172.49841
7737.5674 166.85081 1649.627 122.63928 182.50279
7158.3013 171.56995 1558.2068 80.93164 192.734
7669.9766 169.2478 1653.0286 86.98816 181.7072
7191.036 166.23059 1565.4447 68.19141 171.56995
7129.1504 169.97684 1534.0559 80.37976 180.78838
7225.665 156.74846 1566.464 67.471924 174.50038
7124.5146 169.97684 1529.4191 84.31738 174.15352
7465.645 169.50111 1569.5 190.51099 167.70311
7402.0796 179.38376 1589.1632 144.71863 171.08647
7188.304 171.51328 1549.5448 102.08569 170.34453
7090.8955 166.23059 1554.8953 39.68567 177.59703
7049.009 167.01422 1545.5756 41.473022 181.57945
7484.7603 169.50111 1578.7499 185.64062 169.62741
7233.4243 169.7106 1537.1227 155.8429 169.50111
7137.9834 169.7106 1565.0558 57.151855 187.01881
7341.62 156.21754 1580.3519 102.39465 169.99121
7222.6895 158.1165 1585.4205 54.57129 178.64627
7216.6 156.74846 1567.0962 66.10266 174.15352
7170.7856 166.23059 1556.3314 63.58374 181.57945
7127.771 169.97684 1563.3623 59.031982 194.17918
7267.8447 157.82498 1486.0817 236.21228 167.26622
7123.9565 158.59431 1568.2635 33.068237 181.57945
7105.9497 171.08647 1533.4802 72.803955 178.64627
7179.525 171.08647 1537.9714 127.57214 169.2478
7137.982 169.7106 1565.0558 57.151733 187.01881
7039.329 170.41586 1528.0189 85.893555 170.41586
6918.146 153.31886 1514.216 39.03662 174.15352
7389.9497 171.51328 1544.756 174.08838 169.50111
7025.209 157.265 1534.2816 53.20581 171.08647
7254.543 156.74846 1574.8167 71.99878 174.15352
6923.2114 160.51367 1522.5979 31.249756 177.78789
7224.839 166.995 1570.1841 62.182983 198.26524
7569.426 169.50111 1608.3789 116.78479 173.22226
7468.804 172.49841 1591.8807 179.1521 169.99121
7718.897 156.74846 1644.9269 107.83569 188.35666
7259.5244 166.995 1583.1669 62.97412 185.95882
7289.9883 151.34694 1601.8182 31.12854 185.95882
7224.838 166.995 1570.1841 62.18286 181.57977
7316.614 169.50111 1557.7496 158.8789 167.70311
7383.505 169.50111 1573.0503 124.172 169.7106
7194.366 169.97684 1564.2775 76.180176 197.40558
7557.1094 151.34694 1635.8517 118.36755 171.56995
7208.555 169.91818 1532.7424 176.2196 169.2478
7109.3076 167.70311 1554.102 51.27173 171.51328
7171.4463 156.74846 1564.2799 85.554565 169.7106
7204.3936 166.23059 1579.2777 53.477173 181.57977
7183.928 157.265 1558.7794 84.40442 169.97684
7200.6357 156.74846 1570.5546 52.22644 174.63663
7149.484 172.00563 1453.6501 250.41797 169.2478
7179.9043 169.7106 1556.3713 87.49243 174.7367
7097.2197 169.50111 1535.6141 77.72107 170.16061
7144.3906 167.26622 1552.6418 59.28662 178.64627
7674.727 166.85081 1635.4856 110.04895 182.50279
7178.1113 169.7106 1550.7272 94.61243 170.16061
7210.7266 164.22998 1518.0319 181.03833 167.26622
7267.8438 157.82498 1486.0818 236.21204 167.26622
7391.4766 167.26622 1594.2745 123.72876 170.16061
7173.1826 169.50111 1548.9741 85.92444 169.99121
6699.4614 149.51726 1451.7817 64.10669 167.21616
7060.193 169.7106 1536.3639 58.477783 171.64255
7419.817 169.2478 1605.627 100.98779 175.97603
7166.4214 166.23059 1562.2458 55.421265 173.31102
6924.6953 154.9508 1522.6244 32.275024 180.39503
7270.3823 171.08647 1519.2075 172.42798 167.70311
7048.5073 169.50111 1545.3655 54.503906 171.08647
7855.67 181.7072 1694.6453 135.22925 190.53282
7658.411 166.85081 1660.3032 112.37927 182.50279
7095.2036 164.54955 1543.6501 74.67175 169.7106
7191.035 166.23059 1565.4446 68.191284 171.56995
7449.543 169.50111 1628.0621 69.496216 177.18243
7279.95 156.74846 1591.2804 63.426636 177.18243
7179.7397 166.995 1567.3057 66.31091 181.57945
7627.8174 166.85081 1651.4939 100.00696 172.14256
7164.6035 169.50111 1568.0526 79.118164 169.62741
7316.212 171.08647 1549.1766 180.20251 169.2478
7084.244 170.07141 1548.7002 56.381836 185.4951
7320.2104 157.265 1593.1027 121.48999 169.99121
7485.432 166.85081 1612.1366 110.09265 170.16061
7800.514 182.50279 1639.4884 199.5448 181.7072
7379.239 169.50111 1588.256 119.92297 169.97684
7535.6724 166.85081 1616.9647 108.25415 171.51328
7514.9434 172.14256 1582.0948 174.35559 169.91818
7263.8745 164.20447 1558.4907 106.06299 170.07141
7205.3906 169.50111 1567.7087 69.3584 182.50279
7607.81 156.74846 1621.5579 133.06238 171.63148
7535.3096 169.50111 1618.4056 125.92139 169.7106
7186.707 156.74846 1561.5577 71.78613 171.51328
7121.6206 169.2478 1542.3043 74.292725 169.99121
7206.708 167.26622 1564.1305 80.284546 171.63148
