761.0748 96.66178 360.89374 39.054688 103.83735
725.2184 98.73409 328.38354 56.74185 92.72401
800.2434 115.79839 380.58887 35.146088 104.8258
758.9498 108.74766 350.79907 42.274445 103.83735
791.46405 120.02276 384.81323 23.622711 104.8258
791.19763 104.8258 391.19904 12.16864 104.6066
817.74426 107.13702 374.15268 63.02722 104.8258
872.8634 127.06961 410.98648 70.016815 108.74766
670.84894 94.52596 317.12283 44.209564 92.96057
729.1585 103.83735 355.09995 29.637817 99.04942
654.1298 101.21852 319.07132 11.524902 115.79839
749.3716 94.52596 359.45303 50.856262 92.96057
813.5233 98.73409 363.66116 76.54855 92.96057
744.81006 113.80575 360.30164 22.214142 106.14812
633.40765 90.96126 310.12518 17.340118 92.96057
811.2031 103.67062 367.61163 62.269226 104.8258
813.5234 98.73409 363.66116 76.548584 92.96057
744.8101 113.80575 360.30164 22.214172 106.14812
875.7733 112.16711 418.31055 41.470764 108.74766
817.1001 98.73409 359.63733 95.04794 92.96057
729.48175 98.73409 321.33093 66.17468 92.96057
661.30145 94.52596 321.2085 33.77127 92.72401
662.12683 90.96126 320.61072 20.636261 92.72401
708.80566 79.84884 344.31342 24.106018 103.83735
800.24347 115.79839 380.58887 35.146088 115.79839
650.71466 94.52596 311.65237 29.545715 92.96057
737.8739 99.04942 357.30957 39.942566 103.83735
733.04785 92.82071 345.1482 37.695435 98.73409
817.10004 98.73409 359.63736 95.04788 92.96057
858.1702 112.16711 408.30804 36.99774 108.74766
756.8183 94.52596 355.42923 69.35559 92.96057
733.0609 98.73409 324.35974 68.5058 92.72401
831.3744 107.17459 398.48505 32.958313 108.74766
810.83795 113.80575 376.31097 64.19406 108.7458
749.37164 94.52596 359.45303 50.856262 96.66178
756.81836 94.52596 355.4292 69.35562 103.65479
872.86346 127.06961 410.98648 70.016815 127.34239
673.014 94.52596 318.20352 48.4888 92.72401
652.62885 95.78807 323.21295 5.253113 113.965
811.2032 103.67062 367.61163 62.269257 104.8258
729.4817 98.73409 321.33096 66.17465 92.96057
831.3743 107.17459 398.48505 32.958282 108.74766
744.8101 113.80575 360.30164 22.214142 115.79839
746.7124 110.00793 364.00717 22.65509 108.74766
807.08234 108.74766 338.4374 103.592926 107.17459
680.757 108.74766 332.09073 15.101532 136.09615
688.98065 99.74776 336.54297 16.718842 99.04942
872.86346 127.06961 410.98645 70.01688 108.74766
664.43634 99.04942 326.6349 11.864868 103.83735
810.838 113.80575 376.31097 64.19409 108.7458
729.15845 103.83735 355.09995 29.637787 99.04942
817.7442 107.13702 374.15268 63.02719 104.8258
650.7147 94.52596 311.65237 29.545715 96.66178
810.863 107.13702 391.74945 30.954895 104.8258
754.5559 108.7458 371.52783 20.951782 104.8258
