-7013.119	-164.54955	-1514.7632	70.17981	171.63148
-7637.729	-181.7072	-1617.6892	154.67188	181.69229
-7701.1646	-172.76732	-1648.1915	117.10303	182.50279
-7256.9214	-169.7106	-1560.2983	119.237915	179.12552
-7010.971	-160.51367	-1518.0093	73.32446	177.49312
-7792.7	-182.50279	-1632.8647	176.22803	201.64563
-7290.141	-166.23059	-1570.9668	129.3092	181.17328
-7792.7007	-182.50279	-1632.8645	176.22827	201.64563
-7855.669	-181.7072	-1694.6453	135.22949	182.50279
-7786.227	-181.57945	-1667.2844	137.90088	171.51328
-7644.7197	-181.57977	-1650.9258	82.156494	182.50279
-7301.3057	-171.08647	-1545.5339	186.92932	167.70311
-7786.2266	-181.57945	-1667.2844	137.90076	171.51328
-7663.2886	-181.69229	-1623.6586	143.8617	181.7072
-7734.345	-181.57977	-1646.4048	122.19336	182.50279
-7800.5137	-182.50279	-1639.4883	199.54504	182.50279
-7644.7207	-181.57977	-1650.9257	82.15662	182.50279
-7686.5312	-182.50279	-1637.3855	127.37158	182.50279
-7789.478	-184.04543	-1628.4532	206.0929	180.78838
-6787.721	-140.39668	-1413.0088	143.61475	169.99121
-6990.9634	-146.34047	-1468.2902	172.37659	169.97684
-7855.67	-181.7072	-1694.6451	135.22961	182.50279
-7739.108	-156.74846	-1649.0077	134.04138	184.04543
-7693.163	-156.74846	-1644.0175	110.09839	182.50279
-7586.4434	-169.2478	-1636.4436	104.71094	181.69229
-7107.25	-135.31004	-1530.9396	134.70117	177.49312
-6967.3364	-169.97684	-1495.2273	98.20715	178.14653
