-1341.6058	-87.29479	-523.871	34.74585	105.8597
-1349.0378	-84.76566	-507.74335	51.678955	117.62522
-1314.6927	-96.35551	-488.9166	69.20584	94.45287
-1169.0681	-91.9413	-408.08475	79.36447	90.87757
-1310.8479	-104.86311	-488.25104	70.62506	96.44807
-1255.2183	-89.64525	-439.88965	88.96094	93.7702
-1060.4537	-80.83837	-412.86316	29.327698	84.55772
-1262.4136	-70.08803	-477.3042	50.108032	99.46495
-1189.3215	-93.7702	-420.60953	105.80972	93.16113
-1327.9003	-115.35474	-523.1437	14.018616	100.16016
-1338.603	-105.8597	-506.40723	60.40808	101.88488
-1182.5879	-95.59421	-399.7521	113.45676	92.32213
-1184.433	-91.7618	-415.64603	121.491486	91.36565
-1267.5883	-101.88488	-445.997	90.32715	95.59421
-1255.0217	-98.6758	-477.44452	67.138	94.68919
-1225.8496	-106.81544	-449.2276	69.58856	94.08121
-1262.342	-103.89035	-481.2033	57.05182	98.03545
-1056.3433	-91.14354	-402.17822	36.042786	94.33003
-1241.6411	-93.16113	-471.15686	70.0141	94.08121
-1124.3214	-87.77912	-413.42743	84.91028	93.16113
-1363.7029	-94.68919	-520.43665	54.768066	104.04767
-1335.6195	-106.27953	-507.02005	50.605316	105.8597
-1256.7795	-81.9603	-473.3565	52.593933	98.03545
-1233.1642	-104.02303	-475.72125	27.469696	94.45287
