-7643.0825	-6.03521	-949.20667	185.13855	42.66518
-6034.936	-5.92998	-667.91907	331.73187	25.61572
-6081.1934	-5.80426	-718.56946	257.93024	22.6857
-7651.4336	-4.3254	-928.72485	212.42676	38.33129
-6736.721	-10.19582	-759.78436	260.2574	30.0373
-7572.024	-5.80426	-923.79144	163.32098	38.01073
-7087.372	-5.27439	-752.53534	321.7375	28.17564
-6292.4326	-3.6656	-678.2541	269.90814	28.17564
-7594.068	-5.92998	-947.26056	168.35736	42.47788
-6357.219	-4.13811	-682.5923	275.7008	24.83813
-7274.1772	-10.98809	-805.9322	337.59564	26.77596
-7619.9976	-6.82983	-934.82776	194.87817	35.22947
-6468.3193	-5.80426	-741.1724	361.57135	24.15528
-7198.1294	-3.41494	-838.4609	304.89166	30.21963
-7557.101	-6.03521	-865.5163	252.62982	31.29347
-7057.7656	-6.82983	-864.29877	232.75934	30.40059
-6637.905	-3.6656	-748.7848	264.26678	29.28648
-7459.8545	-5.27439	-905.2615	260.81824	34.64907
-7651.133	-6.03521	-928.9427	203.93854	38.50505
-7625.9937	-4.3254	-947.7665	176.88306	40.55643
-7365.663	-9.09407	-816.581	254.86005	34.64907
-6396.4233	-8.25139	-714.86066	350.5583	25.61572
-7292.4224	-8.25139	-887.9375	210.55322	38.33129
-6546.8843	-3.6656	-773.3844	219.21106	29.39395
-5960.0806	-6.82983	-686.5155	243.23138	28.40491
-6422.6895	-4.13811	-724.62976	273.7426	26.77596
-6326.5957	-8.79305	-676.2826	305.44806	26.35776
-7055.7803	-6.03521	-768.4829	283.4508	30.0373
-7447.677	-9.08314	-770.00256	327.88916	31.29347
-7530.8916	-4.3254	-946.5968	174.02661	38.33129
-7551.2275	-6.03521	-889.79205	237.71002	34.64907
-7617.001	-9.09407	-909.5557	227.80048	38.33129
-7154.2188	-4.3254	-841.4677	271.66998	30.77288
-7082.3438	-3.6656	-797.96246	296.95013	28.78408
-7646.0684	-6.03521	-922.8632	213.65863	38.33129
-6552.9375	-6.82983	-709.73425	341.4801	24.15528
-7247.103	-5.80426	-824.75635	305.08154	29.28648
-6391.985	-20.64232	-637.0072	476.57727	19.99211
-6406.1753	-23.21754	-653.9907	480.08118	19.70974
-6383.3833	-16.55372	-661.90497	334.18066	23.21754
-6419.34	-16.64856	-641.1984	432.06476	22.14375
-6509.8633	-18.37289	-655.7045	438.30267	26.21495
-6395.0454	-19.04572	-640.2271	450.02728	26.21495
-6256.4263	-21.60812	-632.2305	356.20038	29.36699
-6349.743	-12.85446	-678.5503	445.09827	28.08066
-6450.012	-19.52733	-644.1032	451.50592	30.21963
-6284.625	-13.97221	-661.1841	411.94873	20.65559
-6297.6724	-23.03474	-639.9335	504.9978	18.37289
-6286.1055	-19.52733	-632.96344	340.0197	19.35933
-6100.105	-19.26933	-643.1239	330.72906	17.00725
-5610.8433	-11.83952	-581.79083	294.182	29.4897
-6379.3833	-21.85575	-637.7652	458.98785	29.36699
-6508.834	-16.64856	-676.6835	437.36584	26.21495
-6382.421	-12.2174	-687.4138	290.32922	30.3828
-6120.166	-10.20221	-674.32367	329.61816	30.21963
-6064.3003	-15.01437	-685.23	285.91302	30.52903
-6240.643	-16.21669	-680.33765	344.6582	20.47737
-6533.357	-6.53195	-726.1807	259.075	29.01012
-5491.4043	-5.80426	-623.8784	214.3825	32.79296
-6326.342	-16.53516	-645.3783	324.8167	30.52903
-6329.8286	-9.08314	-683.4662	313.1054	28.45527
-6419.008	-13.81957	-654.033	440.06134	24.7394
-6100.1753	-8.66173	-624.0835	319.61047	24.81566
-6099.5312	-3.41494	-659.8949	264.34253	28.56166
-6260.768	-4.19177	-666.7375	322.378	24.83813
-6541.388	-10.19582	-710.08246	330.69708	28.78408
-6063.288	-6.03891	-681.10095	332.0371	24.56118
-6298.5913	-6.03891	-676.39343	410.89954	23.03474
-6847.189	-9.90255	-706.3774	388.47247	26.20491
-6674.213	-13.25628	-664.02856	408.88867	28.17564
-6643.5156	-3.6656	-680.4954	405.1286	25.31491
-6422.4814	-12.2174	-634.9059	510.3114	25.31491
-6850.5015	-9.09407	-680.1002	404.1294	24.65902
-6414.353	-13.97221	-650.61835	511.5744	24.43549
