12678.605 147.49121 1998.3345 233.72803 155.38664
13080.446 147.49121 2047.6951 370.8374 150.73563
12973.276 148.98947 2015.3287 381.6515 149.8714
12678.603 147.49121 1998.3345 233.72778 155.38664
12973.277 148.98947 2015.3287 381.65125 178.58943
12930.877 144.32755 2049.0215 365.1228 177.44951
12703.188 144.32755 2011.3716 240.33472 155.38664
13035.428 144.32755 2048.5833 367.84253 159.83609
13080.447 147.49121 2047.695 370.83752 150.73563
13080.447 147.49121 2047.6951 370.83716 159.83609
12946.8545 147.49121 2026.7358 348.2566 159.83609
12930.88 144.32755 2049.0212 365.1228 177.44951
13126.993 144.32755 2060.3948 374.78198 164.75615
12946.855 147.49121 2026.7356 348.25684 159.83609
13126.992 144.32755 2060.395 374.78174 148.98947
13080.446 147.49121 2047.695 370.83728 150.73563
12988.945 148.98947 2013.6135 389.96777 147.49121
12678.6045 147.49121 1998.3346 233.7279 155.38664
12973.279 148.98947 2015.3287 381.65173 173.77284
13080.442 147.49121 2047.6951 370.8369 150.73563
12934.267 147.49121 2037.3146 347.50427 178.58943
13079.865 148.98947 2028.3658 410.04797 144.32755
13035.43 144.32755 2048.5833 367.84277 159.83609
12988.948 148.98947 2013.6134 389.9679 147.49121
12988.946 148.98947 2013.6135 389.96777 149.8714
12678.604 147.49121 1998.3345 233.72778 159.59308
12934.265 147.49121 2037.3146 347.50452 159.59308
12946.8545 147.49121 2026.736 348.2567 159.83609
12973.276 148.98947 2015.3287 381.65173 147.49121
13080.443 147.49121 2047.6951 370.8369 159.59308
12988.945 148.98947 2013.6134 389.96765 159.59308
12934.266 147.49121 2037.3146 347.50427 177.44951
13079.864 148.98947 2028.3657 410.04785 144.32755
13074.016 147.49121 2041.2639 352.4795 177.44951
13126.991 144.32755 2060.395 374.7815 148.98947
13079.865 148.98947 2028.3657 410.04785 178.58943
12946.853 147.49121 2026.736 348.25647 159.83609
12934.267 147.49121 2037.3145 347.5044 159.59308
13074.015 147.49121 2041.2637 352.4795 148.98947
13080.446 147.49121 2047.6951 370.83716 151.41685
13074.011 147.49121 2041.2639 352.479 159.83609
12973.279 148.98947 2015.3286 381.6516 147.49121
12988.949 148.98947 2013.6135 389.96802 159.83609
12988.947 148.98947 2013.6135 389.96777 159.59308
12703.187 144.32755 2011.3716 240.33447 155.38664
12934.268 147.49121 2037.3143 347.50476 159.59308
13074.014 147.49121 2041.264 352.47913 148.98947
13074.015 147.49121 2041.264 352.47913 155.38664
13126.993 144.32755 2060.395 374.78174 177.44951
13080.445 147.49121 2047.6952 370.83704 150.73563
13079.861 148.98947 2028.3658 410.04773 177.44951
