34051.72 59.88533 2601.1067 587.25464 80.25228
33663.562 65.34835 2580.2002 534.2019 79.81705
33663.55 65.34835 2580.2002 534.2019 74.12405
33565.52 68.89751 2537.418 547.2522 104.28301
33682.594 54.3203 2626.2393 559.5425 89.72325
33331.98 68.89751 2583.1826 538.29346 70.75626
33484.223 59.90779 2577.077 508.16577 80.27926
33778.48 59.90779 2567.4773 579.0532 65.69004
33683.516 68.89751 2573.4468 573.7854 74.12405
33390.44 63.7898 2583.7185 515.3396 74.12405
33907.008 59.90779 2603.7336 588.19165 89.72325
34016.703 59.88533 2600.1194 550.261 74.12405
33585.84 69.34026 2499.8096 668.7854 68.89751
33655.734 65.69004 2595.2568 516.9712 104.28301
33430.17 54.3203 2587.4934 508.7334 69.34026
33926.734 59.90779 2590.4287 589.34155 80.25228
33926.746 59.90779 2590.4282 589.3425 80.25228
33887.914 59.90779 2584.6394 581.1328 103.803
33299.332 65.69004 2588.3862 490.8767 70.75626
33680.555 68.89751 2590.0537 564.38745 77.67891
33851.73 59.90779 2583.423 562.0974 68.15492
33565.516 68.89751 2537.4175 547.25244 71.44061
33680.55 68.89751 2590.0537 564.3872 65.69004
33655.742 65.69004 2595.2568 516.97144 70.75626
33561.723 70.75626 2516.5417 638.05493 104.28301
33191.387 68.89751 2518.0977 533.6072 70.75626
33626.81 54.3203 2605.0051 519.6199 70.75626
33760.934 54.3203 2590.383 528.2893 68.15492
33682.586 54.3203 2626.2395 559.542 89.72325
33430.18 54.3203 2587.493 508.73413 68.15492
33987.277 54.3203 2611.8762 545.71313 68.15492
33735.973 68.89751 2583.252 577.9778 77.67891
33655.746 65.69004 2595.2568 516.97144 89.87119
33191.383 68.89751 2518.098 533.60693 76.75111
33050.883 70.75626 2503.8708 605.27515 76.75111
33344.242 68.89751 2569.2866 544.98047 85.2095
33276.312 65.69004 2579.2874 505.88037 65.34835
33174.895 68.15492 2509.982 547.6279 68.26019
33887.9 59.90779 2584.6394 581.13306 80.25228
33872.17 59.88533 2616.1118 533.3323 80.25228
33887.91 59.90779 2584.6394 581.1333 80.25228
33865.824 59.90779 2596.3962 576.58496 80.27926
33811.34 59.90779 2595.409 539.59204 68.15492
33812.066 54.3203 2578.6797 537.7051 71.44061
33430.168 54.3203 2587.4934 508.73364 68.15492
33452.574 59.88533 2604.6685 479.45483 74.12405
33735.965 68.89751 2583.252 577.97754 74.12405
33689.375 54.3203 2593.3337 532.8921 70.75626
33744.92 54.3203 2591.8691 521.94946 71.44061
33377.3 54.3203 2576.3123 504.54077 70.75626
33452.582 59.88533 2604.6682 479.45508 74.12405
33344.234 68.89751 2569.2866 544.98047 74.12405
33299.34 65.69004 2588.386 490.8772 71.44061
33883.645 59.88533 2562.8643 598.90137 72.3639
33821.93 59.88533 2551.8735 557.15967 72.3639
33962.812 59.88533 2612.1052 527.7561 76.75111
33735.465 59.90779 2589.4246 539.3777 78.22947
33879.258 59.88533 2523.09 634.65576 68.89751
33883.65 59.88533 2562.8643 598.9009 72.8456
33872.176 59.88533 2616.1113 533.3325 80.25228
33682.582 54.3203 2626.2395 559.54175 89.72325
33907.0 59.90779 2603.734 588.19165 89.72325
33865.83 59.90779 2596.3965 576.58545 80.27926
34018.477 59.88533 2614.0312 521.59717 80.25228
33821.918 59.88533 2551.8738 557.1594 72.3639
33883.64 59.88533 2562.8643 598.9011 72.3639
33987.277 54.3203 2611.8765 545.7136 68.15492
33763.57 54.3203 2592.146 532.15137 70.75626
33717.984 65.69004 2588.939 584.44604 89.72325
33763.574 54.3203 2592.1455 532.15186 71.44061
33809.168 59.88533 2611.953 505.13525 85.2095
34016.71 59.88533 2600.1194 550.2612 79.81705
33905.9 59.88533 2561.3362 568.69556 72.3639
33851.723 59.90779 2583.4236 562.0974 70.75626
33690.465 63.7898 2581.2393 578.09644 73.06474
33689.434 63.7898 2588.912 559.9038 68.15492
33811.332 59.90779 2595.4092 539.59204 71.44061
33626.797 54.3203 2605.0054 519.61914 68.15492
34051.73 59.88533 2601.1064 587.2544 80.25228
33962.805 59.88533 2612.1055 527.7561 74.12405
34016.71 59.88533 2600.1194 550.2615 74.12405
33626.793 54.3203 2605.0054 519.61865 71.44061
33962.812 59.88533 2612.105 527.7561 74.12405
33812.08 54.3203 2578.6797 537.70557 71.44061
34051.746 59.88533 2601.1064 587.2549 80.25228
33926.74 59.90779 2590.4285 589.34204 80.27926
33750.86 65.34835 2598.1355 548.3425 80.25228
33344.227 68.89751 2569.2866 544.9802 74.12405
33655.72 65.69004 2595.257 516.9712 70.75626
33682.594 54.3203 2626.2393 559.54224 112.87999
34073.31 59.88533 2622.6865 574.09937 89.72325
33680.56 68.89751 2590.0537 564.38745 89.87119
33809.16 59.88533 2611.9534 505.135 85.2095
33744.91 54.3203 2591.8691 521.9492 70.75626
33377.28 54.3203 2576.3125 504.54077 70.75626
33962.816 59.88533 2612.1047 527.7566 74.12405
33855.875 59.90779 2596.106 534.66284 80.25228
33907.01 59.90779 2603.734 588.1919 89.72325
34018.492 59.88533 2614.0312 521.5974 80.25228
33689.43 63.7898 2588.9124 559.90405 68.15492
33745.637 54.3203 2575.091 555.1111 65.69004
33671.375 54.3203 2576.279 555.85156 65.34835
33735.965 68.89751 2583.2524 577.97754 85.2095
33712.984 65.69004 2582.362 567.8467 80.25228
33750.86 65.34835 2598.1357 548.3423 86.05238
33561.723 70.75626 2516.5417 638.0554 68.89751
33561.72 70.75626 2516.5417 638.0552 68.89751
33663.56 65.34835 2580.2002 534.20166 88.3876
33723.33 63.7898 2590.8862 576.2483 74.12405
33689.445 63.7898 2588.912 559.90405 68.26019
33865.85 59.90779 2596.3962 576.58545 80.27926
33887.91 59.90779 2584.6396 581.13354 80.25228
34073.324 59.88533 2622.6863 574.0996 89.72325
33926.74 59.90779 2590.4282 589.3423 80.25228
33872.168 59.88533 2616.1116 533.33203 112.87999
34073.312 59.88533 2622.686 574.09937 89.72325
33887.902 59.90779 2584.6394 581.13306 80.27926
33865.844 59.90779 2596.3962 576.58496 112.87999
33811.33 59.90779 2595.4092 539.5918 68.15492
33987.28 54.3203 2611.876 545.71387 68.15492
33683.152 65.34835 2587.266 563.4448 74.12405
33723.336 63.7898 2590.8865 576.24854 74.12405
33191.395 68.89751 2518.0974 533.6072 70.75626
33050.887 70.75626 2503.871 605.27563 68.89751
33760.94 54.3203 2590.3828 528.28955 70.75626
33811.332 59.90779 2595.4092 539.5918 72.3639
33962.8 59.88533 2612.1052 527.75586 74.12405
33689.438 63.7898 2588.912 559.9043 68.15492
33690.465 63.7898 2581.239 578.0967 68.15492
33595.926 68.15492 2512.5698 592.0032 65.41608
33610.758 65.34835 2589.3745 518.2388 65.69004
33634.95 65.69004 2588.9504 529.1826 65.34835
33299.336 65.69004 2588.386 490.87695 70.75626
33655.734 65.69004 2595.257 516.97144 76.75111
33851.727 59.90779 2583.4233 562.0974 68.15492
33987.285 54.3203 2611.876 545.7136 71.44061
34020.69 54.3203 2627.8354 590.91113 89.72325
33551.254 68.15492 2529.3022 561.2722 65.41608
33610.754 65.34835 2589.3748 518.2388 68.26019
33760.938 54.3203 2590.383 528.28955 68.15492
33430.17 54.3203 2587.4932 508.73364 68.15492
33276.305 65.69004 2579.2874 505.88013 65.34835
33299.344 65.69004 2588.386 490.87695 79.81705
33344.23 68.89751 2569.2869 544.98 76.75111
33397.94 68.89751 2577.2148 551.05005 86.05238
33881.023 59.90779 2572.2522 622.27026 74.12405
33723.355 63.7898 2590.8862 576.2483 79.81705
33663.555 65.34835 2580.2004 534.2019 80.27926
33723.33 63.7898 2590.8865 576.2483 76.75111
33595.914 68.15492 2512.57 592.00244 65.41608
33663.562 65.34835 2580.2002 534.20215 74.12405
33634.94 65.69004 2588.9507 529.1819 65.34835
33610.746 65.34835 2589.3748 518.2385 65.69004
33276.316 65.69004 2579.287 505.88037 65.34835
33174.887 68.15492 2509.9822 547.6279 65.41608
33683.527 68.89751 2573.4465 573.7854 82.24304
33809.164 59.88533 2611.9531 505.135 74.12405
33735.96 68.89751 2583.2522 577.9778 74.12405
33683.156 65.34835 2587.266 563.4448 74.39336
33397.93 68.89751 2577.215 551.0503 74.12405
33735.977 68.89751 2583.2522 577.978 74.12405
33561.727 70.75626 2516.5415 638.05566 74.12405
33760.934 54.3203 2590.383 528.28906 70.75626
33639.72 54.3203 2576.7031 544.9082 65.69004
33697.137 63.7898 2594.6987 561.9165 74.12405
33855.87 59.90779 2596.106 534.6626 80.25228
33050.887 70.75626 2503.871 605.2754 80.25228
33565.516 68.89751 2537.418 547.2522 74.12405
33565.51 68.89751 2537.4177 547.25244 70.75626
33683.523 68.89751 2573.4465 573.78516 77.67891
33719.98 65.34835 2596.4731 536.0071 80.25228
33663.547 65.34835 2580.2004 534.20166 80.27926
33369.785 70.75626 2523.1912 618.92017 68.89751
33683.52 68.89751 2573.4468 573.7854 89.87119
33809.176 59.88533 2611.953 505.1355 74.12405
33595.92 68.15492 2512.5698 592.0027 65.41608
33174.883 68.15492 2509.9822 547.6277 65.41608
33191.383 68.89751 2518.0977 533.60693 70.75626
33050.89 70.75626 2503.8708 605.2754 68.89751
