3849.7686 116.11183 1064.8932 81.59631 149.62454
3504.8875 123.55983 923.8962 154.95392 142.87265
3777.4165 151.80461 992.29034 176.08917 147.03775
3530.872 117.57095 943.2599 137.18835 142.98242
3829.3535 142.87265 1067.2294 60.77002 149.62454
3811.7551 142.87265 1064.3394 59.764282 156.50897
3808.4304 138.8136 1045.8118 87.65979 145.20337
3862.8057 116.11183 1064.7433 82.03296 149.62454
3661.213 145.04329 997.8027 79.22577 154.9408
3839.1616 147.03775 1054.0359 90.63855 162.88306
3723.9656 117.03864 1039.262 58.57019 156.50897
3738.223 150.77475 1001.2077 119.64667 162.88306
3746.7573 148.66559 1033.0168 88.74072 156.50897
3767.3037 151.80461 1025.8767 134.62659 149.62454
3633.8748 154.6745 983.0947 93.14661 157.1538
3652.2166 146.81595 1014.49536 69.25354 145.20337
3460.7222 143.94437 910.90704 129.92047 142.87265
3495.3896 143.8985 920.4676 145.91534 142.98242
3732.362 147.04594 1028.2722 104.904785 148.66559
3736.4307 152.81738 1015.5254 81.521484 149.62454
3737.299 149.62454 991.9749 179.26678 146.81595
3650.6633 149.33876 946.5734 126.38397 145.62318
3422.9302 120.58631 923.7535 116.52887 140.6333
3450.8906 132.29478 935.70404 105.86774 142.29216
3254.508 116.20982 824.9143 205.47644 138.49104
3853.1475 117.03864 1077.7528 46.427124 159.20638
3331.065 120.58631 905.1597 103.13385 140.76094
3810.673 148.66559 1041.6564 99.04138 151.80461
3533.3794 139.43135 967.79694 79.837585 143.94437
3873.512 142.87265 1087.6736 59.97473 151.80461
3765.8618 145.20337 1003.24274 114.690735 143.8985
3751.9956 156.002 983.73883 126.90277 151.80461
