7693.1616 156.74846 1644.0175 110.09839 182.50279
7855.6694 181.7072 1694.6451 135.22937 201.64563
7742.6807 166.85081 1634.4132 133.74646 201.64563
7737.566 166.85081 1649.6271 122.63928 190.53282
7786.226 181.57945 1667.2844 137.901 171.51328
7779.9487 181.7072 1661.0068 134.40503 201.64563
7681.942 181.7072 1604.1328 201.79248 175.97603
6905.7354 158.36867 1472.381 183.75952 169.91818
7686.5303 182.50279 1637.3855 127.37146 177.18243
7734.344 181.57977 1646.4048 122.19336 175.97603
7421.56 169.7106 1565.3806 214.05603 170.16061
7423.6455 169.2478 1593.6815 105.233154 174.63663
7789.479 184.04543 1628.4531 206.09314 180.78838
7644.7197 181.57977 1650.9258 82.15662 177.18243
7027.7554 158.1165 1504.1871 131.52539 169.7106
7061.662 169.97684 1531.7166 86.87744 176.8985
7855.67 181.7072 1694.6453 135.22949 182.50279
7855.6704 181.7072 1694.6451 135.22961 182.50279
7671.858 169.2478 1654.9097 96.30847 180.78838
7800.513 182.50279 1639.4883 199.54492 181.7072
7280.486 156.74846 1578.3264 94.431885 174.63663
7443.654 151.34694 1621.3855 80.523926 171.56995
7792.7 182.50279 1632.8647 176.22803 201.64563
