136002.22 59.54766 5754.633 1041.417 88.28069
134928.77 49.68494 5622.913 1163.606 85.88001
135371.81 59.54766 5621.0137 1149.7832 86.95538
127971.69 77.61249 5171.3296 1411.2866 80.4346
129893.17 80.80602 5015.003 1684.9668 81.09992
135246.61 59.54766 5113.1865 1691.8613 85.88001
135101.8 59.54766 5111.388 1741.5317 85.80837
134885.31 59.54766 5111.8403 1722.4375 84.51269
134626.11 59.54766 5099.909 1719.2754 84.51269
132020.56 60.01181 5066.054 1651.419 85.24259
131275.22 60.01181 5080.548 1634.1338 85.24259
121868.125 59.47903 4989.336 911.0469 85.24259
121510.81 59.47903 5014.8022 865.9795 85.24259
121653.93 59.47903 4995.495 903.20605 85.29816
121611.65 59.54766 4997.917 883.1787 85.29816
121615.11 59.54766 4967.226 906.59717 85.29816
118096.65 55.81272 4754.3086 902.25635 84.44633
118155.77 55.81272 4769.497 915.4409 84.44633
120134.35 63.11495 4861.7754 919.29346 84.41233
125110.31 55.2176 5234.304 715.48535 97.86673
125213.016 55.2176 5221.073 737.1499 97.86673
130581.73 65.03171 5352.557 1319.5435 93.23334
130171.49 65.03171 5337.3794 1286.5093 93.23334
130314.07 65.03171 5300.057 1335.4922 88.70647
125938.336 42.49723 5232.2773 836.65234 86.96655
127216.45 70.3423 5233.7725 842.43994 91.62334
126824.92 66.86342 5231.5796 821.2749 91.62334
126473.67 66.86342 5246.2144 801.2446 91.62334
126611.26 42.49723 5208.5874 852.7339 86.68533
126503.68 42.49723 5225.9097 848.0342 86.68533
126463.84 44.42643 5227.052 823.6045 86.68533
126341.78 44.07973 5235.9053 850.667 86.68533
126210.01 44.07973 5228.2983 849.0283 86.68533
126987.23 44.07973 5272.015 862.6548 86.68533
127156.85 44.07973 5270.388 853.12695 86.68533
125518.81 44.07973 5265.7456 799.4536 86.68533
125385.6 44.07973 5268.9985 806.4551 86.68533
125702.98 44.07973 5262.5815 834.4746 86.68533
125735.34 44.07973 5266.6533 920.29736 85.88001
125838.31 44.07973 5263.6226 916.1289 85.88001
125365.375 44.07973 5262.187 889.65283 85.98663
125471.62 44.07973 5248.998 893.9419 85.98663
124732.46 44.07973 5222.83 872.49756 85.98663
124944.99 44.42643 5237.3774 875.31885 85.98663
125505.984 52.14038 5316.26 843.63184 86.96655
127283.86 53.25375 5361.093 897.67334 94.28477
127633.15 53.25375 5324.841 954.9077 94.28477
127889.836 53.25375 5319.628 956.8872 94.02884
128012.42 53.25375 5304.471 962.78955 94.02884
126913.766 59.54766 5215.09 811.58496 95.6881
127543.74 59.54766 5355.678 717.2627 98.07202
127869.48 59.54766 5385.6963 706.916 99.38673
128845.91 63.19625 5384.548 955.01514 99.38673
129444.11 63.19625 5400.0674 1292.0479 99.38673
129461.875 62.50382 5349.3096 1183.3857 91.62334
129742.41 62.50382 5344.9033 1143.8315 91.62334
130549.52 62.50382 5378.173 1186.4585 91.62334
130520.57 62.50382 5356.4487 1211.4375 88.23816
130283.984 64.14057 5242.0874 1315.001 88.76254
129529.55 64.14057 5213.635 1307.9199 88.76254
128808.055 63.68961 5118.163 1363.416 84.51269
128200.836 44.81031 5226.806 1300.9976 82.84373
128514.44 43.20989 5284.664 1023.37354 87.57709
128377.28 43.20989 5272.199 1022.7241 87.57709
127999.086 43.20989 5258.2314 973.66504 87.57709
123983.69 59.31443 5108.996 963.63135 85.76505
123259.734 56.89404 4947.5083 1254.8496 81.08709
122857.27 57.46669 4879.8545 1339.75 81.08709
124049.11 55.2176 5007.781 1365.5117 81.09992
124591.98 55.2176 5029.078 1373.1533 81.09992
123299.23 65.54475 5015.716 1044.9624 81.09992
123440.92 60.19064 5012.944 1053.3237 81.16195
123119.805 60.19064 5005.262 1026.2744 81.16195
123986.64 57.42601 5031.2754 1145.3223 81.436
124379.555 57.42601 4976.122 1242.251 81.436
124080.85 57.42601 5009.4995 1189.1826 81.436
123757.86 57.42601 5041.3203 1122.3774 81.436
132052.05 61.79376 5466.272 1244.7407 90.10599
132266.62 61.79376 5426.222 1295.9277 93.54123
132399.0 61.79376 5384.158 1365.4829 95.19598
132367.64 61.97238 5397.432 1362.7026 93.54123
132709.36 61.97238 5350.2876 1543.794 89.03345
133358.03 61.97238 5428.8 1455.4194 94.43549
133314.73 65.54475 5426.5947 1387.8594 94.43549
133176.88 65.54475 5390.09 1515.77 92.28227
132920.47 67.86914 5312.988 1529.0225 92.28227
132695.3 67.86914 5331.9585 1593.6484 92.28227
133432.62 67.28993 5332.0464 1543.919 92.28227
133231.89 67.28993 5360.815 1490.1069 92.28227
132811.3 65.92001 5359.086 1465.2129 93.35587
132662.2 65.92001 5362.9717 1432.7593 93.35587
132236.89 65.92001 5330.7944 1443.4458 89.89492
131811.05 65.92001 5342.982 1375.8447 89.89492
131198.03 65.92001 5366.21 1360.8462 89.89492
127356.195 63.68961 5206.146 1286.5742 86.06027
127141.92 61.52104 5215.8374 1248.1274 86.10536
127810.516 63.68961 5225.6216 1199.5361 86.68533
128263.81 62.65558 5205.4443 1170.3633 86.68533
128189.02 62.65558 5225.3237 1144.311 88.77423
128048.4 62.65558 5231.1406 1068.5654 88.77423
127949.85 62.65558 5235.292 1072.2686 88.77423
128374.36 62.65558 5183.477 1115.1616 90.5701
128573.234 62.65558 5241.008 1077.2124 91.62334
127937.805 62.65558 5268.5806 1041.9111 91.62334
128210.15 63.19625 5274.872 1033.6089 96.73195
128335.99 63.19625 5315.1973 1043.3447 91.62334
127891.76 63.19625 5303.561 1023.0469 91.62334
126811.38 63.19625 5281.8843 1019.8213 91.62334
126360.13 64.76466 5253.7188 1029.417 91.62334
126180.19 64.76466 5260.0635 1062.2256 94.53408
126871.64 64.76466 5277.488 1113.0728 91.62334
127038.21 64.76466 5258.776 1104.814 91.62334
127813.29 65.92001 5199.6895 1070.0669 86.68533
127830.26 65.92001 5190.4917 1079.7075 86.68533
127805.484 65.92001 5191.902 1064.377 86.68533
127892.44 65.92001 5165.895 1068.5688 96.69106
128356.37 65.92001 5233.508 1006.51807 99.20018
128492.15 65.92001 5203.077 1054.4243 99.20018
128393.16 66.24141 5178.767 1095.4258 99.20018
127996.234 66.24141 5158.793 1062.9258 99.20018
128308.89 66.24141 5183.8623 1288.2266 90.5701
128712.3 63.88976 5274.7925 1187.9238 91.22048
128789.836 63.88976 5229.6685 1228.7295 91.22048
129140.75 63.88976 5250.818 1250.124 91.22048
129166.39 63.88976 5302.1772 1256.4185 91.22048
128894.016 63.88976 5298.0234 1246.3389 91.22048
128734.89 64.72157 5283.338 1296.3745 89.26632
127748.08 63.33175 5264.2812 1274.8599 86.01452
128000.68 63.13265 5252.209 1342.373 85.24259
127659.37 60.19064 5271.036 1284.4634 85.24259
127783.75 63.13265 5266.5054 1324.1343 85.24259
127562.95 66.1138 5242.1294 1330.4492 85.24259
127828.766 66.1138 5195.959 1342.23 88.50121
126825.33 66.30272 5241.421 1242.2114 88.50121
125632.43 67.30365 5198.3047 1171.9409 84.51028
125880.305 67.30365 5199.561 1207.2632 84.51028
125905.8 67.30365 5173.7876 1169.3716 84.51028
123234.49 60.19064 5028.4424 962.01465 83.15903
123672.05 60.19064 5009.0137 991.66455 83.15903
123289.96 60.19064 4991.9795 973.3677 83.15903
123188.73 60.19064 4998.8394 947.1763 83.15903
124006.79 60.19064 5056.538 998.5747 83.15903
123635.055 43.20989 5057.765 976.11084 83.15903
123421.55 43.20989 5066.2734 930.64014 83.15903
122323.62 43.20989 5029.611 954.2456 82.15256
122385.16 43.20989 5006.478 950.333 82.15256
122667.08 43.20989 5015.8643 957.9448 82.15256
122037.7 43.20989 5043.9336 927.28076 85.09737
121460.87 43.20989 5030.2705 907.1504 85.09737
121704.86 53.26099 5043.699 938.5786 81.47338
121402.32 53.26099 5014.4766 935.82324 81.47338
121231.41 53.26099 4992.587 933.2866 83.46946
120977.74 64.21273 4990.301 940.5425 83.46946
120992.53 64.78413 4989.6387 949.98 83.46946
124317.25 62.23242 5049.754 977.87354 85.88001
121098.59 61.52104 5006.7344 896.7866 85.49166
121405.44 61.52104 5026.6675 900.8198 85.49166
122984.03 63.19625 5059.7573 927.1499 85.24259
122770.414 63.19625 5062.138 918.2661 85.24259
122923.016 63.19625 5064.0396 918.96533 85.24259
122514.22 63.19625 5064.9443 945.27637 85.24259
122538.67 63.19625 5091.7334 975.1426 85.24259
122398.4 63.64043 5033.851 958.0288 86.01452
122566.16 63.64043 5039.1426 968.5674 85.24259
123251.2 63.64043 5048.9434 1001.0161 85.88001
123212.15 63.64043 5054.4365 1009.7344 85.24259
123145.125 63.64043 5039.0796 998.25586 85.24259
124166.05 59.54766 5057.483 963.1323 85.41974
129095.61 61.79376 5053.6343 1546.6924 82.44935
129407.41 62.01994 5047.5645 1545.1611 82.44935
129530.98 63.19625 5042.3022 1529.8042 83.26028
129033.24 63.19625 5060.606 1479.7759 83.26028
128196.805 63.19625 5059.483 1437.4897 83.26028
128279.05 60.90624 5104.364 1418.772 82.63585
128329.98 60.90624 5082.278 1440.5698 82.27607
128001.625 60.90624 5066.0146 1433.6079 82.27607
128705.1 49.68494 5085.0234 1420.8765 82.27607
128631.695 49.68494 5094.3755 1418.0532 82.27607
127490.42 49.68494 5089.5654 1359.7842 82.27607
127579.59 49.68494 5096.963 1402.9985 82.27607
126825.85 62.65558 5120.827 1355.4644 82.27607
126605.42 62.65558 5100.106 1329.3677 82.27607
127031.81 61.79376 5085.784 1339.4224 82.27607
127286.12 61.79376 5095.686 1380.2261 83.76067
126861.84 61.79376 5114.9233 1336.3838 82.44935
126919.33 63.19625 5075.4507 1365.1006 84.26611
126885.35 63.19625 5097.665 1334.9883 84.26611
127021.72 63.19625 5152.218 1264.2114 84.44633
127311.92 63.19625 5152.1943 1271.9546 84.44633
127538.484 63.19625 5186.129 1292.4067 84.44633
127702.06 63.19625 5158.9873 1302.7837 84.44633
127810.67 63.33175 5088.7144 1300.4058 84.44633
127604.195 63.33175 5116.4995 1291.9233 84.44633
127664.33 63.33175 5104.093 1300.1226 84.44633
127518.14 63.33175 5118.4653 1299.6172 85.24259
127850.516 61.53772 5157.7056 1274.0342 85.52099
128404.57 51.4283 5260.916 1235.5132 85.33867
128181.84 49.68494 5258.574 1166.2466 84.44633
130393.42 63.68961 5284.924 1290.2842 85.88001
129956.37 63.88976 5159.1143 1404.4756 85.41974
129416.88 63.88976 5138.369 1392.4165 85.41974
128370.69 69.85973 5202.3823 1362.1929 86.68533
127624.305 67.46873 5185.401 1324.2695 87.09123
126063.96 67.46873 5147.6333 1146.6392 87.09123
125846.58 67.46873 5126.2837 1095.7705 86.68533
126199.94 67.46873 5127.41 1119.4414 86.68533
127049.21 68.81345 5119.9087 1112.3799 86.68533
127825.83 69.57904 5087.8604 1157.9272 86.68533
128446.3 69.57904 5108.5605 1225.061 86.68533
129030.96 69.57904 5163.0215 1236.5938 86.68533
129905.414 57.42601 5266.465 1164.1606 86.68533
130209.05 57.42601 5256.698 1177.459 86.68533
129965.195 57.42601 5283.7837 1166.1255 86.68533
129371.7 57.42601 5277.2114 1110.2163 86.68533
129487.74 57.42601 5270.523 1149.9946 86.68533
129691.695 53.32655 5303.0566 1143.1318 86.68533
129513.27 53.32655 5349.575 1078.9038 86.68533
129341.91 53.32655 5356.892 1075.3779 86.68533
129252.44 53.32655 5349.394 1033.0005 86.68533
127791.94 66.47507 5093.862 1134.9116 92.73876
124442.57 50.66628 5155.639 996.8345 84.44633
125215.0 57.07162 5096.25 1027.4712 83.54575
125554.04 57.07162 5118.6797 1048.1182 83.54575
127030.99 58.57631 5151.407 1127.5259 84.82867
126863.1 63.68961 5204.0835 1034.9482 84.82867
128031.234 50.66628 5242.516 1032.292 87.75269
127908.34 53.25375 5306.571 912.12695 88.73279
127760.336 60.19064 5175.6016 1000.3413 86.68533
126570.08 62.23242 5261.8643 950.1636 86.69402
127676.625 60.82041 5284.5244 1067.19 87.67986
128052.695 60.82041 5230.753 1112.5796 86.68533
128025.04 60.82041 5247.486 1128.9268 86.68533
127859.83 60.82041 5251.8213 1048.708 86.68533
127967.96 60.82041 5202.4937 1062.3584 86.68533
128314.32 60.82041 5221.8633 1069.3975 86.68533
128909.836 60.82041 5170.4717 1164.2769 86.68533
129170.26 60.82041 5174.099 1173.3794 86.68533
129317.64 60.82041 5201.487 1153.8042 87.6485
129146.6 60.82041 5202.853 1182.6953 87.6485
130168.945 60.82041 5287.3535 1213.0537 87.6485
129739.7 60.82041 5267.8193 1195.7593 88.73279
129919.945 60.82041 5261.4653 1202.5137 88.73279
129537.13 60.82041 5249.9004 1222.8799 86.15067
129505.96 60.82041 5249.2354 1210.2598 86.15067
130122.08 63.88976 5224.9194 1279.3486 86.15067
129701.14 63.88976 5223.0986 1277.4297 90.30738
129262.836 63.88976 5216.6123 1275.561 90.30738
129086.89 65.54475 5194.84 1249.8716 90.30738
129194.555 65.54475 5205.87 1265.1685 90.30738
128323.48 65.54475 5186.2173 1170.0449 90.30738
128162.66 65.54475 5164.166 1154.9194 90.30738
127973.51 64.78413 5179.751 1173.3569 89.60357
128169.0 52.14038 5239.2793 927.3916 86.68533
127837.33 52.14038 5266.749 862.77783 86.68533
129009.195 52.14038 5320.529 1148.5742 86.06027
129229.96 52.14038 5303.005 1118.3618 86.06027
129277.77 52.14038 5283.116 1137.1543 86.06027
129019.4 52.14038 5309.4336 1168.7891 86.06027
129912.99 52.14038 5304.5156 1209.019 86.06027
130062.74 52.14038 5271.7515 1264.7153 86.06027
129894.04 53.25375 5302.272 1228.8184 86.06027
129940.2 53.25375 5276.693 1247.3271 86.06027
130227.06 53.25375 5297.4985 1266.8423 86.06027
130928.91 61.79376 5338.622 1357.6353 86.05312
129792.61 50.65845 5368.057 1173.6528 86.05312
130255.97 50.65845 5383.613 1190.8389 86.05312
130567.36 50.65845 5387.008 1208.9009 86.05312
131247.02 50.65845 5394.74 1241.8867 86.05312
131334.0 50.65845 5406.2056 1277.6035 86.05312
131532.17 50.65845 5352.602 1314.2109 86.05312
131381.92 50.65845 5331.5117 1288.9858 86.05312
131259.25 57.42601 5321.8 1307.2378 86.05312
131010.92 57.42601 5352.9536 1330.2588 86.05312
131220.47 57.42601 5348.2915 1295.4248 85.46153
131417.27 57.42601 5349.044 1314.4927 85.46153
129232.9 57.42601 5180.901 1341.1738 84.66508
129255.92 54.77634 5168.698 1361.5542 85.24259
129502.6 54.77634 5174.3003 1365.7012 84.66508
129785.14 62.23242 5178.0293 1454.0801 84.66508
129867.0 62.23242 5180.7925 1469.5688 84.66508
130314.93 61.99757 5186.6626 1482.7949 84.66508
130434.21 61.99757 5184.799 1390.7607 84.66508
130006.18 61.99757 5208.4395 1482.7808 84.66508
129625.44 60.19064 5197.7812 1475.4121 84.66508
129583.08 60.19064 5171.9253 1545.4746 83.39676
129243.71 60.19064 5191.0713 1502.8345 83.39676
128786.83 60.19064 5159.7866 1500.3755 83.3172
128909.0 60.19064 5167.6816 1505.8574 83.3172
128810.08 61.52104 5189.9346 1514.8281 83.3172
128085.766 60.95644 5162.504 1506.2095 83.3172
128318.67 59.21374 5160.567 1492.373 83.3172
128378.64 59.21374 5152.443 1425.0576 83.3172
130219.16 59.21374 5230.7603 1376.6426 84.44633
129550.41 51.19769 5288.704 1268.6807 84.44633
130007.81 51.19769 5296.715 1296.9053 84.44633
130161.95 49.68494 5335.517 1279.9424 84.44633
129816.234 49.68494 5300.445 1210.6445 84.44633
129292.84 49.68494 5303.7153 1184.3237 84.44633
127172.26 58.57631 5036.282 1395.3145 82.44935
134770.73 49.68494 5628.175 1099.9316 85.88001
134350.62 49.68494 5623.9814 1095.7456 85.88001
133253.8 52.14038 5289.9956 1355.146 82.83937
133200.72 52.14038 5289.9243 1352.8252 86.15067
131795.25 52.14038 5237.2964 1331.2686 86.15067
131435.97 52.14038 5241.4087 1278.456 86.15067
130718.13 52.14038 5193.195 1276.581 86.15067
130347.51 52.14038 5193.073 1276.6895 82.83937
130130.72 54.44828 5171.5957 1324.7144 82.83937
129754.414 54.44828 5179.0684 1336.0942 82.83937
129470.48 54.44828 5189.392 1288.5977 82.83937
128486.375 54.44828 5070.3057 1359.7021 82.70551
128169.59 54.44828 5068.0283 1322.4966 82.70551
127665.81 53.32655 5065.6064 1313.417 82.70551
127620.5 53.32655 5088.848 1331.6475 82.70551
126952.46 53.32655 5079.1787 1317.623 82.70551
126596.08 53.32655 5095.781 1292.1914 82.70551
125904.16 53.32655 5078.2476 1292.5356 80.61043
125610.66 53.32655 5066.7607 1280.7344 80.61043
125174.53 53.32655 5035.182 1270.1841 80.61043
124839.95 48.46099 5027.79 1267.187 80.61043
124529.195 48.46099 5029.2524 1230.9272 80.61043
124519.12 48.46099 5036.1484 1244.5889 80.61043
122891.586 48.46099 4218.463 2122.0137 79.51901
122521.52 62.74442 4246.454 2126.538 79.51901
122611.87 62.74442 4242.607 2135.8613 79.51901
122715.39 60.95644 4322.364 2074.7622 79.4179
122170.03 60.95644 4311.8784 2053.5425 79.4179
122158.04 60.95644 4337.307 2031.5659 79.4179
122762.42 59.31443 4801.728 1537.0552 79.4179
123014.49 59.31443 4789.2 1556.3354 80.08946
123667.52 43.20989 4846.047 1555.6152 80.08946
123693.22 43.20989 4852.682 1562.3535 80.08946
123319.53 43.20989 4853.597 1585.8145 80.08946
122512.336 43.20989 4870.5376 1569.189 80.08946
121972.266 43.20989 4859.2417 1557.0435 80.08946
121543.516 53.25375 4825.581 1584.4795 80.08946
121157.03 53.25375 4829.739 1551.2036 80.08946
120761.75 53.25375 4827.8833 1491.2749 80.28476
121026.73 53.25375 4834.184 1496.6343 80.28476
121223.16 53.25375 4807.0005 1540.102 80.28476
121863.57 53.25375 4818.392 1623.7651 80.28476
122162.47 59.31443 4811.289 1666.9443 80.08946
121993.74 59.31443 4820.552 1694.2139 80.08946
120734.516 58.57631 4782.388 1260.1045 80.08946
120818.95 58.57631 4797.185 1267.2192 80.08946
120643.68 58.57631 4820.189 1224.1123 79.8141
120726.73 58.57631 4824.2466 1252.0435 79.8141
120890.48 51.19769 4787.538 1326.4106 79.8141
121177.92 51.19769 4803.4907 1343.6782 79.8141
120670.42 51.19769 4776.647 1218.2192 79.8141
120025.72 42.49723 4864.22 1126.1362 79.8141
120226.68 42.49723 4846.684 1130.5972 79.8141
120272.195 42.49723 4846.3 1145.9048 79.8141
120429.83 42.49723 4817.653 1203.5767 79.8141
120958.48 42.49723 4849.495 1136.5469 80.11917
121090.83 42.49723 4805.71 1201.8989 80.11917
121641.86 42.49723 4988.1562 1004.30176 80.4346
122291.04 51.21892 5010.289 1024.1108 80.4346
121809.336 60.17022 4835.969 1223.2964 80.4346
122530.414 60.17022 4875.473 1120.6421 80.61043
122481.82 60.17022 4925.515 1016.43164 80.61043
122329.3 60.17022 4936.8696 1008.16504 80.61043
121832.914 60.17022 4922.618 992.5742 80.61043
121750.34 62.50382 4931.4854 1005.2505 80.61043
121647.11 55.09115 4912.373 1014.2036 80.4346
120850.32 55.09115 4928.4536 991.03174 80.4346
121017.13 55.09115 4915.277 982.69385 80.4346
121312.74 55.09115 4919.676 946.76514 80.50942
121332.02 55.09115 4922.1104 935.3467 83.18378
120856.945 55.09115 4902.0903 930.7759 83.18378
120865.08 55.09115 4888.956 923.0654 83.18378
120377.19 55.09115 4901.5234 928.6704 83.18378
120555.73 43.20989 4905.8994 928.27686 83.18378
120021.61 43.20989 4900.042 924.9741 83.18378
119744.45 43.20989 4899.9175 877.73047 83.18378
119595.69 43.20989 4894.8306 868.4282 82.27607
119965.44 43.20989 4913.538 891.84863 82.27607
120107.35 43.20989 4892.976 899.4087 82.83937
119976.445 43.20989 4887.2847 882.1304 82.83937
120041.35 51.21892 4886.319 894.53125 83.76067
121678.26 54.44828 4952.5034 870.74365 84.41353
121936.15 48.71046 4934.024 895.8081 84.41353
121834.02 53.32655 4922.4634 894.7593 84.58079
122449.57 53.32655 4930.083 909.22705 84.41353
122051.03 53.32655 4911.311 900.7915 85.88001
121947.27 54.44828 4954.671 913.2095 84.41353
121809.2 54.44828 4967.085 888.41113 84.41353
121323.3 55.09115 4973.644 871.10986 84.41353
121677.64 55.09115 4977.296 867.39404 85.88427
121941.766 55.09115 4967.356 884.16016 85.88427
122687.28 55.09115 4978.376 850.8887 87.40145
121756.016 54.44828 5061.8438 774.9263 87.40145
121630.97 54.44828 5037.3647 727.13574 87.40145
121758.65 54.44828 5039.166 740.44385 87.84827
122237.48 54.44828 5017.2705 807.0737 86.68533
121939.414 55.09115 5018.759 855.18945 86.68533
122743.78 63.13265 5085.7056 856.66016 87.38026
122610.09 63.13265 5057.666 807.7632 88.40544
122528.83 63.13265 5065.0703 799.31006 87.38026
122088.11 63.13265 5059.7173 786.3096 87.38026
134769.23 59.54766 5199.7593 1611.6812 85.24259
134735.5 59.54766 5193.6523 1602.3823 85.24259
134307.05 59.54766 5225.144 1575.7148 86.68533
133965.17 59.54766 5252.24 1549.1616 84.51269
133916.0 59.54766 5253.5337 1559.8799 84.51269
133355.31 59.54766 5284.726 1567.2397 84.51269
132991.03 59.54766 5304.107 1517.5854 84.51269
132898.69 59.54766 5311.925 1498.4756 84.51269
132521.9 59.54766 5314.5938 1501.7583 84.51269
131642.44 61.52104 4942.2188 1800.1934 88.73279
131417.7 61.52104 4951.341 1813.4258 84.51269
131364.25 61.52104 4906.34 1804.6787 84.51269
130526.07 61.52104 4897.8477 1777.9346 84.51269
130467.79 61.52104 4906.558 1676.9004 84.51269
130189.19 61.52104 4929.0776 1718.7856 84.51269
130045.336 66.41341 5203.5386 1318.5693 96.73195
128228.89 70.3423 5072.1035 1414.1699 85.98663
128189.91 63.88976 5136.2964 1336.4385 84.52559
128253.62 63.88976 5146.3535 1370.2178 84.52559
128912.62 65.92001 5141.7026 1438.0708 84.52559
129052.43 65.92001 5134.7637 1471.5674 85.33201
129329.06 65.92001 5140.32 1490.5059 84.1543
129216.81 65.92001 5137.7305 1481.1821 84.1543
129134.51 66.41341 5116.115 1507.9907 84.1543
129383.77 66.41341 5131.1426 1519.8701 84.1543
129446.52 66.41341 5096.313 1554.812 84.1543
130375.43 66.41341 5117.7373 1528.853 85.82278
131375.95 66.41341 5147.022 1502.0972 87.64474
130135.695 66.41341 5139.4697 1364.1147 88.01314
129993.305 66.41341 5163.1484 1343.8633 88.01314
129628.44 66.1138 5188.808 1310.3896 88.01314
129269.3 66.1138 5179.4385 1278.0977 88.01314
129073.62 66.1138 5182.3013 1289.0068 88.01314
129146.65 66.1138 5160.801 1265.2339 95.80614
128279.92 66.1138 5135.658 1233.9653 95.80614
124554.03 69.57904 5119.3584 1147.7456 87.14451
124360.77 69.57904 5117.649 1139.6309 90.5701
124001.586 69.57904 5087.018 1138.8301 90.5701
123906.27 69.57904 5115.7534 1037.2041 90.5701
123546.57 69.85973 5052.0303 1082.6807 90.5701
123005.266 69.69394 5072.1953 1031.9478 90.09883
123423.29 69.69394 5076.988 1042.4404 90.09883
123953.12 69.69394 5101.652 1045.5518 89.26632
124362.29 67.83359 5076.578 1039.3359 84.51028
124239.52 66.47507 5099.6353 1012.40137 84.51028
124566.55 66.47507 5097.8 1023.61816 84.51028
125593.414 68.66689 5175.659 1005.6504 86.15067
125092.98 68.66689 5144.832 993.7324 86.15067
126763.11 68.66689 5199.3027 1363.4199 86.15067
126972.01 67.42438 5198.619 1344.9087 88.01314
126608.1 67.42438 5179.3677 1324.0132 88.01314
126847.914 67.42438 5174.6685 1340.4111 85.24259
127035.734 67.42438 5191.6313 1402.3569 85.24259
126696.484 67.42438 5199.405 1421.5776 85.24259
126497.43 67.42438 5204.088 1413.335 85.24259
127094.09 68.66689 5210.923 1451.4517 85.24259
126754.66 71.07495 5189.3853 1481.2368 85.24259
127060.48 71.07495 5199.1157 1491.3545 85.24259
126946.055 71.14912 5182.5635 1536.9165 85.24259
127493.68 70.86632 5200.141 1306.6572 91.62334
126961.17 70.86632 5174.1104 1088.0078 91.62334
126509.46 70.86632 5196.434 1055.2827 94.03415
126765.5 70.86632 5199.7993 1077.0742 94.03415
124714.82 70.86632 5158.1133 888.76855 99.47216
126269.03 70.86632 5212.3687 916.02 96.69106
126521.75 70.86632 5204.633 933.48926 96.69106
126726.0 70.86632 5202.62 928.51416 96.69106
126629.42 70.86632 5194.1074 925.9668 90.68689
126350.35 70.86632 5205.36 927.291 90.68689
126506.72 70.86632 5191.134 898.042 90.68689
127036.55 70.12277 5220.33 849.7798 90.68689
126983.76 64.67032 5266.3306 923.79834 90.68689
127152.23 63.88976 5257.174 993.00244 97.86673
129211.87 49.68494 5333.5044 873.76025 98.07202
129184.695 49.68494 5321.7524 873.5991 98.07202
129021.92 49.68494 5294.2295 844.0537 98.07202
128420.38 52.14038 5230.303 987.9507 88.77423
128663.086 52.14038 5279.8267 921.63525 91.62334
128538.8 52.14038 5283.3735 916.13574 91.62334
128496.234 63.88976 5244.833 1006.76807 91.62334
128040.016 63.88976 5244.4717 978.32324 91.62334
128025.5 64.72157 5225.024 971.39307 91.62334
128114.78 64.72157 5229.865 976.19434 92.47768
128504.0 63.19625 5263.364 949.9834 96.91711
128944.91 62.50382 5283.8735 937.2446 96.91711
129209.89 44.07973 5396.0547 811.2578 91.62334
128829.49 44.07973 5361.1865 806.7129 91.62334
128678.84 44.07973 5354.6064 777.2949 91.62334
129394.64 44.07973 5337.9473 851.4385 91.62334
129621.17 44.07973 5295.984 873.3696 91.62334
129713.336 44.07973 5309.867 859.6992 93.23334
128275.32 77.61249 5156.6304 1443.6411 80.90349
128720.086 77.61249 5157.641 1453.8218 80.90349
128905.68 77.61249 5159.494 1508.126 83.02396
129645.414 76.88933 5174.725 1455.0835 88.40242
130753.79 76.23155 5337.7656 1401.8677 86.15067
130799.37 76.23155 5326.4355 1402.1128 86.01452
130772.99 75.23206 5340.582 1377.3647 86.01452
131035.17 73.98575 5336.961 1393.5298 86.01452
131062.99 72.79108 5316.6763 1438.8027 89.42818
130970.29 72.79108 5327.261 1392.4365 89.42818
130706.914 72.46521 5327.542 1336.1191 89.42818
130493.34 72.38351 5328.248 1361.8174 91.34018
130233.17 72.38351 5327.8325 1341.4697 91.34018
130210.484 70.12277 5291.056 1325.1616 91.34018
130543.6 70.12277 5341.402 1254.7632 97.86673
130135.086 67.52247 5345.315 1236.8491 97.86673
129564.82 68.58508 5331.888 1214.7842 97.86673
128642.96 68.58508 5283.384 1209.8535 97.86673
128461.23 66.1138 5310.878 1118.9375 97.86673
128317.34 66.1138 5291.8354 1110.085 97.86673
128122.375 66.1138 5283.152 1085.5117 97.86673
127881.76 66.1138 5272.571 1076.5049 100.13017
127785.13 66.1138 5261.95 1057.8496 107.48021
128401.0 63.13265 5293.3574 1190.791 90.68689
127873.75 63.13265 5283.6187 1165.1401 90.68689
127744.27 66.1138 5229.025 1187.8398 90.68689
128058.55 65.92001 5239.73 1194.7935 90.68689
128282.42 65.92001 5183.052 1269.7266 90.68689
128243.07 65.92001 5193.109 1304.5757 90.68689
128412.71 68.06996 5175.3057 1323.5298 90.68689
128582.945 68.06996 5215.207 1299.5586 91.56938
128144.87 68.06996 5230.332 1269.4424 90.68689
128392.164 68.06996 5235.0273 1311.21 89.51705
128019.63 68.06996 5217.48 1294.8564 89.51705
128033.336 66.47507 5241.5054 1302.4346 89.51705
128533.516 66.47507 5191.928 1355.7407 87.57709
127933.27 66.47507 5184.6787 1356.0308 86.68533
128411.93 66.47507 5168.1763 1375.3125 86.68533
128320.805 66.47507 5207.4346 1368.5859 86.68533
128231.94 64.67032 5211.2085 1355.7266 86.68533
128061.08 64.67032 5218.466 1305.4766 86.68533
128090.86 64.67032 5272.407 1207.8867 92.36203
127940.61 66.47507 5250.2036 1204.565 92.36203
128045.914 66.47507 5239.4956 1243.9761 92.36203
127654.04 66.47507 5252.19 1169.4966 94.02884
127727.55 66.47507 5245.2544 1163.2769 94.02884
128192.266 65.62375 5204.6553 1234.8379 94.02884
128123.62 65.62375 5237.531 1235.9448 89.89492
128073.555 65.62375 5269.995 1240.6069 94.83002
127992.375 65.62375 5259.0366 1261.9854 86.68533
128145.695 65.62375 5263.5244 1311.8462 86.68533
128473.164 65.62375 5248.863 1356.9297 86.68533
128375.555 65.62375 5273.441 1358.8921 86.68533
127354.71 65.62375 5253.5293 916.8882 106.74812
127122.28 65.62375 5246.61 894.13574 106.74812
127226.91 66.47507 5239.3413 879.7451 86.68533
127722.875 66.47507 5239.0034 892.5659 86.68533
128306.22 54.44828 5333.7593 830.6665 97.29896
128702.53 54.44828 5329.721 849.813 97.29896
128400.12 50.91724 5335.136 836.834 97.29896
128956.445 50.91724 5334.1772 932.53174 96.6375
129769.266 50.65845 5358.2783 952.47266 87.75269
130227.836 50.65845 5352.3105 964.7241 91.57261
130298.664 50.65845 5396.688 935.5039 92.27307
130023.62 50.65845 5388.9507 886.19775 96.6375
129811.21 50.65845 5382.3115 928.2002 90.3852
129604.15 50.66628 5329.1836 1027.1455 90.3852
129527.21 50.66628 5338.903 930.86084 90.3852
129526.52 50.91724 5342.058 962.4199 90.3852
129648.04 50.91724 5375.3 930.0337 103.68463
129689.24 50.91724 5389.971 986.6299 103.68463
129709.47 50.91724 5388.107 989.40625 103.68463
129021.81 50.91724 5383.1587 915.2744 103.68463
129096.484 50.91724 5364.2217 925.9282 103.68463
128955.055 50.91724 5378.721 906.875 90.3852
129163.66 50.91724 5353.243 946.37744 90.3852
129002.234 50.91724 5351.0806 934.0669 90.3852
128441.88 50.91724 5384.792 856.1387 90.3852
128112.016 50.91724 5372.9453 882.76025 88.57948
127924.88 52.14038 5341.3096 946.22656 88.57948
127611.96 63.13265 5216.6797 983.79297 86.15067
127756.54 63.13265 5215.761 988.9785 86.15067
127966.2 58.57631 5184.209 1055.3232 86.15067
128114.56 56.89404 5194.549 1060.0928 86.15067
128197.46 50.66628 5234.4126 1030.2856 86.15067
127884.94 50.66628 5256.309 955.3618 86.15067
127616.055 50.66628 5243.509 913.36426 86.15067
127775.49 56.89404 5242.7183 975.2529 86.15067
128098.79 56.89404 5197.995 1007.9155 86.15067
128009.32 56.89404 5203.3726 1014.7871 89.03691
128329.25 58.57631 5179.0615 1031.6191 89.03691
128204.484 58.57631 5194.8965 1009.3262 89.03691
128009.13 58.57631 5206.418 992.4297 89.58613
128054.23 58.57631 5193.333 973.1216 89.58613
128029.76 59.54766 5203.659 995.73 89.89492
127842.15 59.54766 5218.8066 940.8423 90.75491
128335.32 54.44828 5225.902 939.4575 90.75491
128769.055 54.44828 5229.289 976.3384 90.75491
128725.82 54.44828 5233.386 965.98193 90.75491
129360.78 54.44828 5321.853 959.9321 100.69228
129899.01 62.23242 5347.982 1030.4746 99.0809
129825.54 62.23242 5387.4526 984.06445 91.62334
129352.805 62.23242 5391.9014 969.2876 93.22327
129626.92 52.14038 5426.8794 938.62744 91.62334
129524.94 52.14038 5436.4795 933.86816 91.62334
128851.695 52.14038 5390.323 929.8291 91.62334
128168.47 52.14038 5375.584 742.313 91.62334
128343.91 52.14038 5362.4136 788.90283 91.95999
128458.664 62.50382 5295.589 879.3574 91.62334
128331.22 62.50382 5318.584 848.98926 99.0809
128028.06 62.50382 5304.117 807.83936 99.0809
127669.89 62.50382 5318.6177 766.98926 99.0809
127954.58 59.54766 5346.8774 777.32666 99.0809
128672.66 59.54766 5378.851 866.2324 99.0809
128969.51 54.44828 5374.7725 893.54785 99.0809
129083.41 54.44828 5352.6753 907.6157 99.0809
129052.89 59.54766 5357.3 875.46484 99.0809
129299.14 59.54766 5346.072 963.7749 99.0809
129277.92 59.54766 5352.009 937.3594 99.0809
129365.8 59.54766 5365.7085 982.0469 99.0809
129705.01 59.54766 5353.888 977.19824 99.0809
129543.37 59.54766 5363.018 975.69727 99.0809
129404.664 59.54766 5333.8657 1034.9316 90.75491
129343.22 59.54766 5330.57 998.21924 90.75491
129492.65 49.68494 5322.836 917.45654 90.75491
129297.69 49.68494 5361.2563 892.4072 90.75491
129076.3 49.68494 5377.003 914.2544 87.75269
128784.11 49.68494 5382.3057 913.80615 88.73279
127945.89 52.14038 5351.9 827.8911 88.73279
128008.14 52.14038 5327.105 790.53564 88.73279
128485.98 52.14038 5318.034 808.8501 89.01883
128357.9 52.14038 5358.6533 758.11035 90.05183
128274.586 52.14038 5374.193 775.9092 89.01883
128281.125 52.14038 5353.58 798.0718 89.01883
128000.58 52.14038 5359.468 739.3047 89.01883
127745.1 52.14038 5329.491 776.8867 88.01314
127535.234 62.50382 5320.1475 841.8696 88.01314
126794.13 62.50382 5289.8994 803.8701 90.56264
126731.87 62.50382 5331.407 759.4922 90.56264
126518.08 62.50382 5314.889 745.34424 90.56264
126528.98 62.50382 5281.2783 751.647 90.56264
126416.97 62.50382 5256.491 821.01855 88.01314
126673.22 59.54766 5305.0444 748.76514 87.41272
125971.26 50.66628 5312.1973 733.1709 89.42818
125918.13 50.66628 5305.2075 730.6655 94.03415
125624.62 50.66628 5300.3623 730.00146 95.13097
125264.14 44.42643 5298.2974 614.0337 95.13097
126631.61 44.07973 5311.8247 715.63086 99.0809
126281.37 44.07973 5312.481 609.2661 94.83002
126180.74 44.07973 5315.0063 615.5991 94.83002
125725.125 44.07973 5321.97 654.0615 94.83002
125591.914 44.07973 5320.452 631.5034 94.83002
124978.8 44.07973 5301.5796 490.20752 94.83002
125346.83 44.07973 5302.773 536.6885 94.83002
125587.63 44.07973 5295.2173 543.228 94.83002
125680.04 44.07973 5300.882 556.1499 94.83002
125889.984 52.14038 5291.868 562.1299 93.60678
126342.42 52.14038 5256.7837 703.041 93.60678
126545.55 52.14038 5252.252 719.14844 94.72511
126572.75 52.14038 5247.4263 718.5908 94.72511
126375.445 52.14038 5266.9414 723.78906 94.72511
125688.96 52.14038 5254.99 642.98047 86.68533
125616.9 52.14038 5247.448 640.37256 86.68533
125500.445 52.14038 5280.8813 576.90186 86.96655
126024.164 52.14038 5284.804 611.1333 87.57709
125615.95 52.14038 5292.3115 570.1616 94.03415
125525.08 52.14038 5297.5415 576.86914 94.76356
125443.42 52.14038 5164.5776 753.6333 86.07838
125077.62 44.81031 5166.9746 748.2793 85.24259
125431.46 44.81031 5172.4336 815.45215 85.24259
125404.38 44.81031 5194.587 803.1118 85.33867
124913.016 44.07973 5215.589 796.6846 85.24259
124865.98 44.81031 5184.4604 772.0049 85.24259
125031.85 44.81031 5213.3374 785.1011 85.24259
124640.8 44.81031 5206.1177 757.20703 85.24259
125293.266 44.81031 5168.669 771.2471 85.24259
125196.91 52.14038 5162.123 757.6758 85.24259
125741.76 52.14038 5153.363 1010.75 84.90819
125583.8 59.54766 5113.926 979.7832 84.90819
126474.45 59.54766 5151.1636 981.91016 84.51028
127101.96 59.54766 5177.71 1027.8799 85.88001
126926.14 59.54766 5222.093 1012.6328 85.46153
126916.15 59.54766 5232.738 1002.40967 85.88001
126658.83 59.54766 5217.191 994.8711 85.88001
125542.375 59.54766 5203.8403 956.4424 85.88001
125947.4 59.54766 5220.8677 968.29004 85.46153
126204.78 59.54766 5223.143 986.3511 85.46153
126026.305 51.21892 5214.7886 983.0 85.46153
126445.805 51.21892 5236.345 992.9868 85.46153
128102.38 51.21892 5241.9995 1028.2026 85.31184
128302.055 51.21892 5233.2803 1053.3169 84.94387
127259.2 52.14038 5160.4434 1130.4116 85.98663
127196.11 52.14038 5151.607 1116.918 84.44633
127932.4 59.54766 5175.9556 1138.8574 84.44633
126606.81 60.01181 5167.4766 1109.7734 84.44633
126229.07 60.01181 5178.808 1090.126 84.44633
126590.29 60.01181 5240.525 1092.5552 83.63591
127235.08 60.01181 5229.0273 1135.2363 83.63591
127741.086 60.01181 5225.9326 1165.3828 83.63591
127972.445 60.01181 5220.0303 1161.1055 83.63591
129060.56 60.01181 5261.1772 1282.4756 83.63591
129226.61 56.89404 5273.56 1344.8706 83.63591
128881.484 56.89404 5264.639 1303.6733 83.63591
128412.33 56.89404 5265.882 1300.8247 83.63591
128886.914 56.89404 5277.665 1371.44 84.26611
128738.7 56.89404 5288.7065 1333.3442 84.26611
128758.24 50.11307 5311.798 1284.102 84.26611
127801.43 50.11307 5238.823 1025.4761 84.26611
127890.94 50.11307 5225.646 995.5547 84.26611
128604.98 49.95853 5194.331 1068.0342 86.06027
128399.01 49.95853 5209.143 1036.1748 84.52559
128314.07 49.95853 5210.245 1056.9619 84.52559
127968.664 49.95853 5242.7495 954.9126 84.26611
127999.03 49.95853 5235.362 1001.8779 83.76067
128310.63 49.95853 5235.329 1017.9966 84.25585
127912.69 49.95853 5234.922 1000.42334 84.25585
128365.15 49.95853 5240.932 1024.2056 86.07838
127806.76 49.95853 5227.442 992.2163 84.25585
127438.055 49.95853 5226.647 987.08887 84.25585
127500.0 49.95853 5206.1797 990.86426 84.25585
126860.61 49.95853 5170.387 981.78613 84.25585
126128.66 49.95853 5144.1216 992.0449 82.17178
127051.58 49.95853 5155.5645 1006.5884 82.17178
127083.664 49.95853 5189.9424 999.8086 83.02396
127157.63 49.95853 5190.8384 1036.9829 83.02396
127250.8 49.95853 5152.9663 1119.4341 83.02396
127580.82 49.95853 5157.87 1164.6543 83.18378
128380.65 52.14038 5168.739 1228.6978 83.17076
128488.63 50.91724 5159.784 1186.585 83.17076
128544.89 50.91724 5134.978 1225.5615 83.17076
127872.484 50.91724 5151.2085 1146.8496 83.17076
127773.836 49.68494 5153.0747 1138.3145 83.17076
127375.71 49.68494 5161.4 1142.4741 83.17076
127375.86 49.68494 5153.2656 1152.0264 83.17076
127146.6 49.68494 4988.446 1295.9341 82.27607
126433.305 60.19064 5000.4365 1267.6313 82.27607
127090.21 60.19064 4979.1826 1286.4639 82.3015
126921.016 60.19064 4974.8003 1278.4468 82.3015
126770.9 60.19064 4985.2876 1310.0703 82.3015
126044.45 60.19064 5002.0967 1283.3643 82.3015
126015.24 63.68961 4978.069 1289.8828 82.3015
126526.664 63.68961 5147.5146 1054.3936 84.52559
126851.79 63.19625 5147.172 1085.9575 84.25585
126498.36 63.19625 5171.765 1025.106 84.25585
126699.25 63.19625 5165.9697 1078.0869 83.02396
126909.56 63.19625 5165.9663 1112.5977 86.0134
127102.46 63.19625 5158.282 1201.3696 86.0134
126615.35 65.92001 5130.1265 1139.876 85.80187
126013.305 65.92001 5088.885 1136.8066 83.02396
126131.04 55.64648 5107.95 1175.8535 82.3015
126250.086 55.64648 5098.9927 1249.79 82.3015
126340.086 55.64648 5106.6357 1295.1504 81.47338
125971.53 55.64648 5122.8477 1289.5962 81.47338
126083.51 51.19769 5131.758 1265.4688 81.47338
125926.805 50.66628 5122.9116 1232.9766 81.47338
125594.03 50.66628 5132.4307 1209.2954 81.47338
125890.06 50.66628 5126.878 1236.0728 81.47338
125648.55 50.66628 5131.604 1178.832 81.47338
125450.54 50.66628 5145.298 1143.5928 81.47338
125205.51 50.66628 5152.6294 1112.0195 81.47338
124674.55 44.81031 5146.8867 1104.8403 81.47338
124517.66 50.66628 5123.972 1052.8853 81.06578
124404.96 51.19769 5096.608 1089.7295 81.06578
124576.414 51.19769 5093.526 1013.958 81.06578
125060.52 51.19769 5091.6704 1067.4028 81.06578
124956.67 50.85959 5113.7427 1046.7583 81.06578
124731.79 50.85959 5100.928 1024.7847 82.41261
125462.016 50.85959 5105.7866 1042.5156 82.41261
125793.98 50.85959 5096.929 1079.2397 82.41261
126156.234 50.85959 5081.7354 1171.7495 82.41261
126508.89 50.85959 5032.2114 1310.8306 82.41261
127180.36 59.54766 5058.145 1215.0444 82.516
126860.69 59.54766 5058.7666 1224.4058 82.44935
126545.266 59.54766 5094.9897 1145.4736 82.44935
126305.2 59.54766 5123.117 1075.5708 82.44935
125795.62 59.54766 5084.357 1074.3115 83.76067
125671.12 59.54766 5079.0586 1055.2905 83.76067
125684.04 51.21892 5063.228 1061.207 83.76067
130875.945 80.80602 5291.463 1465.8955 87.99224
131059.195 77.24544 5331.282 1456.5474 87.99224
131076.8 76.55293 5347.0176 1484.6177 90.71255
131765.98 76.55293 5345.4985 1456.1631 90.5701
131738.36 75.23206 5329.843 1451.6514 90.5701
131854.11 75.23206 5338.423 1391.3286 92.26755
131746.83 75.23206 5341.5303 1343.9761 101.74281
132260.89 74.69497 5380.691 1378.5098 93.30071
131733.6 74.40707 5338.481 1416.0293 92.26755
131370.4 74.40707 5323.687 1429.7368 91.57261
131343.88 74.30798 5299.3594 1428.0454 91.57261
131121.5 74.07697 5277.274 1352.8213 91.57261
130858.04 72.79108 5277.7573 1347.9707 91.57261
130723.27 72.72427 5298.964 1376.2441 91.57261
129478.234 71.14912 5305.312 1311.3789 91.57261
128767.53 67.83359 5265.0327 1273.6035 91.57261
127752.47 67.83359 5254.235 1147.4458 103.68463
127448.945 67.83359 5217.518 1114.0015 103.68463
127441.375 66.72991 5209.95 1113.1113 103.68463
127175.87 66.72991 5240.7334 1094.624 103.68463
127065.164 66.72991 5212.1875 1161.956 90.5701
125904.79 66.72991 5076.611 994.90234 90.5701
125758.445 66.72991 5093.729 976.9619 88.01314
125107.44 66.72991 5082.3613 975.60205 88.01314
125800.14 66.72991 5125.501 944.2217 89.37711
125765.484 66.72991 5094.023 992.5869 88.73279
125723.66 66.86342 5075.1943 1012.1216 88.73279
126092.484 66.86342 5082.18 998.66406 89.26632
126665.75 66.86342 5135.985 1216.916 89.26632
