7465.097 0.0 272.37997 73.03998 1.16
7404.971 0.04 268.28998 64.76999 1.02
7547.999 0.03 270.90997 67.880066 1.34
7521.4893 0.0 264.46002 80.109955 0.95
7415.352 0.0 270.43002 69.630035 1.17
6861.3794 0.71 224.41005 93.36995 0.68
6821.209 0.71 236.09999 84.88991 0.69
6760.695 0.67 239.70003 82.05995 1.04
6870.272 0.7 227.57996 96.29004 0.7
7332.744 0.0 264.06003 61.899994 1.69
7320.2744 0.0 265.80005 58.67993 1.41
7282.4375 0.0 265.87 60.79001 1.41
7034.485 0.0 245.5 79.03003 0.87
6388.2393 0.09 227.74995 55.529984 0.69
6567.665 0.03 242.56 36.50998 0.97
6820.7095 0.06 249.29004 53.159943 0.81
6580.0186 0.05 230.08 57.189987 0.65
6505.632 0.05 231.5 52.99997 0.65
6497.499 0.05 233.90996 57.92003 0.65
6500.5474 0.09 221.05002 70.53998 0.63
6480.1846 0.09 221.21002 69.69 0.63
6445.337 0.09 225.99 60.699997 0.63
6406.949 0.07 227.62003 56.299988 0.63
6395.469 0.07 227.32002 55.37999 0.63
6773.958 0.13 236.13005 64.63991 0.82
6480.4307 0.06 241.97998 40.220062 0.83
6728.949 0.05 250.09001 47.0699 0.76
6693.1865 0.05 247.24 45.780014 0.76
6700.483 0.03 246.11002 47.079987 0.74
6612.9956 0.02 244.12001 37.91002 0.8
6624.106 0.04 241.22003 46.669952 0.74
6617.6743 0.07 241.77998 42.029984 0.75
6633.85 0.04 240.59001 44.810013 0.75
6510.7095 0.1 230.25998 63.27002 0.69
6480.2515 0.1 228.57 63.30002 0.68
6628.227 0.1 238.91 65.19 0.7
6900.5503 0.01 252.91995 58.299988 0.8
6921.776 0.01 255.76 53.280014 1.06
6921.7124 0.01 253.85005 60.530014 0.8
6902.6465 0.01 247.54994 56.69005 0.8
6895.6333 0.01 251.51997 50.790054 0.8
6870.7734 0.01 249.45998 49.36003 0.8
6710.774 0.03 245.62996 53.37004 0.72
6741.1 0.03 243.46997 50.650024 0.72
6734.287 0.01 249.50996 43.12007 0.73
6951.0874 0.03 245.48997 68.44005 0.87
6888.2314 0.03 249.44 65.03003 0.77
6830.644 0.11 237.79997 84.98006 0.74
6843.69 0.09 236.68996 87.62001 0.74
6853.6943 0.09 239.01003 88.199905 0.76
6635.7275 0.07 241.63998 57.809998 0.69
6434.173 0.04 235.30002 44.409943 0.69
6532.2153 0.04 236.01997 47.520035 0.71
6491.2324 0.04 236.65001 46.14998 0.69
6491.7334 0.04 237.26 48.230057 0.69
6500.9097 0.04 234.28 54.320007 0.64
6469.5547 0.01 234.58995 49.740067 0.61
6536.962 0.01 230.56003 53.210022 0.61
6550.701 0.01 230.36005 53.880066 0.61
6613.6836 0.04 235.94002 58.62999 0.63
6592.9517 0.04 234.49997 64.24002 0.62
6568.5605 0.04 234.99998 57.34999 0.62
6553.5938 0.0 240.92 40.57997 0.64
6595.2656 0.04 232.31 54.129944 0.64
6585.5337 0.04 234.18001 51.940018 0.64
6520.0474 0.05 220.91003 67.47989 0.61
6526.244 0.05 224.79001 68.859985 0.61
6493.1074 0.05 224.86 66.01997 0.61
6500.0845 0.05 224.0 63.539978 0.61
6586.659 0.05 231.77998 58.68004 0.62
6597.6587 0.05 230.90005 63.21994 0.62
6565.6597 0.05 231.37004 57.39 0.62
6549.42 0.05 236.66998 59.900085 0.66
6520.629 0.05 235.76999 58.99002 0.66
6522.598 0.05 234.08998 56.970016 0.66
6532.639 0.05 231.93001 58.66005 0.66
6593.601 0.04 237.92003 48.939957 0.68
6606.838 0.05 233.95999 49.910004 0.68
6549.601 0.0 232.49002 58.79001 0.6
6424.52 0.05 221.72003 66.72 0.6
6459.076 0.05 224.17001 67.91 0.6
6484.8965 0.05 218.60002 73.62999 0.6
6532.957 0.04 216.1 69.69995 0.6
6529.865 0.04 230.62999 54.83998 0.6
6511.0596 0.04 233.95006 48.529922 0.6
6523.818 0.04 236.97002 47.810013 0.68
6612.1797 0.01 245.58997 41.450043 0.72
6651.2617 0.01 242.31998 42.80008 0.72
6682.0845 0.01 244.3 46.13994 0.72
6686.7896 0.01 245.2 46.36995 0.72
6663.397 0.01 248.45998 47.65001 0.72
6649.9985 0.01 246.38004 46.889984 0.72
6669.6235 0.01 248.01004 48.899994 0.72
6708.4165 0.02 242.27 48.700027 0.67
6703.5464 0.02 242.41998 49.30002 0.67
6680.815 0.03 241.26 52.550034 0.66
6686.354 0.03 239.90999 57.17 0.66
6694.541 0.03 238.47003 57.039948 0.66
6630.052 0.03 244.69 47.609985 0.67
6701.153 0.03 242.93997 48.0 0.73
6690.318 0.03 245.24998 45.260025 0.73
6662.3643 0.04 243.39001 47.819977 0.73
6650.7734 0.04 243.84 48.899994 0.73
6651.0635 0.03 246.14001 46.50995 0.73
6658.874 0.03 245.67001 45.779938 0.73
6600.226 0.03 245.09003 37.44992 0.83
6559.396 0.02 245.62 36.660034 0.97
6580.1367 0.02 243.96002 36.849945 0.97
6703.9253 0.03 251.68 32.28 1.15
6729.796 0.03 252.32 37.130035 1.15
6815.9663 0.03 250.55998 43.960037 0.97
6832.696 0.02 255.43002 47.66992 0.99
6827.442 0.03 254.09003 43.039978 0.98
6852.5957 0.03 252.93005 43.73996 0.98
6866.5156 0.03 254.36003 43.960007 0.98
6867.9727 0.03 255.21996 45.460068 0.98
6865.032 0.04 253.53 47.879974 1.01
6901.806 0.08 239.75995 75.54004 0.86
6924.558 0.09 243.80997 78.75006 0.86
6989.4185 0.07 244.96 93.85002 1.41
6989.5454 0.07 241.58002 91.84003 1.21
6943.6025 0.07 247.12003 72.16995 0.93
6927.0127 0.07 250.12001 69.000015 1.0
6957.855 0.06 246.50005 72.939926 0.93
6850.4673 0.05 255.66 48.01004 0.96
6880.8623 0.03 252.17001 49.089935 0.96
6875.727 0.03 254.29004 50.71994 0.96
6948.8125 0.01 257.46997 52.610016 1.08
6960.5576 0.01 252.81001 53.10994 1.08
6945.709 0.05 254.21 51.500015 1.37
6859.558 0.05 252.61002 52.69998 0.84
6867.295 0.05 250.07996 53.710083 0.84
6892.13 0.05 248.86003 54.970016 0.76
6886.632 0.05 247.99004 53.39003 0.76
6911.8604 0.0 252.15001 54.83998 0.76
6870.158 0.0 249.59 51.72 0.76
6839.152 0.0 249.17003 49.539963 0.75
6792.1113 0.0 246.72 45.570007 0.75
6890.7676 0.0 240.62999 70.36 0.71
6508.48 0.09 204.87997 91.28003 0.64
6494.805 0.09 223.86 65.79997 0.68
6529.143 0.09 222.61002 68.58002 0.68
6564.6475 0.08 237.01001 59.26999 0.68
6610.094 0.08 238.93001 63.039963 0.64
6632.756 0.08 237.71004 63.659958 0.69
6740.628 0.03 242.64003 55.88997 0.69
6723.2456 0.03 244.25996 52.780045 0.69
6703.1626 0.03 246.23997 59.230026 0.69
6793.512 0.08 241.13998 64.900085 0.72
6783.744 0.08 243.63998 65.610016 0.72
6696.593 0.03 249.09999 38.530014 0.8
6700.7227 0.03 244.86998 43.11003 0.78
6696.082 0.03 250.88 38.220062 0.78
6687.498 0.03 250.90997 35.560028 1.07
6705.721 0.02 252.90001 32.32994 1.07
6753.846 0.03 251.01001 37.889984 0.89
6720.724 0.03 250.59999 39.550064 0.83
6770.2715 0.03 252.90001 48.90999 0.81
6771.5986 0.03 253.31003 51.72998 0.81
6778.154 0.03 253.16998 51.74002 0.81
6791.156 0.03 251.82999 48.149963 0.88
6848.6953 0.03 252.84 48.679962 0.88
6840.582 0.04 251.25002 50.57997 0.88
6798.0156 0.04 251.34998 43.26999 0.89
6782.8945 0.04 249.42996 43.059998 0.89
6788.3257 0.06 250.61002 40.630066 0.92
6785.3257 0.06 250.02002 39.299957 0.92
6815.663 0.06 246.58002 41.070038 0.92
6713.408 0.1 246.07002 48.489975 0.89
6714.855 0.09 252.08998 39.500046 1.14
6771.6616 0.0 252.88995 34.670044 1.24
6781.4805 0.01 252.53001 33.990036 1.28
6801.915 0.0 254.62999 37.65004 1.13
6753.602 0.0 254.79001 33.48996 1.14
6738.6787 0.0 255.55 33.580032 1.14
6881.9624 0.02 250.93001 45.94005 0.93
6886.639 0.02 252.07 47.080017 0.93
6857.2607 0.02 250.96002 45.50998 0.93
6844.0615 0.02 252.08003 43.57997 0.93
6834.6997 0.01 254.08002 44.669983 0.93
6828.751 0.01 253.15 41.140015 0.95
6837.058 0.01 253.62999 42.679977 0.95
6857.781 0.01 250.77998 45.309982 0.92
6872.99 0.01 249.45 48.570023 0.92
6894.102 0.01 255.43996 45.34999 1.29
6901.6826 0.01 254.83995 44.710068 1.29
6935.0493 0.01 254.60004 46.139984 1.11
7018.8755 0.0 241.89001 81.329956 0.83
7015.0977 0.0 243.82997 81.94997 0.84
6983.3745 0.0 254.56996 63.36006 0.87
6910.6206 0.0 253.09998 44.060028 1.23
6902.579 0.0 254.94 41.00992 1.21
6896.8267 0.0 255.40001 39.35994 1.21
6918.5576 0.0 252.8 42.069992 1.1
6932.2324 0.0 253.56 44.190002 1.21
6945.4653 0.0 252.78003 46.410004 1.1
6940.8804 0.0 254.03001 49.43004 0.92
6937.589 0.01 253.59 56.96997 0.94
6976.4473 0.01 252.80002 62.47998 0.94
6983.8364 0.01 251.31 57.420013 1.07
6995.0156 0.01 251.72998 59.970062 1.07
6974.9766 0.01 241.13997 72.29002 0.84
6796.799 0.0 250.45 55.980026 0.68
6706.333 0.0 239.93999 61.740036 0.63
6691.43 0.0 241.29001 57.98996 0.63
6696.9204 0.0 240.61 59.799942 0.63
6695.064 0.0 237.40999 59.560013 0.63
6705.5117 0.0 241.73996 61.700012 0.63
6703.0425 0.0 240.31996 61.60002 0.63
6678.0913 0.01 240.18001 57.449966 0.62
6661.111 0.01 243.85005 52.069992 0.62
6654.9907 0.01 240.71997 49.130035 0.62
6671.645 0.01 240.70004 61.67993 0.62
6648.6597 0.01 242.66002 54.64998 0.61
6659.771 0.01 239.70998 61.540024 0.61
6667.574 0.06 230.29001 74.630035 0.61
6720.861 0.08 237.81003 69.29996 0.65
6734.847 0.08 236.45003 68.499985 0.65
6716.6963 0.08 235.97003 67.55994 0.65
6769.6943 0.08 234.79999 72.09006 0.65
6703.5737 0.08 233.52 66.43004 0.66
6771.5938 0.1 234.97998 71.82999 0.66
6771.5303 0.1 237.88 68.71005 0.66
6763.09 0.1 236.13 69.60004 0.65
6712.0547 0.06 242.46002 49.100006 0.74
6739.335 0.06 243.26001 49.169983 0.75
6709.697 0.01 248.49002 56.879944 0.64
6699.245 0.01 245.59 56.80005 0.64
6675.085 0.01 244.29001 53.93994 0.64
6690.3154 0.03 233.56999 76.65999 0.61
6673.2534 0.03 239.16 61.72 0.61
6683.9917 0.02 237.94 65.09 0.61
6711.5723 0.02 237.1 73.17001 0.61
6663.4624 0.02 229.41998 75.130066 0.6
6614.411 0.02 228.68 74.65997 0.6
6568.116 0.02 229.55 70.12004 0.6
6560.763 0.02 229.26004 70.38995 0.58
6568.0435 0.0 226.94002 78.68999 0.58
6569.8687 0.0 223.99004 75.78996 0.58
6571.489 0.0 222.43001 81.990005 0.58
6511.919 0.0 229.88998 73.29004 0.58
6510.1216 0.0 231.89 67.240005 0.58
6476.1025 0.0 234.04999 65.01007 0.58
6492.261 0.0 233.82 64.839966 0.58
6494.9834 0.0 231.50002 66.219955 0.58
6528.0317 0.0 228.95001 67.76001 0.58
6495.2 0.0 228.05998 67.05003 0.58
6460.2686 0.0 228.92998 59.260025 0.58
6483.92 0.0 232.08998 62.060043 0.58
6523.615 0.0 232.23 57.33 0.59
6508.1523 0.0 233.26 58.239975 0.59
6507.8477 0.0 234.32004 57.73996 0.59
6531.666 0.0 233.24005 52.49997 0.61
6518.013 0.0 237.09998 57.51001 0.6
6517.179 0.0 236.18997 54.5 0.6
6494.5615 0.0 236.62004 55.279984 0.6
6499.116 0.0 239.51 47.82997 0.62
6481.632 0.01 236.93999 44.92 0.62
6480.5215 0.01 237.80997 41.089996 0.62
6469.5264 0.01 240.09001 35.799973 0.65
6473.5405 0.01 239.16998 39.889984 0.65
6516.277 0.01 241.18004 39.969955 0.65
6559.679 0.01 237.90002 45.179962 0.65
6521.4727 0.01 245.81001 28.86 1.02
6495.2383 0.01 247.03001 31.020004 0.99
6517.0283 0.01 247.60994 32.520065 0.99
6539.8457 0.01 245.61002 35.70996 1.06
6536.102 0.01 246.07999 32.410004 0.92
6555.954 0.01 244.48997 36.14003 0.92
6540.1934 0.01 245.52003 35.05995 0.92
6548.045 0.01 245.20003 35.509933 0.92
6566.6343 0.01 243.99002 36.27997 0.92
6558.8813 0.0 243.77 34.84999 0.92
6550.2886 0.0 244.1 35.299988 0.92
6571.3286 0.0 243.06998 36.24002 0.92
6542.381 0.0 242.40999 36.43004 0.82
6521.9175 0.0 242.43999 34.249954 0.82
6531.3105 0.0 243.38998 36.00998 0.82
7362.422 0.04 257.25003 76.40991 0.9
7350.8716 0.04 257.09 72.74994 0.9
7321.7407 0.04 258.19 75.24997 0.9
7312.849 0.04 259.10004 77.13992 0.9
7261.05 0.06 221.4 107.77997 0.9
7189.119 0.06 229.04999 99.34003 0.9
7170.669 0.06 233.68999 95.790054 1.04
7152.2876 0.06 229.45998 102.60002 0.98
7099.3047 0.08 228.90997 104.95999 0.98
7109.4663 0.08 228.79 103.749985 0.98
7067.557 0.08 231.8 96.10997 0.98
7033.098 0.08 234.42 89.55998 0.98
6951.179 0.11 230.07002 91.91997 0.93
6923.4565 0.11 227.23003 89.09999 0.93
6535.358 0.11 228.56999 71.80003 0.69
6541.4824 0.11 221.38 80.339935 0.69
6565.1074 0.11 221.1 82.51996 0.69
6714.5557 0.08 239.94998 52.649994 0.7
6680.73 0.08 239.95 52.87999 0.71
6679.424 0.08 242.19 48.160004 0.71
6681.3135 0.13 240.15999 54.289993 0.71
6623.345 0.13 240.9 45.450043 0.79
6605.7256 0.12 241.46 44.61 0.79
6710.6343 0.1 239.81999 52.12999 0.79
6685.6333 0.1 245.13 57.600006 0.79
6699.798 0.09 249.26999 44.51999 0.9
6711.4287 0.1 247.25998 44.390015 0.87
6652.4487 0.1 251.38002 42.680008 1.29
6645.6616 0.1 248.87003 35.820007 1.29
6536.62 0.03 244.03998 35.75 1.03
6540.0273 0.02 245.25002 35.65999 1.03
6553.7983 0.02 242.15001 33.909958 1.01
6528.6924 0.02 243.36003 33.34996 0.87
6519.49 0.02 244.93996 34.61003 0.87
6512.812 0.02 244.41003 34.42993 0.83
6506.541 0.02 243.65002 34.319946 0.83
6486.1865 0.02 243.68 34.30005 0.83
6517.5044 0.02 244.01003 35.280014 0.82
6489.8984 0.02 243.62997 33.73004 0.83
6494.3423 0.02 243.64996 33.200043 0.88
6484.551 0.02 245.03003 35.859985 0.88
7532.2856 0.03 271.37006 70.879974 1.06
7444.36 0.03 235.28996 102.86003 1.03
7410.75 0.03 234.39996 98.420044 1.03
7377.803 0.03 237.15999 91.520004 0.9
7299.209 0.03 235.76997 93.61003 0.82
7277.8184 0.03 236.98999 95.28003 0.82
7231.2544 0.03 238.68 94.650024 0.87
7199.046 0.03 239.87 90.07001 0.87
7122.3843 0.03 222.99997 104.910126 0.8
7085.954 0.03 224.44998 108.75 0.8
7063.5835 0.03 224.77998 105.81001 0.8
6995.726 0.04 221.91002 107.499954 0.8
6946.4043 0.04 223.59 105.20993 0.8
6945.208 0.04 219.91003 104.78992 0.8
6912.5273 0.08 230.96999 84.65004 0.8
6951.183 0.06 248.89 72.000015 1.2
7010.7793 0.06 245.68 61.090027 1.2
7006.33 0.06 238.63998 68.670044 1.04
6929.646 0.03 240.4 73.31 0.84
6936.4814 0.02 242.45999 75.53998 0.84
6955.0664 0.02 241.33 76.229996 0.84
6965.213 0.02 237.76003 81.55998 0.82
6936.3003 0.02 242.90001 75.02998 0.82
6955.0146 0.05 229.98997 77.520035 0.82
6955.016 0.08 248.44998 56.960022 1.5
6826.953 0.06 251.43 44.920074 1.15
6817.4116 0.06 252.58 42.290024 1.15
6834.912 0.06 253.64001 40.039948 1.21
6812.722 0.07 255.79996 36.850067 1.17
6832.2803 0.07 248.7 43.61 1.15
6812.2666 0.04 254.02 42.36995 1.11
6829.864 0.04 251.28995 43.00006 1.01
6853.048 0.04 252.12997 44.24997 1.01
6852.262 0.07 251.68 44.840027 1.3
6890.199 0.07 249.68 49.52002 1.3
6841.133 0.1 251.01003 51.090042 1.14
6718.842 0.09 248.60999 41.74997 0.93
6743.081 0.09 247.93002 44.689972 0.93
6792.9863 0.09 248.06998 44.24002 1.33
6781.848 0.1 251.07999 40.120056 1.27
6773.246 0.1 249.17998 46.950027 0.92
6766.267 0.11 249.75996 49.760056 0.92
6736.2275 0.03 251.55994 42.179993 0.92
6803.429 0.11 252.08002 50.559937 1.07
6810.023 0.11 251.96005 45.319885 1.54
6761.008 0.11 250.60002 45.999954 1.14
6775.464 0.11 247.13998 43.440002 1.19
6751.779 0.13 250.98001 48.360016 1.12
6755.5156 0.13 250.69003 45.350006 1.12
6768.6465 0.15 245.09004 54.57988 1.12
6686.4087 0.15 245.90001 49.60997 0.88
6740.449 0.16 246.44 54.76999 1.05
6745.3745 0.2 239.65004 61.10994 0.99
6696.302 0.2 246.07997 61.65007 0.99
6608.995 0.17 238.2 52.330032 0.85
6625.1157 0.22 236.73997 64.750015 0.91
6689.189 0.22 234.07999 70.29001 0.91
6682.0527 0.22 234.18001 71.37996 0.91
6679.479 0.22 226.37001 76.71001 0.89
6745.0317 0.19 236.24 77.14998 0.81
6698.3364 0.19 236.01004 75.17999 0.81
6746.37 0.11 238.07999 64.05002 0.76
6676.7607 0.1 242.64003 57.049973 0.76
6670.3237 0.09 242.14003 62.020004 0.71
6647.536 0.09 241.88002 62.679947 0.7
6658.3022 0.09 241.54 58.730026 0.7
6695.0103 0.09 240.53996 63.930008 0.7
6725.5635 0.09 237.07 67.380035 0.7
6696.2466 0.09 232.84999 63.59001 0.72
6837.6196 0.04 241.36998 71.12001 0.73
6824.798 0.04 245.87997 61.910095 0.73
6781.9893 0.04 247.56998 53.05002 0.73
6821.137 0.0 245.92998 57.039993 0.67
6757.547 0.02 238.65001 58.460037 0.68
6772.7207 0.02 241.1 59.25003 0.68
6713.9097 0.06 245.19002 49.940018 0.67
6757.0083 0.01 245.82004 55.44995 0.67
6745.505 0.06 239.18004 61.729996 0.67
6720.443 0.06 239.13 57.809967 0.67
6672.6343 0.09 240.23001 56.639954 0.71
6652.8003 0.09 240.9 56.330017 0.71
6634.9404 0.09 241.18004 58.11 0.71
6659.7188 0.09 243.05997 54.960022 0.72
6680.642 0.09 244.28 55.75003 0.72
6698.3374 0.09 238.86998 65.36006 0.72
6732.095 0.09 239.80998 65.70003 0.72
6754.056 0.08 243.57999 60.74002 0.72
6764.9155 0.08 240.95999 64.69992 0.72
6761.3374 0.09 236.89998 64.729996 0.71
6748.3174 0.09 240.12997 66.380005 0.71
6764.329 0.07 235.82002 67.90996 0.67
6778.1304 0.05 240.44995 66.26999 0.68
6761.87 0.05 237.18997 67.94003 0.67
6755.3975 0.05 239.38 62.18991 0.69
6770.51 0.04 238.69002 61.60997 0.69
6735.13 0.04 240.46999 56.10002 0.69
6714.204 0.04 241.32997 57.809982 0.69
7305.0703 0.0 259.13998 89.25006 0.91
7282.365 0.0 259.25003 91.129944 0.9
7276.0225 0.0 259.58002 88.56995 0.9
7251.5815 0.0 262.06 78.5 0.9
7224.5264 0.0 262.54 78.75 0.9
7245.5015 0.0 263.28998 69.69998 0.93
7242.043 0.0 259.95996 72.56 0.89
7238.29 0.0 261.31 68.57001 0.89
7262.2676 0.0 260.4 73.55002 0.9
7252.519 0.0 256.77 72.620056 0.9
7253.194 0.0 260.74 72.94995 0.9
7223.663 0.0 262.72 70.24997 0.9
7165.5137 0.0 261.13998 67.26004 0.9
7122.4756 0.0 255.70996 65.400085 0.9
7103.351 0.0 256.17996 62.80002 0.9
7016.0713 0.0 250.07 59.359985 1.09
7056.0215 0.0 246.1 61.059998 0.94
7027.903 0.0 247.16 61.02997 0.88
7016.604 0.0 248.94998 56.29004 0.87
6997.405 0.0 248.48001 55.29001 0.87
6957.5796 0.0 249.18002 57.650055 0.87
6987.8687 0.02 257.21002 58.929962 1.04
6769.609 0.02 244.67001 48.169983 0.74
6741.9766 0.02 245.31999 46.240036 0.74
6733.4287 0.02 246.8 43.430008 0.77
6706.695 0.02 247.28001 43.310013 0.77
6764.8296 0.02 249.15002 48.27997 0.77
6794.509 0.02 247.49002 47.310028 0.77
6794.06 0.03 248.24995 49.510086 0.77
6785.1416 0.03 248.45999 44.410034 0.77
6781.8896 0.03 248.97003 44.72 0.77
6746.011 0.03 249.77998 43.38008 0.78
6743.996 0.03 248.28 42.650116 0.81
6772.941 0.03 249.73001 41.930023 0.9
6738.82 0.04 250.15001 44.039993 0.84
6705.604 0.08 249.86 44.010025 0.9
6749.9165 0.08 247.14998 44.62001 0.9
6762.818 0.08 252.84999 46.020035 0.9
6760.318 0.06 253.53 44.24002 0.95
6750.5522 0.06 251.48003 40.309982 0.95
6740.974 0.06 252.03998 43.47 0.95
6762.908 0.06 248.28998 44.850006 0.87
6745.737 0.06 249.60997 45.000046 0.87
6700.6313 0.06 248.18002 41.97998 0.87
6681.0674 0.07 246.64 43.979996 0.87
7509.207 0.0 265.29 76.16998 0.95
7478.7686 0.0 268.22998 74.940094 0.95
7439.1978 0.0 262.66998 74.12009 0.95
7367.776 0.0 264.12997 66.65997 0.95
7320.282 0.0 262.40994 65.680084 0.95
7282.023 0.0 264.94995 60.81006 0.95
7260.4316 0.05 258.58 66.44 0.95
7238.83 0.05 261.47998 61.73004 0.95
7198.9395 0.05 262.19998 60.430054 0.95
7180.9614 0.05 262.58 60.180023 0.95
7139.323 0.06 233.53993 89.68007 0.95
7077.105 0.06 232.37001 86.87999 1.05
7030.8335 0.06 232.74 80.36003 1.05
7001.992 0.06 232.63004 80.339935 0.95
6981.4614 0.06 233.50002 82.28996 0.95
6961.291 0.06 238.25003 69.44995 0.92
6975.021 0.06 234.71004 77.439926 0.92
6922.833 0.12 231.86 88.33 0.98
6819.1255 0.07 251.84004 44.86995 1.04
6801.1675 0.03 251.77998 44.550003 0.95
6834.82 0.0 253.89998 42.290024 0.91
6830.46 0.0 254.21 45.309982 0.91
6839.7886 0.0 254.48003 47.989944 0.91
6836.4478 0.0 255.24002 42.669983 0.95
6823.9946 0.0 254.65996 44.09001 0.9
6827.2314 0.0 254.15002 40.98999 0.9
6817.1313 0.0 254.41 43.679993 0.9
6821.0757 0.0 254.23999 45.390015 0.83
6816.326 0.0 253.23999 41.55002 0.89
6832.092 0.0 254.11998 39.37001 0.92
6829.4233 0.0 254.57002 40.959976 0.92
6836.9717 0.0 252.98003 41.249954 1.02
6826.2046 0.0 256.69003 38.20993 1.02
6820.1836 0.0 257.13 42.569977 1.02
6866.994 0.0 255.38997 43.280045 1.02
6863.3164 0.0 257.98004 41.659912 1.14
6855.7607 0.0 257.02002 43.059998 1.02
6889.1216 0.0 254.62 44.75998 1.02
6890.1787 0.0 257.96997 47.04001 1.02
6878.4844 0.04 254.87 51.619965 1.02
6893.7124 0.05 251.59999 49.710037 1.02
6889.461 0.05 253.78001 50.17 1.01
6936.8203 0.04 251.70998 59.490036 0.95
6928.0396 0.04 252.56996 55.970078 0.95
6924.0933 0.07 246.65001 62.87999 0.9
6928.2915 0.07 242.14003 81.98003 0.86
6941.0347 0.07 238.05002 84.45999 0.86
6947.2026 0.07 233.24 81.22005 0.86
6967.349 0.09 244.72002 67.01997 0.93
6959.645 0.07 237.02002 74.20996 0.89
6933.0957 0.07 237.74998 74.34996 0.89
6833.2124 0.09 239.7 72.979996 0.77
6842.331 0.08 243.31 59.390015 0.79
6773.631 0.1 238.99 63.969986 0.8
6624.392 0.13 244.61 49.559982 0.82
6757.145 0.1 241.18997 51.50006 0.83
6871.1636 0.12 244.34001 65.270004 0.87
6897.704 0.12 239.61005 73.51999 0.81
6897.122 0.12 243.50005 66.489944 0.78
6857.635 0.15 238.52003 71.84993 0.86
6857.133 0.15 243.97 64.899994 0.78
6822.2773 0.12 238.86 59.289993 0.86
6829.456 0.12 241.26 63.58 0.86
6803.156 0.12 241.82002 63.430008 0.86
6785.415 0.14 241.34999 56.709946 0.91
6713.505 0.13 244.68999 51.550034 0.81
6728.2417 0.13 243.99002 59.5 0.81
6714.879 0.13 247.03003 58.529938 0.81
6775.333 0.13 244.48 63.90999 0.83
6773.871 0.13 241.05002 64.46997 0.81
6793.7026 0.13 243.43001 64.199936 0.85
6838.442 0.13 245.32996 55.580048 0.89
6845.5625 0.13 249.67001 50.559937 1.08
6802.0117 0.14 243.20001 51.45996 1.08
6817.8228 0.14 242.01997 57.86006 1.08
6786.3115 0.14 239.27002 56.419952 0.89
6764.112 0.15 243.34003 53.51996 0.89
6741.2944 0.13 244.09996 46.770035 0.84
6743.0225 0.13 252.34 50.73004 0.95
6790.6846 0.13 249.40997 50.55002 1.0
6790.0405 0.13 247.41995 47.49002 1.0
6781.111 0.13 248.31995 48.890045 1.0
6760.038 0.15 241.43 50.05002 1.0
6764.2637 0.15 244.18004 52.229965 1.25
6743.229 0.15 243.76999 61.810028 0.92
6740.5522 0.15 243.6 49.52005 0.92
6755.6133 0.15 243.53 48.920044 0.92
6724.602 0.15 246.29997 47.550034 1.14
6697.581 0.15 246.31003 51.909973 1.14
6686.3135 0.15 246.95003 48.219986 1.05
6688.813 0.15 246.78996 51.11 1.03
6702.8857 0.15 247.21999 51.299942 1.21
6744.119 0.15 246.96997 55.149994 0.97
6760.3315 0.15 245.18996 57.510056 1.11
6731.218 0.15 245.91002 59.530014 0.92
6752.362 0.15 246.97995 63.210052 0.92
6744.602 0.15 249.03004 64.469955 1.11
6749.1533 0.15 244.97997 52.85997 1.24
6751.2524 0.17 245.43002 63.689972 0.88
6801.594 0.18 233.87999 76.72008 0.98
6788.26 0.18 244.56 60.74997 1.07
6800.786 0.17 250.07002 62.449966 1.31
6813.0195 0.13 250.0 55.77005 1.31
6816.6997 0.13 251.67004 55.849945 1.07
6821.7295 0.17 244.72003 66.359985 1.07
6813.8784 0.17 248.59 60.440033 1.31
6805.578 0.17 245.98001 60.339996 1.31
6817.5913 0.17 242.95 61.58998 1.31
6828.8027 0.15 244.83003 53.529953 1.15
6829.644 0.15 241.50008 61.31993 1.15
6838.662 0.14 244.75 56.160004 1.15
6849.6216 0.14 246.92996 58.100067 0.99
6879.2017 0.14 246.02997 61.329987 1.03
6907.5317 0.14 241.07997 62.930008 1.03
6913.801 0.14 238.37 65.70999 1.35
6919.4126 0.14 234.38002 71.56999 1.35
6924.2695 0.17 231.59001 76.52995 1.35
6935.9517 0.17 226.88 83.38995 1.19
6910.518 0.17 225.42001 82.39996 1.19
6871.208 0.18 240.36 66.33995 1.19
6830.357 0.18 239.07 70.350006 1.04
6769.632 0.2 237.27003 67.93001 1.04
6754.2397 0.2 238.66002 64.82997 1.05
6853.548 0.17 239.36 66.82997 1.0
6832.53 0.17 236.11002 67.98996 0.98
6799.3013 0.17 239.06 70.75998 0.94
6675.1885 0.16 239.96 55.10997 0.84
6742.121 0.16 247.12 56.600006 0.94
6725.149 0.16 248.15999 52.65999 0.94
6853.225 0.13 249.66002 49.719986 1.04
6856.9473 0.12 251.25996 57.42003 0.94
6816.332 0.12 246.58002 67.75 0.74
6825.4014 0.1 244.92004 70.109955 0.74
6809.889 0.12 247.52 64.14003 0.74
6700.929 0.1 245.86002 58.819977 0.77
6744.306 0.1 245.75002 57.789993 0.77
6768.6597 0.1 244.00002 60.80995 0.77
6761.79 0.1 246.37999 61.320053 0.77
6742.9272 0.07 244.95003 57.82991 0.68
6757.0103 0.07 239.15 62.349976 0.68
6719.4556 0.01 241.31001 62.33998 0.64
6711.5654 0.01 241.09998 61.180115 0.64
6728.491 0.01 239.57004 63.950012 0.64
6763.427 0.01 237.53003 66.04996 0.64
6782.255 0.01 238.13998 66.65997 0.65
6798.793 0.01 238.93999 66.739944 0.65
6804.8013 0.01 236.18001 71.39006 0.65
6821.9946 0.01 234.48999 66.57999 0.65
6827.285 0.01 233.06999 66.67 0.65
6833.6167 0.01 239.23001 63.409943 0.68
6776.861 0.0 250.93001 52.58 0.66
6795.7856 0.0 247.97 53.94998 0.66
6817.464 0.0 241.18001 63.050003 0.66
6765.103 0.01 239.28998 59.819977 0.66
6773.2725 0.01 238.75998 61.679993 0.66
6775.59 0.01 239.08998 61.810013 0.66
6781.907 0.01 235.94 62.49002 0.66
6777.757 0.01 235.87 61.350006 0.66
6749.976 0.02 242.87 57.160065 0.67
6748.0044 0.02 243.05002 54.69998 0.67
6714.6104 0.01 246.16 51.519928 0.67
6722.5537 0.03 243.72 58.25003 0.67
6758.671 0.03 243.73 60.17 0.67
6738.792 0.03 243.9 63.630066 0.67
6731.692 0.03 245.62 62.880005 0.69
6728.132 0.01 247.83 58.790054 0.69
6715.0293 0.01 241.96002 61.76001 0.66
6741.2524 0.01 247.54 53.790054 0.69
6683.137 0.03 248.54002 50.430008 0.7
6669.648 0.03 244.51004 49.589966 0.7
6667.7207 0.03 246.50005 47.33995 0.7
6634.5073 0.03 245.06996 45.800064 0.7
6586.99 0.03 241.38002 42.64995 0.67
6584.827 0.03 246.0 49.690033 0.69
6588.8677 0.03 244.32 47.419952 0.69
6478.3804 0.03 240.44 40.149994 0.7
6500.824 0.03 238.27998 39.819992 0.69
6492.2085 0.03 239.64 39.34001 0.69
6532.369 0.03 241.68999 40.439987 0.69
6539.4893 0.03 243.38004 42.059967 0.69
6567.3013 0.03 242.12001 42.759933 0.69
6606.492 0.03 242.02002 44.079956 0.67
6606.604 0.02 245.18001 38.779984 0.67
6611.4097 0.02 247.57 42.629944 0.67
6635.6714 0.02 247.12994 42.450043 0.67
6645.6094 0.02 246.27998 52.61998 0.65
6657.2593 0.03 240.59001 52.289993 0.65
6635.3975 0.03 239.56999 55.91005 0.61
6650.5625 0.03 238.61002 58.580048 0.61
6655.636 0.03 237.49998 49.820023 0.63
6640.351 0.03 242.70001 44.659973 0.68
6623.378 0.03 243.35999 45.52002 0.63
6648.989 0.03 238.76999 52.00003 0.63
6644.771 0.03 241.62999 46.580032 0.67
6636.416 0.03 241.73 49.64003 0.67
7397.0317 0.0 265.25 70.95004 0.94
7355.9917 0.0 246.43002 96.38995 0.87
7313.382 0.0 247.71 92.94997 0.87
7218.8613 0.0 246.14001 83.68994 0.87
7189.503 0.0 244.87999 79.93001 0.87
7157.695 0.0 246.46002 80.54993 0.87
7100.261 0.01 244.74 80.08 0.87
7073.654 0.01 245.29996 75.07999 0.87
7091.8613 0.01 244.01999 79.94 0.87
7087.0034 0.01 243.34001 78.02995 0.87
7014.812 0.02 239.52998 76.58998 0.87
6983.3213 0.02 244.93 69.36005 0.87
6959.122 0.02 243.73994 67.84001 0.86
6924.3057 0.06 240.56999 71.02998 0.91
6946.3 0.08 245.25998 71.48001 0.91
6946.394 0.08 241.59003 77.25998 0.87
6935.744 0.08 240.63 74.75 0.87
6927.9644 0.08 239.04999 73.55997 0.87
6930.7925 0.07 237.09999 72.15004 0.87
6928.4624 0.07 237.58002 68.349945 0.87
6933.834 0.07 230.62003 82.29999 0.85
6928.984 0.07 232.49997 77.01999 0.85
6935.766 0.04 239.27997 72.79004 0.85
6933.308 0.04 244.95999 65.5 0.89
6924.854 0.04 240.43 63.45999 0.89
6932.3813 0.04 244.98003 65.219986 0.89
6974.6104 0.01 248.02002 60.019928 0.89
6981.582 0.01 246.20996 69.49005 0.89
6978.8325 0.01 238.70999 65.83002 0.89
7001.28 0.01 239.64 71.60002 0.89
7016.8687 0.01 242.85999 73.68005 0.89
6998.6294 0.01 245.08 70.64995 0.89
7008.231 0.01 243.98 74.56001 0.89
6984.2603 0.01 239.84999 67.34996 0.84
6903.139 0.02 241.59 65.21002 0.76
6929.69 0.02 240.5 68.97998 0.76
6905.8696 0.02 245.98 68.08003 0.78
6915.07 0.02 247.89003 66.469925 0.8
6931.99 0.02 247.37996 65.98006 0.8
6901.277 0.02 249.80995 55.330063 0.8
6912.8076 0.06 249.66998 52.829956 0.87
6923.8896 0.06 247.71996 54.86 0.87
6886.2075 0.06 250.58998 49.840073 0.93
6925.9976 0.03 252.23999 53.319977 0.86
6928.238 0.03 247.10997 63.480026 0.84
6929.3027 0.03 245.88 68.69995 0.84
6936.888 0.03 241.52 74.86998 0.85
6936.2603 0.03 240.55 69.76994 0.85
6946.95 0.03 240.12 68.47003 0.8
6916.0786 0.05 247.34001 64.749985 0.8
6928.0103 0.05 245.48999 65.50995 0.8
6916.3296 0.04 234.56999 73.39998 0.78
6914.7085 0.04 240.51994 68.44008 0.78
6932.878 0.0 242.12999 63.479996 0.78
6976.7515 0.0 238.76001 70.18997 0.78
6977.35 0.0 239.88 72.51999 0.78
6967.7505 0.0 241.42001 70.850006 0.78
6977.6577 0.0 240.31001 77.04997 0.82
6973.6704 0.0 243.72 71.46002 0.82
6993.996 0.0 251.20998 63.69005 0.85
7007.8247 0.0 247.71999 67.270035 0.85
6982.0127 0.0 236.82002 78.06001 0.82
6962.302 0.05 234.49002 84.76001 0.82
6919.5903 0.05 229.95001 82.75 0.78
6913.8286 0.05 234.26999 77.75003 0.78
6944.554 0.05 240.64001 74.119995 0.85
6942.4497 0.05 238.80998 69.81001 0.85
6953.3193 0.08 245.82994 72.94005 0.96
6940.806 0.1 248.18001 59.679977 0.93
6939.747 0.1 249.18 55.100037 0.93
6916.5293 0.1 247.53001 52.550003 0.93
6872.4927 0.06 248.18999 48.020004 0.93
6851.2773 0.06 247.70999 50.25006 0.86
6848.2983 0.06 250.22997 49.810043 0.86
6870.8633 0.11 250.23997 55.18004 0.83
6868.0273 0.11 251.29999 57.129974 0.83
6875.527 0.11 248.40999 61.08995 0.83
6817.978 0.11 246.43002 53.95999 0.83
6818.048 0.11 247.47002 45.63997 1.2
6806.2637 0.11 246.90002 45.560028 1.22
6808.063 0.11 248.76999 46.26999 1.35
6843.1167 0.11 250.56 50.700043 1.35
6866.478 0.07 252.04001 46.47998 1.41
6852.188 0.07 253.58002 43.789978 1.41
6912.568 0.07 253.21002 50.619965 0.85
6910.0864 0.07 256.16003 52.059998 0.89
6920.928 0.09 251.42001 59.28003 0.89
6832.7607 0.09 252.41002 51.679977 1.1
6814.8267 0.11 249.81003 53.419952 1.1
6805.3486 0.11 247.76001 55.179962 0.87
6740.5664 0.11 245.70999 52.179993 0.87
6707.7817 0.11 247.02998 51.35005 0.87
6674.0977 0.18 246.42 53.37004 1.17
6667.9277 0.19 245.04 49.200058 1.14
6687.1416 0.19 244.58997 47.400055 1.43
6666.1714 0.15 243.58997 44.200043 1.43
6653.223 0.15 244.08 46.55995 1.03
6647.8804 0.15 246.22 45.950012 1.03
6648.623 0.15 245.16997 43.240128 1.36
6666.6206 0.15 243.41 44.950012 1.36
6690.671 0.15 246.67998 44.969986 1.36
6707.602 0.15 246.87999 47.999924 1.36
6722.148 0.14 248.27997 42.76004 1.36
6696.546 0.15 245.95001 46.320007 1.36
6736.111 0.15 246.52002 47.75003 1.36
6735.6313 0.16 243.23003 51.289963 1.36
6656.73 0.17 238.99998 54.44005 0.84
6645.0767 0.17 239.77998 54.11006 0.84
6629.0376 0.11 244.09 49.169983 0.8
6747.5625 0.11 243.31001 58.439957 0.8
6739.4546 0.11 243.67 57.81996 0.76
6733.785 0.11 239.87999 57.270004 0.75
6685.733 0.12 242.61996 55.880005 0.72
6689.1016 0.12 236.53998 59.109955 0.72
6687.8154 0.12 237.73001 59.00995 0.78
6655.2983 0.12 239.82999 53.210052 0.78
6611.5435 0.16 232.31001 74.05995 0.74
6611.472 0.16 234.04999 69.39996 0.73
6609.6143 0.16 237.66998 65.19003 0.73
6617.132 0.15 237.03998 74.53003 0.73
6698.394 0.15 238.42001 79.23993 0.73
6706.724 0.16 233.20995 82.85008 0.73
6712.3994 0.16 232.11 82.82002 0.73
6708.482 0.15 235.85999 73.03998 0.73
6756.33 0.15 236.37997 64.84012 0.74
6737.172 0.15 237.81003 68.359924 0.74
6716.2334 0.16 230.68001 79.469925 0.74
6797.637 0.16 241.23001 69.64996 0.75
6793.299 0.16 242.71004 65.44997 0.75
6828.2495 0.16 240.89 67.59001 0.75
6838.2026 0.15 246.82002 65.31993 1.04
6891.7803 0.12 249.85002 54.710007 1.04
6901.6694 0.12 249.26999 57.680023 0.99
6946.3467 0.12 246.00998 67.07001 1.38
6892.562 0.08 250.86998 49.63002 1.45
6815.4146 0.08 253.45001 47.830048 1.38
6814.155 0.08 250.11002 42.21997 1.37
6812.609 0.08 252.46 43.37996 1.37
6806.5586 0.08 254.23999 45.070038 1.37
6827.886 0.11 253.00998 46.659973 1.37
6834.9375 0.11 253.34 49.24997 1.14
6848.1875 0.11 251.33995 53.17003 1.14
6906.1514 0.11 248.94 58.529938 1.14
6905.158 0.11 250.93002 54.02997 1.04
6898.5327 0.1 255.15001 52.929977 1.04
6914.957 0.1 254.44 53.80002 1.04
6918.676 0.1 254.40001 54.82997 1.04
6909.194 0.1 256.22998 54.77002 1.04
6944.7354 0.1 255.79997 55.770004 1.14
6949.5283 0.1 252.67003 59.739944 1.12
6924.4683 0.1 252.11 56.90999 1.12
6916.683 0.11 244.33002 67.03 1.12
6925.553 0.11 243.66002 71.91997 1.14
6919.569 0.11 244.47 63.700043 1.14
6959.263 0.1 247.39 57.810013 1.14
6974.9873 0.1 247.98999 61.690002 1.12
6977.9263 0.1 243.93 65.25998 1.01
6939.8354 0.11 241.96997 69.379974 1.01
6903.375 0.11 244.07997 61.80995 1.01
6910.7266 0.11 239.84998 67.120026 1.01
6909.145 0.11 237.54 64.60997 1.01
6923.043 0.11 235.80002 68.95001 1.01
6949.5767 0.11 235.73 66.64006 1.01
6913.798 0.12 236.79999 68.72995 1.01
6912.2837 0.12 238.49998 68.3 1.01
6930.0703 0.12 243.96997 62.26001 1.18
6926.5073 0.12 240.40997 61.870026 1.18
6959.62 0.12 245.91998 64.82001 1.33
6956.928 0.12 247.27998 72.65004 1.33
6955.5156 0.12 244.91002 74.88997 1.18
6929.129 0.12 246.38998 73.339966 1.18
6930.741 0.12 245.21999 72.17998 1.18
6908.7544 0.12 249.83997 64.24005 1.18
6928.9316 0.12 249.28 66.39996 1.18
6926.661 0.12 249.01996 66.100006 1.4
6919.199 0.12 245.11 64.58995 1.4
6931.3105 0.12 242.60997 62.85997 1.4
6911.0093 0.12 237.14001 68.45996 0.97
6889.693 0.12 248.42001 64.08002 0.97
6880.335 0.12 252.38994 53.540054 0.97
6903.162 0.03 253.88 49.50998 0.97
6916.7935 0.03 253.59999 46.65001 0.97
6927.302 0.03 255.04999 45.150024 1.06
6922.5947 0.03 253.18001 47.319992 1.03
6903.991 0.03 255.33 45.64003 1.03
6877.4834 0.03 255.57 44.419952 1.03
6875.2163 0.03 257.16998 44.400024 1.03
6882.745 0.03 255.11 42.40999 1.03
6878.362 0.03 255.46996 46.320023 1.04
6875.4233 0.03 256.66 39.429993 1.04
6881.642 0.08 255.52002 50.03 1.26
6858.3604 0.08 253.43002 45.109985 1.26
6839.8286 0.08 251.33003 44.59999 1.04
6815.3677 0.08 251.40996 45.800064 1.04
6815.159 0.08 253.33998 45.64003 0.99
6851.5063 0.08 253.15997 48.100037 0.99
6870.7046 0.08 248.65999 51.429947 0.99
6861.32 0.08 252.88998 47.380035 1.05
6853.306 0.08 254.37997 49.33008 1.05
6871.4897 0.08 252.84001 50.34001 1.05
6864.1104 0.08 252.19002 49.310013 1.05
6896.48 0.08 255.13 50.129944 1.43
6876.4805 0.08 255.62999 46.219986 1.43
6872.048 0.08 250.78998 47.930023 1.05
6870.341 0.08 249.08 50.62999 0.91
6836.4497 0.0 250.10999 46.600006 0.91
6827.05 0.0 249.25998 45.880005 0.81
6839.706 0.0 251.99 47.35002 0.81
6830.0747 0.0 251.65001 51.029984 0.79
6820.4683 0.09 251.56999 45.990005 0.79
6788.93 0.09 252.60999 45.049988 0.79
6779.3516 0.07 248.45998 49.36998 0.73
6824.911 0.07 250.39001 54.23004 0.74
6825.9595 0.09 248.08998 55.64 0.74
6817.23 0.09 242.86996 52.460083 0.73
6840.2427 0.09 237.22998 65.45001 0.73
6812.4414 0.09 224.64005 78.6199 0.72
6810.846 0.09 229.74004 75.229935 0.72
6863.646 0.04 236.71996 66.510056 0.72
6883.5723 0.03 246.15997 58.51999 0.74
6881.6084 0.03 245.68997 57.00998 0.74
6791.6255 0.03 245.56996 49.09001 0.74
6789.925 0.03 244.90999 55.550003 0.71
6828.25 0.03 244.12004 60.729935 0.71
6842.1157 0.02 248.7 58.710007 0.74
6866.1924 0.02 243.65999 59.270035 0.71
6798.6807 0.02 242.93 59.950012 0.67
6816.3823 0.02 240.15001 61.949966 0.67
6800.384 0.02 240.64005 60.599945 0.67
6772.283 0.02 242.42003 58.820023 0.67
6765.1436 0.03 242.67001 59.059967 0.67
6758.733 0.03 244.66002 65.259995 0.65
6766.252 0.03 242.46002 66.72 0.65
6765.843 0.02 242.37999 63.64 0.65
6771.541 0.02 239.48999 65.56998 0.65
6787.7437 0.02 235.88995 75.05005 0.65
6830.054 0.02 237.34996 77.50008 0.65
6833.222 0.02 236.39996 82.75006 0.65
6871.5835 0.03 233.26999 81.899994 0.65
6891.9517 0.03 230.03001 84.03996 0.69
6925.844 0.03 228.86998 88.34001 0.74
6914.6816 0.03 232.68 82.850006 0.74
6938.9756 0.02 238.04001 78.21997 0.74
6903.6294 0.02 241.56001 70.37999 0.74
6886.1357 0.02 241.42001 71.73993 0.69
6879.1855 0.01 237.47 68.27002 0.69
6845.8887 0.01 240.41995 61.370087 0.69
6823.5537 0.01 239.52003 61.36992 0.69
6782.5986 0.01 243.26994 55.320084 0.69
6756.0737 0.01 244.73 55.250015 0.69
6753.8066 0.01 245.57999 52.840088 0.69
6744.9746 0.01 246.10999 55.420013 0.69
6768.428 0.01 244.42001 55.789978 0.69
6751.398 0.01 244.43999 51.020035 0.69
6732.518 0.01 242.94997 50.240036 0.69
6734.548 0.01 242.35997 49.749985 0.69
6773.874 0.01 242.51001 51.589935 0.69
6760.459 0.01 242.70999 54.71997 0.69
6811.3867 0.01 241.09999 58.550034 0.69
6869.2476 0.01 244.54001 67.05002 0.68
6858.868 0.01 244.82 65.91 0.68
6827.438 0.01 244.61002 65.27991 0.68
6823.775 0.01 241.86003 61.459915 0.68
6794.9673 0.01 244.86 67.68001 0.66
6797.9067 0.01 244.87 70.140015 0.69
6822.356 0.01 244.26 63.88002 0.67
6829.7837 0.01 242.29001 65.77994 0.67
6826.7007 0.01 243.76003 65.16002 0.67
6836.654 0.01 241.64001 70.329956 0.67
6867.8467 0.01 236.07 77.00992 0.67
6930.9575 0.01 228.1 85.98996 0.69
6964.4985 0.01 249.81001 64.459946 0.77
6954.346 0.01 249.83 63.65004 0.77
6968.031 0.01 252.61002 58.409973 0.79
6958.7295 0.02 248.05002 68.91998 0.86
6968.8276 0.02 246.91 69.97 0.9
6977.564 0.02 243.29001 71.160034 0.86
6956.3223 0.02 232.88 84.130035 0.79
6956.713 0.02 229.09 87.660065 0.79
6948.223 0.02 237.83002 75.55997 0.79
6931.7085 0.02 237.49005 71.619934 0.79
6926.7163 0.02 235.32005 68.83992 0.77
6945.499 0.02 234.86 76.490005 0.77
6924.6343 0.02 241.74 70.750015 0.77
6897.875 0.02 242.79999 68.33005 0.75
6895.3667 0.02 243.89003 70.60002 0.75
6819.21 0.02 244.97 72.170044 0.68
6826.0337 0.02 244.49998 77.11 0.68
6842.6343 0.02 244.48003 80.739975 0.68
6864.2935 0.02 243.79004 80.48993 0.68
6842.648 0.02 240.83997 77.360016 0.67
6843.7676 0.04 237.56999 78.43999 0.67
6820.368 0.04 241.38998 71.870026 0.67
6825.038 0.04 239.99997 73.20004 0.67
6784.728 0.07 241.96002 68.339935 0.67
6758.8677 0.07 237.42001 65.53998 0.67
6756.2114 0.07 239.15999 60.820084 0.63
6773.404 0.07 233.70003 72.999985 0.63
6771.523 0.07 236.41002 76.05 0.63
6818.974 0.07 239.48999 68.65997 0.69
6832.096 0.07 237.10004 72.95999 0.7
6793.7324 0.0 245.2 62.90999 0.63
6798.654 0.0 243.68001 71.64 0.63
6819.9956 0.0 245.08002 71.83002 0.63
6813.187 0.0 248.57999 68.60004 0.67
6823.173 0.0 248.53003 66.68994 0.67
6815.975 0.0 247.24002 73.139984 0.64
6820.4326 0.0 248.68001 74.03999 0.64
6776.0576 0.0 247.39998 67.29002 0.64
6791.2925 0.0 246.93 59.630035 0.64
6808.521 0.0 246.95998 59.940018 0.64
6839.3843 0.0 240.77002 69.600006 0.64
6831.4575 0.04 250.12001 62.40999 0.7
6832.8267 0.02 250.28 49.74002 0.7
6856.1953 0.02 246.63 53.97995 0.7
6879.914 0.02 245.55998 53.790024 0.75
6878.343 0.02 244.39001 67.33002 0.73
6907.539 0.02 239.58002 66.91 0.7
6862.646 0.02 242.65001 58.460007 0.7
6864.4473 0.02 242.76001 60.430023 0.7
6841.693 0.02 244.54001 52.80002 0.7
6833.2344 0.02 247.56003 48.669952 0.7
6838.6353 0.02 247.45 55.89006 0.7
6824.255 0.07 247.32999 55.72003 0.7
6842.13 0.07 250.49998 55.85002 0.79
6861.897 0.07 245.85002 61.61992 0.79
6877.979 0.0 248.83998 53.960037 0.79
6855.178 0.0 253.64003 52.699936 0.79
6858.111 0.07 248.02003 58.729996 0.79
6865.217 0.07 244.87999 57.759995 0.79
6885.505 0.07 236.92998 63.85005 0.79
6879.191 0.07 238.49998 63.090103 0.79
6849.977 0.07 236.99998 65.56999 0.77
6827.631 0.07 243.04002 57.449997 0.77
6846.5425 0.07 241.66 58.120026 0.77
6838.717 0.07 235.17 64.250015 0.76
6842.1 0.07 231.25 67.57001 0.76
6882.3296 0.07 230.11002 78.079926 0.73
6879.2017 0.07 234.26001 70.350006 0.73
6894.633 0.07 237.63002 70.56999 0.74
6893.8237 0.07 237.57999 68.48996 0.74
6932.5586 0.07 239.70999 80.0 0.81
6963.0854 0.07 245.87997 68.21005 1.04
6941.673 0.07 245.75 65.119934 1.04
6935.8135 0.07 249.76999 58.559998 0.94
6940.105 0.07 250.01999 63.450043 1.06
6922.0073 0.07 246.04001 62.450012 0.81
6896.156 0.07 248.08 60.449966 0.81
6923.965 0.03 251.81998 53.210052 0.81
6872.157 0.03 240.91998 60.559998 0.72
6875.8306 0.03 248.60999 54.470062 0.73
6920.8335 0.03 249.98001 52.27002 0.87
6946.7734 0.03 252.28 52.670013 0.87
6957.081 0.03 253.57999 53.100006 1.06
6963.028 0.03 251.08005 53.47995 1.06
6937.9233 0.08 249.83003 58.919968 1.06
6933.526 0.04 249.24995 57.16005 0.95
6961.2393 0.04 249.67995 57.700058 0.95
6919.96 0.0 249.44995 54.039978 0.73
6895.9214 0.0 250.7 56.279984 0.73
6874.355 0.0 244.64001 62.190002 0.7
6885.0625 0.0 245.17 68.57997 0.7
6876.7017 0.04 241.32 65.50992 0.74
6860.5503 0.09 249.45001 60.519928 0.82
6875.089 0.06 250.55 65.27992 0.82
6867.9927 0.06 250.20001 61.080017 0.82
6894.2456 0.05 248.31998 57.76004 0.75
6869.033 0.05 248.52002 53.19998 0.75
6882.274 0.09 249.21 53.760025 0.82
6889.2026 0.09 242.61 60.479996 0.82
6892.9126 0.09 247.85002 61.12999 0.82
6890.0435 0.09 250.76 64.67 0.87
6886.532 0.08 252.72995 60.24008 0.89
6883.1543 0.08 254.28 52.179993 1.36
6865.482 0.08 251.36002 52.20996 0.89
6831.242 0.08 251.30005 46.289978 0.89
6868.4546 0.03 248.93 49.889984 0.89
6864.2026 0.03 252.35999 47.75003 0.96
6863.2075 0.08 251.28996 48.17 0.89
6858.5854 0.08 251.81 46.74994 0.89
6854.0327 0.08 253.40001 52.019974 0.89
6856.221 0.08 252.39001 52.090027 0.96
6874.0103 0.08 250.92001 51.51996 0.96
6922.2383 0.08 248.29999 62.46997 0.87
6913.864 0.08 250.71996 57.65004 0.87
6910.447 0.08 250.63997 55.34001 0.87
6921.528 0.1 253.55997 52.900055 0.91
6873.6743 0.1 249.28998 55.33008 0.87
6886.788 0.09 246.88002 56.300034 0.86
6846.948 0.09 247.54001 53.350037 0.82
6856.7964 0.09 251.78003 58.94995 0.82
6852.7656 0.04 251.97003 59.19995 0.82
6906.891 0.0 255.08002 56.46994 0.82
6916.09 0.0 254.31 53.819977 0.8
6935.075 0.0 255.63002 53.019974 1.02
6951.708 0.0 253.29001 55.799988 0.83
6935.79 0.0 255.59998 57.619965 0.82
6948.607 0.0 252.32999 54.789978 0.82
6949.7466 0.0 251.90004 57.179947 0.82
6948.0796 0.0 252.37003 55.24997 0.82
6931.909 0.0 252.89003 51.32997 0.84
6903.339 0.0 249.33003 50.989914 0.84
6930.3667 0.0 254.84001 48.34001 1.04
6924.3384 0.06 253.03003 51.21994 1.04
6935.085 0.06 255.32002 54.64995 1.04
6936.426 0.06 256.3 54.659973 1.04
6920.2095 0.02 257.75003 53.930023 1.44
6931.637 0.02 257.47 51.410034 1.44
6936.5703 0.02 255.16003 51.329956 1.44
6953.6987 0.02 256.13 55.169983 1.44
6938.4956 0.02 254.4 54.309967 1.44
6940.4165 0.02 256.31998 54.429993 1.44
6943.646 0.02 257.59003 56.119965 1.44
6914.0996 0.0 257.89 54.679993 1.44
6936.8994 0.0 255.22 51.390015 1.44
6922.023 0.0 256.11002 51.119965 1.44
6928.501 0.0 254.9 46.320007 1.44
6929.9316 0.0 255.4 47.400024 1.44
6902.7705 0.0 256.77002 50.72992 1.44
6914.676 0.0 255.10999 51.140045 1.16
6909.0913 0.0 256.20996 47.72003 1.16
6889.5405 0.0 258.07 44.26001 1.16
6868.9297 0.0 253.68002 46.089996 0.97
6850.9634 0.0 255.41003 41.99002 0.98
6866.228 0.0 255.41998 45.02008 0.98
6868.4316 0.0 255.12003 45.559937 0.98
6860.472 0.0 250.77 47.919937 0.91
6876.8936 0.0 254.15 50.130035 0.9
6869.1016 0.0 253.47002 49.11006 0.91
6857.613 0.0 254.96 48.14006 0.91
6886.858 0.0 254.60002 50.269943 0.91
6916.8296 0.0 254.62 51.49997 0.91
6915.322 0.0 251.81995 49.00006 0.91
6925.972 0.0 250.23999 48.950012 0.91
6956.4507 0.0 249.88 53.00998 0.91
6949.885 0.0 249.97997 52.010025 0.91
6981.2676 0.0 248.97002 56.229996 0.91
6974.1685 0.0 249.25002 56.800034 0.91
6991.494 0.0 251.29001 57.340057 0.91
6971.684 0.0 252.88998 54.45999 0.91
6955.3804 0.0 253.73003 57.83998 0.91
6966.322 0.0 252.98 56.41002 0.93
6950.314 0.0 255.20999 56.680054 0.93
6966.5566 0.0 256.24994 59.590057 0.93
6991.5957 0.0 254.36995 56.580032 0.93
6978.816 0.0 252.90997 56.430054 0.93
6970.406 0.01 254.84001 54.809982 1.09
6966.496 0.01 255.02 57.820023 1.04
6951.7593 0.01 255.10002 56.39 1.04
6945.7974 0.01 255.62004 57.199936 1.04
6952.901 0.01 252.87 60.73004 0.9
6939.449 0.01 252.87001 60.92003 0.9
6924.7627 0.01 253.80998 60.58998 0.9
6918.9297 0.01 255.02005 61.44986 0.9
6913.799 0.01 254.33998 58.469955 0.9
6861.908 0.01 254.73 48.789963 0.9
6844.6826 0.01 253.33 49.520035 0.83
6838.902 0.01 251.99002 48.649933 0.89
6834.0317 0.01 252.56001 46.14998 0.89
6856.521 0.01 255.95998 44.89003 0.92
6858.5146 0.01 255.25003 46.19995 0.92
6788.7075 0.01 252.92998 39.050034 0.92
6792.461 0.02 252.51 41.90999 0.92
6789.2783 0.02 253.10999 40.910004 0.92
6760.6797 0.02 253.3 40.940018 0.92
6738.062 0.02 251.95001 41.410034 0.81
6739.7505 0.02 253.04001 37.149933 0.85
6744.0693 0.02 248.84 42.130035 0.85
6781.7144 0.02 253.68999 42.800095 0.85
6774.8687 0.02 254.66 42.900024 0.98
6834.561 0.01 255.04001 43.320007 0.98
6810.8267 0.01 255.29001 41.79001 0.98
6784.708 0.02 253.41 39.97003 0.98
6808.129 0.02 255.61 43.500015 0.98
6805.0234 0.02 256.78003 38.549988 1.14
6787.9097 0.02 253.29002 41.990005 0.96
6804.1997 0.02 254.24002 42.610016 0.92
6797.999 0.02 254.52002 43.660004 0.92
6803.8906 0.02 254.30997 44.76999 0.92
6824.709 0.01 255.81001 46.90999 0.82
6830.347 0.01 251.74 51.439987 0.82
6826.0303 0.01 253.12999 46.10005 0.78
6785.261 0.01 256.44998 36.49005 0.78
6794.4 0.01 254.22002 41.35994 0.83
6819.388 0.01 253.82999 45.01999 0.85
6836.0015 0.01 254.12 46.639984 0.85
6804.179 0.01 253.56003 44.70993 0.85
6799.874 0.01 252.82999 42.97995 0.86
6795.6377 0.01 250.56 45.329956 0.78
6793.77 0.01 251.14998 44.939987 0.78
6786.9062 0.01 252.62999 37.34001 0.82
6811.16 0.01 251.07002 41.32997 0.82
6797.088 0.01 253.35 40.559967 0.82
6810.707 0.01 251.18001 41.210037 0.82
6807.7363 0.01 252.34 45.99997 0.82
6802.058 0.01 252.87 45.02997 0.82
6815.715 0.01 254.15001 45.049942 0.87
6818.9766 0.01 255.24002 42.04004 0.92
6826.078 0.01 253.51 41.750015 0.92
6834.0566 0.01 254.55002 42.73999 0.92
6809.137 0.01 255.61003 39.84996 0.92
6806.948 0.01 250.17001 39.72998 0.9
6836.805 0.01 248.28 41.809967 0.99
6829.7065 0.01 252.78 42.129974 0.99
6821.075 0.01 252.01 39.210037 0.99
6814.7197 0.0 253.79002 37.65004 1.09
6790.9434 0.0 249.41005 37.199936 1.09
6787.634 0.0 257.55005 32.48996 1.31
6800.6177 0.0 256.16 35.850037 1.31
6789.911 0.01 256.90997 34.390137 1.31
6813.879 0.01 254.86998 34.330093 1.31
6812.079 0.01 255.81995 34.170074 1.31
6840.9707 0.01 253.24998 36.61 1.31
6816.6113 0.01 253.92 35.35005 1.31
6856.17 0.65 221.66005 92.969955 1.12
6854.043 0.57 221.81004 92.489944 1.12
6911.0845 0.15 225.45998 93.93007 1.12
6920.865 0.15 223.26 93.270004 1.18
6918.735 0.15 223.23999 91.22003 1.18
6896.7964 0.15 235.54 81.989975 1.29
6908.768 0.15 241.78001 78.57005 1.35
6918.5796 0.15 241.03 85.49002 1.35
6936.4 0.15 241.09999 88.11006 1.41
6906.371 0.15 242.17001 81.130035 1.41
6910.7695 0.15 239.06999 84.93007 1.41
6904.2983 0.15 244.09999 72.82005 1.41
6842.221 0.15 246.69997 70.94005 1.18
6818.002 0.15 247.12001 68.79997 1.18
6816.792 0.15 247.08003 67.24992 1.18
6811.5186 0.17 248.85 67.51999 1.18
6823.226 0.17 248.49 67.979965 1.5
6855.061 0.17 250.02 73.53999 1.5
6858.964 0.17 242.77003 80.37999 1.5
6853.932 0.17 248.22998 69.48993 1.5
6846.7397 0.17 246.65 70.85989 1.09
6818.188 0.17 246.67001 68.47 1.09
6785.7607 0.17 245.71002 62.879974 1.09
6776.7007 0.17 247.09 59.93991 1.09
6767.916 0.17 248.51003 59.92 1.09
6768.5996 0.17 245.38004 61.289978 0.96
6599.1475 0.18 242.88998 47.560028 1.13
6526.689 0.16 243.49 44.070053 0.92
6534.478 0.18 241.75 47.880005 0.92
6535.717 0.17 235.58998 57.89 0.78
6602.0317 0.2 235.98996 65.120026 0.78
6609.4897 0.2 235.34996 66.770096 0.78
6642.955 0.16 241.40002 54.410034 0.75
6650.8013 0.12 242.94003 54.71994 0.75
6644.4927 0.12 243.15002 57.570007 0.75
6651.1626 0.12 243.40004 61.229996 0.76
6559.758 0.15 245.8 50.62996 0.87
6606.8877 0.13 246.98999 47.73999 0.87
6661.2246 0.13 246.37001 47.439987 0.84
6626.3496 0.13 245.91997 46.930008 0.84
6621.1304 0.13 245.75998 46.25003 0.84
6629.4014 0.13 244.31001 45.259995 0.84
6638.481 0.08 245.06003 42.329987 0.84
6619.8687 0.08 245.41997 48.570053 0.78
6550.2227 0.11 238.72002 45.509964 0.78
6549.3306 0.13 237.49 50.239944 0.78
6534.729 0.13 236.96 49.539993 0.75
6524.85 0.13 237.03998 53.100067 0.75
6516.0815 0.13 239.00998 49.350098 0.75
6544.944 0.13 236.21002 54.160034 0.75
6563.8926 0.08 238.77998 42.64003 0.82
6548.7417 0.08 241.31998 40.27005 0.82
6553.0444 0.08 242.65999 46.770065 0.74
6573.8833 0.07 243.98999 49.200043 0.74
6620.8203 0.07 243.89001 42.22992 0.74
6602.6816 0.07 242.74998 40.88997 0.74
6622.5327 0.08 241.86998 43.590073 0.74
6633.1797 0.08 242.25998 45.160065 0.76
6652.67 0.08 244.26003 45.499924 0.76
6659.528 0.08 245.50002 43.85997 0.79
6677.1763 0.08 246.97 44.059967 0.79
6665.25 0.08 245.57 49.50998 0.78
6711.4116 0.08 243.52997 50.00003 0.78
6746.497 0.08 247.34999 50.239975 0.78
6767.5977 0.08 245.59001 54.85997 0.78
6761.3833 0.08 248.82999 52.98996 0.78
6789.5605 0.07 248.17 52.10997 0.78
6811.2 0.07 246.10995 54.22003 0.78
6851.0728 0.07 243.65 61.650055 0.78
6827.739 0.07 246.98004 58.23993 0.78
6828.3984 0.07 244.36003 60.039932 0.78
6830.2485 0.07 246.06999 64.32005 0.78
6831.4194 0.06 248.35994 53.69005 0.78
6834.379 0.06 247.52998 52.970047 0.78
6788.8325 0.06 248.73001 49.69995 0.78
6803.061 0.06 245.80003 50.64998 0.78
6781.2773 0.06 249.91998 53.859985 0.78
6741.5312 0.04 245.08998 48.260025 0.78
6737.9937 0.04 248.29 45.240036 0.78
6716.2827 0.04 246.17 45.199997 0.78
6705.52 0.04 246.57999 44.54007 0.81
6697.5244 0.06 244.81 44.950043 0.79
6689.9478 0.07 246.87003 43.49994 0.89
6693.9634 0.07 244.62 43.73999 0.79
6673.917 0.07 244.29001 41.29001 0.94
6691.658 0.07 246.42998 41.84999 0.79
6673.7065 0.07 243.13002 47.13997 0.78
6649.4053 0.07 243.48 43.769974 0.78
6630.091 0.07 243.54999 44.149994 0.76
6628.9023 0.07 245.68997 40.79007 0.77
6630.969 0.07 242.73001 44.54004 0.77
6617.5425 0.07 243.01997 40.760025 0.77
6617.6016 0.07 245.77998 36.36 1.02
6612.1626 0.05 245.62004 38.389908 0.77
6612.73 0.05 241.7 40.449997 0.76
6599.5977 0.05 245.13 37.179993 0.85
6595.53 0.05 246.41003 35.129974 1.28
6582.0176 0.05 246.45001 36.51999 1.28
6600.6265 0.04 249.16003 29.689941 1.09
6614.9194 0.04 250.22 33.600037 1.09
6648.7397 0.04 248.86 37.87004 1.09
6649.148 0.04 251.66 39.299988 1.09
6646.5728 0.04 250.67004 35.859985 1.09
6654.416 0.04 249.78004 38.84999 1.09
6640.5796 0.08 247.30003 36.879898 1.15
6635.4463 0.08 244.22998 37.75003 1.09
6644.195 0.08 245.49998 38.14 1.15
6600.453 0.08 248.71999 38.37999 1.11
6592.568 0.08 245.56999 34.740005 1.22
6602.0776 0.08 245.19998 35.059967 1.22
6587.721 0.02 243.42 36.37001 0.99
6569.4795 0.02 244.73999 36.630035 0.99
6563.2866 0.02 245.13 36.80005 0.99
6549.3604 0.02 242.33003 34.10994 0.99
6544.422 0.02 243.24998 32.789993 0.99
6526.247 0.02 245.95 34.709976 0.99
6511.1167 0.02 246.14005 35.789948 0.99
6505.24 0.02 244.84001 33.559982 0.99
6540.918 0.02 243.32 34.47 0.99
6563.257 0.02 245.17998 34.64 0.99
6658.3022 0.0 251.12999 32.31996 0.99
6692.02 0.0 248.71 35.759995 0.99
6684.7725 0.0 251.17001 33.48996 0.99
6699.67 0.0 251.70998 35.020096 1.04
6768.119 0.69 230.54001 78.80994 2.07
6755.7695 0.67 232.23001 76.94995 1.3
6788.169 0.67 228.82999 82.82999 1.3
6767.029 0.67 229.23999 78.81006 1.3
6811.6704 0.64 229.66998 75.20004 1.3
6826.2817 0.37 228.55998 77.79002 1.3
6806.812 0.26 231.17998 73.68001 1.3
6766.042 0.26 231.29997 73.41002 1.95
6716.623 0.26 231.98999 72.83002 1.95
6691.2407 0.26 233.72997 74.11006 1.3
6691.0405 0.25 235.33997 72.160065 1.21
6646.9604 0.25 232.90999 62.560043 1.21
6615.389 0.25 234.29999 60.670044 1.21
6619.7007 0.25 237.02998 60.87001 1.21
6655.5903 0.26 235.01 68.13997 1.21
6653.692 0.26 239.08 63.83998 1.02
6618.5103 0.26 239.58994 61.100067 1.02
6633.349 0.26 238.96007 61.879898 1.37
6664.4814 0.24 242.07 61.76999 1.37
6665.22 0.24 235.83998 64.71004 1.37
6675.19 0.24 234.66998 70.77002 1.37
6667.762 0.24 237.90997 68.22 1.37
6653.44 0.24 239.08997 64.52002 1.04
6659.0493 0.24 237.9 70.07001 1.2
6628.1597 0.24 240.04999 65.79001 1.2
6624.661 0.24 238.82999 61.53 1.2
6591.412 0.24 238.13004 59.940002 1.2
6630.6323 0.21 233.57999 61.639954 0.92
6666.692 0.21 229.59998 70.400024 0.89
6639.824 0.21 232.80997 56.900055 1.13
6633.8745 0.21 231.06998 54.150085 0.96
6692.1416 0.17 245.04997 45.62001 1.42
6724.4443 0.17 247.31999 50.560013 1.28
6755.336 0.19 250.20003 52.35997 1.28
6703.5815 0.19 245.90999 44.249985 1.49
6820.5034 0.19 234.7 61.58 1.25
6784.2075 0.14 247.70001 43.48993 1.14
6787.056 0.14 248.02 50.049973 1.14
6779.972 0.14 246.65004 51.090042 1.11
6768.169 0.14 244.99998 50.560013 1.11
6788.343 0.14 244.16 52.310028 1.11
6805.5254 0.14 244.20996 52.79001 1.06
6779.3765 0.14 246.12 52.21997 1.06
6799.43 0.14 245.87001 54.57994 1.06
6809.4185 0.14 243.03003 57.289948 1.06
6778.4106 0.14 247.77003 56.87999 1.06
6788.871 0.14 247.62 56.600006 1.06
6770.91 0.14 246.34996 54.570084 1.04
6790.4897 0.14 250.61 51.38997 1.15
6774.838 0.14 249.12999 51.299942 1.15
6744.5215 0.14 249.67 48.309982 1.15
6733.7603 0.14 246.05 54.819992 0.96
6658.331 0.14 247.36 44.430008 0.93
6723.003 0.67 239.20004 81.53992 1.6
6736.5537 0.67 236.56 82.82001 0.96
6749.9526 0.49 238.69997 81.08003 1.1
6748.473 0.49 240.28003 83.01999 1.03
6706.775 0.49 233.88998 81.109985 1.03
6651.589 0.49 235.30998 78.09996 1.13
6588.0884 0.49 232.93997 74.10007 1.07
6584.077 0.49 232.32999 70.75003 1.07
6619.856 0.49 231.24998 71.88002 1.07
6643.965 0.47 228.35997 79.35005 1.07
6665.262 0.38 234.32 64.31998 1.07
6645.5737 0.28 233.36002 62.45999 1.02
6605.532 0.28 236.92001 54.299957 1.28
6567.731 0.28 238.89 50.61995 1.28
6604.0645 0.28 239.39998 52.68004 1.28
6606.5947 0.28 235.82 53.72995 1.28
6623.5493 0.26 238.41995 52.440094 1.28
6601.8984 0.19 241.7 54.289993 0.83
6560.993 0.19 233.97 52.629974 0.83
6535.7256 0.27 237.51996 52.47003 1.2
6565.852 0.24 225.24002 76.02002 0.81
6540.872 0.24 227.92 68.08006 0.81
6611.063 0.24 224.70001 73.44 0.9
6617.4644 0.24 226.66 71.19995 0.92
6620.252 0.24 226.43001 74.05995 0.92
6631.782 0.24 227.1 71.17999 0.94
6636.1436 0.24 230.4 75.45004 0.94
6635.503 0.25 232.89 77.20003 0.94
6604.332 0.23 237.27998 63.88005 0.94
6581.9824 0.23 237.98999 65.97 0.94
6585.243 0.23 239.58002 68.600006 0.92
6544.3125 0.23 237.38002 64.65996 0.92
6548.5825 0.23 235.63995 60.570007 0.92
6548.7124 0.23 235.61 57.559982 0.92
6552.242 0.23 233.90999 52.08998 0.92
6663.287 0.23 232.96002 57.46997 0.78
6623.421 0.23 234.31003 57.299927 0.78
6615.194 0.23 233.59003 54.73999 0.78
6604.1343 0.25 235.56999 54.260025 0.82
6553.969 0.22 233.2 50.62001 0.89
6618.2188 0.19 239.73001 43.819977 0.9
6607.29 0.15 241.93001 45.209976 0.9
6611.409 0.15 240.57002 46.739883 0.9
6650.6553 0.14 244.63997 43.89003 0.87
6718.662 0.14 245.19998 50.74005 0.88
6752.5635 0.15 245.29999 46.51001 1.32
6714.1846 0.16 242.57002 47.719955 1.77
6809.972 0.17 235.37 69.82001 0.89
6786.502 0.18 235.98997 62.820023 0.89
6815.0 0.18 244.51999 57.849945 0.99
6816.261 0.18 240.23997 63.11 0.99
6799.6416 0.19 242.37996 61.800095 0.99
6816.524 0.19 243.90002 54.53003 1.2
6841.36 0.19 240.09001 64.8799 1.2
6885.6914 0.19 235.95001 73.50003 0.99
6895.801 0.16 246.06001 66.63002 0.99
6879.1606 0.16 241.13002 65.13002 0.99
6882.362 0.16 234.52002 70.53006 0.98
6835.0225 0.16 241.15 66.66 0.98
6848.7217 0.16 241.13 64.0 0.96
6858.7314 0.16 233.70001 77.78003 0.96
6883.2 0.16 229.97002 83.70003 0.96
6857.942 0.16 228.88002 85.07997 0.91
6847.402 0.16 228.14001 83.140015 0.91
6852.192 0.19 227.19003 87.76004 0.91
6829.012 0.2 228.90001 87.229996 0.91
6807.3286 0.2 229.66002 83.780045 0.88
6783.1875 0.19 237.65002 78.119995 0.88
6747.1494 0.19 239.90001 75.28996 0.88
6748.9224 0.19 235.25003 79.93997 0.79
6729.0044 0.19 238.16 76.72006 0.79
6735.689 0.17 237.85 77.05002 0.79
6751.827 0.17 232.08002 78.78003 0.79
6759.517 0.17 232.45 83.85002 0.79
6714.394 0.17 233.86002 77.900024 0.76
6617.4175 0.19 233.80002 63.360016 0.76
6601.283 0.19 236.38004 60.389984 0.76
6685.5317 0.17 237.13002 62.35997 0.79
6677.779 0.17 238.79 64.219955 0.77
6642.224 0.14 242.02 55.479996 0.78
6670.158 0.17 240.42996 59.28006 0.78
6681.9307 0.17 240.61993 61.0101 0.78
6659.692 0.17 241.40999 61.669968 0.78
6645.2896 0.17 243.21997 59.47003 0.78
6607.7183 0.16 242.12999 58.86 0.81
6595.5977 0.16 241.59996 54.080063 0.81
6665.6187 0.14 242.87999 50.729996 0.84
6670.648 0.14 247.35999 45.04001 0.88
6668.6177 0.14 241.09998 50.860016 0.84
6655.4307 0.14 243.03003 49.21991 0.84
6629.705 0.14 241.96002 46.799957 0.84
6630.336 0.14 244.75998 42.370056 0.85
6597.9014 0.14 241.70999 47.169983 0.81
6600.5947 0.14 237.92006 50.459915 0.81
6698.1123 0.15 245.44997 51.12999 0.81
6701.16 0.15 246.19002 50.779953 0.85
6759.271 0.15 241.35002 62.289963 0.85
6782.671 0.15 242.15999 51.64006 1.04
6779.8315 0.15 239.21999 56.490067 0.85
6782.3223 0.15 236.29999 61.24005 0.89
6800.3296 0.14 235.54997 60.070053 0.89
6789.7246 0.14 235.17998 58.919968 0.93
6798.5737 0.14 234.72002 59.84996 0.93
6830.0894 0.14 240.31 51.73001 0.96
6793.3076 0.14 241.89001 54.159943 0.96
6793.638 0.14 240.62001 58.219925 0.97
6804.0474 0.11 249.01997 46.36995 0.97
6807.777 0.11 248.33997 49.110077 0.97
6820.422 0.11 246.71002 48.95996 0.97
6762.076 0.11 246.51999 46.100006 0.93
6752.116 0.11 241.60002 52.14995 0.84
6770.219 0.11 237.49002 58.319977 0.81
6763.9146 0.11 239.30002 56.109985 0.81
6749.3496 0.13 240.12004 58.40004 0.81
6744.378 0.13 241.21005 54.51999 0.81
6748.148 0.13 239.05003 56.019974 0.81
6824.17 0.13 234.49998 60.66002 0.84
6845.823 0.13 236.08998 60.990005 0.84
6829.285 0.12 238.46 58.12996 0.84
6795.9717 0.12 243.34 55.899963 0.88
6765.494 0.12 248.79999 50.349976 0.88
6784.6445 0.12 249.31 51.820007 0.88
6803.749 0.13 245.84998 61.789978 0.88
6861.4233 0.13 250.48001 62.76999 1.36
6855.522 0.13 250.29 56.12999 1.36
6830.4116 0.13 251.95998 59.820053 1.36
6819.8066 0.13 244.65004 65.26994 0.88
6791.4165 0.13 249.47002 56.38997 0.92
6745.6606 0.13 246.23997 46.790024 1.02
6766.2305 0.13 247.59 49.840027 0.94
6761.707 0.13 249.96 47.730026 0.92
6768.8584 0.13 249.48996 57.420074 0.92
6779.733 0.13 248.91998 54.560028 0.92
6777.9106 0.13 248.49997 49.920044 0.92
6789.2646 0.13 247.03 49.169983 0.92
6834.0806 0.13 247.97997 51.86 0.92
6819.56 0.13 246.82002 51.479996 0.92
6814.4014 0.13 246.59001 54.029984 0.89
6771.422 0.12 244.79 51.780014 0.89
6726.2803 0.13 244.73003 44.89995 1.04
6698.6196 0.13 244.69 52.710022 0.79
6722.178 0.13 244.31 59.870026 0.79
6707.9263 0.15 244.29002 53.020004 0.79
6739.7314 0.15 243.51999 52.30002 0.79
6757.72 0.19 238.01003 61.14998 0.95
6715.639 0.19 228.83003 73.489975 0.82
6710.6816 0.19 231.69998 76.32001 0.81
6660.068 0.19 236.67001 60.76999 0.79
6646.477 0.16 240.44 57.580017 0.79
6638.122 0.17 237.77997 55.129974 0.79
6629.536 0.17 237.55 54.16002 0.79
6606.054 0.19 234.56001 57.169968 0.79
6626.785 0.19 234.68001 59.38002 0.79
6707.8916 0.19 236.0 62.309967 0.79
6631.3506 0.19 229.7 69.66994 0.77
6676.0884 0.19 231.75003 73.74997 0.77
6657.6963 0.19 228.72 70.48001 0.77
6646.826 0.19 229.59001 70.34993 0.76
6621.142 0.19 230.23003 68.60988 0.76
6618.32 0.19 234.95 63.86003 0.76
6688.801 0.2 241.7 55.199966 0.8
6620.9214 0.21 241.94 56.55002 0.89
6628.6724 0.21 240.44003 59.149933 1.08
6636.907 0.21 240.96 57.050064 1.29
6634.0684 0.21 242.36 53.039993 1.29
6679.406 0.15 245.13 45.139984 1.29
6741.3257 0.2 242.02 49.490036 0.87
6732.026 0.2 244.94998 47.930084 0.87
6736.237 0.2 242.09001 52.720016 0.87
6723.732 0.18 246.18002 48.919983 0.95
6725.3306 0.18 245.56 55.840027 0.98
6723.0815 0.18 248.42 57.93004 0.98
6732.5503 0.18 243.85994 64.72011 0.98
6741.303 0.18 244.82999 69.72006 0.98
6747.454 0.18 237.64998 71.510056 0.87
6741.8174 0.18 238.26 68.35005 0.84
6741.3545 0.18 240.57997 64.37004 0.84
6758.3486 0.17 243.16 68.22009 0.87
6790.3525 0.17 240.43996 75.300064 0.87
6786.6177 0.17 239.57999 72.389984 0.87
6790.2476 0.17 238.22 68.399994 0.87
6776.8223 0.17 240.99998 67.85002 0.85
6774.788 0.17 241.83998 69.07002 0.85
6779.6772 0.17 239.47 69.130005 0.89
6768.8726 0.17 242.04 64.58003 0.89
6769.6606 0.17 239.31 64.26999 0.95
6760.6787 0.17 242.43002 64.45999 0.95
6771.067 0.16 244.69005 53.58995 0.95
6793.717 0.16 242.95998 58.840073 0.95
6817.651 0.16 245.01 60.569992 0.95
6796.0195 0.16 242.95998 59.550064 0.95
6829.4673 0.16 243.02 55.680008 1.33
6836.5894 0.16 239.48999 61.630035 1.24
6830.2397 0.16 240.78001 56.940018 1.24
6833.3315 0.16 236.54002 61.40999 1.24
6877.709 0.16 236.01001 64.60004 1.24
6837.58 0.16 235.73001 61.99002 0.95
6855.3975 0.16 235.47003 60.579956 1.14
6869.2065 0.16 235.04002 64.760025 1.14
6852.4946 0.13 244.25 58.02997 0.99
6843.0044 0.13 245.62997 58.069977 0.99
6854.9287 0.13 247.42004 55.269928 1.01
6916.5337 0.13 248.76 55.280014 1.04
6883.264 0.13 247.90996 57.530045 1.01
6874.1523 0.13 248.16995 59.700073 0.92
6833.474 0.14 242.29999 63.590027 0.92
6789.1094 0.14 245.76997 57.199997 0.94
6822.517 0.14 245.8 64.10002 0.94
6810.5547 0.14 247.13997 65.72008 0.88
6810.823 0.14 248.68999 67.60997 0.88
6798.062 0.14 250.52998 59.580032 0.88
6813.95 0.14 246.95996 63.700073 0.88
6800.4883 0.14 247.25998 62.70999 0.88
6771.058 0.14 249.79994 55.490097 1.0
6773.3096 0.14 248.61996 61.430084 0.82
6762.933 0.14 249.2 56.990036 0.82
6755.1206 0.14 248.32002 55.729996 0.82
6728.448 0.16 237.81 63.200012 0.82
6714.7314 0.16 244.98003 56.679916 0.82
6721.66 0.15 242.07997 59.929916 0.77
6682.732 0.15 244.60995 56.410004 0.77
6683.69 0.16 241.18002 59.21997 0.77
6652.0654 0.17 238.9 63.610016 0.77
6636.497 0.17 238.86996 62.24002 0.77
6653.2856 0.17 240.41998 64.04999 0.77
6649.9526 0.17 238.41 60.48993 0.77
6665.4414 0.17 240.74 65.729965 0.75
6625.6567 0.17 240.55003 60.939957 0.75
6609.875 0.17 234.76003 59.039932 0.75
6574.856 0.17 212.29 84.36 0.74
6566.7627 0.17 220.93 73.45001 0.74
6556.912 0.17 225.21999 66.010025 0.74
6524.0884 0.18 214.84 81.68997 0.74
6468.304 0.19 224.78998 64.66998 0.74
6455.3657 0.19 225.80003 65.39998 0.74
6501.495 0.19 225.51001 68.54001 0.73
6474.8936 0.19 228.91 65.72003 0.73
6476.0454 0.19 226.88 74.01996 0.73
6481.047 0.18 227.14001 69.599915 0.73
6464.146 0.18 234.5 54.99005 0.74
6473.5874 0.14 234.06001 54.219986 0.74
6465.29 0.14 234.38998 54.78006 0.74
6488.9976 0.14 232.2 59.790024 0.74
6525.6123 0.14 232.71004 60.169968 0.74
6516.8813 0.14 233.77 64.70998 0.74
6497.523 0.14 231.29 69.760025 0.7
6493.9814 0.14 234.81999 65.58998 0.7
6491.6533 0.14 233.48997 61.35002 0.7
6479.336 0.14 231.32002 59.63997 0.7
6491.572 0.12 233.16005 57.469955 0.7
6484.256 0.12 232.11002 56.49994 0.7
6483.1895 0.12 231.47997 54.18007 0.7
6482.4717 0.12 228.2 58.439957 0.69
6467.3647 0.1 225.82 62.409943 0.68
6437.763 0.09 227.21999 60.289993 0.68
6448.2026 0.09 226.33 62.209946 0.68
6447.68 0.09 230.78 61.939972 0.68
6475.4097 0.09 223.48 68.530014 0.66
6471.2144 0.09 225.33 67.739975 0.66
6498.3223 0.1 227.64005 66.23996 0.67
6533.864 0.1 232.81003 59.669983 0.7
6608.965 0.1 233.62001 61.169968 0.7
6617.4277 0.1 234.99 64.03999 0.7
6636.503 0.1 233.94002 63.39995 0.7
6621.3906 0.1 235.57 64.149994 0.7
6638.3975 0.1 235.47002 64.13997 0.7
6674.11 0.1 234.04001 67.59 0.7
6682.4434 0.09 233.03003 60.829987 0.7
6703.328 0.09 244.31 52.890045 0.78
6670.7793 0.09 243.33998 51.190018 0.78
6710.9346 0.1 243.12999 54.560043 0.78
6717.257 0.1 249.21999 46.719986 0.9
6727.01 0.1 247.31999 48.800003 0.9
6738.5737 0.1 247.51999 49.079987 0.91
6740.3096 0.11 244.37003 49.669983 0.91
6721.529 0.11 245.40004 50.10994 0.91
6699.925 0.11 245.01 50.11003 0.85
6690.371 0.11 249.03996 47.64003 0.96
6665.666 0.11 248.24997 42.23004 0.96
6657.644 0.11 249.32005 38.759933 0.96
6647.7285 0.04 249.39 38.06996 0.96
6669.63 0.04 249.96 38.88997 0.97
6710.6567 0.11 251.30002 39.929993 0.97
6684.576 0.11 250.25 39.170044 0.97
6700.9365 0.12 251.28998 42.680054 0.97
6712.7915 0.12 250.44998 41.80005 0.97
6723.7725 0.12 248.78998 44.28006 0.97
6686.4062 0.13 247.09998 45.03003 0.97
6706.1187 0.13 245.69998 44.98999 0.98
6715.312 0.13 243.93001 45.280014 0.98
6704.5293 0.13 244.54997 44.980026 0.97
6655.067 0.13 246.05998 43.87999 0.99
6704.4297 0.13 246.40002 43.98999 0.88
6686.735 0.13 241.61005 46.49994 0.87
6683.612 0.13 246.77997 43.330017 1.02
6662.681 0.13 245.34 47.820007 0.87
6659.418 0.13 245.34001 43.67006 0.87
6649.218 0.13 245.13998 43.840057 0.85
6611.581 0.13 244.32002 40.62993 0.99
6615.3467 0.13 243.79001 41.419983 0.99
6608.0166 0.13 244.35 40.599976 0.99
6573.366 0.13 242.71 41.989975 0.85
6561.216 0.13 243.31996 38.780014 0.85
6572.496 0.13 242.51996 40.32007 0.85
6569.1304 0.13 243.37999 40.710007 0.85
6557.9106 0.13 241.95999 37.930023 0.99
6541.3174 0.19 239.88002 45.810013 0.99
6548.3584 0.19 240.22002 46.189987 0.99
6519.6777 0.19 235.9 43.190002 1.21
6529.9707 0.18 236.29001 42.910004 0.99
6493.16 0.15 236.65999 40.17 0.89
6498.3286 0.15 233.36995 46.13002 0.89
6520.822 0.15 237.56003 46.390015 0.89
6539.301 0.15 239.30998 41.029984 1.2
6561.1143 0.15 238.89996 39.54007 1.2
6521.7603 0.15 240.91002 39.569992 1.2
6540.335 0.15 242.04002 39.86995 1.22
6550.4155 0.15 242.11 41.659958 1.2
6561.9844 0.15 241.83003 41.549942 1.2
6546.3613 0.15 246.91003 41.039948 1.48
6517.1416 0.15 243.84998 40.640045 1.48
6529.4004 0.15 246.39998 35.16002 1.83
6503.172 0.15 243.84001 37.819992 1.33
6491.8813 0.15 240.93002 37.73996 1.33
6471.3926 0.15 240.31999 39.36 1.2
6469.071 0.12 238.04999 37.120026 1.2
6473.095 0.12 240.93999 34.14998 1.66
6492.5864 0.12 243.43999 34.86 1.26
6500.955 0.12 240.06 37.599976 1.26
6480.393 0.07 241.54999 34.570038 1.26
6472.964 0.07 241.04 34.540024 1.26
6900.031 0.7 226.14003 103.27998 1.08
6920.2983 0.67 223.64003 102.33 1.08
6905.21 0.66 228.64003 99.68001 1.42
6886.59 0.63 229.77 97.750015 1.57
6839.45 0.63 229.8 92.59004 1.58
6838.0107 0.63 230.84001 96.260025 1.58
6836.4136 0.54 238.56 88.01001 1.58
6805.0137 0.54 238.91003 86.599976 1.58
6802.454 0.42 242.33003 83.18996 1.58
6799.9126 0.42 239.41 76.80005 1.13
6801.6504 0.42 238.02 77.77998 1.13
6805.9585 0.42 237.66002 82.489975 1.02
6773.27 0.42 235.71 78.96004 1.02
6704.7114 0.42 236.35997 81.33006 0.99
6685.239 0.42 237.83003 75.01997 0.99
6672.4277 0.42 235.70003 74.66997 1.17
6668.7188 0.42 233.06 72.94 1.01
6603.9414 0.42 233.82999 65.73004 1.17
6597.0713 0.42 236.78001 65.63005 1.17
6559.192 0.42 233.28998 59.5 1.17
6554.4775 0.42 234.38 56.190002 1.17
6536.9453 0.36 233.15001 54.310013 1.11
6554.057 0.34 232.59999 53.999985 1.11
6588.1597 0.32 231.08 63.010025 1.11
6543.0903 0.32 232.51001 53.23001 1.15
6545.37 0.32 233.02 55.89995 1.15
6515.191 0.26 233.59998 51.04001 1.24
6510.6025 0.26 235.02 50.779953 1.24
6514.79 0.26 233.91 51.80002 1.24
6480.3643 0.29 234.00003 56.16992 1.24
6465.149 0.28 235.01 58.83 1.15
6487.644 0.28 233.58 60.789963 1.15
6476.895 0.28 233.29999 62.360016 1.11
6468.0693 0.28 234.22005 56.749924 1.11
6464.6724 0.24 237.47002 53.999954 1.11
6464.635 0.24 237.36 50.17 1.11
6447.985 0.24 237.56001 48.36998 1.25
6467.6997 0.24 236.65002 50.48996 1.25
6494.5728 0.24 236.36 46.249954 1.11
6553.42 0.21 238.21999 51.09001 1.17
6571.2324 0.21 239.13004 52.49997 1.12
6524.073 0.21 238.77005 47.23999 1.08
6521.695 0.15 241.01001 41.880005 1.04
6475.522 0.18 239.07994 42.319992 1.04
6471.8945 0.21 234.40002 52.29001 0.9
6442.9287 0.21 233.98999 51.359955 0.9
6422.062 0.21 234.51999 52.73004 0.9
6409.1216 0.21 234.65999 52.059982 0.91
6382.7075 0.21 233.06 47.47 0.91
6360.788 0.21 232.96002 45.73996 0.91
6389.501 0.21 237.31999 47.739975 0.91
6402.802 0.21 233.83002 48.110016 0.91
6394.5317 0.21 231.50002 47.090042 0.95
6357.63 0.21 235.82002 39.58995 0.98
6351.6777 0.21 237.34001 42.09996 1.12
6369.9565 0.21 236.02 39.449966 1.42
6400.3296 0.18 238.31003 39.19992 0.98
6449.6997 0.21 237.52998 46.990005 1.31
6471.8174 0.21 233.82999 47.75998 1.03
6462.972 0.21 236.19998 48.179993 1.03
6431.642 0.18 234.54997 38.65007 1.03
6444.115 0.2 232.77997 41.80008 0.97
6446.2383 0.2 236.36002 44.309998 0.97
6494.8213 0.21 232.50002 49.07997 0.97
6477.888 0.21 232.88002 49.409927 0.97
6454.864 0.21 236.91998 48.22003 0.97
6465.8135 0.21 235.36996 44.02002 0.97
6454.963 0.21 236.09 42.099976 0.97
6445.301 0.21 237.02002 41.25995 1.08
6488.307 0.21 237.43999 42.58995 1.08
6537.2783 0.21 237.65997 49.51004 0.95
6540.232 0.21 235.12001 53.82997 0.95
6535.9185 0.21 238.89 51.189957 1.23
6551.5063 0.21 238.76003 50.42 1.23
6541.411 0.21 239.33003 51.909958 1.23
6603.089 0.21 237.99 50.87999 0.97
6599.961 0.21 238.1 49.410004 0.97
6639.9326 0.21 239.20001 66.359955 0.99
6625.338 0.21 238.01 65.37001 0.99
6666.5347 0.21 241.37003 58.169952 1.24
6627.404 0.21 238.26997 55.520035 1.24
6615.2344 0.21 238.79001 53.70999 1.24
6606.695 0.21 243.48 54.239975 1.24
6607.1084 0.21 242.06 57.220062 1.24
6696.7783 0.21 246.01999 63.110016 1.18
6693.628 0.21 248.17996 68.33005 1.18
6705.393 0.21 246.01994 66.11006 1.18
6714.347 0.21 244.67995 58.880142 1.18
6768.235 0.2 249.75998 53.890045 1.12
6774.388 0.2 250.08 53.789963 1.13
6774.9053 0.2 248.35002 54.39 1.29
6784.783 0.2 246.87003 54.72 1.13
6800.0503 0.2 246.97005 58.059982 1.13
6789.3193 0.2 249.58002 54.55002 1.18
6791.6284 0.2 249.31 60.150055 1.13
6792.511 0.2 249.29002 54.789993 1.2
6784.8003 0.14 249.15002 48.789978 1.2
6785.037 0.14 250.44 45.98004 1.23
6790.039 0.14 249.76 46.310013 1.23
6812.2515 0.14 251.50998 47.680023 1.23
6809.952 0.14 248.64 50.510056 1.2
6797.6807 0.14 247.79001 50.070007 1.2
6781.798 0.14 245.83002 53.179962 0.84
6763.2837 0.14 248.61 50.950027 1.04
6743.6875 0.14 246.45 50.730026 1.04
6718.4756 0.14 248.26 49.90001 1.04
6697.2407 0.14 248.34998 49.23004 1.03
6705.9385 0.14 245.11002 46.20999 1.03
6712.19 0.14 248.32997 46.61003 0.99
6681.3438 0.14 249.16997 49.690018 0.99
6661.375 0.14 248.43999 46.41002 0.99
6646.5415 0.14 247.45999 44.429993 0.99
6650.333 0.14 249.17003 42.960007 1.14
6636.2925 0.14 247.70999 45.160034 1.07
6633.9194 0.14 241.59 40.06006 1.07
6619.161 0.14 245.71999 37.64003 1.07
6632.4194 0.14 246.3 41.289963 1.13
6647.7534 0.14 247.66 42.16992 1.13
6634.321 0.14 245.16 40.97 1.13
6659.961 0.14 242.02002 44.429993 1.13
6671.105 0.14 244.55002 45.309967 1.13
6660.6973 0.14 244.56998 44.620056 1.13
6649.5586 0.14 245.18999 44.029984 1.13
6646.2334 0.16 242.11002 46.339966 1.13
6610.2793 0.15 243.89 42.190018 1.11
6663.4697 0.15 244.19002 47.11998 1.11
6662.705 0.16 240.11002 46.53 1.06
6639.942 0.16 246.05003 42.36998 1.06
6648.742 0.17 243.05 46.980026 1.06
6631.935 0.17 242.69998 44.310028 1.02
6628.6147 0.17 244.86002 43.589966 0.94
6614.0615 0.15 242.24 43.09001 0.94
6592.4453 0.15 242.62004 43.58992 0.94
6602.392 0.15 242.36 40.969986 1.33
6592.8003 0.15 243.38 41.319977 1.33
6585.732 0.15 243.59998 39.850037 1.33
6576.3413 0.17 240.41002 41.85997 0.92
6581.7334 0.09 242.11003 42.07997 0.91
6545.607 0.09 238.99998 44.560043 0.81
