-15825.605	-5.69649	-560.88104	150.05298	10.16956
-16503.715	-4.22729	-594.1119	140.76776	10.82774
-19341.86	-6.64981	-742.7285	73.8349	11.40219
-19270.82	-6.43661	-723.671	96.22296	11.06119
-19329.678	-7.76015	-722.42865	86.98773	11.36486
-19404.932	-6.03158	-711.6858	114.921875	11.09009
-19410.055	-6.03158	-708.97797	106.080444	10.99273
-19298.012	-6.94046	-711.5752	108.80072	11.09009
-19448.656	-6.03158	-756.73376	58.191772	11.241
-18479.084	-4.35086	-603.85657	198.57532	10.8775
-19376.39	-6.03158	-738.2363	78.27527	10.95399
-16145.674	-4.8621	-577.0894	145.41608	10.40577
-17397.424	-5.50727	-648.3423	132.87793	10.83513
-17348.96	-4.51553	-653.34375	102.5202	10.93435
-18361.863	-9.827	-650.10724	152.1997	9.85951
-18190.357	-9.47048	-644.3362	141.90979	10.47521
