-7386.3384	-5.80426	-829.2373	298.65027	30.77288
-6834.1997	-5.80426	-765.7822	254.43701	33.09188
-7316.9023	-9.09407	-820.95087	319.8188	26.77596
-7370.707	-6.03521	-890.6288	250.23462	35.22947
-7634.4272	-4.3254	-912.8624	187.28003	38.50505
-7642.2734	-6.03521	-920.085	215.99823	38.50505
-7541.407	-4.3254	-845.9518	267.27966	29.28648
-7292.816	-5.92998	-826.2573	281.77466	34.02747
-7636.648	-6.82983	-922.35175	208.11798	38.33129
-6681.855	-3.11481	-778.67377	219.47089	33.09188
-7043.3174	-6.82983	-833.1405	282.7423	30.21963
-7570.0527	-4.3254	-876.7407	219.02771	35.22947
-6309.1553	-4.13811	-737.1477	261.99988	32.07581
-7652.3525	-4.3254	-944.5819	194.12732	38.33129
-7530.6426	-9.09407	-845.7939	267.0711	38.50505
-7566.279	-9.08314	-853.2037	264.0346	38.50505
-6582.6235	-3.6656	-745.41144	252.64746	26.88716
-6344.342	-12.62948	-692.9132	320.66156	23.21754
-6521.2812	-6.03521	-735.28577	239.93036	26.7055
-7286.551	-6.82983	-808.9544	310.91266	35.22947
-7571.501	-4.3254	-917.0752	253.75525	34.64907
-6370.5996	-19.26933	-639.59644	455.43555	22.53658
-6191.0015	-11.44046	-651.25	343.48322	22.13576
-6253.35	-23.21754	-637.46265	505.10828	18.37289
-5928.417	-15.96159	-605.9297	317.0351	22.53658
-6365.176	-20.17996	-639.01245	358.87854	26.21495
-6442.21	-8.25139	-716.42505	319.79907	24.65902
-6634.693	-18.37289	-681.3879	376.07733	30.21963
-6358.485	-13.25628	-691.9306	363.14178	30.52903
-6468.8423	-22.01747	-653.4082	460.6477	19.99211
-6546.9277	-12.2174	-717.5368	356.76886	30.21963
-6468.0474	-16.25401	-686.39417	406.0111	17.51422
-6438.301	-16.55372	-651.1499	391.81482	21.60812
-6278.7754	-20.82905	-625.1649	365.964	19.14834
-6256.3022	-17.51422	-638.58545	470.51	19.35933
-6428.9116	-23.21754	-663.38367	458.99976	26.21495
-6190.494	-20.79233	-628.0765	380.24603	29.36699
-6318.3267	-10.93273	-675.0362	319.04803	31.29347
-6378.9106	-8.4868	-659.23816	317.1776	25.31491
-6261.4307	-19.85449	-631.71796	359.8396	19.99211
-6056.8643	-13.97221	-657.98834	266.1206	19.52733
-6732.8804	-3.11481	-781.47424	246.07495	30.79455
-5686.3604	-3.41494	-662.78845	199.85077	30.40059
-5909.299	-4.3254	-634.77563	228.98944	34.58023
-6872.06	-3.11481	-704.401	444.80823	26.20491
-6596.3784	-3.6656	-659.9186	431.9502	24.43549
-6583.8516	-9.20284	-647.63513	446.97937	24.35169
-6585.1494	-11.08703	-668.72046	400.32837	24.65902
-7551.141	-4.3254	-843.4806	275.80298	32.2121
