-136002.22	-59.54766	-5754.633	1041.417	88.28069
-131302.0	-61.79376	-5285.976	1355.3516	94.06282
-134928.77	-49.68494	-5622.913	1163.606	85.88001
-135371.81	-59.54766	-5621.0137	1149.7832	86.95538
-131948.64	-62.50382	-5510.8613	1159.2583	94.53408
-132851.97	-63.11495	-5124.774	1634.3604	88.85844
-118965.734	-63.13265	-4738.8623	1369.2603	108.05917
-127291.28	-70.56953	-4963.6953	1705.3472	86.15067
-128186.375	-74.53437	-4954.3135	1686.146	89.03691
-121270.664	-63.88888	-4700.6045	1409.8457	97.86673
-128469.734	-79.51901	-4926.767	1792.1636	79.51011
-127969.89	-77.44173	-4924.7476	1703.167	80.16164
-126572.9	-68.99535	-5054.4688	1518.6318	85.88001
-122762.67	-64.21577	-4709.793	1443.9331	96.10025
-130850.15	-78.78718	-5065.594	1734.7656	83.23479
