3078.5273 151.46977 940.7995 123.35712 175.56256
3131.7378 148.9879 982.9878 116.92871 180.10432
3062.0781 180.30351 958.69574 126.65607 174.07896
3073.7097 152.81651 967.9088 136.85632 166.57277
3123.7302 148.9879 974.28296 162.52002 175.56256
3098.2644 146.42358 948.8175 130.9115 175.56256
3123.73 148.9879 974.283 162.52008 175.56256
2797.4724 163.04944 891.1162 86.50421 158.81538
2955.4941 166.75435 928.7024 123.25635 162.17918
3008.1277 174.99878 924.8952 173.23004 163.04944
3094.608 180.10432 945.85785 144.73248 174.07896
2930.6997 175.56256 927.969 87.79498 162.17918
2736.1072 167.80708 871.0183 60.747803 168.23352
2976.1536 166.57277 948.3448 105.384705 167.80708
2941.6511 174.51805 903.15186 122.47168 160.57045
2969.1426 171.11234 932.8627 95.11658 165.63431
3003.0076 151.46977 962.63696 66.674805 171.11234
3113.1033 172.59387 963.6561 142.24316 175.56256
3105.7502 139.48946 957.00037 153.0033 170.43655
2982.9194 170.43655 957.14246 82.81384 172.59387
3087.1423 151.46977 949.4146 140.27118 175.56256
3082.8674 168.37735 961.55853 158.9477 174.07896
3003.0078 151.46977 962.6369 66.674866 171.11234
2993.2693 170.43655 942.2759 104.361206 186.96777
3005.3574 172.59387 929.524 113.832825 180.44133
3036.6387 175.56256 933.2563 114.18536 174.07896
2606.42 160.57045 838.22675 64.9068 160.58025
2552.9478 140.68813 840.6566 26.024292 162.17918
2574.2607 161.69604 846.6793 22.333862 167.80708
3105.75 139.48946 957.0005 153.00317 170.43655
3094.0125 145.06038 944.56555 133.80017 162.65744
2581.3665 150.28746 838.85333 42.331543 156.44406
3018.0242 151.46977 951.9461 103.56427 163.30281
2938.0876 155.41624 913.13806 195.76465 160.12032
2978.1082 151.46977 963.73755 65.783936 176.18057
2592.403 155.60138 840.94385 36.750854 159.09889
2596.2026 155.60138 842.8255 42.97412 159.09889
2586.5168 150.53415 844.1771 30.84375 168.82925
2503.2886 142.96455 822.21356 21.35376 153.60292
2951.5947 175.56256 944.3905 77.99164 175.56256
2604.3904 136.8855 861.80945 17.68695 182.29018
2890.6738 165.63431 918.2092 93.17584 161.09023
2969.1428 171.11234 932.8626 95.11676 174.07896
3069.8977 172.59387 937.47034 133.45532 180.44133
3082.3145 139.48946 949.8872 140.18372 175.56256
2540.8018 155.60138 830.39874 26.930542 161.09023
2612.8892 136.8855 861.2508 22.284119 182.29018
2873.9902 168.0257 882.3512 135.69 156.65688
2810.303 159.08867 895.842 104.757996 156.26208
2983.4524 170.43655 942.03314 114.27985 175.56256
2922.9458 148.22198 881.52673 159.0791 158.15666
2798.7249 159.08867 890.06793 100.11304 153.60292
2676.2 149.79512 857.6723 91.34363 152.65053
2526.0547 143.49786 830.8864 44.909424 150.28746
2650.0168 148.19414 840.21747 73.54431 151.48897
2523.7053 145.34834 817.97314 60.105896 150.28746
2798.7246 159.08867 890.06793 100.11304 150.28746
3113.103 172.59387 963.65607 142.2431 176.18057
2939.1628 132.45357 923.5158 130.47333 158.76811
2951.5945 175.56256 944.3905 77.99164 172.59387
2720.17 165.06464 868.98645 88.056335 159.26941
2641.7354 155.03871 852.3687 88.369446 148.22198
2605.6714 132.45357 850.60785 25.623352 159.31747
2672.0408 150.07303 869.5469 30.261475 173.66588
2586.517 150.53415 844.1771 30.843811 168.82925
2674.745 152.81651 831.6057 89.427734 152.65053
2688.4165 156.65688 862.6215 83.45538 159.09889
2597.4426 149.79512 840.5796 66.4267 152.65053
2589.37 149.79512 827.81287 55.293396 152.65053
2896.3005 171.11234 946.06165 48.311584 178.6093
2613.2715 148.9879 838.43945 73.35077 148.22198
2638.4531 142.96455 854.06616 119.44165 148.9879
2912.3572 166.86389 896.71027 133.92133 156.65688
3074.124 167.80708 961.17487 185.15118 166.57277
2736.1074 167.80708 871.01825 60.747864 168.23352
2716.1367 167.80708 880.7791 56.050476 168.37735
2524.1567 136.8855 825.1712 44.86505 149.79512
2659.5166 125.31791 799.4544 175.34479 148.06262
2694.3425 161.69604 877.0973 41.4256 168.37735
2604.791 158.87866 829.4429 62.130493 159.09889
2795.915 154.11949 904.35266 65.58313 152.81651
3014.4277 175.39734 931.1952 159.90808 171.11234
3058.805 175.56256 909.3578 202.55688 172.59387
2548.6584 155.03871 842.30963 13.734436 158.81538
2520.1572 150.28746 820.8168 48.66162 148.22198
2978.236 166.75435 919.35913 171.44641 163.04944
2957.3435 174.07896 919.7446 132.51172 171.11234
3074.1238 167.80708 961.1749 185.15112 166.57277
2980.6545 172.59387 946.8192 104.62305 176.18057
2523.2046 142.96455 824.66223 33.596863 149.79512
2688.122 163.81062 881.65576 34.41748 163.28447
2898.9744 171.11234 938.02356 53.308167 175.39734
2538.6746 149.79512 809.1698 79.24597 149.1685
2936.793 145.08446 920.8941 139.93732 159.09889
2928.685 146.85654 912.8116 132.9527 159.09889
2957.5527 167.80708 904.1693 264.7068 162.65744
2507.846 150.28746 822.5143 34.65265 149.79512
2557.0706 150.28746 827.93964 48.37738 156.26208
3060.5295 151.46977 965.9415 110.717285 163.30281
2681.6436 141.41768 870.0886 44.633423 156.26208
2951.0774 167.80708 926.12775 203.90143 162.17918
2926.3328 148.9879 925.60474 128.0874 158.76811
3037.2605 145.06038 920.87 159.30115 159.09889
2683.2886 142.96455 871.7339 48.98822 163.04944
2713.7095 148.9879 885.3151 52.167908 163.04944
2732.946 147.01022 884.3835 56.92865 171.10156
2697.4895 160.57045 876.35095 49.089783 162.17918
2966.4915 139.48946 915.7382 169.58807 158.76811
3083.7444 147.01022 946.01636 160.21106 168.37735
2893.871 155.5343 942.7641 49.046936 172.59387
2802.872 154.11949 893.20605 100.1947 160.57045
2805.268 167.80708 885.5283 84.38208 168.23352
2761.7668 156.44406 863.27997 130.19983 148.9879
2930.6992 175.56256 927.969 87.79492 162.17918
2730.03 147.01022 881.46783 50.919373 160.6806
2601.3809 158.76811 829.33234 61.307434 160.57045
2685.2063 148.9879 866.37976 48.593323 156.44406
2698.3792 143.36038 872.03125 49.34613 156.44406
2758.625 154.18167 880.77966 63.71527 168.82925
3041.9004 167.80708 947.3124 160.16675 166.57277
2848.8926 171.11234 932.11053 29.371033 176.18057
3041.9006 167.80708 947.3123 160.16681 166.57277
2935.358 175.56256 916.8224 101.75348 171.11234
2632.5027 159.09889 863.0009 36.80182 162.17918
2732.9692 127.88705 875.2166 59.535217 168.82925
2924.015 162.65744 885.5156 163.30273 159.1573
2631.3196 156.26208 855.4424 33.439575 173.66588
2610.8962 150.28746 859.5288 23.378479 162.88988
2630.7874 150.28746 862.6212 30.74707 163.30281
2605.598 159.09889 857.5364 33.851013 168.37735
2611.0156 159.09889 856.9559 21.595093 169.7348
2720.915 155.5343 871.66864 62.204163 168.82925
2717.9788 148.9879 872.19604 59.38446 171.10156
2935.3582 175.56256 916.8224 101.75354 171.11234
2867.958 172.16602 938.6598 41.88684 171.11234
2951.5947 175.56256 944.39044 77.99176 172.59387
2664.197 152.81651 851.9387 82.3313 151.57996
2528.378 145.08446 798.45105 66.2923 151.26845
2634.4805 150.28746 868.93884 28.03241 168.37735
2593.9507 149.1685 831.2147 82.15381 151.68239
3082.3145 139.48946 949.88715 140.18378 170.43655
2534.8218 143.49786 821.29297 52.419067 151.26845
2786.5684 155.5343 880.6164 87.30774 152.81651
2983.0715 158.76811 850.6443 224.6101 162.12308
2648.8103 150.28746 859.29315 46.89154 162.88988
2589.8325 150.28746 832.3765 62.79834 156.26208
3077.3845 139.48946 948.00366 195.52112 165.63431
2917.0596 159.08867 893.61444 163.79474 160.12032
3060.4253 139.48946 931.04425 168.54034 161.11539
2682.4548 148.9879 875.34845 35.707275 156.44406
3064.9363 158.15666 915.48914 175.9729 168.23352
3005.5393 163.30281 960.4716 74.55463 162.88988
2966.1443 163.30281 960.7988 68.98901 162.17918
2676.6155 148.9879 876.05664 28.86444 152.65053
3103.042 148.9879 956.86646 133.40808 176.18057
3078.527 151.46977 940.7995 123.35712 171.11234
2678.6294 148.9879 878.07025 32.61792 172.59387
2887.1013 163.04944 905.5295 105.62842 152.65053
2867.1045 148.9879 919.091 102.18152 154.18167
2998.457 165.63431 911.56335 157.29321 170.43655
2961.0059 148.06262 910.25287 128.62506 156.65688
3014.428 175.39734 931.1951 159.90814 171.11234
2931.9426 165.28757 881.1894 166.61249 156.65688
2895.0613 146.36084 844.30804 204.06317 148.9879
2887.5547 157.99146 871.9079 150.2807 148.9879
2833.182 156.65688 899.774 100.8833 152.65053
2906.2893 133.31015 890.6426 152.0227 150.29782
2927.932 133.31015 877.17883 182.65674 150.29782
3005.357 172.59387 929.524 113.8327 180.44133
2982.8784 165.63431 928.5952 154.76526 165.63431
2984.6614 164.06573 908.8283 143.99445 163.04944
