3775.9714 146.81595 1023.31305 80.69672 159.20638
3862.8057 116.11183 1064.7433 82.03296 149.62454
3849.7686 116.11183 1064.8932 81.59631 149.62454
3849.768 116.11183 1064.8933 81.59619 149.62454
3844.7493 116.11183 1066.39 109.864136 149.62454
3839.1619 147.03775 1054.0359 90.63855 151.80461
3777.4165 151.80461 992.29034 176.08917 147.03775
3738.751 151.80461 971.41156 158.3023 146.81595
3738.223 150.77475 1001.2077 119.64667 156.50897
3730.5056 145.62318 1030.3274 77.8302 147.04594
3744.0698 154.6745 999.1151 155.66882 149.62454
3282.3345 133.75209 898.01953 58.306885 145.20337
3873.5122 142.87265 1087.6736 59.97473 151.80461
3817.671 142.87265 1055.0521 59.095337 166.94235
3584.5771 116.11183 1004.62994 34.39435 159.20638
3853.1475 117.03864 1077.7528 46.427124 159.20638
3434.9521 125.74078 964.69977 41.299133 142.29216
3585.0059 129.10553 970.5616 135.43353 138.49104
3416.5706 132.29478 950.23456 76.74078 142.87265
3409.914 132.29478 951.8018 85.00775 142.87265
3500.5164 132.54417 951.3917 108.31384 138.49104
3593.3835 120.12996 961.586 139.67657 138.49104
3691.5166 139.43135 970.99023 135.55835 142.87265
3724.195 145.20337 1019.9852 58.97705 142.98242
3679.0266 140.63513 1022.20874 85.72034 142.98242
3695.601 138.8136 1017.30835 58.56909 145.20337
3811.1162 142.87265 1055.3416 70.79773 145.62318
3811.1165 142.87265 1055.3416 70.79785 145.62318
3743.84 146.81595 1019.81354 76.960754 151.80461
3728.1946 138.8136 1043.481 46.0343 149.62454
3671.125 138.8136 1030.0018 38.516724 152.33353
3402.9392 132.29478 937.84625 68.07739 142.29216
3443.1812 142.25969 961.3828 47.59485 147.16432
3728.153 147.16432 1031.4529 61.97766 152.81738
3834.5015 142.87265 1074.8741 62.33264 149.62454
3751.9954 156.002 983.73883 126.90277 149.62454
3818.4702 139.43135 1058.843 51.705444 156.0786
3547.6096 138.49104 958.20197 125.40765 137.67381
3762.0664 146.81595 1046.3826 57.786133 153.6638
3586.0168 146.3314 955.4621 130.96063 138.8136
3767.3037 151.80461 1025.8767 134.62659 151.80461
3687.8965 149.62454 984.63416 115.4021 144.64003
3747.8333 147.03775 983.4198 133.78247 143.8985
3441.1016 140.6333 939.1075 74.92761 142.87265
3449.6719 140.6333 933.17334 84.477356 142.29216
3467.577 123.82196 921.1405 122.20996 137.67381
3508.7068 149.62454 976.34204 54.040405 157.1538
3652.2166 146.81595 1014.49536 69.25354 147.03775
3405.935 116.20982 869.1471 166.66113 137.07285
3759.2102 147.34499 1018.9168 94.51288 149.62454
3829.3535 142.87265 1067.2295 60.769897 149.62454
3758.2502 145.62318 1039.8986 86.63574 149.33876
3549.0159 129.10553 954.90137 110.6272 140.6333
3738.2227 150.77475 1001.2077 119.64667 149.62454
3725.0393 145.20337 1023.68524 64.75885 149.62454
3730.506 145.62318 1030.3274 77.83032 151.80461
3410.5154 114.83178 843.79706 213.40997 137.53717
3732.362 147.04594 1028.2722 104.904785 145.62318
3618.095 138.49104 946.1935 128.36096 140.6333
3767.433 147.16432 999.17596 118.627014 150.77475
3333.8435 109.2596 934.04443 34.061584 147.16432
3689.977 145.62318 1001.62933 128.10956 145.04329
3531.4124 121.78088 958.91174 74.28894 142.87265
3648.5945 146.51575 1002.77 156.30676 142.87265
3481.8057 146.51575 961.7833 60.020325 145.04329
3571.4 142.98242 953.8498 117.392395 138.8136
3530.2358 137.53717 947.0516 113.78204 139.83325
3474.175 129.10553 953.49774 90.051575 142.1823
3736.431 152.81738 1015.52545 81.52142 163.48923
3523.7427 121.78088 964.26886 87.53778 142.87265
3700.636 152.403 1020.8323 82.01453 145.20337
3488.3467 147.16432 970.8172 57.59259 156.50897
3689.9773 145.62318 1001.6294 128.10962 145.04329
3754.4204 147.04594 1011.62134 143.61414 145.62318
3705.0198 146.81595 1021.67065 62.416626 151.80461
3731.2642 146.81595 1044.7561 57.708008 160.5631
3697.6697 146.81595 1031.4814 48.024292 163.9469
3315.95 109.2596 929.5533 33.496582 148.66559
3490.4626 121.78088 961.91254 69.719666 142.87265
3507.513 117.03864 982.47034 37.31305 156.50897
3456.279 149.62454 967.07214 49.283325 147.16432
3481.8054 146.51575 961.7833 60.020264 145.04329
3518.0562 147.16432 971.3462 60.03308 150.77475
3303.9575 120.58631 932.0588 28.454529 150.97455
3789.2695 149.62454 1040.4805 126.03052 151.80461
3727.8945 152.81738 1022.00684 77.733765 149.62454
3652.7195 145.62318 978.2284 114.25305 142.87265
3807.7168 142.87265 1064.6421 50.80835 149.33876
3700.6729 149.33876 957.8734 165.09338 145.62318
3531.4119 121.78088 958.91187 74.28882 139.83325
3257.409 120.58631 903.64294 45.112732 138.8136
3226.81 120.58631 905.10095 26.156738 139.83325
3632.2214 150.77475 1003.8456 69.344604 149.62454
3727.8943 152.81738 1022.0068 77.7337 149.62454
3811.7551 142.87265 1064.3394 59.764282 156.50897
3765.862 145.20337 1003.2428 114.690674 147.34499
3577.3523 142.1823 978.48804 92.083374 140.65865
3648.5781 137.53717 973.84283 120.81317 142.1823
3605.44 137.05473 973.3604 121.149475 140.76094
3664.8442 140.65865 947.1555 161.8031 142.1823
3232.5686 120.58631 909.9099 30.372192 142.1823
3736.4307 152.81738 1015.52545 81.52142 152.81738
3817.6711 142.87265 1055.052 59.09546 145.20337
3807.717 142.87265 1064.642 50.80847 151.80461
3777.406 145.62318 1015.28186 130.40796 149.33876
3773.025 149.62454 1004.76807 107.80432 156.002
3762.0667 146.81595 1046.3826 57.786133 163.9469
3732.2556 146.81595 1028.2213 67.2572 150.77475
3319.245 133.75209 924.0393 36.78589 160.57396
3321.553 133.75209 937.25745 35.763245 169.3357
3577.3528 142.1823 978.488 92.083435 140.65865
3773.025 149.62454 1004.76807 107.8042 160.5631
3810.6729 148.66559 1041.6564 99.04138 151.80461
3697.6697 146.81595 1031.4814 48.024414 152.81738
3311.1152 127.53617 926.8928 34.226196 148.68773
3332.8599 132.54417 932.4543 36.881348 147.16432
3292.9146 123.82196 923.39465 33.87793 140.65865
3684.0684 140.6333 992.4899 99.61395 142.87265
3250.2935 121.78088 865.82654 108.33838 137.67381
3335.3042 121.78088 926.0577 53.98816 138.49104
3625.711 145.20337 1018.8855 39.00586 151.80461
3624.2214 116.11183 1016.9728 48.519897 148.16591
3622.227 138.8136 1017.41406 38.05896 159.20638
3655.361 138.8136 1017.1593 56.194702 148.47684
3303.5803 120.58631 897.4919 99.74652 137.67381
3573.2756 140.6333 973.71484 91.06018 140.76094
3492.6006 137.67381 949.4458 97.42688 138.49104
3738.7507 151.80461 971.41156 158.30219 146.81595
3762.0662 146.81595 1046.3826 57.786133 152.81738
3507.4785 145.20337 976.5934 55.170654 151.28058
3446.3103 132.54417 944.31616 78.24414 142.87265
3442.0024 125.74078 949.1924 79.28174 142.87265
3184.0771 120.58631 877.73486 58.910767 137.67381
3731.264 146.81595 1044.7561 57.707886 152.81738
3622.2266 138.8136 1017.41406 38.05896 147.04594
3746.7576 148.66559 1033.0168 88.7406 152.81738
3777.4165 151.80461 992.29034 176.08905 149.62454
3438.041 132.29478 945.23083 89.914795 142.87265
3281.6533 117.57095 885.8436 94.22345 137.67381
3703.6675 154.6745 1023.8639 73.52124 149.62454
3718.2927 154.6745 1019.9939 109.01306 156.50897
3508.0098 109.15797 965.6384 89.79614 142.87265
3439.4946 120.58631 937.4718 114.10254 137.67381
3718.2927 154.6745 1019.9938 109.01318 149.62454
3406.5764 120.58631 932.34393 90.328186 138.49104
3690.4978 138.8136 1038.2661 57.168335 147.34499
3763.8547 151.80461 1004.9351 187.52826 149.62454
3214.5894 117.57095 894.2066 58.280884 137.67381
3703.6672 154.6745 1023.86395 73.52106 149.62454
3746.7578 148.66559 1033.0168 88.7406 162.88306
3738.7502 151.80461 971.4116 158.30212 146.81595
3754.8315 151.80461 1016.3313 144.51025 149.62454
3745.1252 149.62454 1006.6252 109.700134 151.80461
3752.27 142.15053 1046.2043 46.353516 163.48923
3746.1736 142.87265 1048.7539 45.121704 158.40257
3754.4207 147.04594 1011.6213 143.6142 148.66559
3745.1257 149.62454 1006.6251 109.70032 151.80461
3752.2698 142.15053 1046.2043 46.353516 158.40257
3715.2534 142.15053 1045.9645 42.937622 154.6745
