16800.0 0.0 381.0 81.0 0.0
16763.0 0.0 382.0 76.0 0.0
16735.0 0.0 384.0 76.0 0.0
16704.0 0.0 384.0 75.0 0.0
16688.0 0.0 386.0 72.0 0.0
16676.0 0.0 385.0 70.0 0.0
16670.0 0.0 386.0 67.0 0.0
16656.0 0.0 388.0 71.0 0.0
16638.0 0.0 387.0 68.0 0.0
16636.0 0.0 387.0 67.0 0.0
16624.0 0.0 390.0 66.0 0.0
16581.0 0.0 391.0 68.0 0.0
16578.0 0.0 391.0 65.0 0.0
16635.0 0.0 387.0 65.0 0.0
16607.0 0.0 390.0 61.0 0.0
16624.0 0.0 387.0 63.0 0.0
16628.0 0.0 388.0 70.0 0.0
16631.0 0.0 390.0 71.0 0.0
16589.0 0.0 392.0 70.0 0.0
16522.0 0.0 392.0 63.0 0.0
16499.0 0.0 390.0 58.0 0.0
16507.0 0.0 388.0 56.0 0.0
16500.0 0.0 389.0 55.0 0.0
16556.0 0.0 388.0 60.0 0.0
16538.0 0.0 389.0 57.0 0.0
16549.0 0.0 386.0 59.0 0.0
16544.0 0.0 389.0 60.0 0.0
16499.0 0.0 389.0 51.0 0.0
16475.0 0.0 391.0 49.0 0.0
16484.0 0.0 390.0 48.0 0.0
16472.0 0.0 390.0 46.0 0.0
16468.0 0.0 392.0 48.0 0.0
16469.0 0.0 391.0 46.0 0.0
16464.0 0.0 392.0 45.0 0.0
16442.0 0.0 393.0 45.0 0.0
16446.0 0.0 392.0 43.0 0.0
16458.0 0.0 393.0 47.0 0.0
16453.0 0.0 392.0 44.0 0.0
16433.0 0.0 393.0 41.0 0.0
16420.0 0.0 394.0 48.0 0.0
16420.0 0.0 395.0 52.0 0.0
16431.0 0.0 394.0 53.0 0.0
