13035.43 144.32755 2048.583 367.84302 159.83609
12934.267 147.49121 2037.3145 347.5044 159.59308
13074.012 147.49121 2041.264 352.47937 149.8714
12973.277 148.98947 2015.3287 381.6515 147.49121
12934.268 147.49121 2037.3143 347.50476 159.59308
12934.265 147.49121 2037.3146 347.50427 159.59308
13074.014 147.49121 2041.2639 352.47925 148.98947
12930.88 144.32755 2049.0212 365.12305 177.44951
13079.863 148.98947 2028.3658 410.04773 144.32755
12930.877 144.32755 2049.0215 365.1228 177.44951
12703.186 144.32755 2011.3717 240.33484 155.38664
13074.015 147.49121 2041.2638 352.47937 148.98947
12934.266 147.49121 2037.3146 347.50452 178.58943
13074.012 147.49121 2041.264 352.47913 155.38664
12988.946 148.98947 2013.6135 389.96777 149.8714
13035.428 144.32755 2048.5833 367.84253 159.83609
13080.441 147.49121 2047.6951 370.8369 151.41685
12988.943 148.98947 2013.6134 389.96765 151.41685
12678.603 147.49121 1998.3346 233.7279 155.38664
12988.945 148.98947 2013.6135 389.96777 147.49121
13074.015 147.49121 2041.2639 352.4795 151.41685
12703.1875 144.32755 2011.3715 240.33484 155.38664
12703.187 144.32755 2011.3716 240.33447 155.38664
12988.948 148.98947 2013.6134 389.9679 147.49121
13074.009 147.49121 2041.264 352.47913 148.98947
13035.429 144.32755 2048.5833 367.84277 159.83609
12678.603 147.49121 1998.3345 233.72778 155.38664
12703.184 144.32755 2011.3717 240.3346 155.38664
12973.28 148.98947 2015.3286 381.6516 151.41685
13080.446 147.49121 2047.6951 370.83716 150.73563
12946.855 147.49121 2026.7357 348.2567 159.83609
12973.278 148.98947 2015.3286 381.6516 147.49121
12678.605 147.49121 1998.3345 233.72803 155.38664
13080.447 147.49121 2047.6951 370.83716 159.59308
13079.864 148.98947 2028.3657 410.04785 144.32755
13080.442 147.49121 2047.6952 370.83704 150.73563
12930.878 144.32755 2049.0215 365.12256 178.58943
13126.992 144.32755 2060.395 374.7815 148.98947
13080.443 147.49121 2047.6952 370.83704 159.83609
12930.878 144.32755 2049.0212 365.1228 177.44951
13079.864 148.98947 2028.3658 410.04797 144.32755
12946.8545 147.49121 2026.736 348.25647 159.83609
12934.268 147.49121 2037.3145 347.50464 159.83609
13079.865 148.98947 2028.3656 410.04822 177.44951
13074.011 147.49121 2041.2642 352.479 150.73563
13074.015 147.49121 2041.2639 352.47925 178.58943
