2496.4746 133.2093 802.9477 58.832397 138.86511
2467.9985 138.44269 799.33026 52.11725 133.2093
2449.7625 138.44269 782.7278 87.713806 127.62217
2486.8582 138.86511 794.0018 54.806396 133.2093
2486.8584 138.86511 794.0017 54.806458 133.2093
2388.7354 122.83325 736.86554 109.11932 126.59215
2241.243 124.596 703.9419 71.5376 126.59215
2288.0493 127.62217 706.96814 86.66046 124.596
2241.2427 124.596 703.94196 71.53754 126.59215
2486.8584 138.86511 794.0018 54.806396 141.57878
2335.5972 118.02769 733.63904 78.55231 126.59215
2339.4744 115.57811 731.18945 80.128296 126.59215
2496.4749 133.2093 802.9477 58.83252 138.86511
2339.4746 115.57811 731.18945 80.12836 132.58665
2343.677 122.83325 730.0124 97.823364 126.59215
2300.0989 126.59215 719.0176 73.161865 124.596
2132.2947 115.57811 683.31256 51.17169 150.0814
2449.7627 138.44269 782.7278 87.71387 127.62217
2132.2947 115.57811 683.3125 51.171753 148.63234
