1060.2537 74.69124 379.02344 101.85135 81.00998
1035.846 80.72894 354.37665 98.004395 80.12766
931.1805 82.91817 363.37012 20.572021 91.67013
1120.4303 98.70285 437.44128 23.458405 94.45287
1142.1074 87.24907 444.01703 27.421509 85.95661
1050.8103 80.83837 399.9824 37.196014 80.55325
1033.7896 80.83837 401.8299 26.12558 88.88132
1035.0969 54.83854 372.6397 125.63849 80.12766
1152.5372 104.99326 431.00012 57.434906 91.59799
1120.2743 93.7702 440.24835 11.378418 93.16113
1143.8284 93.7702 441.4548 36.492188 93.16113
1145.2394 87.67722 441.76535 30.97342 93.7702
1154.1414 87.67722 453.6711 28.37033 94.08121
1144.8611 93.16113 452.15744 13.6189575 93.7702
1256.2714 90.92028 494.79077 20.28833 98.82887
1306.7754 100.2166 497.46066 51.544586 96.1054
1273.7985 100.2166 495.66815 27.84845 96.51643
1233.1642 104.02303 475.72125 27.469666 94.45287
1248.5109 115.86172 493.1945 11.626007 96.44807
1323.1133 115.72777 500.51642 69.224304 105.8597
1310.848 104.86311 488.25104 70.62506 96.44807
1272.6067 109.51099 489.45142 42.546448 96.44807
1293.6022 104.02303 463.28973 92.97089 94.45287
1352.8645 106.27953 522.5521 35.124878 100.16016
1327.9004 115.35474 523.1437 14.018555 100.16016
1331.8882 115.35474 514.2185 37.961792 105.8597
1331.0923 106.6561 515.1322 43.878235 108.08089
1365.702 106.27953 537.10254 23.189941 105.8597
1363.7031 94.68919 520.4366 54.768127 104.04767
1310.848 104.86311 488.251 70.62503 96.44807
1225.8057 91.3699 463.42932 42.313232 92.52419
1276.7979 91.3699 477.9727 76.11838 92.52419
1152.0918 104.24361 455.8204 9.27005 104.24361
1152.0917 104.24361 455.8204 9.27002 100.76008
1152.0919 104.24361 455.82037 9.270081 100.76008
1152.0918 104.24361 455.82037 9.27005 100.76008
1266.4753 72.52646 487.3687 60.733337 94.68919
1218.3591 98.03545 471.11188 31.601257 94.08121
1298.6134 105.97981 490.85757 70.69205 94.61427
1302.6449 96.17577 481.05353 73.49396 94.08121
1302.3235 81.9603 514.8792 18.084229 99.3271
1163.6201 79.56651 446.0251 47.919525 91.36565
1295.8064 106.27953 488.9696 73.00134 98.57142
1255.7975 94.45287 475.5867 48.930756 91.36565
1281.7125 94.47625 463.97177 85.51907 91.58457
1258.8861 94.47625 456.74683 69.859924 91.58457
1092.6737 86.08819 423.73627 25.107483 89.22254
1156.4011 86.08819 446.3887 41.07489 89.22254
1096.551 100.36589 428.04102 34.886658 94.33003
1050.7307 95.20418 411.58374 24.402832 94.33003
1323.1134 115.72777 500.51636 69.224365 105.8597
1256.0623 117.62522 483.9323 25.669342 106.6561
1363.703 94.68919 520.43665 54.768066 104.04767
1343.1921 91.36565 528.1912 17.682861 107.64108
1230.5321 94.56456 415.96265 120.70862 93.16113
1336.9602 99.13725 522.3906 22.52472 117.62522
1301.5535 100.76008 511.607 31.708801 99.05415
1326.322 100.76008 497.6485 70.43591 99.05415
1290.7755 63.15535 475.17566 77.414246 94.01542
1255.648 111.36527 455.5389 101.194244 93.7702
1285.9257 104.86311 485.8164 63.9339 93.7702
1266.3591 109.51099 490.4643 39.719666 93.7702
1120.0033 99.5453 430.79248 31.925201 93.7702
1156.169 100.88898 444.59982 39.196106 94.01542
1230.4514 105.8597 458.66364 63.751587 91.59799
1200.179 97.93336 428.39114 102.509186 86.77349
1200.1788 97.93336 428.39114 102.509125 86.77349
1230.4513 105.8597 458.66364 63.751526 91.59799
1256.7938 105.8597 485.006 36.47696 98.03545
1217.115 90.24762 410.13983 101.40808 87.85264
1336.2258 84.76566 530.5672 10.773376 105.8597
1254.0107 94.47625 471.2129 61.078125 91.58457
1165.4218 93.56606 443.70212 54.030914 84.58547
1158.5536 84.76566 437.4554 47.915833 89.83475
1139.8909 88.8109 433.4307 47.522614 91.24007
1184.617 84.76566 448.8684 54.77411 89.83475
1173.0396 100.36589 447.9488 35.974884 93.7702
1149.7523 98.42526 420.03323 72.48532 86.47375
1187.6215 101.22816 441.64514 61.392395 87.34919
1129.1713 98.03545 438.20163 28.906982 87.34919
1170.8176 101.22816 448.43695 60.318054 87.34919
1178.2393 101.22816 445.9698 70.20679 87.34919
848.1749 43.02372 336.8006 7.436371 103.46128
1181.716 97.92899 444.95056 75.85022 85.28205
1142.9198 97.92899 419.53696 62.467712 85.79819
1130.9594 97.92899 425.1686 44.87558 92.20595
1189.0508 100.22431 442.86932 67.44208 88.06473
1126.1965 100.22431 423.51318 43.165924 84.81982
1138.4788 94.45287 435.7954 35.473328 84.81982
1288.7031 100.2166 505.82452 30.914246 96.1054
1257.0709 100.2166 492.99435 17.377563 96.1054
1258.8862 94.47625 456.7468 69.860016 91.58457
816.45844 71.93718 319.63986 10.635284 91.7618
846.8872 71.93718 320.83798 34.979614 80.90054
868.5253 74.17943 338.60013 22.486603 91.05309
1130.21 72.43349 412.50443 82.98523 83.47963
986.3044 76.57748 381.35016 24.185791 82.56954
1054.8644 76.57748 395.62225 54.287933 84.39099
1090.0883 79.62264 393.8101 71.51257 82.03045
1027.7283 74.17943 384.48816 69.40082 79.56651
944.9099 74.17943 350.53845 61.254395 79.56651
1051.89 78.37756 398.6752 58.84326 82.03045
1286.9388 106.27953 473.22772 58.500916 96.17577
1339.245 100.2166 521.5043 35.837708 96.17577
1227.05 100.76008 476.96286 38.111237 94.01542
1237.6512 100.76008 477.4331 30.363312 96.35551
1282.0931 94.08121 466.49332 61.999847 93.7702
1290.7756 63.15535 475.1756 77.41431 94.01542
1261.3043 63.15535 499.98853 14.492371 98.82887
1273.361 103.45034 477.08804 48.006134 99.97337
1314.6927 96.35551 488.9166 69.20584 94.45287
