7117.033 156.74846 1552.4906 60.442627 176.8985
7004.8037 167.26622 1475.9639 127.575806 170.16061
7157.859 164.54955 1551.0977 88.88464 171.56995
7240.829 169.2478 1524.6221 195.86548 169.7106
7213.9683 154.9508 1568.0952 77.77661 172.14256
7161.3613 154.9508 1570.0632 39.130005 181.69229
7162.4688 156.74846 1569.1401 47.509277 181.69229
7134.314 172.76732 1523.5118 100.95801 171.64255
7188.305 171.51328 1549.5447 102.08594 170.34453
7360.6797 169.2478 1541.7166 187.14905 171.08647
7607.81 156.74846 1621.5579 133.06238 171.63148
7241.4165 151.34694 1585.9403 56.84265 181.57945
7224.8374 166.995 1570.1841 62.182983 181.57977
7250.7026 156.74846 1579.8369 70.29761 175.97603
7233.4976 157.265 1558.4574 126.71399 169.97684
7244.555 156.74846 1577.3148 66.23596 179.29912
7256.2246 155.74196 1577.4509 59.41626 179.12552
7219.0654 156.74846 1547.2091 101.00842 172.14256
7373.909 158.59431 1552.692 193.95068 169.7106
7300.7827 169.50111 1520.0785 191.90894 169.7106
7197.6357 149.3785 1521.241 177.56677 169.50111
7276.336 169.50111 1530.7256 221.86841 167.70311
7197.506 162.78542 1523.6893 158.21216 169.97684
7205.534 160.6915 1522.1171 164.62561 169.7106
7296.1577 166.85081 1523.9595 175.96313 169.7106
7122.957 167.26622 1513.8064 133.93945 169.99121
7186.331 166.23059 1517.8745 134.54834 169.99121
7069.2373 166.23059 1495.7034 117.05383 169.7106
7151.2075 167.70311 1556.5653 61.597534 172.49841
7170.3 157.265 1548.7325 89.982544 171.51328
7217.66 156.74846 1576.9216 50.777466 181.57945
7221.3247 156.74846 1571.4485 68.62378 174.7367
7287.684 156.74846 1597.9325 54.39612 181.73256
7264.5576 156.74846 1575.8894 90.61926 174.7367
7115.577 164.54955 1553.0007 53.43567 176.8985
7786.2266 181.57945 1667.2844 137.90076 171.51328
7288.882 172.90979 1488.5668 196.45093 169.7106
7401.322 171.56995 1514.5531 192.1034 169.7106
7572.518 178.14653 1591.4773 137.54895 171.51328
7674.7256 166.85081 1635.4856 110.04895 182.50279
7786.531 156.74846 1659.0682 120.42627 188.35666
7502.9307 174.7367 1609.2032 122.982056 172.14256
7449.5415 169.50111 1628.0621 69.496216 180.78838
7535.672 166.85081 1616.9647 108.25415 171.56995
7786.5303 156.74846 1659.0682 120.42615 188.35666
7718.8965 156.74846 1644.9268 107.83594 190.53282
7645.597 166.85081 1665.4412 68.53247 182.50279
7313.777 166.85081 1502.8656 178.84253 169.99121
7283.7173 167.01422 1522.9312 173.34192 169.99121
7238.263 167.01422 1517.1061 143.88501 169.99121
7192.882 167.01422 1520.0365 166.86511 169.7106
7162.9233 166.85081 1506.5543 165.61865 169.7106
7044.5806 169.7106 1495.6288 146.00085 169.99121
7051.253 166.60326 1486.892 151.36926 169.97078
7129.778 166.60326 1492.7169 159.59888 169.97078
7789.4785 184.04543 1628.4534 206.09277 182.50279
7436.7803 157.265 1607.1305 83.09253 175.80394
7377.296 157.265 1547.6461 150.65845 169.97684
7382.9688 169.92242 1561.6276 119.21423 175.97603
7855.669 181.7072 1694.6453 135.22937 190.53282
7693.132 181.7072 1651.8336 110.688965 191.6762
7698.5166 171.51328 1657.2184 111.5896 182.50279
7701.1636 172.76732 1648.1917 117.10278 182.50279
7855.67 181.7072 1694.6451 135.22949 182.50279
7789.4795 184.04543 1628.4532 206.0929 182.50279
7671.858 169.2478 1654.9098 96.30847 180.78838
7739.1084 156.74846 1649.0077 134.04126 184.04543
7738.3013 156.74846 1654.3062 112.4115 190.53282
7219.334 158.59431 1551.0027 120.45691 171.51328
7104.0845 158.59431 1550.4728 85.73584 169.7106
7153.369 158.59431 1547.1216 77.21619 175.97603
7148.877 169.2478 1534.3611 94.94946 175.97603
7154.5156 164.54955 1564.082 57.720703 178.1485
7095.314 164.54955 1539.0859 75.04712 171.51328
7143.848 170.16061 1543.8539 89.58057 170.34453
7111.0977 170.16061 1549.74 64.99426 187.05614
7097.523 169.7106 1556.2286 44.930786 178.1485
7070.308 169.7106 1536.7365 61.196533 174.15352
7020.4507 171.64255 1521.5789 81.417114 179.12552
7048.784 171.64255 1482.6238 148.70532 170.16061
7214.9077 171.64255 1497.0933 228.81567 170.16061
7193.7007 171.64255 1538.5564 191.40723 170.34453
7734.3457 181.57977 1646.4049 122.19336 182.50279
7855.6694 181.7072 1694.6453 135.22949 182.50279
7792.701 182.50279 1632.8646 176.22803 182.50279
7331.8203 173.61166 1511.4265 194.25623 171.08647
7144.8105 173.1105 1527.3707 160.42322 171.08647
7022.398 169.2478 1515.4584 65.21924 171.56995
7015.351 164.54955 1526.2622 49.39746 171.56995
7040.608 164.54955 1537.155 47.423218 172.76732
7048.9316 164.54955 1520.499 68.08838 171.51328
7009.4653 164.54955 1530.7329 59.060913 171.51328
7040.186 164.54955 1535.1624 71.7688 170.45062
6931.9297 164.22998 1445.6547 161.2135 169.50111
7055.5923 164.22998 1441.5243 226.54382 167.26622
6931.929 164.22998 1445.6548 161.21326 169.50111
7043.185 164.22998 1480.3651 182.80762 167.26622
7013.2334 164.22998 1467.8323 177.6377 169.2478
7204.048 154.9508 1492.1869 211.30164 169.50111
7399.361 171.08647 1538.5582 218.88867 169.2478
7556.2217 166.85081 1604.7606 127.55029 174.63663
7550.4365 174.63663 1579.3517 208.75598 170.75714
7372.7476 174.63663 1516.0006 268.3424 169.99121
7327.7285 171.51328 1522.6196 257.34412 169.7106
7737.567 166.85081 1649.627 122.63953 182.50279
7644.7207 181.57977 1650.9258 82.156494 182.50279
7574.858 166.85081 1613.5464 131.198 170.16061
7624.0464 156.21754 1574.5327 221.6914 170.16061
7494.461 167.21616 1536.0619 225.02185 169.7106
7444.367 167.21616 1542.6809 232.66296 169.7106
7412.402 171.51328 1563.2465 188.77136 170.41586
7269.7935 157.265 1547.2126 126.5293 169.7106
7314.361 157.265 1558.4501 117.07507 169.97684
7198.8896 157.265 1556.58 113.8291 169.97684
7734.3447 181.57977 1646.4047 122.19348 175.97603
7779.95 181.7072 1661.0068 134.40503 182.50279
7800.513 182.50279 1639.4884 199.54468 181.7072
7686.531 182.50279 1637.3855 127.37146 177.18243
7693.1323 181.7072 1651.8335 110.68909 191.6762
7734.344 181.57977 1646.4049 122.19336 175.97603
7737.5674 166.85081 1649.6268 122.63953 182.50279
7737.5664 166.85081 1649.627 122.639404 182.50279
7674.7266 166.85081 1635.4856 110.04907 190.53282
7734.344 181.57977 1646.4049 122.19324 180.78838
7792.701 182.50279 1632.8646 176.22815 181.7072
7800.5137 182.50279 1639.4883 199.5448 181.7072
7669.976 169.2478 1653.0286 86.98828 181.7072
7671.8584 169.2478 1654.9097 96.30859 182.50279
7789.479 184.04543 1628.4534 206.0929 180.78838
7686.5317 182.50279 1637.3856 127.37146 201.64563
7644.7207 181.57977 1650.9257 82.15662 177.18243
7325.295 166.85081 1520.3679 195.2511 169.99121
7206.0312 167.70311 1527.6765 187.7301 169.7106
7178.2256 164.54955 1520.9019 156.6742 169.7106
7217.9067 169.50111 1514.2828 173.69617 169.7106
7216.8354 158.1165 1529.5575 141.02771 169.97684
7250.389 158.1165 1528.1166 152.27295 169.97684
7693.1636 156.74846 1644.0175 110.09839 182.50279
7693.163 156.74846 1644.0175 110.09827 182.50279
7178.1714 157.265 1547.162 79.03247 172.49841
7095.204 164.54955 1543.6501 74.67175 169.7106
7142.722 164.54955 1546.1729 78.32178 169.62741
7177.3037 157.265 1555.2108 95.77637 167.70311
7080.6353 157.265 1547.0815 76.08435 171.51328
6978.2417 137.71425 1451.9253 174.28284 167.26622
6902.9834 137.71425 1472.1052 128.42664 167.26622
7100.8394 137.71425 1484.2268 230.4707 167.26622
7113.5933 137.71425 1445.386 290.1787 167.26622
7068.3647 140.39668 1467.2845 261.52734 167.26622
