-51661.39	-36.33923	-3055.9524	945.81714	76.65204
-51283.4	-36.42438	-3120.5466	616.08325	74.85582
-51033.445	-36.33923	-3215.3706	581.3579	84.67525
-50038.535	-38.22171	-3057.942	677.4092	82.28423
-51625.227	-37.42426	-3033.5615	994.9133	79.31391
-49374.99	-38.22171	-3009.265	939.699	75.4522
-50961.49	-43.66964	-3044.6814	948.0183	75.4522
-52579.6	-33.19054	-3221.9731	759.94653	91.67604
-45560.668	-43.92947	-2480.0269	1332.227	86.11371
-43189.254	-35.28355	-2276.781	1477.3245	72.16763
-45634.7	-45.51318	-2460.5896	1413.0269	80.59652
-45203.836	-27.91447	-2320.674	1561.0801	73.21133
-43759.777	-44.33604	-2410.0999	1040.9856	87.25214
