-121326.7	-107.81284	-6153.8716	963.1753	156.2729
-120854.0	-106.63748	-6186.3975	868.66016	162.42888
-121212.016	-106.63748	-6154.8584	1008.9663	145.55357
-121325.05	-88.37653	-5970.4785	1130.1904	148.78528
-123164.92	-88.37653	-6242.3667	838.7451	151.15834
-120078.58	-97.73918	-6072.4224	952.52783	151.145
-123907.79	-88.37653	-6352.4087	827.3218	163.72073
-120658.27	-113.14942	-6125.1016	945.6289	153.59283
-119566.75	-95.74289	-6158.389	717.65137	155.51392
-122382.15	-95.74289	-6114.864	1016.5928	158.08676
-120867.234	-120.34402	-6125.6816	1014.91016	149.47394
-115570.234	-99.68277	-5330.1196	1548.3232	145.23488
-123675.05	-98.45744	-5395.3657	1769.2803	145.96661
-121203.65	-89.28175	-5163.974	1964.478	143.8741
-121858.2	-112.01859	-5252.044	1872.9761	145.10898
-122451.35	-99.90365	-5256.5664	1927.7256	148.33984
-124777.21	-97.73918	-5341.7686	1878.1602	149.25032
-113123.19	-105.74832	-5428.541	1588.707	143.8741
