3225.1018 120.12996 883.3744 82.26721 148.68773
3203.3687 114.78969 855.6851 138.8797 148.16591
3323.806 109.15797 901.57056 117.98004 162.88306
3225.9253 89.53388 859.47565 135.81995 152.99579
3207.048 103.72846 813.9768 155.3678 148.16591
3350.232 114.56345 874.1647 164.83313 146.81595
3463.4717 109.15797 909.9879 182.96399 170.39731
3442.5127 89.53388 902.7999 129.6211 163.9469
3359.2432 89.53388 913.718 115.11365 156.50897
3293.3289 89.53388 898.88086 73.17871 156.50897
3418.8696 111.42402 906.2813 160.53668 149.62454
3170.3372 109.2596 874.5828 68.648865 150.77475
3413.0576 115.99861 894.45325 159.41577 162.2125
3432.0017 123.55983 933.77765 167.79865 155.09471
3548.2964 121.75436 909.3058 174.4685 141.64267
3215.727 89.53388 853.02954 123.228455 147.05627
3539.9443 109.15797 902.3355 168.54266 168.46349
3171.7756 109.2596 868.76263 89.58978 148.16591
3266.6064 109.15797 887.2966 68.82025 160.5631
3499.6611 114.83178 899.64 170.01807 147.16432
3283.818 116.11183 866.02954 171.38623 149.62454
3372.857 116.11183 899.1491 163.49493 156.50897
3366.3901 117.03864 881.4073 118.273315 167.25354
3481.79 121.78088 888.5292 193.73682 148.16591
3077.6528 103.72846 803.7106 144.90442 143.94437
3042.8005 116.20982 813.9702 118.00134 148.16591
