8365.398 46.09102 1197.3893 316.43396 120.83244
6870.143 60.37313 1025.7491 210.18811 111.80018
7858.522 59.42687 1174.4661 288.87988 99.85394
7375.122 59.5564 1109.0944 343.2202 113.37767
7799.4233 46.09102 1168.6232 284.50378 111.80018
7747.203 46.09102 1136.7869 235.9657 107.62261
8293.892 54.60883 1163.7251 399.23608 95.65807
7638.41 54.60883 1156.2583 245.10632 109.69693
7983.1343 59.42687 1161.3213 305.23193 109.78551
6848.655 56.96555 1044.5374 256.7389 101.86191
7966.1084 46.09102 1151.9753 297.77124 103.77537
7368.793 46.09102 1070.0566 389.5902 97.58084
7461.4033 59.5564 1067.3478 316.21228 109.69693
8030.922 46.09102 1143.3522 300.9088 101.89092
7119.0586 54.60883 1073.3926 275.96265 97.58084
7768.4854 66.88482 1113.887 400.59814 104.14107
7477.985 68.8373 1117.4546 386.53613 113.94836
6910.741 59.42687 1032.9492 282.34973 111.80018
7917.5464 46.09102 1138.2662 391.88037 97.58084
7376.35 59.5564 1090.5624 282.36096 111.80018
