608186.06 0.02 19068.56 8659.9 92.64
597367.7 0.04 19039.635 9076.197 117.56
612297.56 0.01 19600.191 8688.77 135.12
604428.2 0.04 18893.99 9545.066 102.65
599024.56 0.09 19228.3 9094.076 118.32
592255.6 0.05 20087.898 8428.609 108.75
590429.9 0.06 19612.44 7881.463 107.62
587941.8 0.09 17925.03 9500.67 86.21
600098.94 0.04 19125.518 8796.104 132.86
590831.3 0.13 18632.83 9968.395 97.11
594991.6 0.09 19647.32 10687.541 99.76
599331.1 0.12 19537.191 8514.469 141.52
608661.56 0.07 19654.832 8808.859 121.64
595559.9 0.07 19255.34 8090.6797 98.68
600875.0 0.04 19727.482 9465.779 131.13
605765.3 0.08 19148.957 9444.758 108.24
610768.2 0.02 18754.371 9662.662 106.1
599442.9 0.03 18898.059 9430.402 102.34
609407.8 0.03 19022.041 9165.707 142.6
604698.44 0.02 19539.352 9621.625 112.97
601051.0 0.02 20120.492 7960.5684 133.18
615359.7 0.09 19204.846 9980.777 96.12
605405.75 0.01 19457.97 9626.291 111.95
596064.8 0.03 19618.35 8179.2266 112.12
617415.25 0.04 18382.27 11512.969 104.69
613315.94 0.01 19062.951 9895.988 135.19
593612.06 0.01 19818.826 7888.0234 132.03
