-14788.511	-3.90256	-484.33258	217.0658	11.24856
-14706.478	-3.88844	-485.7412	242.21973	11.10765
-14550.464	-3.90384	-461.44888	222.70523	10.6033
-14714.29	-4.19643	-480.62762	206.6206	10.89312
-14023.792	-3.90384	-461.2797	215.11374	10.11978
-14530.256	-4.12553	-485.61588	183.97421	11.41884
-14458.976	-3.90384	-469.2181	276.32443	10.11978
-14545.669	-3.25883	-477.35867	208.11478	10.6292
-15170.839	-3.40294	-485.81635	248.93658	10.85265
-14377.623	-3.90384	-472.63052	199.19699	11.03041
-14728.769	-4.005	-468.2221	217.1228	11.18079
-13883.098	-3.90384	-449.19504	205.97964	10.64002
-14683.494	-2.93258	-480.55396	200.67523	10.89174
-13953.343	-3.25883	-467.1406	191.08688	10.52901
-14860.835	-3.90384	-470.8123	221.85855	10.69673
-14495.843	-4.08779	-462.29056	236.61069	10.77312
-14410.681	-4.08779	-469.6904	208.465	10.68831
-15077.788	-3.90384	-476.25446	301.71002	10.91696
-15098.14	-3.77094	-499.505	196.40045	10.99682
-14172.198	-3.90384	-465.24277	211.34103	10.56977
-14703.237	-3.97995	-484.26926	254.82907	11.05305
-15071.93	-3.90384	-484.1898	276.7745	11.84778
-14153.31	-3.90256	-461.40924	200.81384	10.79768
-14491.838	-3.77094	-473.7756	204.37405	10.76522
-14094.324	-3.40294	-462.37555	191.07794	11.33887
-14649.733	-3.77094	-475.65158	253.22318	10.73499
-14162.232	-4.08779	-459.6644	292.0165	10.57355
-14312.4795	-3.25883	-454.3145	240.84174	10.41249
-14193.291	-4.005	-472.74994	224.3313	10.55415
-14720.865	-3.90384	-472.35718	248.00739	10.81295
-14008.116	-3.77094	-451.40244	208.37173	10.18921
-13597.755	-3.90384	-456.30164	175.24188	10.80093
-14840.171	-3.40294	-476.07047	224.61588	10.52141
-14138.004	-2.93258	-465.8018	208.15134	10.58678
-14124.669	-3.77094	-469.0894	194.23453	10.8282
-14386.975	-3.90384	-472.66196	222.3248	10.64519
-14315.757	-2.93258	-465.73346	219.9295	10.40481
-14410.854	-3.90384	-469.40817	203.11087	10.70187
