-2361.0059	-85.48887	-706.11676	226.09955	161.11539
-2385.8442	-125.31791	-739.2082	144.07819	162.88988
-2209.2393	-94.31415	-667.3148	205.36182	159.26941
-2432.191	-121.80664	-712.2169	242.28076	171.5709
-2059.0107	-121.80664	-648.9095	94.2569	171.03131
-2243.2402	-85.48887	-658.5001	215.9682	158.76811
-2287.9207	-120.97943	-724.69495	126.47327	164.51193
-2115.443	-113.53436	-682.87726	58.36737	164.51193
-2295.146	-127.88705	-734.7975	81.33154	180.10432
-2153.6292	-113.53436	-642.89453	123.62421	164.4339
-2067.377	-111.04568	-661.846	69.26843	163.82455
-2397.1047	-130.75081	-740.9667	103.13464	173.66588
-2313.8125	-124.10877	-723.0696	104.34741	164.51193
-2142.6157	-115.04681	-670.0332	94.82837	163.82455
-2094.642	-121.80664	-662.70844	96.56787	161.7942
-2095.2847	-85.48887	-634.66895	139.945	161.7942
-2138.4387	-114.63248	-667.5921	86.230286	162.88988
-2100.8008	-85.48887	-636.82227	186.22522	161.3918
-2481.683	-114.63248	-756.67267	133.13715	162.88988
-2422.8877	-120.97943	-743.649	199.25305	165.69635
-2238.4028	-111.04568	-692.9123	141.12262	161.7942
-2250.8079	-121.80664	-705.2872	124.71002	162.65744
