-109519.74	-82.51218	-4814.676	2135.48	160.24939
-107880.94	-82.51218	-4811.3916	2137.2183	144.98566
-103955.94	-82.51218	-4552.5933	1883.9761	145.55357
-107415.3	-82.51218	-4799.9907	2036.7847	144.98566
-109903.33	-84.32993	-4765.519	2139.8018	143.4619
-105591.945	-84.32993	-4740.3574	1895.73	155.32898
-107141.55	-84.32993	-4725.565	1925.4624	150.12201
-108993.12	-84.32993	-4767.3687	1995.9727	159.64177
-102068.44	-84.32993	-4600.807	1763.5625	146.61938
-104568.37	-84.32993	-4547.8545	2087.1704	138.11061
-107995.42	-84.32993	-4745.3438	2066.2407	151.5482
-108128.05	-82.51218	-4714.0757	2108.558	146.61938
-108235.39	-82.51218	-4827.0503	1952.3325	151.5482
-102494.125	-82.51218	-4634.3765	1844.5308	146.61938
-105661.086	-84.32993	-4640.735	1744.3604	151.145
-107940.62	-84.32993	-4777.5864	1926.2212	148.357
-105724.69	-84.32993	-4567.803	2023.3628	142.94437
-105884.414	-84.32993	-4695.609	2063.3223	144.98566
-106444.67	-84.32993	-4764.4346	2085.8638	144.98566
-105143.484	-82.51218	-4679.067	2092.8633	140.93779
-106096.99	-84.32993	-4670.8115	1869.082	151.5482
-106983.79	-82.51218	-4640.6514	2066.8755	142.04971
-108080.84	-84.32993	-4854.7964	1763.585	157.82838
-107809.516	-82.51218	-4794.6987	1785.9092	151.145
