-7234.655	-156.74846	-1588.9004	51.11206	174.7367
-7103.6387	-169.7106	-1535.4169	101.777954	170.75714
-7469.465	-169.2478	-1611.5857	95.226074	175.97603
-7277.5776	-151.34694	-1571.094	104.14368	171.51328
-7489.5186	-171.51328	-1592.9578	175.38574	170.16061
-7779.949	-181.7072	-1661.007	134.4049	182.50279
-7627.8164	-166.85081	-1651.4938	100.0072	172.14256
-7467.179	-174.7367	-1595.2076	127.17322	170.16061
-7317.726	-174.7367	-1567.7749	113.64221	169.97684
-7291.709	-156.74846	-1577.4297	86.89404	173.58748
-7222.1367	-156.74846	-1573.4298	85.68286	173.58748
-7332.271	-151.34694	-1598.2561	61.200928	182.65958
-6994.661	-154.9508	-1536.4512	43.10144	179.12552
-6997.7715	-154.9508	-1532.5057	38.93396	178.64627
-7085.716	-164.45074	-1543.3604	53.158203	178.64627
-7061.3555	-164.45074	-1549.3514	47.37622	181.57945
-7024.4224	-164.45074	-1531.7151	53.439575	177.49312
-7056.667	-167.63219	-1539.3413	51.62683	185.95882
-6983.631	-164.54955	-1518.7075	72.37366	171.51328
-6923.673	-132.8682	-1504.7499	63.604614	171.56995
-7559.408	-170.16061	-1631.2656	116.20618	171.51328
-7786.227	-181.57945	-1667.2845	137.90063	171.51328
-7572.519	-178.14653	-1591.4774	137.54895	171.51328
-7701.1626	-172.76732	-1648.1917	117.10278	182.50279
-7644.7207	-181.57977	-1650.9257	82.15686	177.18243
-7734.345	-181.57977	-1646.4048	122.19336	175.97603
-7669.9766	-169.2478	-1653.0286	86.98828	181.7072
-7789.4785	-184.04543	-1628.4534	206.09302	180.78838
-7800.514	-182.50279	-1639.4883	199.54492	182.50279
-7789.4785	-184.04543	-1628.4535	206.09265	182.50279
-7800.5137	-182.50279	-1639.4884	199.5448	181.7072
-7789.4795	-184.04543	-1628.4534	206.09302	182.50279
-7739.1074	-156.74846	-1649.0077	134.04138	184.04543
-7738.3013	-156.74846	-1654.3062	112.41162	190.53282
-7734.3457	-181.57977	-1646.4049	122.19336	182.50279
-7344.4985	-172.90979	-1494.3917	233.70544	169.7106
-7246.821	-172.90979	-1482.2701	207.68933	169.97078
-7625.308	-170.16061	-1627.5508	161.63135	169.7106
-7574.858	-166.85081	-1613.5461	131.19812	170.16061
-7693.132	-181.7072	-1651.8335	110.688965	191.6762
-7855.67	-181.7072	-1694.6453	135.22949	182.50279
-7698.516	-171.51328	-1657.2184	111.58972	182.50279
-7701.1636	-172.76732	-1648.1917	117.102905	182.50279
-7686.531	-182.50279	-1637.3855	127.37134	182.50279
-7779.949	-181.7072	-1661.0071	134.40479	190.53282
-7086.37	-169.50111	-1513.6261	155.59424	167.26622
-7248.3374	-171.08647	-1524.5884	177.15979	169.2478
-7101.611	-165.84038	-1479.7847	194.33105	167.26622
-7290.863	-157.82498	-1447.241	295.92017	167.26622
-7267.844	-157.82498	-1486.0817	236.21228	167.26622
-7340.509	-169.50111	-1557.0358	150.36487	167.70311
-7572.2383	-166.85081	-1606.9382	118.28882	171.51328
-7569.4253	-169.50111	-1608.379	116.78467	173.22226
-7535.3086	-169.50111	-1618.4055	125.921265	169.7106
-7625.3086	-170.16061	-1627.5507	161.63147	169.7106
-7737.566	-166.85081	-1649.6271	122.63928	190.53282
-7644.721	-181.57977	-1650.9258	82.15674	182.50279
-7658.41	-166.85081	-1660.3031	112.379395	182.50279
-7723.635	-166.85081	-1661.274	132.27563	182.50279
-7792.701	-182.50279	-1632.8646	176.22803	182.50279
-7779.9507	-181.7072	-1661.0068	134.40515	182.50279
-7187.9546	-157.265	-1539.5992	145.90393	167.70311
-7080.7144	-157.265	-1509.2255	135.74316	167.70311
-7142.722	-164.54955	-1546.1727	78.3219	169.62741
-7171.446	-156.74846	-1564.28	85.5542	169.7106
-7164.603	-169.50111	-1568.0527	79.11792	169.62741
-7173.1807	-169.50111	-1548.9741	85.92432	169.99121
-7225.7124	-151.34694	-1557.2456	111.25781	171.08647
-7718.897	-156.74846	-1644.9268	107.835815	190.53282
-7855.6694	-181.7072	-1694.6453	135.22937	182.50279
-7693.1636	-156.74846	-1644.0175	110.09839	182.50279
-7693.163	-156.74846	-1644.0175	110.09827	182.50279
-7786.531	-156.74846	-1659.0682	120.42627	188.35666
-7543.6113	-171.51328	-1625.7032	121.155396	174.13953
-7546.201	-167.01422	-1621.2041	110.01489	172.14256
-7497.486	-170.34453	-1594.5206	129.29968	171.56995
-7792.7	-182.50279	-1632.8647	176.22803	181.7072
-7742.681	-166.85081	-1634.4133	133.74634	188.35666
-7535.674	-166.85081	-1616.9646	108.254395	171.51328
-7449.5425	-169.50111	-1628.062	69.49634	177.18243
-7383.505	-169.50111	-1573.0503	124.172	169.7106
-7681.942	-181.7072	-1604.1328	201.79248	175.97603
-7132.026	-171.08647	-1551.5845	83.30151	176.8985
-7080.5776	-171.08647	-1533.8715	76.515015	185.4951
-7091.777	-170.07141	-1550.0945	56.96643	185.4951
-7102.0913	-170.07141	-1544.7059	64.47412	185.4951
-7437.3086	-172.14256	-1562.1797	189.23853	169.91818
-7674.726	-166.85081	-1635.4856	110.04895	182.50279
-7737.5654	-166.85081	-1649.6271	122.63916	190.53282
-7233.2505	-169.50111	-1521.3896	198.34021	167.26622
-7143.21	-154.015	-1518.4545	144.50098	169.50111
-7120.3647	-166.85081	-1500.2101	134.50525	169.50111
-7003.1606	-158.51611	-1472.4603	120.69678	169.50111
-7357.28	-169.2478	-1605.842	83.914795	174.7367
-7437.8027	-169.2478	-1589.2157	109.42102	174.63663
-7365.0957	-169.2478	-1604.7329	86.051025	174.7367
-7423.6455	-169.2478	-1593.6815	105.233154	174.63663
-7789.479	-184.04543	-1628.4531	206.09314	180.78838
-7671.859	-169.2478	-1654.9097	96.30847	185.04375
-7016.4927	-164.45074	-1527.39	63.62744	177.18243
-7644.7197	-181.57977	-1650.9258	82.15662	177.18243
-6718.975	-149.51726	-1429.2443	114.26868	167.26622
-6699.4634	-149.51726	-1451.7817	64.10693	169.97684
-6708.2173	-149.51726	-1439.2312	102.30151	169.2478
-6714.6763	-141.71907	-1405.297	144.56165	167.21616
-6745.4985	-149.51726	-1435.0939	126.83142	169.2478
-6699.463	-149.51726	-1451.7816	64.10693	167.21616
-6736.8633	-149.51726	-1424.0913	127.03772	167.26622
-6771.816	-149.51726	-1429.5941	139.19128	167.26622
-6990.8706	-169.97684	-1533.0958	40.059204	176.8985
-6994.308	-170.07141	-1528.3921	81.06433	176.8985
-6998.4194	-158.24025	-1533.2715	46.51477	176.8985
-7001.1216	-158.24025	-1516.4059	58.200195	176.8985
-7044.175	-169.2478	-1527.1893	66.68799	176.8985
-7038.2056	-169.2478	-1529.2031	69.25464	179.38512
-7061.5933	-158.1165	-1528.5886	63.363037	177.18243
-7081.5576	-157.265	-1543.1936	63.1438	174.50038
-7178.7236	-157.265	-1563.9852	76.37439	169.99121
-7320.209	-157.265	-1593.1027	121.48999	169.99121
-7855.67	-181.7072	-1694.6453	135.22937	201.64563
-7698.5166	-171.51328	-1657.2183	111.58984	182.50279
-7855.6704	-181.7072	-1694.6451	135.22961	182.50279
-7535.6724	-166.85081	-1616.9647	108.25415	171.51328
-7645.5967	-166.85081	-1665.4412	68.53259	182.50279
-7718.8965	-156.74846	-1644.9268	107.83594	188.35666
-7734.3447	-181.57977	-1646.405	122.193115	182.50279
-7737.5674	-166.85081	-1649.627	122.639404	182.50279
-7644.7207	-181.57977	-1650.9258	82.156494	182.50279
-7511.753	-171.51328	-1583.4153	162.93835	170.41586
-7216.5996	-156.74846	-1567.0962	66.10266	174.15352
-7224.2285	-156.74846	-1570.9381	73.00757	174.15352
-7225.667	-156.74846	-1566.464	67.471924	171.56995
-7193.0347	-164.45074	-1553.8213	79.7561	172.49841
-7165.6387	-166.995	-1540.2653	109.43579	169.7106
-7112.5825	-166.995	-1552.9694	69.44751	175.98636
-7023.8716	-164.54955	-1533.706	65.52197	175.98636
-7082.821	-164.54955	-1543.1362	73.720825	171.51328
-7102.082	-166.995	-1556.9237	63.382324	181.69229
-7052.22	-166.995	-1541.2458	46.950928	181.69229
-7060.405	-164.54955	-1545.2593	68.58826	178.64627
-7068.1055	-164.54955	-1530.1133	66.38098	179.0671
-7671.858	-169.2478	-1654.9097	96.30847	180.78838
-7669.976	-169.2478	-1653.0286	86.98816	181.7072
-7489.518	-171.51328	-1592.9578	175.38562	170.16061
-7698.5156	-171.51328	-1657.2183	111.58984	181.57945
-7371.177	-169.50111	-1597.5046	97.40881	173.31102
-7424.1743	-169.7106	-1600.7346	111.80298	171.51328
-7427.945	-169.7106	-1610.5057	106.086426	173.58748
-7280.486	-156.74846	-1578.3264	94.431885	174.63663
-7226.397	-169.7106	-1559.2256	94.296265	171.51328
-7237.1743	-171.51328	-1543.5524	139.1112	169.7106
-7137.9824	-169.7106	-1565.0557	57.151978	187.01881
-7152.9956	-169.7106	-1542.1932	71.855225	174.15352
-7160.2017	-158.24025	-1553.4827	75.0708	174.15352
-7111.098	-170.16061	-1549.74	64.994385	187.05614
-7118.0156	-169.2478	-1551.8557	69.79614	174.15352
-7109.903	-157.265	-1543.8009	72.87805	170.75714
-7153.37	-158.59431	-1547.1215	77.21631	175.97603
-7168.247	-164.54955	-1549.0698	67.62317	182.50279
-7087.6577	-164.54955	-1534.6368	76.196045	171.51328
-7162.7227	-156.74846	-1544.4658	65.23694	171.51328
-7147.604	-164.54955	-1564.3796	41.08728	181.57977
-7199.301	-164.54955	-1565.2592	89.58765	171.51328
-7701.164	-172.76732	-1648.1917	117.10278	201.64563
-7693.1626	-156.74846	-1644.0176	110.098145	182.50279
-7443.654	-151.34694	-1621.3855	80.523926	171.56995
-7500.3564	-151.34694	-1617.8783	96.210815	173.61166
-7686.5312	-182.50279	-1637.3855	127.37146	177.18243
-7499.3193	-170.16061	-1588.9543	149.90784	169.7106
-7391.4766	-167.26622	-1594.2745	123.72876	170.16061
-7543.612	-171.51328	-1625.7031	121.15552	174.13953
-7475.814	-171.56995	-1541.6781	194.52393	169.7106
-7399.3604	-171.08647	-1538.5582	218.88867	169.2478
-7407.75	-157.82498	-1493.8928	266.11816	169.2478
-7267.8447	-157.82498	-1486.0817	236.2124	167.26622
