-34018.48	-59.88533	-2614.0308	521.5979	80.25228
-34073.32	-59.88533	-2622.6863	574.09937	89.72325
-34073.324	-59.88533	-2622.686	574.09985	103.803
-33953.97	-54.3203	-2598.5544	548.5564	69.34026
-34020.68	-54.3203	-2627.8354	590.91113	89.72325
-33174.883	-68.15492	-2509.982	547.6279	65.41608
-33655.75	-65.69004	-2595.2568	516.9717	104.28301
-33331.836	-68.89751	-2499.939	583.38477	76.75111
-33680.543	-68.89751	-2590.0535	564.38745	78.22947
-33469.68	-68.89751	-2507.1145	603.08105	72.8456
-33369.77	-70.75626	-2523.191	618.9204	104.28301
-33551.242	-68.15492	-2529.3022	561.2727	70.75626
-33191.387	-68.89751	-2518.0977	533.6074	71.44061
-33595.94	-65.34835	-2570.4739	562.96826	82.39854
-33556.117	-65.34835	-2527.5273	559.6113	89.87119
-33050.887	-70.75626	-2503.8708	605.27563	77.67891
