-3635.6177	-109.15797	-1014.57056	51.20984	156.0786
-3866.1252	-142.87265	-1050.5209	89.43921	151.80461
-3810.6733	-148.66559	-1041.6564	99.04138	152.81738
-3865.054	-117.03864	-1075.3469	76.14856	156.50897
-3849.768	-116.11183	-1064.8933	81.59619	149.62454
-3767.4326	-147.16432	-999.1759	118.627075	150.77475
-3805.3079	-146.81595	-1037.9688	98.302	151.80461
-3573.688	-139.22101	-971.62024	116.85486	142.87265
-3591.078	-145.04329	-944.4043	145.4425	150.77164
-3521.3308	-132.54417	-930.05	134.04095	140.6333
-3676.9421	-142.98242	-997.1618	120.51129	145.20337
-3553.3792	-142.1823	-967.4333	113.085754	147.34499
-3473.059	-140.76094	-915.13763	174.29254	145.04329
-3746.7576	-148.66559	-1033.0168	88.74072	156.50897
-3834.273	-138.8136	-1066.1963	61.34375	156.0786
-3683.519	-146.81595	-1028.3157	66.9292	165.92502
-3834.5015	-142.87265	-1074.8741	62.33264	149.62454
-3789.2695	-149.62454	-1040.4805	126.03052	151.80461
-3849.7683	-116.11183	-1064.8932	81.59631	149.62454
-3379.6606	-123.55983	-922.22266	84.30969	146.81595
