-19172.398	-6.03158	-687.2398	131.9776	11.12789
-19071.674	-6.70746	-719.50995	94.52075	10.96175
-19157.793	-5.27826	-724.16693	90.55902	11.67904
-19056.574	-6.03158	-731.95374	82.96661	11.67904
-19012.799	-4.52769	-723.3196	99.38092	11.16512
-19113.94	-6.03158	-719.58307	91.61627	11.80466
-19177.133	-6.03158	-688.10986	122.85297	11.61292
-19219.402	-5.99917	-718.12354	90.73212	11.6413
-19252.719	-6.03158	-674.56683	138.03333	11.19732
-19121.688	-5.27826	-650.6853	158.74927	10.87934
-19080.62	-5.27826	-732.8503	84.22186	11.28893
-19061.205	-6.03158	-728.497	77.29663	11.6413
-16228.491	-6.18223	-556.90515	175.02625	10.86738
-16578.332	-7.0	-588.8546	189.85706	10.55983
-15789.248	-6.84982	-561.964	168.44293	11.49304
-16274.531	-7.06399	-570.4926	173.92535	11.60345
-16525.83	-6.11964	-575.8249	171.09814	10.57592
-15916.98	-5.86259	-571.9653	164.4414	10.77497
-15260.297	-4.36807	-520.5453	163.88641	10.33151
-15292.531	-6.64981	-516.74756	227.57336	10.13805
-15321.9795	-5.52901	-526.39014	155.1701	10.52283
-15945.987	-5.60535	-552.1512	171.44556	10.13558
-16797.568	-3.77094	-528.82623	243.27332	9.96995
-16806.363	-4.61844	-522.3675	256.37152	10.7429
-17252.674	-5.96573	-550.1725	232.12085	10.74523
-16747.914	-3.90384	-512.5613	263.6737	10.6033
-17288.592	-5.06063	-543.3378	232.68994	10.75872
-16648.371	-5.27826	-528.22626	247.83167	10.74384
-17256.95	-4.4317	-543.77606	231.30023	10.75035
-16630.389	-4.47214	-523.954	252.98169	10.01
