-858.17017	-112.16711	-408.30804	36.99774	108.74766
-872.8634	-127.06961	-410.98648	70.016815	108.74766
-875.77325	-112.16711	-418.31055	41.470764	108.74766
-813.5233	-98.73409	-363.66116	76.548584	96.66178
-741.0156	-92.72401	-342.66428	57.383026	103.83735
-732.53546	-101.08508	-334.4621	63.510406	104.6066
-730.99365	-104.6066	-355.6936	16.606201	108.74766
-791.464	-120.02276	-384.81323	23.622711	104.8258
-754.5559	-108.7458	-371.52783	20.951782	111.59927
-798.36273	-109.29494	-379.24927	45.17404	104.8258
-817.1001	-98.73409	-359.63736	95.04788	105.11211
-814.7141	-81.43288	-346.0692	116.04791	104.8258
-800.2434	-115.79839	-380.58887	35.146088	113.80575
-680.75696	-108.74766	-332.09073	15.101532	136.09615
