-7855.6694	-181.7072	-1694.6453	135.22949	182.50279
-7510.439	-149.20753	-1476.9512	306.45178	171.56995
-7413.2983	-155.74196	-1567.4808	145.15405	181.69229
-7479.64	-156.74846	-1510.6382	388.8435	172.90979
-7412.3203	-171.63148	-1559.1661	169.09631	177.49312
-7147.3394	-167.26622	-1519.5819	115.89697	178.64627
-7071.9014	-169.7106	-1530.6074	74.19324	171.64255
-7254.369	-171.08647	-1545.242	145.79858	179.38512
-7089.561	-166.23059	-1512.8257	138.4563	174.7367
-7192.157	-164.54955	-1502.0984	178.50488	173.61166
-7337.8813	-174.15352	-1519.3479	225.46057	170.16061
-7749.527	-170.16061	-1636.5306	190.57556	174.13953
-7723.577	-174.7367	-1654.4558	161.92737	180.78838
-7792.7	-182.50279	-1632.8645	176.22827	181.7072
-6832.257	-161.34277	-1471.641	120.45325	169.99121
-7226.751	-135.31004	-1521.5042	166.40002	177.18243
