135363.34 59.54766 5137.809 1674.1538 86.13411
136005.02 59.54766 5757.3906 997.00146 88.85844
136005.69 49.68494 5770.5386 1000.4292 88.85844
136032.06 59.54766 5787.6895 1008.30566 88.85844
136001.52 59.54766 5765.841 1007.15234 88.85844
135356.78 59.54766 5126.6777 1666.6567 88.28069
135647.86 49.68494 5426.08 1400.0317 86.13411
135565.11 59.54766 5363.1333 1437.6904 88.76254
130418.28 80.7174 5164.6987 1660.6929 85.46153
130266.36 82.27607 4986.795 1699.7695 81.25391
130776.1 80.90349 5042.886 1637.5063 85.46153
129512.49 78.99686 4879.219 1813.9683 78.78718
129844.945 82.22049 4965.693 1683.3447 80.98559
130395.17 80.7174 4999.118 1696.8525 80.45321
130094.06 81.42854 5111.817 1605.8594 82.83937
129312.22 80.91075 4867.918 1792.4478 79.51901
128224.1 78.78718 4836.6646 1800.0615 78.18361
130921.0 80.28887 5157.427 1539.8867 80.42825
129345.625 79.55753 5116.5186 1597.4312 78.78718
129817.31 80.7174 4935.482 1820.4507 79.58912
130124.195 79.51011 4910.8306 1789.2144 78.8364
