7855.67 181.7072 1694.6453 135.22961 182.50279
7792.7 182.50279 1632.8647 176.22803 201.64563
7468.9243 170.16061 1537.968 230.17065 169.7106
7301.3037 177.49312 1562.2153 186.8302 171.08647
7686.5303 182.50279 1637.3855 127.37158 182.50279
7789.479 184.04543 1628.4531 206.09314 180.78838
7422.9917 181.69229 1580.7073 174.92737 175.97603
7681.9424 181.7072 1604.1328 201.7926 175.97603
7786.2266 181.57945 1667.2844 137.90088 171.51328
6960.982 156.82692 1473.243 120.18005 194.17918
7855.6704 181.7072 1694.6451 135.22949 182.50279
6823.496 156.21754 1462.0322 99.01489 179.38376
