19401.16 6.03158 698.29926 120.44739 10.99273
19366.44 6.03158 663.6403 159.42322 10.95399
19461.387 6.03158 757.6311 62.054077 11.03947
19361.299 6.03158 665.0054 150.62518 10.83651
18419.21 9.88484 664.1585 143.1673 9.85951
18530.63 10.15874 678.2937 125.696594 10.10248
18420.164 9.66644 663.23566 132.58167 9.60833
18180.578 9.81529 659.4352 151.0556 9.81428
18342.977 10.0772 679.88916 102.740295 9.91766
18430.23 9.85951 660.456 143.72046 9.87826
18569.607 9.87826 617.25055 186.97241 9.85951
18412.662 10.02896 657.8572 133.5625 9.84733
18463.145 9.87725 634.8642 159.341 9.80561
18491.656 10.02597 665.0587 128.091 9.97998
18527.156 10.09554 676.54706 123.52136 10.04888
18420.846 9.84733 651.737 163.55444 9.74628
