3103.042 148.9879 956.86646 133.4082 176.18057
3004.1384 152.48749 854.69135 243.12604 164.93126
3113.1033 172.59387 963.6561 142.24316 175.56256
3078.5273 151.46977 940.7995 123.35712 171.11234
3074.1238 167.80708 961.1749 185.15112 166.57277
3123.73 148.9879 974.283 162.51996 175.56256
2969.1426 171.11234 932.8627 95.11658 165.63431
3014.4277 175.39734 931.1951 159.90814 171.11234
3094.608 180.10432 945.85785 144.73248 174.07896
3033.4531 175.56256 920.50433 161.84174 170.29402
2930.6997 175.56256 927.969 87.79498 162.17918
2951.5942 175.56256 944.3905 77.9917 172.59387
2935.358 175.56256 916.8224 101.75342 171.11234
2385.844 121.80664 721.95087 128.92255 158.81538
2501.712 139.34174 802.7929 69.14929 172.59387
2387.301 111.04568 742.5559 107.75775 156.44406
2665.7964 140.69669 854.97406 86.415405 165.69635
3123.7302 148.9879 974.28296 162.52002 175.56256
3105.7502 139.48946 957.00037 153.0033 170.43655
3131.7378 148.9879 982.9878 116.92871 180.10432
3087.1423 151.46977 949.4146 140.27118 175.56256
3064.936 158.15666 915.48914 175.9729 168.23352
3094.0122 145.06038 944.56555 133.8003 162.65744
2494.8535 121.95427 731.96545 182.54156 158.98468
2355.734 131.98276 742.6315 113.10974 161.7942
