1261.2605 94.68919 455.05188 88.97052 94.33003
1363.7029 94.68919 520.43665 54.768066 104.04767
1331.0923 106.6561 515.13214 43.878296 108.08089
1243.2451 93.16113 479.06085 43.91101 100.76008
1273.0562 101.88551 446.98926 100.44983 101.88488
1365.702 106.27953 537.10254 23.189941 105.8597
1329.2821 94.45287 500.60864 60.309814 100.76008
1208.0962 98.36156 430.14606 89.340454 94.01542
1189.0507 100.22431 442.86932 67.44208 88.06473
1307.4226 99.86883 489.6818 63.28311 98.93358
1195.9716 92.62736 416.51157 98.1199 92.32213
1225.9219 102.8194 464.93854 45.45111 95.83216
1281.8628 100.2166 479.36356 70.37906 96.17577
1281.2416 106.81544 475.32684 54.12195 105.8597
1225.3428 100.76008 467.10532 54.768707 99.81049
1257.2291 104.00551 453.20624 84.34027 100.2166
1278.1677 108.88708 465.66458 99.61191 105.8597
1231.2489 105.8597 463.0712 56.088715 100.76008
1236.8502 106.82649 458.9377 55.796844 94.08121
1236.6179 91.9413 420.67377 125.20099 90.87757
739.72974 56.96448 288.32544 25.432648 102.08456
985.5315 61.03354 362.76727 62.687744 90.40002
1330.8274 70.89317 507.97568 78.27457 102.22975
1255.2181 89.64525 439.88968 88.96091 93.7702
904.65955 68.85696 290.82263 134.93512 87.72373
