19244.299 7.1211 717.6895 111.08075 10.67239
19199.826 7.19792 720.09656 102.21796 11.51955
19344.879 7.1211 748.86383 81.03552 11.03947
19328.611 5.75413 727.7029 96.6698 10.85495
18934.555 6.84909 720.17786 94.05554 10.99136
18704.781 5.82838 682.0312 136.73047 10.50952
19296.805 7.1211 689.7328 137.99286 10.85495
19067.67 7.2208 628.0276 195.4353 11.02225
19229.922 6.98212 717.33417 105.94452 10.75686
19135.828 6.98212 724.19214 105.79578 11.01272
18145.227 9.83158 627.5985 178.48926 9.8214
18147.049 9.85951 655.9329 141.11255 9.84073
18346.244 9.79745 671.89325 121.18512 9.7509
18327.334 9.71391 677.8029 115.081665 10.09703
18137.97 9.44775 642.53564 163.25836 9.65194
