19337.041 6.64981 747.5505 74.9787 11.13732
19429.312 6.03158 752.1692 63.62439 11.09009
19265.246 6.43661 725.7964 93.18152 10.80787
19437.84 6.03158 740.5174 78.7547 11.077
18876.984 7.76015 703.73254 104.900696 11.11485
19051.984 6.64981 610.5342 194.76422 10.995
19314.682 6.94046 720.472 94.3808 11.077
19431.244 6.03158 744.4052 72.93964 10.99273
17871.473 4.51553 654.5884 112.74011 10.73918
19333.932 6.03158 682.61755 129.03589 10.95399
19438.223 6.03158 734.47064 85.426636 11.03947
18382.207 9.94082 661.3471 140.65393 9.827
18685.533 10.05286 692.6156 122.53845 10.16317
18273.217 9.88484 669.3883 116.95465 10.13607
18314.197 10.01149 660.7753 143.51501 9.96845
18670.553 10.01599 683.35455 120.504456 10.05286
