135371.81 59.54766 5621.0137 1149.7832 86.95538
127971.69 77.61249 5171.3296 1411.2866 80.4346
129893.17 80.80602 5015.003 1684.9668 81.09992
135254.06 65.92001 5636.9634 1028.9722 88.28069
135932.72 54.44828 5765.2725 986.04297 88.76254
134766.45 44.42643 5459.373 1290.7651 84.26611
135295.06 49.68494 5725.7017 1033.1074 85.88001
128560.28 78.78718 4863.2935 1835.6216 78.72076
129782.414 76.95615 5090.308 1678.917 84.1543
128301.38 78.71082 4912.349 1831.1514 77.6967
134436.22 49.68494 5583.173 1302.3403 84.26611
135903.1 52.14038 5752.492 1048.8057 86.13411
129866.016 81.67879 4986.686 1726.6992 83.76067
136001.36 59.54766 5760.271 1089.3379 88.28069
136002.22 59.54766 5754.633 1041.4165 88.28069
135008.55 54.44828 5456.189 1374.0474 85.88001
135619.1 52.14038 5622.651 1170.7168 85.88001
123089.18 51.19769 5080.111 904.8511 94.83002
136032.08 59.54766 5787.689 1008.30615 88.85844
134879.92 52.14038 5313.653 1505.0952 85.80837
135628.88 52.14038 5721.0596 1032.8833 86.15067
126679.5 49.68494 5209.3677 930.0381 91.62334
135490.42 59.54766 5535.8545 1306.6079 86.15067
135923.34 59.54766 5744.662 1028.1973 88.28069
135633.06 49.68494 5693.635 1015.8496 86.95889
136004.97 59.54766 5757.39 997.00244 88.85844
136005.0 59.54766 5757.3896 997.00244 88.85844
124981.71 52.14038 5140.5566 944.22314 103.77349
