2449.7627 138.44269 782.7278 87.713806 127.62217
2467.9985 138.44269 799.33026 52.117188 141.57878
2343.6768 122.83325 730.0124 97.823364 126.59215
2496.4746 133.2093 802.9477 58.832397 141.57878
2496.4746 133.2093 802.9477 58.83246 138.86511
2388.7354 122.83325 736.86554 109.11932 126.59215
2300.0986 126.59215 719.0176 73.161865 124.596
2288.049 127.62217 706.96814 86.66046 124.596
2486.8584 138.86511 794.0018 54.806396 133.2093
2132.2947 115.57811 683.3125 51.171814 148.63234
2467.9985 138.44269 799.33026 52.11725 133.2093
