34051.72 59.88533 2601.1067 587.25464 80.25228
33987.277 54.3203 2611.8762 545.71313 68.15492
34015.56 59.88533 2599.7705 567.5923 80.25228
34073.324 59.88533 2622.686 574.0996 89.72325
33937.582 59.88533 2580.647 590.948 74.12405
33962.805 59.88533 2612.105 527.75635 103.803
33887.906 59.90779 2584.639 581.13354 80.25228
33822.94 59.88533 2606.7495 552.552 85.2095
33976.65 59.88533 2587.484 622.3042 74.12405
34015.562 59.88533 2599.7703 567.5923 80.25228
34020.688 54.3203 2627.8354 590.9114 89.72325
33877.766 59.88533 2529.4692 617.7566 72.8456
34016.71 59.88533 2600.1194 550.2612 89.72325
33689.445 63.7898 2588.912 559.90405 68.26019
33610.746 65.34835 2589.3745 518.239 65.69004
33680.547 68.89751 2590.0532 564.38794 65.69004
33595.926 68.15492 2512.5698 592.0032 65.41608
33551.254 68.15492 2529.3022 561.2722 65.41608
33610.754 65.34835 2589.3748 518.2388 68.26019
33634.94 65.69004 2588.9507 529.1819 65.34835
33680.55 68.89751 2590.0532 564.38794 80.27926
33610.742 65.34835 2589.3748 518.2385 65.69004
33680.555 68.89751 2590.0532 564.38794 82.39854
33680.55 68.89751 2590.0537 564.38745 104.28301
33565.51 68.89751 2537.4177 547.25244 70.75626
33265.29 69.34026 2480.4893 655.1406 82.24304
33595.92 68.15492 2512.5698 592.0027 65.41608
33174.883 68.15492 2509.9822 547.6277 65.41608
33610.75 65.34835 2589.3745 518.2385 82.39854
33239.934 70.75626 2497.2217 624.4104 68.89751
