-3873.5117	-142.87265	-1087.6736	59.97473	151.80461
-3751.9954	-156.002	-983.73883	126.90277	162.2125
-3810.673	-148.66559	-1041.6564	99.04138	151.80461
-3585.5042	-146.51575	-987.8878	123.745605	142.87265
-3829.3533	-142.87265	-1067.2294	60.77002	149.62454
-3546.2988	-142.98242	-976.30347	79.36597	145.20337
-3561.3455	-142.98242	-982.1478	81.92529	145.20337
-3641.5464	-145.20337	-961.7662	124.1037	143.8985
-3601.168	-137.07285	-966.5936	109.77942	143.94437
-3571.7214	-109.15797	-968.0882	104.081726	142.87265
-3527.7183	-142.87265	-956.42554	100.53589	143.94437
-3532.2578	-139.43135	-957.84436	96.583984	143.94437
-3511.5312	-139.43135	-956.82574	86.29193	143.94437
-3558.4155	-142.87265	-953.712	120.41058	143.94437
-3777.4163	-151.80461	-992.29034	176.08917	147.03775
-3759.0254	-151.80461	-1003.6865	133.07104	147.03775
-3492.6682	-143.8985	-970.5876	70.672424	147.34499
-3465.754	-139.43135	-960.1919	49.032043	147.05627
-3417.9236	-140.76094	-944.161	47.10785	147.05627
-3404.2734	-140.76094	-945.786	49.519287	147.34499
-3641.2183	-147.34499	-995.4379	76.56366	149.62454
-3751.9956	-156.002	-983.7388	126.90271	166.99461
-3787.1538	-151.80461	-1018.8964	132.39948	162.88306
-3810.6733	-148.66559	-1041.6564	99.04138	162.88306
-3751.9958	-156.002	-983.73883	126.90265	168.73624
-3767.433	-147.16432	-999.1759	118.6272	150.77475
-3773.025	-149.62454	-1004.768	107.80438	156.002
-3745.1255	-149.62454	-1006.6252	109.700134	170.66707
-3530.266	-148.66559	-979.5349	63.599976	152.81738
-3571.6436	-151.28058	-983.1152	79.10663	154.6745
-3633.8752	-154.6745	-983.0947	93.146484	149.62454
-3718.2927	-154.6745	-1019.9938	109.01318	149.62454
-3811.7551	-142.87265	-1064.3394	59.764282	163.9469
-3654.3562	-147.16432	-997.5679	76.92236	156.50897
-3649.462	-146.51575	-979.8035	123.62128	145.04329
-3730.5059	-145.62318	-1030.3274	77.8302	147.04594
-3696.6003	-147.04594	-1021.1502	93.65021	151.80461
-3744.4097	-145.62318	-1008.8005	146.09674	145.20337
-3834.5015	-142.87265	-1074.8741	62.332764	149.62454
-3733.9885	-142.87265	-1047.6469	37.79419	152.81738
-3741.1777	-140.63513	-1054.836	35.539062	173.70906
-3698.2383	-140.63513	-1005.4663	121.67468	143.8985
-3817.671	-142.87265	-1055.052	59.09546	145.20337
-3687.1099	-142.87265	-969.3147	142.55933	140.76094
-3695.3052	-134.24387	-932.68604	200.11499	143.31894
-3712.16	-134.31729	-949.541	192.63403	143.8985
-3765.8616	-145.20337	-1003.2428	114.690796	149.62454
-3769.067	-145.20337	-1006.9429	125.52893	149.62454
-3777.4055	-145.62318	-1015.28186	130.40796	149.33876
-3758.25	-145.62318	-1039.8986	86.63574	151.80461
-3747.7092	-145.62318	-1005.0311	153.16553	145.20337
-3811.1162	-142.87265	-1055.3416	70.79773	145.62318
-3862.8054	-116.11183	-1064.7433	82.03296	149.62454
-3834.501	-142.87265	-1074.8741	62.33264	149.62454
-3744.41	-145.62318	-1008.8004	146.09692	145.20337
-3669.2036	-145.62318	-995.14795	143.79846	145.04329
-3582.327	-146.81595	-999.0448	62.424805	150.77475
-3711.5671	-147.16432	-1012.59717	108.023315	150.77475
-3738.8674	-146.81595	-1030.8135	68.38672	151.80461
-3662.5334	-146.81595	-954.4796	136.28589	142.87265
-3568.4958	-146.81595	-959.8491	125.62097	139.83325
-3700.636	-152.403	-1020.83234	82.01459	145.20337
-3703.6672	-154.6745	-1023.8639	73.52124	157.1538
-3746.7576	-148.66559	-1033.0167	88.74072	152.81738
-3746.1736	-142.87265	-1048.7538	45.121704	158.40257
-3746.7578	-148.66559	-1033.0167	88.740845	152.81738
-3787.1533	-151.80461	-1018.8965	132.39929	150.77475
-3727.8945	-152.81738	-1022.00684	77.733765	156.50897
-3632.221	-150.77475	-1003.8456	69.344604	149.62454
-3632.2212	-150.77475	-1003.84564	69.34454	150.77475
-3738.2224	-150.77475	-1001.2077	119.64667	149.62454
-3632.2214	-150.77475	-1003.8456	69.344604	156.50897
-3566.941	-145.04329	-983.20874	81.08252	146.51575
-3548.437	-145.04329	-978.7509	75.55023	148.66559
-3839.1616	-147.03775	-1054.0359	90.63855	151.80461
-3773.0247	-149.62454	-1004.76807	107.8042	156.002
-3728.1528	-147.16432	-1031.4528	61.977905	169.55359
-3697.6697	-146.81595	-1031.4814	48.024414	152.81738
-3697.019	-146.81595	-1010.5112	80.22571	149.62454
-3697.6694	-146.81595	-1031.4816	48.024292	152.81738
-3762.0667	-146.81595	-1046.3826	57.78601	152.81738
-3732.2559	-146.81595	-1028.2213	67.2572	150.77475
-3743.84	-146.81595	-1019.8136	76.96069	151.80461
-3775.9717	-146.81595	-1023.3131	80.696655	159.20638
-3733.7043	-146.81595	-1005.0183	102.69617	149.62454
-3532.8477	-144.64003	-991.35046	35.7959	156.50897
-3581.9312	-145.20337	-1003.9702	41.043823	163.48923
-3578.6318	-144.64003	-996.39	43.31604	161.42996
-3604.3774	-145.20337	-1005.76416	56.760986	151.80461
-3647.324	-145.20337	-1010.69086	60.59308	149.62454
-3591.571	-145.20337	-996.99	52.75659	149.62454
-3548.4795	-149.62454	-974.48486	76.54675	148.66559
-3529.7166	-145.20337	-980.30444	46.820312	157.1538
-3485.608	-145.20337	-968.1626	43.291992	159.20638
-3452.0693	-120.58631	-975.06116	27.271729	157.1538
-3745.1252	-149.62454	-1006.6252	109.70026	151.80461
-3807.717	-142.87265	-1064.6421	50.80835	152.81738
-3732.362	-147.04594	-1028.2722	104.904785	145.62318
-3744.0696	-154.6745	-999.11505	155.66888	154.6745
-3789.2698	-149.62454	-1040.4805	126.03052	151.80461
-3811.7546	-142.87265	-1064.3394	59.764282	159.2542
-3772.7896	-142.87265	-1055.2819	55.26111	149.62454
-3754.4207	-147.04594	-1011.62134	143.61414	145.62318
-3732.3625	-147.04594	-1028.2722	104.90491	145.62318
-3731.2642	-146.81595	-1044.7561	57.707886	156.50897
-3445.1746	-131.67104	-867.76416	197.15662	139.22101
-3376.1694	-131.67104	-866.06067	162.55066	139.22101
-3439.4502	-138.49104	-944.0425	85.39368	142.29216
-3489.9695	-133.75209	-976.881	59.5636	142.29216
-3500.4458	-129.10553	-975.514	45.8042	142.87265
-3548.5286	-129.10553	-973.6488	87.09436	140.76094
-3560.6572	-139.22101	-985.95715	48.317017	150.77475
-3560.237	-139.22101	-963.68176	88.696655	142.29216
-3620.5618	-140.76094	-965.22174	113.86261	142.29216
