-754.5559	-108.7458	-371.52783	20.951782	104.8258
-813.52325	-98.73409	-363.66116	76.54855	92.96057
-744.81006	-113.80575	-360.30164	22.214142	106.14812
-791.19763	-104.8258	-391.19904	12.16864	104.6066
-737.8739	-99.04942	-357.30957	39.942566	103.83735
-810.838	-113.80575	-376.31094	64.19412	108.7458
-670.84894	-94.52596	-317.12283	44.209564	92.96057
-831.3743	-107.17459	-398.48505	32.958313	108.74766
-791.4639	-120.02276	-384.81323	23.622711	115.79839
-811.2031	-103.67062	-367.61163	62.269226	104.8258
-875.7733	-112.16711	-418.31055	41.470764	108.74766
-817.10004	-98.73409	-359.63736	95.04791	92.96057
-729.4817	-98.73409	-321.33093	66.17468	92.96057
-758.9498	-108.74766	-350.79907	42.274445	103.83735
-807.08234	-108.74766	-338.43738	103.59296	107.17459
-680.75696	-108.74766	-332.09073	15.101532	145.11447
-749.3716	-94.52596	-359.45303	50.856262	92.96057
-746.7124	-110.00793	-364.00717	22.65509	133.39519
-756.10925	-113.965	-364.2491	24.497711	108.74766
-817.74414	-107.13702	-374.15268	63.02719	104.8258
-800.2434	-115.79839	-380.58887	35.146088	104.8258
-725.2184	-98.73409	-328.38354	56.74185	92.72401
-661.3014	-94.52596	-321.2085	33.77127	92.72401
-605.7105	-84.39831	-296.19397	11.865265	117.48476
-650.7146	-94.52596	-311.65237	29.545715	96.66178
-858.1702	-112.16711	-408.30804	36.99774	108.74766
-813.5234	-98.73409	-363.66116	76.54855	96.66178
-721.5456	-92.72401	-333.64594	46.931335	98.73409
-680.5123	-92.72401	-322.37347	45.674713	98.73409
-662.12683	-90.96126	-320.61072	20.636261	92.72401
-633.40765	-90.96126	-310.12518	17.340118	92.96057
-688.9806	-99.74776	-336.54297	16.718842	99.04942
-708.8056	-79.84884	-344.31342	24.106049	103.83735
-761.0748	-96.66178	-360.89374	39.054688	103.83735
-872.86346	-127.06961	-410.98648	70.016815	108.74766
-729.1585	-103.83735	-355.09995	29.637817	99.04942
-810.863	-107.13702	-391.74945	30.954895	107.13702
-733.0609	-98.73409	-324.3597	68.50583	92.72401
-673.0139	-94.52596	-318.20352	48.4888	92.72401
-756.81836	-94.52596	-355.4292	69.35562	92.96057
