-2486.8582	-138.86511	-794.0018	54.806335	133.2093
-2496.4746	-133.2093	-802.9477	58.832397	138.86511
-2300.0986	-126.59215	-719.0176	73.16193	124.596
-2339.474	-115.57811	-731.18945	80.128296	126.59215
-2449.7622	-138.44269	-782.7278	87.713745	127.62217
-2467.9988	-138.44269	-799.33026	52.11725	133.2093
-2486.8584	-138.86511	-794.0017	54.806458	141.57878
-2388.7354	-122.83325	-736.86554	109.11932	126.59215
-2343.6768	-122.83325	-730.0124	97.823425	126.59215
-2335.5972	-118.02769	-733.63904	78.55237	126.59215
