-3111.6667	-170.29402	-962.2197	155.33618	175.56256
-3078.5273	-151.46977	-940.7995	123.35712	171.11234
-2633.168	-128.7259	-845.5797	92.70563	158.76811
-2898.9744	-171.11234	-938.0235	53.30829	175.39734
-2881.2805	-152.65053	-883.53894	152.51917	158.81538
-3001.103	-172.59387	-947.4372	99.121155	176.18057
-2714.8274	-149.47963	-857.0745	76.50726	168.82925
-2471.2295	-141.10666	-795.81134	52.026184	162.65744
-2807.9133	-150.98189	-889.44543	104.04797	165.69635
-2482.6047	-128.3216	-785.66064	60.645752	160.6806
-2860.6653	-159.08867	-886.51996	151.60443	158.69536
-2911.0928	-146.42358	-879.0019	181.62665	160.12032
-2950.3599	-148.9879	-903.81555	147.11365	170.29402
-2555.5393	-132.08876	-776.54877	145.52698	151.46977
-3094.608	-180.10432	-945.85785	144.73248	174.07896
-2688.5488	-147.3938	-858.6562	66.96564	168.37735
-3083.7441	-147.01022	-946.01636	160.21106	168.37735
-3074.1243	-167.80708	-961.1749	185.15112	166.57277
-3064.391	-144.3241	-926.6632	158.43762	163.30281
-3131.7375	-148.9879	-982.9878	116.92871	180.10432
-3069.8975	-172.59387	-937.4703	133.45538	180.44133
-2867.958	-172.16602	-938.6598	41.88684	171.11234
-2919.1614	-171.10156	-916.5185	105.409485	162.17918
-2666.1326	-158.52834	-851.78534	62.465393	164.51193
-2628.9846	-140.95613	-774.11127	182.12909	154.57765
-2880.2866	-164.32745	-878.00037	160.0376	159.33563
-2908.3623	-168.56853	-929.64185	106.17041	166.57277
-2908.4988	-174.07896	-915.9064	111.38733	175.56256
-2797.4724	-163.04944	-891.1162	86.50421	158.81538
-2975.0037	-165.63431	-926.9241	121.12598	170.43655
-2979.3237	-168.23352	-916.2148	187.61786	163.04944
-2902.9243	-154.18167	-897.57874	95.65796	175.56256
-3094.7896	-170.43655	-946.0394	150.80261	175.56256
-2418.1401	-128.99133	-760.00916	112.30231	158.69536
-3103.8845	-171.11234	-954.43726	199.2085	175.56256
-3123.73	-148.9879	-974.283	162.52008	175.56256
-2971.2917	-147.01022	-926.4511	166.4483	168.23352
-2532.4941	-141.10666	-829.73206	25.791199	171.11234
-3082.8674	-168.37735	-961.55853	158.9477	174.07896
-3094.0127	-145.06038	-944.56555	133.80017	164.4339
-3105.7502	-139.48946	-957.00037	153.0033	170.43655
-2734.108	-148.9879	-856.7895	73.2619	160.6806
-2757.0906	-163.82455	-889.14557	69.23663	169.51671
-3064.9358	-158.15666	-915.489	175.97302	168.23352
-2719.4475	-156.26208	-880.8693	81.29437	168.82925
-3004.1382	-152.48749	-854.69135	243.12604	164.93126
-3087.1418	-151.46977	-949.41455	140.27124	176.18057
-2681.71	-148.60858	-870.9361	36.99817	174.58607
-2577.2495	-148.22198	-836.38763	69.46692	160.58025
-3062.078	-180.30351	-958.69574	126.65607	180.30351
-3001.116	-171.11234	-948.4904	150.69843	176.18057
-2941.6511	-174.51805	-903.1519	122.47162	160.57045
-2584.4587	-143.36038	-823.4704	77.77081	159.09889
