-136001.36	-59.54766	-5760.271	1089.3379	88.28069
-136002.22	-59.54766	-5754.633	1041.4165	88.28069
-135008.55	-54.44828	-5456.189	1374.0474	85.88001
-135997.03	-54.44828	-5781.423	1016.7451	88.85844
-135619.1	-52.14038	-5622.651	1170.7168	85.88001
-123089.18	-51.19769	-5080.111	904.8511	94.83002
-129399.01	-78.49053	-5083.277	1645.0996	79.51901
-129967.445	-80.7174	-4955.255	1813.7588	85.07595
-124020.26	-62.65558	-5061.702	1484.3477	89.03691
-129757.016	-77.6967	-4942.6406	1768.437	86.13411
-129633.266	-80.27018	-5029.244	1609.2461	80.82841
-124718.305	-66.47507	-5011.733	1444.3696	89.89492
-130691.69	-80.98559	-5066.8555	1680.0801	97.4482
