-19196.67	-6.73276	-735.9474	93.56329	11.63228
-19162.467	-5.37587	-689.94684	129.40369	10.86462
-19072.896	-6.68281	-727.5499	93.486694	11.68075
-19322.229	-7.25741	-633.4467	186.05005	11.17676
-19392.676	-7.25741	-691.7588	136.21497	11.45164
-19280.557	-6.73276	-694.1137	127.07031	11.00818
-19324.71	-7.20833	-721.7945	103.07068	11.40921
-19345.83	-7.20833	-646.04626	178.784	11.23833
-19403.81	-6.73276	-720.30566	107.76764	11.39342
-19420.31	-6.73276	-710.6091	122.32251	11.23833
-19368.285	-6.68281	-717.0091	100.51605	11.05712
-18816.967	-5.9439	-709.70807	88.25775	11.24589
-16911.945	-6.12127	-623.13464	125.91547	10.79815
-19430.475	-5.37587	-733.52356	97.180664	11.00818
-19407.01	-5.37587	-742.9131	82.33081	11.26499
-19341.574	-6.95629	-696.677	126.84851	11.49913
-16395.686	-6.40703	-594.26404	136.03833	10.60943
-18417.906	-9.83972	-671.07764	139.34583	10.14002
-18499.729	-9.9564	-670.81116	141.85547	9.92371
-16401.705	-5.39537	-579.89124	133.45111	10.7014
