19391.568 6.73276 746.88153 87.60907 11.44727
19126.953 6.73276 612.70105 217.27759 11.23833
19049.559 6.73276 613.76514 216.30298 11.23833
19391.953 6.51844 726.66833 109.70294 11.49913
19276.225 6.73276 610.9285 223.64215 11.23833
19162.107 6.73276 610.2901 220.19086 11.23833
19070.766 6.73276 611.9473 215.06506 11.23833
19382.855 6.73276 746.3347 77.071594 11.36882
19437.404 5.37587 728.59406 103.095276 11.23833
19437.205 6.73276 713.7046 112.97095 11.47432
19271.36 5.37587 682.2849 150.63245 11.16468
19102.705 5.37587 608.6946 220.54565 11.06842
19038.797 5.37587 723.3043 95.85248 10.90413
18902.264 6.92532 604.7541 211.65906 10.60707
18782.457 9.92371 696.81177 122.93799 9.95038
