113480.14 99.68277 5466.8545 1311.9009 142.46227
114137.43 95.1551 5337.457 1471.6465 140.77931
118914.89 110.83502 5986.939 802.4785 165.1422
114576.836 108.12316 5554.139 1387.6543 143.8741
117231.04 107.81284 5660.468 1242.8838 143.4619
117471.34 97.44252 5687.6465 1245.9414 141.54433
118174.01 97.44252 5700.883 1270.4146 141.54433
115999.86 107.00412 5285.2026 1795.7769 142.94437
114515.26 99.68277 5408.7437 1341.7705 142.94437
114751.43 104.81479 5406.07 1328.5542 142.94437
129217.016 106.63748 6743.2925 605.32275 153.41919
117520.625 95.74289 5879.6055 972.32275 144.56122
118223.78 94.52599 5167.4624 1817.8506 142.99063
117455.53 94.52599 5119.223 1862.9712 141.49333
117307.63 84.32993 5133.2485 1884.94 140.61736
117374.875 84.32993 5112.21 1924.5044 140.61736
111770.48 101.79288 5234.548 1682.0991 140.31827
111117.086 101.79288 5254.188 1479.8867 140.31827
111381.555 101.79288 5253.106 1544.2969 140.31827
110910.42 101.79288 5274.516 1525.4629 140.37236
111184.336 89.24999 5258.9937 1553.1558 140.37236
128616.26 121.98328 6440.3867 842.5913 148.78528
128228.664 121.98328 6444.333 866.5596 148.78528
127337.37 121.98328 6064.6396 1214.2051 146.3265
126597.41 121.98328 6081.569 1235.9233 145.10898
126446.555 121.98328 6080.787 1233.1621 146.90823
116380.06 88.37653 5937.2466 836.5537 149.52142
117311.97 99.68277 5321.2856 1576.4355 141.46008
129035.25 123.81409 6449.8706 884.5293 150.653
128385.44 123.81409 6391.552 952.70654 147.45378
128303.24 123.81409 6412.9844 1015.06006 147.45378
113861.266 95.1551 5524.8696 1218.6196 143.4619
112887.47 95.1551 5510.7666 1208.27 143.4619
113629.945 95.1551 5575.4805 1226.2163 143.8741
114435.9 99.06207 5567.4976 1237.105 143.4619
118660.51 104.85193 5819.907 1232.708 143.92137
118535.19 104.85193 5810.0776 1267.8218 143.4619
124265.195 128.99745 6243.497 921.0288 157.00449
117720.055 116.48429 5738.0195 1255.1978 143.99704
118487.57 112.88219 5854.8516 1145.5034 143.99704
118203.92 103.01736 5256.0874 1837.9697 143.4525
118816.6 89.27043 5675.989 1432.293 143.8741
124533.26 136.34937 6124.052 1069.9092 144.74106
124734.17 122.56346 6177.977 1026.9941 144.74106
122586.664 112.42149 5668.6543 1463.0386 143.92137
115739.22 99.11452 5566.4624 1349.9414 143.09169
114496.96 82.51218 5577.442 1158.7051 143.60825
113967.74 97.73918 5514.487 1185.0913 143.60825
115382.195 94.06451 5394.378 1476.2285 141.36777
112167.19 90.07531 5523.6084 1083.0381 143.4619
114580.836 100.22832 5572.032 1376.4985 142.85373
114957.45 100.22832 5566.9375 1384.4321 142.85373
114738.71 110.80491 5541.6016 1385.9985 142.85373
114590.04 112.21345 5534.9043 1374.979 142.85373
112343.85 99.53857 5435.2275 1167.0728 143.09169
115067.4 107.00412 5270.6333 1672.5674 142.43515
114902.86 107.97795 5263.428 1661.8877 142.43515
117841.53 108.45291 5131.0254 2055.246 142.94437
117023.29 108.45291 5093.2114 2053.6875 142.94437
115914.805 91.81606 5207.6665 1713.3838 141.41927
115293.32 84.32993 5142.0503 1744.1289 140.37236
114916.0 84.32993 5131.0854 1683.3208 140.37236
114685.08 84.32993 5088.611 1670.2617 140.37236
125073.305 138.6243 6246.1606 927.0679 146.90823
124755.8 128.73705 6221.335 957.9155 146.21553
124414.26 117.11209 6260.369 929.8745 145.14844
123780.87 117.11209 6245.2407 904.9053 148.13965
123429.14 115.48722 6252.164 878.2344 148.13965
113430.58 99.11452 5470.7314 1376.2471 142.77327
114182.72 99.11452 5471.3125 1426.0303 142.46227
114812.26 104.87549 5504.4243 1449.1377 143.05672
117334.83 106.63748 5459.218 1392.207 141.57582
111784.13 93.8489 5131.32 1693.2476 140.77545
118312.87 94.063 5662.3174 1381.3525 143.09169
116341.35 102.26893 5549.6357 1448.3452 142.89523
115869.96 102.26893 5561.786 1447.4961 142.89523
114769.11 99.90365 5099.266 1715.4766 140.00764
113805.02 101.79288 5113.2617 1687.3975 139.50307
113861.82 101.79288 5088.602 1706.7598 137.84203
116698.08 106.28065 5523.5005 1537.8208 143.15266
121406.914 101.79288 5693.687 1355.6553 143.92137
120133.01 101.79288 5663.7847 1324.7544 143.92137
114601.31 106.28065 5569.574 1241.7344 143.78625
113001.67 94.52599 5345.0503 1476.4185 141.36777
118238.98 90.07531 5209.866 1783.7666 142.99063
118543.164 90.07531 5207.345 1802.3516 142.99063
119480.734 90.07531 5218.578 1831.7808 142.99063
115880.85 99.53857 5533.3887 1373.8062 142.94437
113634.79 100.22832 5295.918 1564.1167 140.91664
113386.1 90.07531 5420.2803 1403.1812 141.46008
123493.266 109.91685 5363.67 1846.7354 142.99063
122389.67 110.53967 5333.6235 1887.2993 142.99063
121515.51 110.53967 5297.407 1885.9404 142.99063
121519.2 107.81284 5334.1865 1902.4907 141.41927
122030.34 100.22832 5656.394 1494.9341 143.83733
