8371.385 116.54308 1643.6088 63.793457 163.52359
8533.127 162.45502 1619.015 218.12378 162.67523
8596.56 165.73799 1665.4421 111.57385 167.50009
8710.455 158.99997 1710.0026 83.524536 165.22179
8548.701 150.9819 1626.4064 157.72766 161.27023
8334.113 153.2409 1621.9574 105.926025 163.22786
8161.6885 156.3641 1582.8942 99.81726 162.90945
8116.5938 156.3641 1581.5073 79.160645 160.31525
8194.26 156.3641 1587.151 107.648315 162.90945
8182.9785 148.76204 1492.0123 238.43945 157.67215
8155.973 140.68007 1564.5931 133.00781 158.90211
7921.079 128.19489 1515.0054 163.36804 156.39641
8007.529 128.60052 1464.1663 232.70728 156.39641
7953.477 148.98611 1565.0564 59.00464 163.96837
8283.049 148.94606 1611.8004 129.15869 160.92172
8178.7847 143.98636 1586.7891 100.48779 160.38492
8252.157 157.93887 1602.6215 108.43298 160.40065
8265.478 158.09056 1585.0712 135.6825 160.40065
8270.144 161.00371 1579.7882 156.07922 160.38492
8257.49 161.4 1591.2557 120.238525 160.38492
8335.729 156.64426 1598.2649 143.61768 161.71059
8334.308 153.50403 1605.8761 123.70056 161.71059
8372.916 149.12532 1616.3691 103.152954 161.4
8046.2363 136.088 1442.3372 253.62 155.94547
8003.102 128.60359 1488.2925 205.24707 155.94547
7727.987 136.088 1485.6023 143.8075 156.64426
7944.9736 136.088 1457.4994 214.54968 155.94547
7790.8486 128.60052 1444.8347 158.61572 155.94547
7758.3784 128.60052 1448.0549 160.74438 155.94547
7591.207 127.74689 1407.1456 178.84387 155.53435
7962.525 137.5356 1508.0841 140.40088 157.74869
7927.608 137.5356 1533.4949 87.86682 157.74869
7944.351 135.36838 1523.3965 136.47778 157.74869
8131.169 139.50867 1536.0232 241.3678 157.7258
7925.894 139.50867 1490.3114 157.51282 157.74869
8054.7305 149.33693 1541.702 105.1781 158.23817
8222.368 148.59363 1576.0314 186.3595 158.23817
8264.546 148.59363 1564.4906 176.79285 158.23817
8148.2944 149.38101 1535.3083 171.38293 158.23817
8118.5845 149.38101 1546.4274 165.51892 158.23817
8005.118 149.68466 1551.7484 129.65027 158.23817
8080.3325 148.48541 1562.1926 124.06384 157.93887
8061.9053 148.48541 1551.7969 123.83154 157.93887
7954.756 150.3871 1543.2642 117.93799 158.23817
7958.3945 150.3871 1520.4956 141.41138 158.23817
8143.569 153.18788 1545.1456 205.2539 158.23817
8187.013 148.98611 1550.8164 213.93713 158.23817
8076.035 145.38509 1510.5627 212.74133 157.4553
7920.102 145.38509 1525.8903 124.28882 157.4553
8058.3247 144.72139 1542.6628 162.92957 157.4553
7915.681 138.97258 1513.2415 145.86499 156.11343
7928.3887 145.2494 1511.1987 171.01978 157.4553
8052.6953 145.2494 1563.6261 85.308716 158.23817
8060.6904 142.70981 1539.0328 121.29773 158.23817
8284.703 147.82549 1526.4491 314.23962 158.23817
8077.192 149.06984 1557.0432 154.50745 158.23817
8203.635 148.59363 1562.2389 159.20715 158.23817
8142.591 135.7211 1574.0491 144.40222 157.74869
8153.969 120.78424 1569.9211 148.17358 157.74869
8196.273 120.78424 1548.0011 177.46887 157.74869
8492.727 144.02876 1622.6384 221.81653 158.90211
8468.035 144.02876 1634.0537 181.46033 160.8016
8388.474 153.18788 1631.4387 133.51086 160.38492
8312.806 151.10326 1611.3584 145.49988 158.90211
8455.709 153.18788 1611.8322 161.46301 160.38492
8478.53 153.18788 1604.2682 184.68994 158.90211
8549.318 148.48541 1596.3373 239.41223 159.80264
8464.144 147.80772 1573.0175 312.5647 158.41406
8404.903 148.48541 1584.2893 265.63257 158.41406
8452.631 147.61797 1594.0592 263.09253 158.49126
8328.695 138.02133 1582.7288 221.13953 158.49126
8442.734 145.70534 1614.2706 200.6117 158.53456
8489.772 142.17139 1632.2172 143.09033 161.1099
8448.7705 135.7211 1634.5386 128.79517 160.34648
8454.401 146.27359 1639.748 108.252686 161.1099
8536.457 146.27359 1640.608 155.39734 161.1099
8481.217 146.27359 1648.347 152.2799 161.1099
8657.469 146.27359 1632.4292 196.90808 161.1099
8538.3 146.27359 1631.6127 168.82434 161.1099
8583.932 146.27359 1628.1512 173.97693 161.1099
8514.158 146.27359 1628.295 144.06982 161.1099
8659.214 146.27359 1637.6819 234.1377 161.1099
8399.52 146.27359 1620.1505 133.99475 160.92172
8369.806 146.27359 1627.163 109.272705 160.92172
8416.322 146.27359 1620.6405 143.06006 160.34648
8881.838 160.38483 1739.1776 68.964966 168.88826
8263.444 151.15948 1553.7133 156.5177 158.90211
8407.893 153.21753 1600.6753 136.2262 160.81863
8440.298 138.97258 1626.7843 104.84729 160.81863
8505.812 148.61626 1618.8079 122.15283 160.33003
8375.001 138.97258 1634.3822 88.624146 160.81863
8346.551 140.03847 1628.3229 98.92029 160.81863
8265.718 148.94606 1637.3167 42.3761 172.7754
8473.974 142.44652 1672.2445 44.284058 174.59618
8403.117 138.76268 1665.4436 38.778687 170.48619
8521.633 148.48541 1665.5754 79.071655 166.77632
8498.173 160.10626 1660.1343 66.14136 166.77632
8470.993 160.10626 1669.3729 46.671875 174.8781
8616.456 157.14688 1699.7032 44.912354 189.2007
8654.897 157.14688 1706.17 46.399902 175.91609
8702.613 142.80008 1713.9291 45.89453 175.91609
8453.722 161.45923 1654.1074 66.839355 170.55502
8666.311 161.1099 1681.9323 105.73279 165.22179
8691.906 161.1099 1714.255 59.710938 172.11137
8737.331 155.30649 1711.5751 69.172 168.22682
8535.313 142.70981 1686.6729 28.008423 179.9541
8635.617 157.40158 1690.7631 73.947754 166.94402
8537.046 151.10326 1666.1396 91.81311 164.19875
8757.231 162.26248 1629.173 200.672 161.67987
8924.332 157.31168 1642.7896 214.38904 163.4979
9054.128 162.31792 1635.2001 242.44421 163.4979
8911.874 160.20432 1659.9916 249.8739 162.90945
8932.633 162.31517 1658.9116 277.9945 162.03156
8918.454 162.31517 1645.4846 274.5598 162.4626
8748.031 159.9382 1690.0042 131.96045 164.69258
8788.448 147.12909 1686.8356 126.75891 164.61855
8891.605 141.38445 1671.6246 180.34766 165.22179
8426.352 154.1962 1635.2949 104.13623 163.51988
8533.324 156.30586 1586.9297 255.37878 160.07138
8488.06 149.40105 1614.0269 194.24146 159.16022
8391.893 156.0503 1601.2289 161.44714 158.99997
8395.594 150.5996 1601.9814 180.36902 158.99997
8490.364 150.5996 1607.765 231.87927 158.99997
8368.015 150.5996 1624.5596 179.3872 159.16022
8295.48 154.66356 1617.7457 129.61206 159.16022
8295.179 143.7888 1619.6993 68.63684 163.96837
8389.534 146.89085 1640.403 93.18713 163.96837
8586.005 148.8617 1662.3368 150.22717 162.60805
8431.712 141.981 1622.2288 186.4873 159.16022
8541.991 151.15948 1629.4922 150.11389 159.7569
8522.329 151.15948 1633.898 169.61658 161.33351
8560.154 142.60887 1660.2717 182.5918 161.27023
8573.422 142.60887 1668.0927 144.43457 162.2631
8520.709 151.15948 1627.9468 141.48767 162.02931
8578.633 129.54239 1652.3618 134.80115 162.02931
8517.929 143.7888 1632.1309 128.86865 162.02931
8450.212 148.1716 1627.1887 125.370605 162.02931
8593.696 127.43664 1621.4932 161.7605 162.02931
8428.286 146.89085 1613.8704 121.98767 162.02931
8378.413 146.89085 1630.6361 112.188354 162.02931
8391.39 148.1716 1641.6603 93.99426 163.12764
8447.76 148.1716 1634.6251 116.351074 163.12764
8478.047 148.1716 1637.983 179.39282 161.47746
8463.841 148.1716 1641.3365 132.4187 161.47746
8571.772 148.1716 1636.9648 143.22156 162.02931
8584.973 142.17139 1667.3907 148.23083 161.47746
8574.042 154.94365 1653.4962 137.84827 162.30501
9064.341 165.36847 1738.8619 142.24365 167.82477
9097.8 169.99377 1742.476 144.79456 168.0409
8738.541 152.50389 1721.0117 57.740234 172.4946
8761.023 163.76953 1703.9807 90.52356 168.95876
8849.451 167.09227 1716.3585 82.86548 170.57436
9033.475 145.11633 1738.7017 219.59302 166.48952
9196.585 163.93184 1796.8208 160.93628 171.01344
8728.634 159.23714 1679.3868 170.31714 162.31792
8710.927 121.98983 1632.4161 206.38367 161.46465
8777.085 121.98983 1608.5331 247.93896 161.46465
8787.275 121.98983 1601.7708 285.8982 161.46465
8720.221 121.98983 1602.6305 295.2163 161.1114
8683.915 145.01468 1626.8746 241.09753 161.1114
8864.347 147.27318 1677.7698 187.44531 163.76953
8703.093 138.06628 1685.469 95.40991 164.69258
8621.669 157.30055 1645.5228 149.20923 162.31792
8539.299 135.68265 1626.368 119.51294 162.4626
8606.908 158.47075 1664.7655 130.41882 164.16862
8625.118 159.44897 1661.651 127.03613 163.4979
8690.421 164.22334 1629.7693 219.62415 163.4979
9030.945 158.90211 1733.5703 167.7622 166.3936
8946.755 171.88434 1703.6692 167.96802 165.35995
9111.579 164.67372 1679.5117 211.55396 165.36847
9000.644 163.9463 1682.929 213.43225 165.36847
9070.138 165.67326 1746.3076 145.16895 169.63405
9122.0 165.89938 1724.1401 187.57031 169.63405
8791.711 164.73611 1674.6172 140.44995 165.89938
8976.4375 164.86464 1716.5673 142.77808 165.89938
8959.545 164.86464 1723.6669 173.9336 166.62468
8762.47 158.96414 1698.2617 106.630615 165.78857
8775.931 164.73611 1703.0308 111.673584 165.89938
9048.258 160.46149 1739.2012 128.31177 167.8785
9354.752 173.78304 1837.3743 116.12317 176.84186
9319.3125 173.78304 1821.947 125.96057 173.40654
9284.275 169.0815 1810.9834 139.41223 172.61366
9188.465 169.0815 1788.6285 115.38782 171.41327
8953.066 174.12314 1747.1252 100.17627 185.39194
8864.718 161.35983 1758.1516 51.417603 181.34158
8911.946 157.32475 1747.7441 52.799805 172.7754
8957.417 157.32475 1764.5791 58.48108 176.8077
8688.297 167.3508 1675.3146 128.89807 164.5721
8794.385 163.93184 1677.3105 141.86072 164.5721
8845.356 163.93184 1676.3989 170.54321 164.5721
8883.241 164.5721 1656.6135 220.37354 163.96837
8788.8545 163.96837 1676.426 144.09497 164.5721
8775.364 162.2631 1661.9423 174.61804 163.96837
8860.756 156.1175 1688.0427 158.7207 164.5721
8868.831 161.20546 1672.0471 168.6372 164.5721
8859.537 150.9903 1703.0043 136.65845 164.5721
8810.278 161.76584 1683.9503 155.96301 164.5721
8869.021 150.13426 1682.0596 164.87805 164.5721
9405.956 168.0409 1819.5413 129.66919 174.36157
9345.653 174.36157 1807.3315 109.73474 176.64444
9338.686 174.36157 1803.6534 102.17114 176.64444
9286.996 173.78304 1830.2899 67.579346 181.34158
9237.639 173.78304 1796.8325 99.4353 174.59618
9221.623 158.47075 1800.5259 93.484375 173.78304
9248.696 162.60805 1780.3855 110.611084 171.01344
9108.577 156.64426 1739.0214 146.4784 168.0409
9133.802 147.12909 1725.4491 189.98987 167.83339
9110.458 160.12071 1736.3356 161.61438 167.83339
9184.822 158.29262 1747.853 175.0133 168.0409
9201.746 158.29262 1762.0552 160.48132 169.52435
9291.012 156.64426 1802.4777 94.6084 172.17154
9133.7295 158.90211 1721.4779 186.73169 166.77632
9008.788 163.24161 1692.6564 183.18787 163.93184
8881.44 158.53456 1686.0895 168.89392 164.94165
9039.186 166.74571 1679.9374 198.45105 167.24141
9021.773 169.63405 1670.8018 210.31348 167.24141
9047.301 153.1416 1696.3293 204.9325 165.45844
9003.862 165.33313 1652.8906 245.46814 165.45844
8777.824 165.33313 1624.9785 229.90247 164.94165
8712.881 165.33313 1619.1876 193.22595 163.96837
9052.946 158.90211 1748.9119 135.29553 167.24141
8801.404 165.33313 1657.2102 186.20032 165.25044
8830.058 165.25044 1692.0797 152.6593 165.33313
8896.369 165.25044 1681.9689 185.6919 165.33313
8840.063 156.24907 1684.5875 158.00061 165.33313
8960.382 149.38437 1704.781 161.23022 165.33313
8849.114 161.35983 1680.5203 156.25415 165.25044
8916.05 165.33313 1647.0995 231.44983 165.25044
8712.883 165.33313 1619.1875 193.22595 163.96837
8787.536 160.3118 1690.0784 128.66248 164.95471
8853.397 164.95471 1720.3259 125.980835 167.27559
8787.535 160.3118 1690.0784 128.66235 164.95471
8683.62 160.3118 1673.3503 126.38452 164.95471
8655.569 157.06868 1647.7678 188.20215 160.12071
8737.278 157.50288 1640.97 200.2959 161.96129
8425.58 157.40158 1619.0444 162.05823 161.96129
8371.046 157.40158 1614.1959 147.83264 161.96129
8494.698 157.40158 1644.6865 116.42175 163.93184
8420.743 157.50085 1610.2583 134.70508 163.33229
8403.324 160.12071 1622.5215 116.27698 163.33229
8237.958 160.3118 1599.6138 105.07324 163.33229
8305.306 160.3118 1601.7823 125.881226 162.67523
8298.705 154.79518 1581.0724 124.60742 161.67987
8249.774 160.3118 1607.3185 114.006226 161.35983
8260.573 160.3118 1607.7147 121.8811 161.35983
8239.302 152.81467 1623.4548 59.634033 164.93689
8268.225 158.16292 1610.393 93.86328 164.93689
8199.89 150.96991 1615.8461 54.19568 164.93689
8235.76 158.16292 1612.6067 74.88025 164.93689
8202.61 158.16292 1604.435 64.26306 164.34167
8196.711 149.40105 1620.1761 35.54358 175.41118
8171.4766 149.40105 1615.0256 34.239136 175.41118
8138.5317 149.40105 1609.073 35.9364 167.56459
8181.8535 149.40105 1611.1272 47.172607 167.56459
8285.637 149.40105 1624.6976 60.529053 165.81833
8362.158 144.02876 1635.4255 70.37927 165.22179
8341.741 149.40105 1636.5787 71.65088 165.22179
8283.42 150.3483 1637.2552 50.677856 165.22179
8175.2783 153.41719 1614.605 44.103638 170.02618
8209.15 155.09454 1621.0107 57.821777 165.22179
8166.957 155.09454 1613.0037 43.561523 173.63156
8255.6045 158.22704 1630.2135 45.073486 168.22682
8297.632 158.3439 1620.6226 58.450684 167.09227
8318.034 149.8217 1628.1609 64.81958 167.09227
8271.2705 163.69595 1613.8762 66.16553 167.09227
8333.482 148.61626 1632.7972 62.827515 167.09227
8290.892 148.61626 1629.6584 57.37329 167.09227
8279.754 148.61626 1632.1709 45.628662 169.77155
8285.733 148.61626 1629.2056 48.72412 169.19273
8270.523 148.61626 1638.845 27.958984 167.09227
8375.392 163.09657 1638.0763 68.933716 165.89938
8351.001 161.50809 1640.7546 68.22571 169.77155
8397.801 161.50809 1655.0627 47.528442 172.83368
8392.265 163.09657 1645.532 61.962036 170.16382
8393.507 159.8117 1650.0312 48.267456 170.16382
8445.135 160.20432 1669.5446 48.375 173.9166
8503.752 162.37631 1671.4012 56.79004 171.2783
8526.768 162.37631 1685.3738 50.86145 174.36157
8580.191 157.31168 1691.5392 43.149414 177.07368
8554.77 158.54541 1686.248 51.61975 172.56798
8593.189 158.54541 1695.1428 59.78186 167.263
8564.223 158.54541 1682.1891 55.448486 178.41022
8623.833 158.54541 1691.194 77.17981 167.263
8596.924 158.54541 1682.5469 63.09192 167.263
8591.893 159.44897 1686.437 83.62195 167.263
8588.896 144.32188 1676.8824 116.55957 163.51988
8629.639 144.32188 1675.4282 92.40845 164.34167
8704.028 157.31168 1715.2018 49.16333 167.263
8715.221 143.0818 1705.6823 67.35144 167.263
8656.567 158.38876 1695.4877 55.467163 167.263
8722.893 159.44897 1700.5156 96.58215 167.263
8700.786 158.47075 1710.1895 53.394043 170.5356
8744.277 158.47075 1707.5283 81.04346 167.263
8972.072 152.50389 1750.8198 84.704834 169.76538
8851.424 161.49022 1716.6716 98.17297 167.263
8752.832 142.17139 1712.6649 68.49048 168.17484
8753.736 142.17139 1722.573 54.103638 170.02618
8752.314 142.17139 1716.832 100.348755 165.72655
8740.201 153.56113 1702.391 95.91809 165.72655
8766.159 165.72655 1674.1951 121.16272 165.25044
8764.23 154.29424 1680.3372 121.322266 163.19127
8765.571 154.29424 1717.0253 80.15283 167.263
8860.0 150.6547 1734.9012 83.40112 167.263
8991.225 146.27359 1756.1885 80.245605 167.263
9010.403 155.85728 1763.4396 138.9281 168.0409
8773.435 156.64426 1636.5144 198.17432 161.96129
8816.4795 156.64426 1623.3129 239.70764 161.96129
8730.672 156.62886 1629.1024 229.53821 161.57295
8632.622 156.64426 1635.4917 162.05371 162.7653
8670.459 156.64426 1615.6855 174.03735 161.67987
8637.136 157.93507 1661.8258 162.36609 161.67987
8759.784 154.48308 1634.4828 229.98096 161.67987
8649.435 155.85728 1621.0189 167.28381 161.1099
8748.18 144.32188 1642.9904 186.94263 161.96129
8725.757 154.96564 1664.5277 134.92444 163.19127
8861.31 154.48308 1675.3519 198.12817 163.24161
8980.112 154.48308 1668.5496 239.46472 161.96129
8859.308 154.48308 1703.0281 133.22937 163.19127
8836.218 161.25354 1641.3906 241.28613 161.96129
8755.215 142.17139 1700.5259 101.908936 163.19127
8829.446 161.25354 1695.7515 137.25854 163.19127
8832.673 156.64426 1684.7012 157.84326 165.107
8721.809 156.64426 1676.9005 117.2522 163.19127
8741.887 156.64426 1678.6328 116.74805 164.34167
8883.641 156.64426 1700.3223 226.72998 164.34167
8834.59 156.64426 1682.5094 193.15723 163.19127
8781.741 129.54239 1647.5908 261.0017 161.67987
8812.446 129.54239 1623.9491 253.5907 161.67987
8741.797 129.54239 1636.5834 241.35559 161.67987
8701.733 129.54239 1628.0024 260.48535 161.25354
8755.144 129.54239 1637.3412 256.13782 161.67987
8755.428 129.54239 1611.311 293.82336 161.25354
8803.286 129.54239 1584.9652 279.3396 161.25354
8718.133 129.54239 1610.5532 279.04102 161.25354
8710.601 129.54239 1610.3577 289.18787 159.16022
8594.2705 129.54239 1611.5286 298.9568 159.16022
8571.662 129.54239 1621.1595 272.92737 159.16022
8530.864 155.09454 1609.5923 282.80334 159.80432
8409.529 155.09454 1613.0096 249.15723 158.53456
8319.132 141.981 1565.9888 288.61902 158.1253
8354.46 140.88014 1586.4734 269.07568 158.1253
8337.961 140.09077 1589.2429 303.6991 158.1253
8334.275 140.09077 1552.8619 317.89172 157.83769
8287.131 140.09077 1578.5166 283.98206 157.83769
8313.558 140.09077 1567.8585 305.7782 157.83769
8352.95 138.02133 1558.432 301.30762 157.83769
8543.553 138.02133 1608.0133 261.88 158.90211
8545.464 140.09077 1632.8801 234.28662 160.10626
8098.376 137.18648 1478.7295 303.41418 157.52885
8163.6377 137.18648 1486.869 304.5963 157.52885
8180.4644 137.18648 1480.0698 311.10974 157.52885
8022.88 128.60052 1444.981 331.1925 154.4908
8202.476 136.088 1492.6957 279.27905 157.32475
7927.3467 136.088 1457.5607 207.75867 153.20276
8019.243 136.088 1470.3358 218.50427 156.64426
8128.068 136.088 1479.8184 239.45544 156.64426
8059.329 136.088 1483.6736 241.55481 156.64426
8003.1074 136.088 1500.5513 205.63782 156.64426
7949.9434 136.088 1475.253 204.1145 156.64426
7957.376 130.22588 1468.8711 271.307 154.4908
8006.843 136.088 1474.9713 230.41199 156.64426
7994.469 136.088 1486.238 231.48303 155.53435
7858.1016 136.088 1473.6908 203.35632 155.53435
8106.6665 130.51761 1532.6298 180.73352 157.32475
8043.681 136.088 1506.0852 192.11633 157.32475
8080.409 130.51761 1535.1567 174.07886 157.32475
8098.1284 136.088 1503.2542 200.8147 157.32475
8047.955 136.088 1504.138 205.31934 157.32475
8124.1797 136.088 1493.7434 231.38501 157.32475
8073.309 136.088 1482.6606 238.4043 156.64426
8095.1187 136.088 1493.2411 252.79321 156.64426
8194.255 136.088 1511.085 257.22827 157.32475
8156.0986 136.088 1482.3306 250.21265 157.32475
8202.8 136.088 1488.5044 273.3275 157.32475
8223.259 136.088 1504.0586 279.55884 154.68307
8200.883 136.088 1505.2003 262.18213 156.64426
8102.544 136.088 1481.9609 207.10962 157.32475
8105.028 136.088 1500.6831 212.927 157.32475
8074.231 136.088 1513.7511 206.42615 157.32475
8009.192 136.088 1530.6704 193.11658 157.32475
7942.72 136.088 1508.0588 183.55249 156.64426
8294.539 136.088 1529.6316 312.08142 157.32475
8339.151 136.088 1510.9095 293.41052 157.32475
8249.975 133.93068 1477.4146 305.74585 156.64426
8242.863 133.93068 1476.2728 306.76648 154.68307
8229.627 123.79109 1527.6471 253.66663 157.32475
8311.098 128.60359 1525.1499 259.07715 157.32475
8163.296 128.60359 1529.7018 272.9037 157.52885
8124.6665 128.60359 1541.5388 263.61182 157.32475
8147.794 136.088 1529.3771 268.03845 157.32475
7991.4453 136.088 1521.217 180.69995 157.32475
8149.225 136.088 1520.5537 233.99841 157.32475
8069.9634 133.93068 1487.0588 235.82666 156.64426
7954.6475 128.60359 1506.5592 200.29553 156.64426
8043.702 130.51761 1497.0709 202.04028 156.64426
7952.431 133.93068 1497.4534 179.02026 156.64426
7946.0444 133.93068 1484.2681 179.59521 154.68307
8128.4683 151.62141 1543.254 143.31226 158.28462
8066.5615 151.62141 1569.5339 75.09082 161.9281
8124.0044 142.19382 1596.466 65.14514 161.31477
8162.9927 142.19382 1595.3779 92.525635 161.31477
8214.828 151.62141 1591.9321 106.73035 161.31477
8184.02 149.06984 1584.4365 89.02344 160.40065
8153.285 149.06984 1586.3533 111.93237 160.1111
8132.999 126.84011 1596.0005 93.494995 160.1111
8202.946 149.06984 1582.9872 103.76514 160.40065
8124.781 151.33278 1595.8032 65.30664 161.9281
8048.8867 151.33278 1585.2155 48.240234 165.44508
8083.268 151.33278 1591.4905 54.555786 165.44508
8214.959 142.19382 1586.7703 94.10376 160.1111
8146.4233 144.67848 1586.8068 92.06482 158.92749
8258.94 144.67848 1589.2141 112.29785 158.92749
8285.969 144.67848 1586.994 116.12219 159.43317
8239.368 131.16928 1589.7831 121.83838 159.43317
8388.171 152.97264 1613.8395 139.41614 159.43317
8210.68 152.97264 1582.6667 108.28247 159.43317
8161.43 126.84011 1561.41 107.0614 159.43317
8258.983 120.78424 1597.3813 98.49133 160.40065
8316.868 152.97264 1590.1356 134.13977 159.43317
8363.081 152.97264 1608.571 113.06494 160.1111
8211.263 135.46584 1469.4572 260.37305 157.32475
8171.3887 135.46584 1464.733 238.75854 157.32475
8408.874 157.93887 1610.0924 124.29224 165.03769
8495.599 156.93901 1620.5732 135.0636 163.28625
8404.642 156.93901 1623.9667 114.25256 163.28625
8392.242 140.0586 1639.4008 76.62341 163.58495
8383.033 159.43317 1628.7803 96.85486 163.28625
8352.322 156.0129 1631.4365 70.544556 163.28625
8356.199 123.79109 1616.9998 81.39929 163.28625
8430.042 156.0129 1613.8765 151.6239 162.03041
8378.222 156.0129 1609.3147 159.64722 160.92172
8335.003 158.2815 1604.679 161.33154 160.92172
8304.528 158.2815 1599.76 153.98376 160.92172
8279.654 158.49126 1594.1996 143.53455 160.92172
8300.272 158.47075 1592.454 140.37195 160.92172
8320.936 158.47075 1567.9452 151.16003 162.90945
8381.25 151.33278 1611.2753 111.36218 162.90945
8286.999 146.29967 1615.7832 120.30835 160.92172
8263.427 145.09744 1629.1708 70.42566 163.28625
8305.456 135.7211 1622.9734 67.81372 163.28625
8210.515 150.04504 1610.9835 69.54053 162.90945
8166.9297 142.85687 1611.9315 53.20215 162.90945
8203.503 142.85687 1614.0945 54.547363 163.96837
8207.791 154.86362 1593.026 76.31213 160.92172
8238.528 152.69485 1623.366 63.107544 163.28625
8261.439 152.69485 1614.3245 80.29126 161.3898
8238.183 145.09744 1608.4688 64.67468 161.3898
8285.459 145.09744 1598.045 104.5979 161.3898
8196.234 145.09744 1597.4811 98.70203 160.92172
8187.8374 145.09744 1597.8193 94.609375 160.92172
8206.427 145.09744 1620.696 57.880737 162.03041
8243.934 145.09744 1617.4067 69.57361 163.28625
8184.405 131.289 1600.9958 79.24963 160.63477
8231.071 131.289 1608.2131 88.098145 160.63477
8273.443 131.289 1607.6024 82.43396 160.63477
8315.98 131.289 1605.6692 87.75415 160.92172
9114.181 174.36157 1745.7385 123.761475 173.94298
9053.717 174.36157 1734.1993 137.4845 169.31198
9147.263 161.96129 1765.3696 107.47339 173.34793
9033.199 161.96129 1767.6667 65.27966 181.98297
8981.274 147.38663 1686.2886 158.44922 166.41945
8872.596 155.50461 1692.9686 135.7301 166.41945
8907.639 154.77966 1740.5981 86.627075 166.65726
8831.232 169.52435 1692.0671 151.19788 168.03444
8768.653 170.06451 1706.0968 115.78491 167.91774
9115.343 158.90211 1760.0923 145.75146 169.52435
9398.62 158.90211 1841.4763 92.21875 173.92612
9159.799 164.94165 1643.2683 288.91833 168.88826
9272.885 162.60805 1799.3049 126.88928 172.61366
9342.365 158.90211 1811.6244 139.4591 172.61366
9370.366 158.90211 1809.9789 119.7876 171.58456
9291.637 167.45956 1779.557 119.06018 173.68413
9009.4375 160.12071 1768.017 61.438965 174.36157
9028.0 160.12071 1786.5791 63.825195 178.41022
9047.302 160.12071 1777.1848 54.585815 188.06961
8887.417 158.54541 1749.219 58.134277 173.40654
9005.596 167.02327 1756.2131 129.60303 169.63405
9094.795 142.17139 1793.1716 60.225098 184.32466
9005.595 167.02327 1756.2134 129.6029 169.63405
8969.275 167.02327 1719.8931 126.51001 168.30898
8902.048 167.02327 1730.0968 132.26672 168.30898
9174.921 172.96335 1753.6453 124.873535 174.36157
9149.966 162.60805 1765.2748 121.543945 170.60704
9158.466 162.2631 1769.3552 117.568726 170.60704
9089.148 162.2631 1744.888 139.57092 168.0409
9005.391 162.2631 1771.898 92.188354 167.45956
8934.473 162.2631 1755.6371 73.32666 168.0409
9019.186 172.96335 1764.2657 68.7749 170.75787
8951.601 161.49022 1746.3016 99.8833 167.263
8930.197 164.69258 1742.6808 81.161255 169.69023
8903.731 164.69258 1705.5787 141.44836 167.15172
8813.566 164.69258 1707.4491 118.61926 166.3936
8823.084 164.69258 1712.9784 130.63782 166.3936
8841.629 162.2631 1730.8014 84.88086 167.45956
8830.115 163.51688 1723.7587 74.66382 167.45956
8930.198 164.69258 1742.6807 81.16138 169.69023
8866.933 161.1099 1749.6377 57.148804 178.77855
8786.118 164.69258 1725.9722 91.081055 167.45956
8621.158 164.69258 1652.0945 129.31299 164.07555
8498.477 163.51988 1658.7249 78.72034 168.03444
8590.422 164.69258 1642.6272 128.6001 164.07555
8731.973 165.84813 1651.3552 239.229 165.22179
9368.338 173.68413 1799.7601 136.94556 174.36157
9364.31 173.68413 1800.8436 159.98657 174.36157
9187.143 158.90211 1755.1595 139.62048 169.19943
9263.699 175.68333 1774.3354 133.00024 174.36157
9309.259 175.68333 1787.8893 148.8396 174.36157
8059.9336 151.62141 1561.4537 78.05005 159.7569
8051.3984 114.42865 1587.9467 66.664795 161.1114
8095.903 151.62141 1558.9788 93.568726 159.73465
8083.975 151.62141 1574.7543 95.301025 159.73465
8083.4565 151.62141 1562.6176 114.255615 158.92749
8326.983 154.4908 1594.3145 215.84949 158.92749
8440.458 150.55676 1606.1835 216.85059 158.92749
8190.2363 150.55676 1568.2743 140.00085 158.92749
8186.5366 137.09634 1585.0509 103.96289 159.73465
8123.9307 146.89085 1569.9742 101.81384 159.73465
8232.417 150.55676 1582.6115 111.249146 159.73465
8432.888 150.55676 1608.3141 185.00537 159.73465
8451.983 156.0503 1598.9358 200.23584 159.73465
8338.944 156.0503 1602.0454 162.18042 159.73465
8227.231 156.48077 1562.523 193.56482 159.73465
8291.467 156.48077 1568.841 184.98254 160.54579
9186.032 169.52435 1792.3448 128.13953 172.54773
9143.364 173.78304 1785.6396 88.57922 169.9859
9198.043 155.85728 1802.1299 86.52832 169.52435
9096.598 155.85728 1787.2128 63.07129 177.10144
9107.516 155.85728 1794.02 75.243164 170.08435
9063.692 148.61626 1780.1285 74.02844 170.08435
8991.394 171.41327 1770.9266 60.715454 172.54773
9025.364 148.61626 1767.7726 67.95703 172.54773
9047.688 161.96129 1774.7444 85.80554 172.4946
9079.109 167.09227 1786.2487 72.39429 172.54773
9055.374 161.1099 1760.4138 140.2002 169.52435
9155.42 165.67262 1785.4099 131.41174 170.55502
9199.715 160.12071 1785.9768 130.48206 170.55502
9206.251 144.0198 1768.9371 135.90942 166.48952
9037.784 144.0198 1736.3761 132.94653 166.48952
8949.781 162.67523 1715.7778 195.09485 165.78857
9017.753 162.67523 1750.9535 108.54492 166.48952
8994.291 162.31517 1750.4038 162.63196 165.38295
8829.915 162.26248 1729.7471 121.66211 165.38295
8909.575 162.26248 1732.5463 99.82861 166.48952
9059.434 163.12764 1758.7993 99.35339 168.14497
9016.724 166.22816 1745.0671 107.48999 168.14497
8880.227 167.56459 1716.0591 118.08301 167.91774
8834.882 167.56459 1724.8744 115.974365 167.91774
8917.592 167.56459 1716.322 136.5149 167.91774
8967.829 166.79442 1723.018 123.11218 167.91774
9062.751 166.79442 1751.4231 147.3872 167.56459
9098.955 166.22816 1749.3308 147.97766 168.14497
8974.158 163.51688 1741.0195 114.34326 167.45956
8946.217 166.22816 1713.0784 175.23535 167.45956
8831.694 166.22816 1710.3356 137.10437 167.45956
8814.353 166.79442 1699.0234 153.85364 167.45956
8909.275 167.09227 1701.8945 163.03247 166.79442
8782.891 166.55363 1698.3464 118.11536 167.45956
8831.693 166.22816 1710.3356 137.10425 167.45956
8987.605 167.09227 1709.2776 168.60107 166.77632
9034.158 167.09227 1744.0133 152.33423 169.31198
9311.02 168.0409 1786.1316 123.53516 173.40654
9273.003 161.0865 1760.4612 183.28943 168.0409
9249.897 164.8346 1757.1232 176.93933 168.0409
9147.9 164.8346 1744.6763 194.84143 168.03444
9174.743 159.65512 1761.0144 166.10938 168.03444
9147.901 164.8346 1744.6761 194.84143 168.03444
9254.274 161.0865 1762.4458 178.60742 167.91774
9254.356 154.48308 1775.7461 162.08765 169.63405
9313.58 161.0865 1770.2764 187.21497 170.48619
9278.703 158.61707 1739.4893 216.95251 168.0409
9410.276 168.0409 1835.3898 92.810425 179.50925
9452.1045 166.74571 1863.8431 68.38989 174.36157
9343.933 166.74571 1797.5754 114.91748 172.23912
9342.136 166.74571 1820.2506 105.30652 173.78304
9452.104 166.74571 1863.8433 68.38977 174.36157
9459.078 156.64426 1827.8015 121.786865 174.36157
9365.979 168.0409 1801.5825 142.00964 173.99953
9332.84 173.78304 1782.7992 166.65662 171.58456
9311.884 173.78304 1789.9653 125.117065 171.58456
9332.839 173.78304 1782.7993 166.65662 171.58456
9302.035 173.78304 1794.0566 131.74023 170.08435
9105.908 169.22662 1648.0876 274.29004 167.91774
9117.996 168.17484 1640.5283 296.74536 167.91774
8989.418 168.17484 1627.319 278.09387 165.72784
9149.814 169.22662 1631.5948 308.9109 167.91774
9024.318 168.64224 1645.0464 277.8203 167.02327
9011.823 168.64224 1634.8785 276.95483 166.44334
9050.397 169.22662 1637.9199 273.42432 167.91774
9105.907 169.22662 1648.0878 274.28992 167.91774
9024.32 168.64224 1645.0463 277.8202 167.02327
9080.986 165.02377 1657.0842 245.15222 167.91774
9172.01 169.22662 1641.763 309.77588 167.91774
8422.916 154.96448 1619.0883 115.04065 164.61855
8407.933 154.96448 1626.5027 124.876465 161.1099
8320.628 154.77098 1583.6233 138.10034 160.3636
8434.405 154.77098 1644.3999 72.44763 166.48952
8460.373 154.77098 1654.0696 75.05591 166.48952
8513.582 152.86365 1657.2328 79.09326 165.22179
8502.598 149.40105 1662.0311 71.718506 165.22179
8552.856 152.86365 1665.0902 79.53516 165.22179
8584.972 147.12909 1672.896 79.54761 166.62468
8571.687 142.17139 1677.2124 72.383545 165.22179
8605.266 147.12909 1676.872 80.12695 166.48952
8531.158 147.12909 1665.7479 70.53308 165.22179
8501.814 147.12909 1662.907 103.91382 162.28741
8489.045 152.70825 1650.1362 123.36377 162.90945
8475.963 160.11375 1622.8132 154.89722 162.90945
8399.048 148.50941 1627.7292 97.480225 163.93184
8464.798 140.82065 1657.0323 83.83887 163.93184
8454.996 140.82065 1648.3684 85.236084 162.03156
8515.207 140.82065 1681.7375 60.882446 167.15172
8443.278 127.37673 1636.6514 68.93457 165.34908
8391.579 127.37673 1649.2927 67.616455 165.34908
8401.206 127.37673 1638.8546 69.60278 165.34908
8333.994 127.37673 1641.2443 57.851562 165.34908
