45979.633 35.44425 2763.1406 713.91064 75.15705
44973.926 37.42426 2755.4155 689.03296 77.60874
45924.29 39.04208 2746.6897 746.4668 81.26832
46066.08 44.33604 2738.0974 762.73267 81.26832
46075.902 45.10657 2732.0767 742.9331 78.3992
46402.97 38.07042 2765.9497 756.511 76.65919
46155.832 45.5021 2772.4521 804.95654 88.12791
46098.137 45.5021 2772.4834 778.0869 88.12791
46097.074 45.5021 2770.897 759.87305 88.12791
46064.11 46.07086 2792.6025 706.8999 88.12791
45340.367 46.07086 2787.381 581.6211 88.12791
45904.477 46.07086 2786.2085 635.8196 84.67525
42333.336 45.92375 2370.7993 945.3784 74.60427
43052.035 45.92375 2459.8462 772.396 78.34757
43778.95 24.11566 2506.3606 1184.3142 69.48818
46152.016 45.11984 2811.585 735.13574 97.32895
46385.477 38.22171 2494.2883 1051.9834 72.16763
45989.35 38.22171 2514.9402 961.9048 72.16763
46173.008 38.22171 2512.3318 963.0154 72.16763
46530.844 38.22171 2535.1328 1077.5137 74.23944
47168.484 43.59718 2814.5964 779.9082 82.52579
45975.332 26.65704 2738.3962 791.57104 75.06137
45927.613 26.65704 2743.068 772.2671 75.06137
45115.848 39.78634 2648.388 809.43384 75.13111
44298.28 47.06613 2541.3281 901.1028 78.50431
47410.387 30.92817 2659.7327 1087.2737 71.94036
47578.516 33.19054 2640.5454 1158.4717 71.94036
47474.367 45.11984 2632.4285 1189.418 71.94036
47324.605 45.11984 2663.9592 1123.7751 74.19471
47425.78 38.01183 2791.95 948.355 73.61608
46663.164 38.22171 2710.9084 1090.1692 74.68267
44631.152 36.33923 2618.6116 943.6594 72.16763
46141.15 40.97726 2757.6716 748.47876 77.61024
46701.934 38.01183 2807.7046 693.32666 77.61024
46392.426 38.01183 2792.3352 682.2427 79.28382
45403.867 48.75191 2684.897 733.2112 90.40947
45740.348 48.75191 2660.0508 777.75 90.40947
45497.13 43.66964 2703.33 606.9016 90.40947
46204.875 42.50214 2657.3745 1282.7588 73.21133
45875.934 43.70429 2600.4622 866.8506 72.18954
45683.824 43.70429 2628.0845 840.8237 72.18954
45382.094 43.70429 2636.6772 795.14966 72.18954
45574.51 38.22171 2676.7522 593.4402 80.20006
45532.38 45.5021 2655.72 652.9724 80.20006
46777.383 42.4808 2459.4924 1343.1741 70.50957
46723.887 42.4808 2461.1177 1372.1138 70.50957
45655.203 42.4808 2446.5498 1081.388 70.50957
46126.676 50.60658 2755.4805 819.8943 91.5129
44004.555 38.07042 2674.3394 591.2073 77.43421
43541.562 40.8563 2627.881 685.1914 77.43421
52254.508 36.33923 2843.7432 1089.3118 73.9157
49991.29 36.42438 2924.926 783.36597 94.14609
49538.11 36.42438 2921.7952 768.00073 94.14609
47228.01 45.59028 2760.428 845.91016 77.49073
47217.066 45.59028 2768.8093 858.7473 77.49073
53084.43 36.33923 3070.7039 1002.6658 77.35117
45044.773 38.22171 2662.4817 745.7612 77.34038
44852.418 38.22171 2687.9624 653.4487 78.34757
44059.07 38.22171 2548.054 698.3069 78.01184
45491.207 40.8563 2596.455 838.9226 75.4522
45755.145 40.8563 2609.8162 844.57227 75.4522
44691.46 45.10657 2473.4578 918.5303 74.36087
44549.562 45.10657 2473.2124 911.6609 74.36087
46007.613 24.04966 2391.1067 1257.8848 69.13283
45956.613 24.04966 2398.6855 1273.2009 69.13283
46106.41 36.42438 2547.1643 1087.8789 73.00068
44403.54 35.44425 2692.3535 589.2451 74.85582
44571.38 35.44425 2719.341 566.44556 75.06137
44741.78 35.44425 2731.0566 636.2671 75.06137
45334.445 36.33923 2758.677 589.9297 75.4522
45938.78 36.33923 2809.5354 574.29395 81.83658
46533.637 39.25367 2856.5076 557.26 82.28423
48461.203 45.10657 2878.3328 927.9524 85.7243
46727.87 38.22171 2724.7693 1111.4299 73.21133
43860.617 38.01183 2311.7742 1370.9592 69.66918
43843.125 38.01183 2315.483 1343.2029 69.66918
43912.95 38.01183 2295.2834 1387.1858 69.66918
44282.78 45.92375 2415.9597 1155.0876 72.18954
45837.156 43.59718 2809.703 725.053 86.2778
53594.668 36.33923 3384.18 594.5449 77.61024
47529.86 33.77858 2767.4875 827.6101 76.83287
47718.902 39.25367 2841.7273 795.74097 77.12408
46089.49 43.70429 2509.7825 1062.435 74.29343
47006.5 43.70429 2824.015 732.6362 82.995
46809.918 38.01183 2832.2737 714.53394 84.67525
46814.047 38.01183 2790.0012 861.63745 74.60427
47405.15 38.01183 2828.2917 804.271 75.4522
47337.55 38.01183 2853.249 796.7573 75.4522
52931.223 37.42426 3106.5798 870.98706 78.38313
52895.684 43.66964 3068.9927 878.74 74.85582
53264.047 36.33923 3059.9604 1008.00635 77.12408
48928.83 37.42426 2806.3828 841.0227 94.85505
48542.95 37.42426 2798.408 820.1433 94.85505
53634.52 36.33923 3416.333 598.36816 78.19034
48442.12 40.8563 2952.0222 725.1714 86.2778
46127.31 24.11566 2520.8423 1041.7019 72.16763
45705.652 43.59718 2542.2698 1066.821 72.16763
45489.18 48.06499 2563.5771 1010.79395 75.06137
45693.99 45.92375 2628.3818 950.2622 73.05701
45879.125 43.59718 2417.421 1381.1533 70.79426
46213.004 43.59718 2469.8184 1394.2297 70.79426
46674.965 42.4808 2710.299 1118.7068 70.79426
45899.94 38.01183 2553.1064 1029.144 72.0206
45578.242 35.44425 2648.3125 1049.9023 72.0206
45302.875 45.51318 2501.271 1137.1909 69.92201
48297.508 60.66253 2625.3696 1217.6985 72.0206
47796.38 50.60658 2640.6267 1196.1702 72.0206
51190.805 64.13892 3035.373 951.84985 76.65204
50604.145 62.66256 2892.5955 1090.3667 74.29343
44314.496 40.97726 2676.6821 705.26294 81.45436
47419.645 24.04966 2703.2495 1281.7266 72.35691
47213.9 24.04966 2687.1362 1221.564 72.35691
47251.188 43.66964 2803.2837 763.9158 88.18596
46908.496 46.07086 2715.643 968.52515 75.4522
47680.65 46.07086 2766.6008 897.34985 75.98563
47321.336 45.73336 2754.6868 891.3513 76.58974
47451.613 42.17992 2752.3254 869.98706 76.58974
46943.37 48.75191 2767.6833 787.1594 80.20006
46494.51 33.77858 2549.8289 1053.7886 72.16763
46939.96 48.06499 2669.1853 794.07227 79.90965
43955.902 43.62619 2581.6843 774.0222 72.18954
44621.92 43.62619 2607.998 779.0515 72.18954
44694.105 37.55378 2572.963 787.4817 72.18954
44239.094 39.25367 2692.158 728.25903 77.43421
44635.79 39.25367 2694.851 730.0464 77.43421
46617.89 38.22171 2677.6714 743.37744 77.43421
46871.266 41.57807 2691.7556 1067.2834 74.60427
44159.098 46.89605 2597.1274 801.2185 78.50802
43351.652 46.89605 2496.843 895.8672 75.82762
50882.934 66.55663 3003.9858 1036.3123 82.48898
50602.797 66.55663 3010.8274 1040.1838 79.90965
44968.215 43.70429 2651.5623 835.4629 74.5965
45743.633 42.50214 2506.7231 1018.58105 72.16763
45353.31 42.50214 2505.9033 950.34937 72.16763
44933.258 50.60658 2675.279 710.9888 94.28151
44775.812 49.76005 2676.4026 746.53955 81.00433
46028.117 16.78162 2692.4465 771.17676 76.44973
44940.125 45.11984 2688.6057 753.8098 82.28423
47537.58 38.01183 2770.8179 1238.2524 73.21133
47576.22 38.22171 2763.2327 1284.7231 73.21133
47314.688 44.89612 2809.78 772.19214 78.27084
45450.566 43.91237 2392.5942 1336.3745 69.90235
45454.168 43.91237 2399.493 1326.2146 71.04974
46749.016 27.91447 2471.8137 1246.737 71.04974
46192.19 41.57807 2644.5305 770.5996 80.20006
46059.77 41.57807 2664.7053 802.32837 77.08528
46138.47 38.22171 2673.7764 766.13916 76.58974
46265.44 38.22171 2633.7327 829.83057 76.58974
46265.7 39.25367 2834.6677 514.3003 84.563
45955.92 26.65704 2584.5864 1066.2246 73.00068
41617.344 39.78634 2362.5725 772.34644 73.67786
50314.484 64.16719 2612.938 1267.397 71.27214
46595.08 47.76329 2661.3232 1023.78345 75.4522
46621.58 50.60658 2650.478 901.8015 75.4522
46393.887 50.60658 2647.1687 848.51807 79.1
46148.98 38.07042 2733.1218 849.7822 75.15705
45705.258 37.42426 2714.7654 634.7449 76.67626
45310.71 38.22171 2571.3506 954.2278 69.92201
46469.547 33.19054 2639.1472 930.14233 74.5965
46327.45 43.92947 2611.049 1111.3518 73.00068
45322.85 16.78162 2446.1147 1403.7375 69.90235
45394.668 35.44425 2697.3733 793.3762 72.69491
45311.973 39.04208 2699.7202 786.62866 72.69491
45865.387 39.04208 2694.5273 815.14453 72.7438
45795.34 39.04208 2711.9102 753.0149 72.7438
45880.465 39.04208 2699.9773 809.489 76.02678
46384.49 43.96636 2625.4214 941.06274 75.15705
46830.016 33.77858 2661.2869 1218.5562 73.00068
46325.12 39.78634 2806.4043 659.91504 97.8773
46834.473 39.78634 2815.5283 832.5718 78.37167
46722.066 39.78634 2830.5144 794.208 78.37167
46709.996 43.62619 2724.925 711.1997 89.24748
46652.34 43.62619 2741.2778 706.0637 84.67525
45111.332 40.8563 2707.7354 706.08594 77.61024
44969.605 44.2167 2695.5713 736.1384 77.61024
46219.234 43.8142 2744.2756 714.416 92.43366
46400.664 43.8142 2739.6304 729.33057 91.98291
46103.15 43.8142 2730.4797 704.949 91.98291
46458.266 43.8142 2737.847 772.4114 77.43421
46687.37 43.8142 2719.3745 788.4971 77.43421
47373.324 37.42426 2852.1338 669.3037 93.69377
47141.05 37.42426 2832.4834 659.29785 90.40947
47365.613 37.42426 2851.3965 665.1687 90.40947
47125.992 37.42426 2852.677 636.4612 90.40947
47273.312 39.04208 2689.099 1160.8486 73.05701
47364.03 39.04208 2687.4148 1267.9099 70.03203
47291.773 39.25367 2698.0923 1233.0325 73.67786
45916.414 39.25367 2555.7607 1036.2029 73.67786
43857.234 40.8563 2671.155 629.9397 80.20006
43768.496 40.8563 2673.2822 640.45703 80.20006
43702.26 40.8563 2677.986 620.85913 80.20006
43673.594 38.22171 2438.7244 1096.73 68.65038
47184.535 46.6412 2763.4058 832.2095 86.53368
44669.77 46.34515 2472.735 1033.029 73.67786
45539.64 39.78634 2497.2646 1203.1108 70.31247
43724.92 38.22171 2356.2542 898.7781 72.16763
44131.33 45.59028 2299.4963 944.9634 73.67786
43314.02 45.59028 2226.0732 949.84033 73.21133
45925.062 40.8563 2549.7607 1069.5342 72.5087
46168.965 33.77858 2706.9631 827.4497 75.41146
45060.74 27.91447 2726.6765 709.31445 74.69581
45089.88 27.91447 2667.9788 721.0786 73.61816
44806.566 27.91447 2656.4182 681.6404 73.61816
46844.355 36.42438 2762.689 905.0386 74.60427
47694.297 36.42438 2611.5095 1090.4634 73.05701
47247.46 37.42426 2604.7349 1071.8542 73.05701
46712.36 37.42426 2614.2046 1046.9058 73.05701
44972.004 43.92947 2675.4727 725.45264 83.31369
44127.07 44.33604 2410.5032 944.0166 73.40472
46496.64 35.44425 2607.1704 1430.3171 68.65038
46536.668 37.42426 2818.4634 585.1377 86.63218
46713.99 39.78634 2792.4563 700.50854 86.63218
46709.043 39.78634 2804.9353 667.5071 86.63218
47142.797 40.8563 2886.2417 668.95557 92.43366
47326.06 39.04208 2872.8782 616.0498 92.43366
45942.508 38.07042 2640.0745 1091.9971 73.67786
45813.086 41.57807 2633.8628 1105.3247 73.67786
46654.39 41.57807 2706.4668 1076.1199 74.60427
47147.145 46.11847 2735.3154 1020.6387 76.44973
48181.996 37.42426 2706.514 830.88477 80.20006
44643.824 45.10657 2569.2356 885.1997 76.58974
44282.125 45.10657 2580.3152 887.8596 76.58974
46692.34 39.04208 2746.3564 743.8108 82.48898
47731.656 43.92947 2886.669 814.6067 78.50802
47756.3 43.92947 2891.393 806.5593 85.7243
44522.094 39.04208 2318.371 1418.0771 69.66918
43514.504 45.11984 2580.7092 603.72437 86.0113
43738.53 45.11984 2600.768 608.00586 80.20006
44054.52 45.10657 2426.6172 1089.8733 72.9987
47474.32 38.22171 2672.521 1272.7771 72.82789
47412.93 43.66964 2650.4797 1334.0583 72.82789
46772.82 33.19054 2841.593 590.40796 91.90918
46438.965 38.22171 2817.2732 743.08374 80.20006
