53560.79 36.33923 3342.584 730.8694 77.49073
51165.844 67.84315 2992.8708 993.90845 66.52797
53382.895 43.66964 3280.1553 751.85767 77.49073
50989.996 50.28931 3092.6062 554.69434 67.2871
49261.453 56.84866 2963.383 917.3711 65.29282
49413.492 56.84866 2955.4478 906.3916 65.18073
49175.625 54.18109 2951.8997 1017.4016 63.22761
48948.84 43.92947 2958.3257 935.5112 63.68614
52016.97 45.73336 3168.2188 580.8533 77.43744
52433.215 43.66964 3249.7935 463.01782 76.6985
52185.56 43.66964 3204.3223 535.2842 72.58862
48412.137 63.26168 2875.9043 937.2617 66.4807
50814.695 33.19054 3162.8188 428.33545 77.35117
51528.957 61.73053 3098.7017 812.9675 69.93009
52376.145 45.73336 3179.9912 761.11084 70.55095
47658.816 43.66964 3029.9902 298.23755 84.67525
47741.043 43.66964 3031.2458 309.0852 84.67525
47803.684 33.19054 3019.142 312.69116 84.67525
47741.44 33.19054 3014.5964 342.5044 77.61024
47590.81 33.19054 3021.2195 329.25415 77.61024
48264.414 38.22171 3061.802 319.2588 77.8105
48138.54 43.66964 3002.3118 352.62207 77.8105
47986.004 43.66964 3039.395 331.9099 77.8105
48023.836 43.66964 3049.9978 314.6494 93.87894
48774.92 33.19054 3098.877 334.0398 80.93449
48932.797 43.66964 3104.2454 362.8645 80.93449
48639.91 43.66964 3097.6697 342.38916 80.93449
48901.18 45.73336 3087.3945 369.56055 78.67049
47225.82 46.89605 2970.1038 358.2517 84.67525
47425.89 45.51318 2975.1562 346.51953 77.61024
51513.17 50.28931 3085.397 583.8135 68.53938
51649.41 50.28931 3107.5842 564.08325 71.37268
51833.82 48.57425 3072.0227 635.1372 74.01904
51450.91 52.85518 3137.5117 524.7612 77.8105
50921.668 59.1056 3016.4407 715.8291 68.04924
51183.03 59.32408 3022.0977 703.93066 73.6228
51063.867 56.998 3108.3337 562.4922 73.6228
50893.81 59.08652 3032.5527 642.42676 69.93009
48795.664 55.95301 2992.2847 555.1367 66.4807
50711.293 59.1056 3108.407 518.5149 73.21133
49771.23 61.55918 3010.6301 591.12476 68.42986
50668.527 48.57425 2927.0007 727.5366 65.28069
49996.23 57.45044 2897.414 960.92017 66.20195
53367.46 43.66964 3381.1074 582.94434 82.48898
53116.332 45.73336 3282.232 712.052 81.88377
51243.08 56.55434 3133.3696 563.64624 77.43421
51076.24 59.34003 3119.1096 533.584 77.43421
50961.48 60.26007 3135.5493 546.38794 79.61829
51382.836 56.998 3102.19 592.146 77.49073
50867.242 37.42426 3143.5288 558.8125 67.1209
51289.945 43.92947 3098.81 761.552 66.52797
51124.223 43.92947 3080.492 752.79175 66.85889
52848.89 43.92947 3257.9236 772.3655 73.61608
52336.742 46.11847 3225.2937 703.0239 76.92278
51437.344 39.04208 3233.443 526.0603 72.35691
51597.98 39.04208 3239.816 564.7969 72.69491
52427.363 45.73336 3298.1653 661.2717 77.61024
52193.31 45.73336 3275.0364 710.9912 75.27856
51106.88 52.85518 3075.2612 601.7566 68.04924
50471.31 50.55514 2979.2559 688.2925 66.4807
50437.84 50.55514 3058.4343 857.0303 66.4807
49741.87 50.55514 2901.7073 793.2881 64.84218
50669.156 54.99712 3141.8813 561.73096 68.4972
50262.562 33.19054 3150.4062 476.96143 68.98244
51865.215 54.99712 3171.5347 700.5891 76.44973
51784.0 57.79947 3157.607 764.09595 72.19594
50437.105 57.63566 3045.4177 892.0542 66.55065
50551.125 56.998 3036.6626 642.7925 66.74016
50243.13 39.04208 3040.6357 557.81226 65.36468
50650.41 39.04208 3070.805 811.39966 65.36468
50221.566 43.92947 2777.604 1096.8914 64.16189
50398.285 43.92947 2827.946 1075.3369 65.20634
50231.47 48.75191 2841.7544 1093.8677 65.20634
50314.066 48.75191 2818.7146 1101.6499 65.20634
50077.92 50.61272 2797.2183 1123.8713 65.20634
50089.047 50.61272 2821.6338 1139.1636 65.20634
50823.664 48.57425 3093.0786 797.65845 67.1209
51286.707 48.57425 3144.291 584.2422 68.04924
51589.477 48.57425 3209.5452 512.05005 71.37268
51544.926 64.68629 3130.8713 954.9153 77.49073
51333.758 64.68629 3120.477 907.7771 82.07843
49748.656 65.46994 3036.4263 928.5906 73.61608
50300.74 65.46994 3040.898 932.4114 73.61608
50316.62 65.46994 3035.6152 912.5928 72.7438
50363.332 65.46994 3024.8552 960.5803 72.7438
50407.098 65.46994 3038.9346 916.5154 76.65919
50387.887 65.46994 3050.294 920.83203 77.43744
50860.848 65.46994 3089.9678 901.5886 77.49073
51107.69 65.46994 3047.748 905.4043 77.49073
50936.074 65.46994 3036.013 887.2046 80.59652
50646.41 65.46994 3038.4712 876.4519 78.79844
50749.914 61.55918 3128.863 855.3916 70.95745
50217.465 66.74016 2952.589 957.7532 74.16102
50138.02 66.74016 2956.3528 932.8989 69.93009
50464.203 66.74016 2956.3623 908.39307 76.02678
51386.336 65.29282 3080.2588 908.84937 73.00068
51486.027 65.29282 3156.6208 855.9324 86.51291
50354.215 65.29282 3083.207 522.9939 99.12666
50495.11 63.77489 3103.013 554.5737 86.2778
51304.176 64.68629 3126.0952 852.65845 77.8105
51378.93 61.55918 3154.6587 797.1609 77.8105
50445.38 62.354 3056.9187 598.322 70.47028
50616.83 60.26007 3066.874 633.0696 70.47028
50465.574 60.26007 3060.9512 627.24854 67.92085
50563.508 60.26007 3080.284 609.4346 71.4955
50929.0 60.26007 3103.8892 557.18286 75.4522
50959.617 55.34689 3139.2795 475.2942 86.2778
52237.62 52.85518 3208.6907 788.12134 73.00068
50117.88 39.04208 3098.3708 441.58667 72.16763
50736.355 38.22171 3214.9382 438.91895 86.2778
50798.723 36.42438 3196.824 413.69922 84.28317
50978.05 36.42438 3199.2874 425.95288 77.49073
50963.44 36.42438 3209.6853 429.8203 82.48898
51031.016 33.19054 3213.837 410.4441 77.49073
51091.145 33.19054 3218.2507 414.41528 77.49073
50849.613 33.19054 3220.1853 447.2207 75.98563
51263.555 33.19054 3223.2966 454.1775 73.21133
51208.895 33.19054 3226.2222 432.1482 94.12742
51166.46 36.42438 3222.5464 428.1848 94.12742
51316.68 43.66964 3164.164 453.8877 69.88184
51459.484 43.66964 3195.6824 442.78613 71.54915
51464.734 43.66964 3210.3215 426.2859 94.12742
51705.727 43.66964 3230.9812 432.4729 94.12742
50913.75 48.57425 3139.7478 466.73535 68.4972
51061.78 48.57425 3167.5103 503.0476 68.4972
52639.57 50.28931 3227.8354 755.4133 77.49073
52608.11 50.28931 3211.6077 739.75366 77.49073
51717.32 50.28931 3058.6162 668.73535 68.42986
51534.99 59.1056 3069.9766 653.37744 70.50957
50996.6 56.55434 3042.1616 633.2356 68.42986
50879.395 59.1056 3072.5093 535.9844 73.21133
51474.004 52.60741 3038.7153 630.7998 71.37268
51363.527 59.1056 3029.3242 680.28394 68.16541
51064.07 56.998 3031.433 640.9282 68.16541
49174.445 59.77117 2944.2092 582.1008 68.04924
49873.773 65.57835 2993.6086 634.4834 72.58862
50040.34 66.52797 2989.616 659.24536 86.49574
49454.883 66.52797 2997.433 677.08716 76.58974
49315.44 66.52797 2981.1335 658.33105 76.58974
49906.406 66.55663 2988.307 724.1184 71.815
49666.688 66.52797 2995.5208 665.7312 99.25589
49309.156 66.39945 2989.0989 637.0137 99.12666
49090.918 66.55663 2953.563 668.459 98.31257
49711.43 66.55663 2945.7068 938.7312 69.14
50168.348 66.55663 2981.2573 971.1553 70.50957
50004.047 66.55663 2994.7678 926.9143 72.35691
50212.188 66.55663 2993.4717 885.5488 72.35691
50562.523 66.55663 3002.8271 914.1467 72.58862
50514.9 66.55663 2974.5637 886.9658 86.49574
50089.42 66.52797 2987.3008 954.7185 69.31525
51296.105 64.27379 3063.3276 844.1643 77.49073
52039.85 63.5536 3138.4568 894.61865 75.52695
52353.12 54.99712 3219.9634 751.60693 77.35117
52278.387 45.73336 3198.7146 666.593 75.52695
52555.004 43.66964 3217.489 695.45483 74.01904
52738.902 43.92947 3284.5552 686.66504 76.40815
52534.5 43.66964 3257.7314 633.7859 76.50023
51967.207 51.41588 3253.865 688.7224 81.8745
51705.95 51.41588 3195.3123 681.8616 81.6928
52353.75 50.28931 3185.9966 749.25757 72.7438
52534.156 45.73336 3208.3452 738.5818 72.7438
52805.324 43.66964 3248.1558 680.16016 76.92278
52390.867 45.73336 3148.2925 795.62695 68.42986
52115.074 45.73336 3209.2368 738.04785 71.37268
52312.305 48.57425 3226.414 750.5906 68.42986
52137.4 48.57425 3081.1252 952.20264 67.50425
52399.184 43.66964 3147.56 876.77734 67.50425
52528.16 43.66964 3276.5403 701.79565 71.37268
51624.504 43.92947 3209.7417 468.81616 84.67525
51227.676 48.57425 3204.8035 458.2124 81.8745
51805.836 48.57425 3138.4692 588.55664 77.22223
52380.22 48.57425 3243.4087 713.0847 77.49073
52195.69 50.28931 3253.6245 697.26904 77.49073
51913.824 50.28931 3232.2314 684.4951 71.9291
52295.723 45.73336 3184.6453 716.75635 74.85582
52098.277 43.66964 3159.9978 598.18164 71.94036
52404.527 43.66964 3188.5818 569.4158 74.85582
52143.234 43.92947 3203.1729 547.35205 74.85582
51851.863 43.92947 3215.4438 525.9636 78.79844
51527.64 43.92947 3192.0127 463.85376 78.79844
51244.715 43.92947 3177.1003 498.60815 68.42986
50989.9 43.92947 3172.897 492.81372 68.42986
51120.254 39.04208 3169.038 472.6294 70.42271
50890.727 39.04208 3184.3586 506.37817 70.42271
51178.55 50.04607 3186.091 710.53296 68.42986
50195.38 57.73047 3107.5396 530.8325 68.42986
50749.074 62.354 3090.781 625.5293 71.9291
50311.9 56.55434 3116.5093 571.291 68.04924
50932.137 50.28931 3158.2163 707.5154 68.04924
50679.785 56.55434 3120.1895 738.68994 68.04924
51157.785 57.45044 3145.5994 747.49316 68.04924
51634.883 46.6412 3194.3318 722.21436 68.98244
51587.766 57.45044 3147.2246 738.70654 68.98244
51583.46 37.42426 3201.6294 443.12988 69.93009
51794.71 38.22171 3234.678 487.2522 69.93009
52229.75 43.66964 3222.5022 494.80298 73.00068
52366.273 43.66964 3217.468 503.98486 73.00068
52052.574 43.66964 3177.143 494.3357 70.63095
51922.46 43.66964 3160.534 494.14502 73.32973
51864.902 38.22171 3175.1284 450.63403 73.32973
51527.9 38.22171 3185.2322 445.99805 73.32973
51331.82 38.22171 3186.8718 448.6006 70.63095
51320.27 52.85518 3202.9631 449.1765 70.63095
51142.555 55.34689 3076.2456 624.8779 69.29471
51334.008 50.28931 3095.7585 542.87646 69.29471
50940.242 52.85518 3066.019 567.6096 68.04924
51033.953 52.85518 3098.4475 585.2009 68.04924
51067.01 59.1056 3063.7322 666.4944 70.05326
50813.855 59.1056 3034.8408 676.03296 67.2871
50149.836 59.34003 3052.5217 567.114 67.2871
50363.184 52.85518 3059.8147 609.80347 67.50425
50744.6 59.1056 3048.1904 646.5967 67.2871
50415.074 56.998 3037.7944 603.4204 67.2871
50366.24 60.26007 3029.7427 660.0547 67.2871
50295.8 60.26007 3038.0715 636.4346 67.1209
50637.418 60.26007 3020.2686 673.2478 67.2871
50720.664 60.26007 3017.5134 675.3447 67.2871
50165.887 52.85518 3065.2734 551.7295 67.2871
51743.734 48.57425 3186.7944 552.2661 79.27297
51565.195 43.92947 3213.4453 519.8989 77.8105
51899.0 45.92375 3169.0093 551.40625 73.32973
51933.17 45.92375 3225.6978 537.177 76.92278
51886.85 45.92375 3230.367 517.48 81.45436
51695.414 45.92375 3207.1335 514.063 81.45436
51332.49 45.92375 3181.3962 460.28467 77.8105
51260.53 45.92375 3195.0183 444.4419 91.98291
50780.934 45.92375 3159.841 423.7483 91.98291
50899.85 45.51318 3189.233 378.89648 91.98291
50741.38 38.22171 3186.6646 375.1631 91.98291
50684.44 38.22171 3222.7815 372.7849 91.98291
50102.65 39.04208 3146.8545 371.03442 77.49073
49798.11 36.33923 3146.1704 356.0244 72.35691
50056.72 36.33923 3167.478 394.41284 72.69491
50283.953 36.33923 3159.1318 395.78467 72.69491
50352.766 36.33923 3149.7031 431.5244 72.69491
50302.957 33.19054 3179.934 395.05322 72.69491
50466.46 33.19054 3188.551 407.04272 73.6228
49611.355 33.19054 3136.9958 351.83032 76.17896
50005.6 33.19054 3167.1455 364.13184 77.49073
50205.473 33.19054 3167.8477 341.35596 84.17094
50103.7 33.19054 3174.8022 325.82202 94.68767
50115.438 36.33923 3157.4421 345.0996 94.68767
49884.49 36.33923 3145.714 332.0647 94.68767
50044.664 36.33923 3167.0762 342.57275 78.59705
50149.637 38.22171 3147.0315 374.22607 73.32973
50327.28 38.22171 3158.9255 383.51855 72.16763
50117.434 38.22171 3159.0588 378.12183 76.17896
50298.957 37.42426 3182.6062 413.375 76.17896
50548.438 37.42426 3170.078 424.41504 73.21133
50628.164 37.42426 3151.3398 434.43872 74.85582
50440.883 43.66964 3178.9534 380.76904 73.21133
50387.9 33.19054 3189.149 371.71436 73.21133
50562.89 33.19054 3197.4797 354.8628 78.59705
50465.215 33.19054 3159.353 409.70776 72.59495
50357.945 43.66964 3125.8384 437.30737 72.5087
50087.617 43.66964 3116.7913 432.7163 72.16763
49893.055 43.66964 3104.806 418.31934 72.69491
49740.0 43.66964 3156.385 400.10474 72.5087
49935.895 43.66964 3108.8967 420.79028 72.69491
49994.727 43.66964 3112.665 424.0276 72.7438
49810.266 43.66964 3137.8447 386.011 72.59495
49866.664 43.66964 3142.8323 389.9475 72.16763
49934.637 43.66964 3125.9092 437.67188 72.16763
49690.434 43.66964 3137.4067 388.70728 72.16763
49539.92 48.75191 3071.5461 444.36353 72.18954
49523.562 45.51318 3110.423 406.9458 72.16763
50485.7 39.04208 3167.6174 398.40576 82.48898
50638.395 43.66964 3179.412 406.4839 82.48898
51064.48 43.66964 3188.9238 424.99146 77.49073
50995.85 43.66964 3199.4333 434.85083 79.27297
50963.492 43.66964 3206.8635 416.55127 79.27297
50663.285 36.42438 3169.5537 406.7295 82.48898
50598.043 36.42438 3178.3586 395.64844 79.27297
50666.234 36.33923 3185.8882 381.57544 79.27297
50600.023 36.33923 3187.5103 403.3186 77.49073
50942.477 36.33923 3192.125 405.28564 91.98291
50964.742 36.33923 3210.0786 408.2881 91.98291
50778.883 33.19054 3218.0447 368.49683 91.98291
50802.46 33.19054 3205.0957 399.2434 91.98291
51084.605 33.19054 3207.6572 399.86768 92.76247
50845.168 33.19054 3195.233 398.30127 92.76247
50939.83 43.66964 3221.892 399.19263 92.43366
50785.9 45.73336 3194.9783 394.60547 92.43366
50435.37 45.73336 3174.4656 447.92773 84.67525
50123.848 45.73336 3155.8083 386.28516 84.67525
49962.965 45.73336 3184.1387 393.938 84.67525
50016.465 45.73336 3174.8103 399.98486 84.67525
50330.844 45.73336 3188.3906 372.51196 89.24748
49941.47 38.22171 3162.8337 366.99023 84.67525
49873.59 38.22171 3166.4448 357.51123 84.67525
49623.707 38.22171 3169.1846 334.41602 84.67525
49664.414 38.22171 3149.0781 329.76172 84.67525
49385.86 38.22171 3171.6824 328.6587 84.67525
49124.098 45.73336 3108.5266 379.25488 77.34038
49499.082 45.73336 3114.294 438.03076 77.34038
49335.766 45.73336 3108.7207 430.0537 76.92278
49188.76 45.73336 3111.0535 441.43726 76.92278
48913.457 45.73336 3085.6304 367.07324 78.27084
48386.1 48.75191 3047.66 357.42847 91.42551
49173.86 49.84605 3070.4277 373.6858 84.67525
49060.652 54.99712 3051.8374 423.1704 80.59652
47877.133 56.18236 2998.8323 411.06738 76.76252
48279.848 56.55434 2996.3208 422.2422 76.76252
48116.973 56.55434 3040.0005 414.07153 77.43421
52946.6 43.66964 3180.612 808.032 74.85582
52949.0 43.66964 3150.2295 886.7134 73.21133
52447.723 46.11847 3231.0046 694.5261 84.28317
52751.62 50.28931 3104.5256 896.0005 68.53938
51165.086 63.26168 3095.671 882.6387 70.50957
51036.19 63.26168 3106.1895 807.53467 69.14
51671.426 61.73053 3112.175 864.13794 77.43744
51600.45 61.73053 3125.2432 830.20435 77.43744
51611.625 61.73053 3116.2822 827.2612 77.43744
52104.914 59.1056 3112.2217 878.5144 73.32973
51151.277 58.90252 3161.4304 734.3452 73.00068
51138.312 58.90252 3141.3093 764.4321 72.58862
51530.113 59.1056 3166.0383 739.2156 83.18227
50720.04 57.73047 3116.502 591.7295 71.9291
51150.848 57.45044 3150.89 771.62915 69.29471
50590.574 59.1056 3105.945 554.802 68.15876
51122.656 57.45044 3157.2344 729.96387 68.37698
51299.785 57.45044 3168.0642 680.96484 76.76252
51583.098 57.45044 3167.673 701.38477 69.93009
51937.375 59.1056 3185.159 795.1511 68.15876
51783.22 59.34003 3176.1558 848.4734 76.08959
51520.113 59.34003 3170.2559 829.18506 69.29471
50826.15 59.34003 3135.8801 575.5747 72.5087
51101.984 54.99712 3151.6794 496.2483 77.8105
51451.355 48.75191 3189.844 530.5925 77.49073
51804.953 51.41588 3180.8042 580.04224 80.12437
51770.234 52.85518 3121.1387 579.49023 77.49073
51658.625 52.85518 3040.527 679.82886 75.6129
52269.312 52.85518 3058.5024 944.75586 70.50957
51934.7 46.11847 3052.253 901.53955 67.75017
51725.383 45.73336 3069.544 788.6238 67.75017
52108.42 59.34003 3076.405 920.19775 67.75017
51975.188 50.5156 3086.7107 937.83325 68.42986
51971.105 50.5156 3101.3975 929.2573 68.42986
52051.797 50.5156 3101.0706 946.8794 68.42986
52309.984 50.28931 3091.8518 906.1953 68.42986
52116.457 59.77117 3068.7048 939.7532 72.7438
52029.473 59.77117 3042.8796 962.6719 69.31525
51988.22 59.77117 3047.691 1007.0442 68.4972
52028.05 58.47256 3087.5276 970.52124 70.55095
52120.566 54.99712 3098.254 918.25366 68.4972
52167.94 54.99712 3113.0608 868.8086 70.50049
52136.285 57.79947 3090.1152 943.32935 72.7438
52235.99 55.43587 3043.6277 998.9929 70.50049
52250.832 59.1056 3089.1382 947.89014 73.21133
51991.742 59.1056 3119.558 893.9075 73.21133
52030.055 59.1056 3161.3496 743.1057 78.59705
51977.91 47.06613 3213.5098 693.38257 76.44973
51963.83 47.06613 3225.4568 669.8352 81.81037
51933.926 50.28931 3249.6758 626.74634 81.81037
51795.75 50.28931 3234.5095 619.4673 82.65041
51846.168 54.99712 3194.882 678.38086 82.65041
51558.207 60.26007 3169.528 789.322 77.77138
51166.0 59.1056 3147.117 714.21216 74.01904
51108.375 59.1056 3126.4578 768.8689 69.14
51089.312 59.1056 3132.2136 763.9961 69.14
51420.17 60.26007 3133.766 821.5867 67.08014
50361.24 50.61272 2865.6506 1105.5186 65.27628
49996.676 51.64587 2902.5085 1099.6226 64.93763
50108.996 50.04607 2885.5676 1057.852 64.72212
49886.32 45.73336 2967.2883 667.95776 64.72212
49346.832 51.64587 2938.8862 691.5664 64.72212
50173.914 48.57425 2950.2139 1118.521 65.18073
50060.934 55.34689 2965.3687 979.36426 66.39945
50061.195 56.84866 2945.176 1002.6245 66.39945
51177.188 50.28931 2952.4155 1075.2952 66.4807
50409.695 43.66964 2840.5427 979.1199 64.72212
50342.94 46.89605 2893.9282 971.3833 64.72212
50746.06 38.22171 2906.7466 986.0303 64.72212
50212.168 50.28931 2855.3745 972.4717 64.72212
50017.727 50.28931 2883.331 1047.3533 64.72212
50712.293 50.04607 2947.7905 1063.956 65.28069
51142.164 50.28931 2941.3958 1048.21 65.28069
50756.2 50.28931 2941.407 1021.34106 65.28069
50520.32 50.28931 2906.3418 1046.511 65.27628
50212.58 51.64587 2920.6226 1038.4121 65.27628
50231.613 51.64587 2943.1455 1004.343 65.28069
50158.242 51.64587 2962.6287 1021.97266 65.28069
50401.215 51.64587 2928.8313 975.3301 65.28069
50178.87 51.64587 2923.8752 975.3257 65.28069
50016.71 51.64587 2953.7542 730.4763 66.39945
51962.023 50.28931 3192.4246 536.49023 86.2778
52084.28 48.57425 3175.4321 583.0493 94.28151
52029.613 48.57425 3191.1372 496.6953 86.2778
51435.77 50.04607 3213.957 488.30566 86.2778
52654.348 50.04607 3229.5151 782.7976 77.49073
52282.01 50.28931 3189.1855 775.1577 72.33989
52334.023 50.28931 3185.0051 805.5405 72.33989
52101.586 50.28931 3096.529 929.6116 67.50425
51531.3 50.55514 3115.935 859.8645 67.2871
51643.613 57.89303 3109.835 913.2136 67.2871
51950.586 52.85518 3122.3892 922.53467 67.2871
51772.633 57.89303 3103.8076 953.2334 67.2871
52056.066 36.33923 3117.2441 902.8572 67.2871
51467.176 50.5156 3127.3223 812.7539 67.75017
51033.527 55.18182 3088.7815 859.1206 65.46994
51398.414 55.18182 3048.915 803.8259 67.75017
51500.492 59.1056 3173.557 691.4187 76.92278
51325.42 59.34003 3143.0977 760.4082 76.92278
51172.355 59.34003 3125.3135 776.9448 72.7438
51381.61 59.34003 3144.0867 779.0818 72.7438
51329.59 59.34003 3130.97 768.44214 75.27856
51206.69 59.34003 3134.35 750.9768 78.79844
51104.625 60.26007 3119.683 753.32104 74.05933
50979.79 60.26007 3125.7744 735.12695 74.05933
51030.957 61.45918 3101.024 781.29443 74.05933
50826.37 61.73053 3100.4824 781.4614 74.05933
50954.035 64.68629 3092.8955 781.0764 72.07375
51080.613 64.68629 3098.3513 787.7224 68.37698
51235.895 64.68629 3062.908 854.1448 77.43744
51214.17 64.68629 3071.5283 862.2539 67.1209
51110.453 64.68629 3086.1106 821.4695 72.80252
50840.31 59.37528 3119.6584 733.4321 73.00068
50882.89 59.37528 3116.099 746.7185 73.00068
51046.94 59.37528 3141.8184 735.6841 78.50802
50948.895 59.37528 3152.3877 713.2107 78.50802
50753.773 59.37528 3116.091 727.06616 73.00068
51116.88 59.37528 3081.6755 781.3435 69.74838
50987.746 59.37528 3100.527 775.56885 72.80252
50787.766 59.37528 3124.0022 729.05884 72.80252
50854.184 59.37528 3095.3884 770.46045 72.80252
50793.89 59.37528 3113.389 782.44604 72.80252
51100.336 59.37528 3114.6345 783.5823 72.80252
50835.83 59.21268 3094.342 759.7239 72.07375
51314.547 59.21268 3153.195 761.2395 76.6985
51507.14 59.21268 3111.5945 763.2827 75.86512
51275.93 59.21268 3136.3816 712.58203 77.8105
51495.973 59.21268 3133.8496 732.6233 76.40815
51597.63 59.21268 3147.7183 757.35693 76.40815
52339.375 53.57693 3114.101 834.9812 72.82789
52600.504 51.41588 3207.828 760.50024 73.32973
51929.832 53.57693 3220.1538 764.2654 72.7438
51862.41 51.41588 3242.7168 717.9463 81.45436
51729.05 51.41588 3225.8818 762.75854 72.82789
51923.54 43.92947 3189.7603 728.91187 68.98244
52012.918 45.73336 3248.4636 655.1233 73.21133
52101.152 45.73336 3248.823 707.2185 74.30264
51985.86 45.73336 3274.7324 676.8384 74.30264
52246.32 45.73336 3275.2405 638.1079 75.4522
52115.56 56.18236 3228.7349 727.2749 75.4522
51337.887 56.18236 3173.9565 588.3345 75.4522
50998.62 56.18236 3180.8496 508.9475 77.8105
50986.242 56.55434 3155.851 540.3733 77.8105
50564.95 56.55434 3145.5845 513.84937 77.8105
50607.72 56.18236 3136.655 507.2307 77.8105
50404.996 56.18236 3136.083 489.41895 86.2778
50673.168 58.16817 3132.462 496.4048 86.2778
50530.65 65.46994 3068.1787 595.48413 78.79844
50528.26 64.16719 3104.7158 582.26807 85.49553
50958.06 63.5536 3120.577 504.16284 77.49073
50850.695 63.5536 2995.6863 668.7915 68.42986
50466.062 65.46994 3028.643 646.09985 75.29173
50173.566 65.46994 3033.1506 650.1492 75.29173
50391.51 65.46994 3013.2576 629.5134 74.85582
50280.69 64.68629 2999.632 646.229 73.61608
50994.363 64.68629 3069.1428 601.2678 77.49073
50657.11 64.68629 3067.493 656.5127 72.5087
50303.645 64.68629 3113.6323 539.4136 76.76252
50765.875 64.27379 3066.3691 580.6377 71.86179
50574.055 66.4807 3017.7078 648.65063 67.1209
50408.66 56.55434 3049.2002 608.6338 67.1209
50418.492 56.55434 3042.7869 581.7671 67.84315
50500.094 59.34003 2975.7085 644.3948 67.84315
50736.3 59.34003 3116.6924 523.60693 75.37029
50858.934 59.34003 3090.5325 571.1621 68.4972
51059.242 60.26007 3081.3406 620.614 76.72784
51042.402 64.66912 3091.7969 597.50464 76.72784
50757.87 64.68629 3101.693 522.00684 76.72784
50988.594 64.68629 3096.617 537.7068 75.29173
50893.805 59.8137 3039.3044 646.7285 74.55746
51141.094 59.8137 3097.8523 550.7346 77.49073
50732.44 59.8137 3033.2441 616.5083 68.04924
50762.062 59.8137 3068.9666 568.7881 68.16541
51221.965 50.28931 3122.4812 548.5962 68.04924
50965.684 50.28931 3117.5437 546.9802 68.04924
50938.91 50.28931 3098.8674 536.61084 67.64299
50757.69 59.34003 3009.4026 616.77563 68.04924
50917.137 56.55434 3022.1873 605.29297 68.04924
51282.74 51.41588 3068.5364 578.7156 68.04924
51674.668 51.41588 3178.1853 519.5647 73.00068
51697.42 48.57425 3194.1047 480.30566 73.00068
51719.754 43.92947 3197.241 503.38477 73.00068
53139.09 37.42426 3287.5637 674.9507 77.49073
52894.273 36.33923 3278.316 595.17773 78.38313
52939.72 36.33923 3312.6907 608.833 78.38313
52042.777 33.19054 3279.6973 595.09424 76.92278
51779.05 39.04208 3228.4426 616.0051 74.85582
51787.105 39.04208 3236.5098 618.28613 74.85582
51355.113 39.04208 3197.9802 569.5879 71.27214
51721.133 39.04208 3225.0198 626.8147 69.93009
51795.953 39.04208 3202.8809 727.94507 68.15876
52213.57 33.19054 3261.9155 670.59326 69.93009
51582.496 43.66964 3199.2173 709.55566 68.04924
50806.426 50.28931 3138.9521 561.30664 68.04924
50159.164 57.73047 3051.4946 603.6299 66.4807
50154.832 45.92375 3063.6013 592.16846 66.4807
50078.53 45.92375 3071.889 569.19116 66.4807
50241.418 37.42426 3070.4614 538.2058 66.74837
50112.44 39.04208 3045.5444 538.70483 66.74837
50695.848 39.04208 3098.5093 515.7051 67.08014
50696.43 37.42426 3087.687 530.9673 67.08014
51378.54 39.04208 3153.4714 510.92334 67.50425
51282.062 43.92947 3167.5847 562.38696 67.50425
51070.797 43.92947 3145.6746 553.71484 67.50425
50692.414 43.92947 3104.7168 628.437 66.96457
50431.754 46.6412 3093.1648 563.1089 66.96457
51552.21 45.73336 3171.711 684.41235 68.42986
51493.984 45.73336 3192.8167 674.67163 68.42986
51402.45 45.73336 3178.7576 667.8655 68.42986
51356.316 45.73336 3162.896 704.4949 68.21146
51580.32 45.73336 3146.3604 776.9922 67.84315
51425.566 48.75191 3113.0645 805.48 67.08014
51428.71 48.75191 3058.3086 803.4678 67.08014
51342.44 43.92947 3032.685 791.95386 66.74016
51607.09 43.92947 3067.446 840.3489 66.74016
51398.793 43.92947 3040.1606 820.39307 66.74016
52030.234 43.92947 3157.9648 772.8501 68.04924
52358.637 43.92947 3148.7368 850.28906 68.04924
52116.24 43.92947 3145.6753 848.06323 68.04924
52134.49 43.92947 3229.3633 652.5386 71.37268
52215.906 36.33923 3255.0164 618.28125 73.6228
52268.867 36.33923 3277.044 641.1467 73.6228
52572.957 36.33923 3287.2932 659.9219 73.6228
52869.625 37.42426 3285.2131 660.4204 72.7438
52154.555 37.42426 3213.5908 517.83496 72.7438
52081.797 37.42426 3234.5186 458.59766 72.7438
51787.89 37.42426 3229.8613 456.9309 72.7438
51775.586 45.73336 3205.338 478.12012 87.79668
51744.406 39.04208 3244.4756 442.58423 77.49073
51684.16 38.22171 3207.1982 477.13867 74.85582
51577.098 38.22171 3206.7808 468.37622 76.44973
51624.98 39.04208 3193.236 475.35303 76.44973
51845.633 39.04208 3202.4827 486.84937 76.44973
51833.297 39.04208 3223.8828 539.44824 76.44973
52178.496 39.04208 3225.627 563.60596 76.17896
52264.97 36.33923 3226.844 613.26074 74.85582
52418.09 43.66964 3287.6758 662.04175 76.44973
52909.44 43.66964 3273.4077 698.322 76.92278
52662.004 50.28931 3228.8809 756.5266 76.92278
52710.254 38.22171 3310.771 589.4824 82.01817
52780.637 45.73336 3295.387 659.01245 77.49073
52830.23 45.73336 3272.0952 712.7046 79.27297
52067.465 45.73336 3228.728 529.08154 79.27297
52395.113 45.73336 3255.919 533.4802 78.3992
52008.516 50.28931 3154.2393 626.9758 86.2778
52966.78 50.28931 3237.6619 799.75024 77.8105
52034.5 50.28931 3105.1228 595.3369 77.8105
51497.098 60.26007 3132.5618 607.5139 77.49073
51221.773 60.26007 3021.6714 732.47 71.00372
50843.234 60.26007 3011.809 713.82227 68.37698
50731.496 54.99712 3113.1558 576.8096 68.37698
50516.445 59.34003 3076.079 572.2031 68.04924
50754.117 59.34003 3068.9248 631.24585 68.04924
50834.74 59.34003 3142.8235 570.72656 73.69425
50726.207 59.34003 3133.055 530.46606 77.8105
50856.754 59.34003 3157.1345 505.41138 83.18227
51025.492 54.99712 3171.8638 484.9182 83.18227
50827.453 54.99712 3152.5942 496.98047 77.8105
50591.6 54.99712 3144.42 477.0879 77.8105
50740.363 54.99712 3150.9146 481.2317 77.8105
50854.14 54.99712 3142.9224 488.64648 79.27297
50612.746 54.99712 3131.5667 463.61328 80.52892
50644.43 55.43587 3133.627 512.0364 69.29471
49029.895 58.90252 3061.6116 462.5354 73.00068
49225.27 54.99712 3080.6506 444.1089 73.00068
49259.41 54.99712 3071.1025 434.2395 73.40472
48838.324 58.16817 3037.9934 431.55664 81.6928
49479.027 55.07579 3065.1372 446.3816 73.00068
49483.15 55.07579 3061.1006 454.78467 73.00068
49398.082 57.84118 3071.0012 434.417 80.52892
49159.293 58.16817 3013.417 464.18457 76.65204
49215.73 56.18236 3070.579 429.71558 92.76247
50012.438 45.51318 3113.57 415.92114 77.49073
50213.734 45.51318 3112.1052 421.78394 77.49073
50477.81 50.28931 3103.6304 442.06885 86.2778
50316.176 50.28931 3116.5588 421.0249 86.2778
50313.79 50.28931 3123.2883 440.59204 86.2778
50109.336 48.57425 3115.7036 392.39038 84.67525
50045.54 47.06613 3117.0076 402.6018 84.67525
50069.703 47.06613 3116.8333 409.864 84.67525
49297.473 46.89605 3095.0652 369.18677 84.67525
49736.402 46.89605 3128.5286 410.7815 86.2778
49408.574 46.89605 3126.566 382.0725 86.2778
49767.996 51.41588 3107.749 433.20483 86.2778
49908.46 50.28931 3114.8008 408.1162 93.87894
49844.758 50.28931 3104.1104 399.1599 93.87894
50089.105 50.28931 3108.8337 414.36035 93.87894
50404.16 50.28931 3111.1646 423.37085 93.87894
50345.18 50.28931 3108.3032 446.04492 91.90918
49385.504 54.99712 3093.9678 416.28613 91.90918
49354.246 54.99712 3094.7373 433.79834 91.90918
49310.54 54.99712 3099.2166 427.92847 91.90918
49524.15 56.22593 3078.9214 438.886 78.79844
49872.7 56.22593 3082.723 463.05542 78.79844
49570.477 56.22593 3066.4238 454.4016 78.79844
48928.395 56.22593 3017.8242 459.93555 76.08959
48455.27 56.22593 2995.7368 458.8589 73.21133
49055.453 54.99712 3031.2 462.14355 72.16763
48933.22 50.28931 3046.3884 396.4358 77.34038
48256.535 45.92375 3030.4578 393.9314 72.16763
48087.344 45.92375 3037.259 387.64307 72.16763
48137.395 45.92375 3023.5635 371.43604 75.27856
48445.34 45.92375 3049.8242 395.1306 72.16763
49754.207 48.57425 3074.5762 438.75293 77.49073
49100.715 45.92375 3089.2905 386.94092 79.3163
49932.727 45.92375 3108.2053 416.58154 77.49073
49764.703 45.92375 3110.5771 420.18604 77.49073
49405.918 45.92375 3112.5276 434.65015 77.49073
49764.387 48.57425 3122.2056 396.81396 84.67525
49605.832 48.57425 3126.161 388.18042 84.67525
49935.99 60.26007 3095.568 435.27295 84.67525
49946.54 60.26007 3096.622 438.18066 84.67525
49963.188 60.26007 3104.8228 458.67114 87.79668
50110.285 56.55434 3097.3909 462.08228 92.43366
49967.35 56.55434 3103.4731 440.53687 92.43366
49851.66 60.26007 3108.9863 446.02612 92.43366
49950.305 60.26007 3092.916 451.0896 92.43366
50105.203 60.26007 3097.3474 452.80615 92.43366
49990.93 60.26007 3101.0532 461.41895 92.76247
50373.9 60.26007 3133.928 506.91016 92.76247
50341.934 60.26007 3116.607 477.52637 84.67525
50430.727 60.26007 3125.0413 528.7351 84.67525
50547.957 60.26007 3131.6284 545.70825 84.67525
51084.63 60.26007 3133.828 597.20654 77.49073
50845.28 60.26007 3133.083 568.791 77.49073
50421.816 60.55045 3125.525 525.2661 87.19223
50595.766 60.26007 3145.0432 495.64087 99.12666
50709.402 60.26007 3140.5098 523.3728 99.12666
51133.117 60.26007 3148.869 532.1472 99.12666
51366.145 60.26007 3152.3408 557.7095 79.27297
51032.56 59.34003 3119.159 545.7451 79.27297
51032.59 59.34003 3119.1587 545.7449 84.67525
51389.71 55.43587 3151.6267 544.8196 77.49073
51393.324 55.34689 3141.3472 548.93506 77.49073
51688.62 55.34689 3151.4897 554.79004 77.49073
51391.1 55.34689 3122.4724 559.9387 73.61608
50949.23 55.34689 3094.5083 517.6482 77.34038
51027.207 55.34689 3047.1301 592.6726 68.04924
51218.016 55.34689 3092.521 551.12305 70.50049
51740.695 43.66964 3138.262 582.3655 70.50049
50737.957 50.28931 3083.3606 537.3113 67.54831
51218.934 50.28931 3104.079 561.8579 67.54831
50996.07 46.6412 3104.1882 579.69556 67.54831
50982.895 46.6412 3104.235 594.90967 67.54831
50687.36 46.6412 3101.1865 574.85693 67.2871
50318.12 50.55514 3083.0876 594.699 67.1209
50093.566 50.55514 3085.8242 532.03687 67.1209
50046.19 50.55514 3098.2695 535.79663 67.50425
50138.793 43.92947 3104.2908 562.53784 64.68629
50609.023 43.92947 3124.0732 511.16772 67.55704
50703.81 43.92947 3125.2966 530.3589 67.50425
50536.305 43.92947 3104.4536 544.12134 67.2871
50566.93 37.42426 3136.6504 490.29517 67.2871
50599.965 37.42426 3131.6433 499.74487 67.2871
50118.863 43.92947 3111.4653 545.5244 66.74016
50218.383 47.06613 3093.5298 589.6094 67.08014
50066.87 50.04607 3093.8384 553.74316 67.08014
50265.61 45.92375 3085.2114 540.51904 67.2871
50095.15 45.92375 3076.9993 512.9092 67.2871
49874.94 45.92375 3073.4802 499.58325 67.2871
50315.31 50.55514 3089.971 557.0945 67.2871
50426.062 43.66964 3126.9692 515.302 67.1209
49944.887 43.66964 3123.1963 489.7229 67.1209
49650.016 43.92947 3103.28 504.8506 67.1209
49809.176 43.92947 3113.6384 512.94775 67.1209
49376.258 43.92947 3092.7302 500.92407 67.1209
49318.73 43.92947 3100.6382 498.80957 67.1209
49626.543 49.84605 3091.7341 514.56445 67.1209
49535.5 49.84605 3097.2856 483.70898 67.2871
50018.105 45.51318 3146.8018 441.04272 80.52892
50222.523 45.51318 3145.6262 444.4475 77.8105
50307.742 45.51318 3098.881 530.4419 67.08014
50204.07 45.51318 3102.3408 532.7554 67.08014
49914.86 45.51318 3089.5332 523.0381 66.4807
49944.22 52.85518 3086.019 516.43604 66.4807
49702.47 54.05095 2852.2126 960.926 65.29282
49278.875 54.05095 2933.5647 880.5879 65.29282
48634.805 52.85518 2847.0828 746.1648 63.10883
48573.69 52.53377 2885.848 686.8672 64.16719
50161.25 59.1056 2949.0464 758.5569 66.52797
49975.934 57.45044 2936.9075 918.08887 65.93193
49974.76 54.05095 2888.5437 783.02466 65.93193
50015.26 54.05095 2881.5757 770.22974 65.93193
49975.402 54.05095 2875.4436 767.69995 65.93193
50036.008 54.05095 2882.749 781.0293 65.93193
50175.207 54.05095 2880.448 784.8994 65.93193
50481.37 54.05095 2908.9607 808.9365 65.93193
50376.895 54.05095 2914.2542 802.2446 65.93193
51325.293 47.06613 2961.8767 1150.4426 66.39945
51123.355 47.06613 3005.5034 1108.3369 66.39945
51848.47 38.01183 3075.4656 897.2251 66.39945
51832.28 45.73336 3059.2725 929.1658 67.08014
51093.383 36.42438 2993.4087 747.15405 66.74016
51626.617 45.73336 2955.1929 981.916 67.06267
51182.285 43.92947 2965.5317 760.47046 66.74016
51059.64 45.73336 3016.1045 722.1638 66.74016
50863.02 45.73336 3031.7693 663.7483 66.74016
50970.25 43.66964 3010.5698 661.0947 66.74016
50505.594 59.21268 2991.3972 682.58765 66.74016
50688.277 59.21268 2989.2812 662.88086 67.75017
50956.934 59.1056 3016.1035 718.5464 67.75017
50807.08 59.21268 3012.9216 713.8174 68.16541
51039.156 56.998 3119.5698 525.6311 77.49073
51142.758 59.21268 3041.8691 674.65186 72.63032
50961.047 59.21268 3043.7803 643.29395 72.63032
50901.668 59.21268 3043.1802 668.0171 71.0805
50943.504 56.998 3080.2056 565.36255 73.47451
50771.62 59.1056 3104.3652 542.1387 72.07375
51312.39 55.95301 3102.0798 586.334 72.82789
51530.605 55.95301 3114.7656 603.9873 76.92278
51866.227 50.28931 3104.5083 604.4758 76.92278
51863.633 50.28931 3109.8474 614.8391 76.92278
51977.996 48.57425 3125.168 614.71826 77.49073
52063.168 48.57425 3133.9258 619.76685 77.49073
52088.17 48.57425 3112.5366 644.6904 77.49073
52157.59 46.11847 3208.9966 603.43896 77.49073
52077.484 46.11847 3214.3174 524.09375 77.49073
52503.625 46.11847 3208.2615 706.875 77.49073
52636.605 46.11847 3224.1711 681.7258 87.19223
52489.977 50.28931 3156.832 859.7925 73.00068
52696.47 50.28931 3172.2505 747.76904 77.49073
52545.445 55.34689 3129.8616 871.8508 79.27297
52513.473 55.34689 3139.215 804.6448 86.49574
52349.36 57.45044 3131.8074 823.02075 73.32973
52125.59 59.1056 3125.7197 904.86084 73.32973
52049.35 59.1056 3101.4246 860.355 75.27856
52198.504 59.1056 3082.299 866.4038 75.27856
52330.7 54.99712 3206.8147 737.30273 75.27856
52370.465 54.99712 3224.6375 758.2434 75.27856
52284.535 45.73336 3250.4885 732.3906 72.7438
52538.84 43.92947 3261.7031 636.18726 74.01904
52205.76 43.92947 3215.5305 684.2588 72.7438
51978.504 45.73336 3223.5896 630.40967 75.4522
52324.92 50.28931 3240.921 700.9873 75.4522
51598.14 50.28931 3179.0112 617.6116 75.4522
51688.53 50.28931 3182.2578 599.5664 77.49073
51956.426 48.57425 3145.1284 596.82446 77.49073
51934.08 48.57425 3151.0178 548.15405 84.67525
52000.86 48.57425 3176.7002 552.97437 77.61024
52186.45 48.57425 3168.9912 578.41724 78.19034
52123.527 48.57425 3106.0955 643.3025 77.34038
51940.01 48.57425 3138.935 596.95044 74.19471
51827.48 48.57425 3145.2603 648.37695 74.19471
51760.2 48.75191 3104.2876 665.77344 74.19471
51663.727 50.28931 3092.4705 616.1553 72.59495
51432.637 50.28931 3121.7283 629.9756 70.95745
51788.137 50.28931 3093.3003 651.0095 70.95745
51777.69 50.28931 3125.6277 622.1907 76.40815
51468.95 51.91515 3093.146 666.77246 70.95745
51361.73 52.85518 3105.3552 605.53613 68.42986
51292.617 48.57425 3126.7083 565.69727 68.42986
51285.23 50.28931 3068.3408 595.8828 68.42986
50882.11 56.55434 3070.2864 605.7976 68.42986
50978.176 56.55434 3109.1306 591.18604 70.50957
50971.7 56.22593 3105.1777 577.13525 68.42986
50913.82 56.22593 3099.6394 563.30225 68.37698
51175.223 56.55434 3162.5034 554.3386 81.45436
50913.27 56.55434 3128.474 550.52295 76.6985
51066.832 59.1056 3157.2883 566.3589 73.00068
51745.348 57.45044 3187.6497 648.13403 81.45436
51744.15 56.22593 3186.4656 708.2993 73.00068
51655.27 50.28931 3206.6284 627.5227 77.49073
51768.72 50.28931 3177.366 641.12744 80.0311
52005.81 50.28931 3174.8416 635.5801 76.92278
51948.09 50.28931 3187.541 643.53345 77.43744
52190.805 50.28931 3207.1147 670.4807 75.98563
52138.574 50.28931 3209.173 683.68066 74.85582
51933.74 50.28931 3198.841 643.8157 81.45436
51894.08 50.28931 3199.2517 648.5801 81.45436
51961.773 54.99712 3203.8352 698.76196 81.45436
51992.83 54.99712 3193.5554 693.78394 81.45436
51240.17 54.99712 3134.0142 579.125 68.42986
51285.43 54.99712 3131.4812 598.2993 69.14
51240.63 54.99712 3133.3008 625.2549 68.42986
51349.066 59.08652 3122.9373 581.99365 76.13158
50707.586 55.34689 3138.6985 517.501 74.7702
50924.47 55.34689 3143.4167 586.9851 68.42986
51198.04 50.28931 3134.5986 570.3911 68.42986
50957.516 55.34689 3127.405 574.95996 70.50957
50790.91 56.998 3125.4763 614.35986 70.50957
50793.477 56.998 3112.3208 579.45996 68.42986
50729.723 56.998 3102.1428 527.2097 72.16763
51292.56 59.1056 3151.2122 529.22485 77.77138
51955.305 57.45044 3188.9824 723.62354 77.49073
52263.65 57.45044 3205.3938 730.39844 70.55095
52262.574 57.45044 3207.252 740.4446 70.55095
52297.043 56.55434 3205.4697 764.62524 72.7438
51595.496 54.99712 3162.781 539.42725 72.5087
51459.11 54.99712 3100.6562 548.1797 70.58435
51120.266 56.55434 3134.0005 569.4983 76.58974
50981.918 54.99712 3137.3835 507.6765 73.21133
51015.21 55.43587 3100.1738 529.3811 76.40815
50633.992 55.43587 3091.3025 506.36792 72.58862
50848.6 56.55434 3119.4985 493.91382 73.21133
50883.977 56.55434 3125.2163 495.65503 84.67525
51292.773 56.55434 3119.282 533.39014 72.58862
51011.098 56.998 3111.0325 567.11523 72.58862
51181.08 56.998 3117.2097 571.76855 72.58862
51349.066 56.998 3111.6572 622.3928 72.18954
51388.414 56.998 3114.127 608.855 72.59495
51430.023 59.77117 3129.2505 609.7693 74.16102
51126.664 59.77117 3092.4912 604.4553 77.43744
50653.93 64.68629 3106.74 583.5825 77.43744
50870.074 65.29282 3094.9087 573.7351 74.16102
50605.08 65.29282 3091.912 538.155 77.43744
50665.87 61.55289 3114.4563 557.8098 77.44059
50732.875 62.354 3109.6113 552.1067 72.5087
50744.195 62.354 3100.7498 551.12695 74.05933
50427.734 61.55918 3119.1223 510.38672 74.05933
50474.035 60.55045 3130.8862 530.3513 81.6928
50245.57 60.55045 3122.56 557.92065 73.97758
50651.504 55.43587 3147.6968 525.3496 72.5087
50320.48 57.84118 3113.819 499.82764 73.32973
50346.5 59.34003 3090.5774 488.9248 68.4972
50697.844 60.26007 3065.7957 552.34937 68.56447
48968.51 64.27379 3015.7874 583.9939 68.56447
49356.93 64.27379 3024.203 643.80176 68.56447
49710.152 64.27379 3019.0312 668.563 67.1209
50221.418 60.26007 3048.0684 644.79517 67.1209
49270.79 62.354 2991.8994 597.3799 67.41291
49120.793 61.45918 2987.837 594.39526 68.29344
49113.5 64.68629 2968.87 596.5918 68.29344
48889.887 62.11547 2978.8428 583.9512 68.29344
48880.086 62.11547 2989.1226 586.9431 67.55704
49025.934 62.48832 2955.6665 592.5271 67.55704
49022.31 62.48832 2963.4055 625.7449 67.55704
49150.17 62.66416 3000.8096 628.968 67.07116
48860.62 64.73588 2801.695 784.1875 67.07116
48510.355 64.09615 2795.5044 782.2842 67.07116
48965.01 64.09615 2810.3757 838.05835 67.07116
49016.242 64.09615 2802.6116 858.5752 67.07116
49214.73 64.09615 2788.1296 881.84375 67.07116
49338.56 64.66542 2764.6523 894.8838 67.07116
49254.805 64.66542 2730.298 957.9131 66.39945
49136.48 64.66542 2744.7805 934.6448 66.39945
49119.54 64.36086 2791.817 816.71606 65.77201
50249.406 57.45044 2825.9285 1019.97534 65.77201
50056.883 59.37528 2838.7358 1085.5103 65.77201
50172.39 60.26007 2834.3418 1066.887 65.77201
50193.195 60.26007 2831.6333 1060.1816 65.77201
49734.65 62.66764 2868.2837 1012.0486 65.36344
49988.566 62.66764 2855.1558 1060.0664 65.36344
50140.22 59.1056 2875.444 1021.47437 65.39774
50040.97 59.1056 2880.6863 987.8989 65.39774
50474.473 59.1056 2876.347 1021.0276 65.77201
50272.484 63.20045 2849.4604 1038.646 66.41045
50352.004 60.26007 2823.3735 1125.7156 65.77201
49767.812 62.71836 2831.3066 1151.1409 65.77201
49983.363 62.71836 2831.1665 1154.7048 66.39945
50977.598 66.52797 2838.2974 1167.8782 65.36344
50733.355 59.37528 2831.916 1161.4441 66.05833
50545.05 63.5536 2821.1455 1166.6135 65.36344
50260.023 62.354 3033.7068 606.7024 67.1209
49973.277 62.354 3005.7563 613.5886 65.36344
50384.36 57.45044 3016.7832 849.0781 66.55663
50366.28 59.08652 3082.9814 788.9939 67.75017
49953.547 59.34003 3090.418 742.09766 67.75017
49704.434 57.45044 3078.3628 713.22314 67.75017
50267.418 54.99712 3119.6885 639.6765 67.75017
50541.74 50.28931 3131.6516 642.51025 67.75017
50506.953 50.28931 3139.3613 645.89087 67.75017
50563.484 54.99712 3117.569 684.8628 67.75017
50545.766 54.99712 3137.2605 676.771 67.75017
50896.234 54.99712 3116.59 687.40845 68.21146
50823.348 54.99712 3121.511 656.7295 68.21146
52940.527 36.33923 3170.5461 734.52515 73.32973
52920.633 43.66964 3183.8135 734.8179 76.88929
52922.984 45.73336 3192.3013 742.8535 78.79844
51765.32 45.59028 3078.8215 662.9304 70.55095
52066.984 45.59028 3049.8694 918.78613 67.92085
52794.56 43.66964 3257.6367 673.7378 77.49073
52837.09 43.66964 3243.6418 691.864 77.49073
52993.79 43.66964 3248.5994 708.94775 77.49073
53139.11 43.66964 3235.5103 721.26245 77.49073
52853.566 48.75191 3233.6978 791.8281 78.79844
52837.598 48.75191 3264.7473 722.85425 73.00068
52757.19 43.92947 3212.6772 707.6919 73.00068
52660.008 39.04208 3233.991 712.3667 71.9291
52683.55 39.04208 3267.1746 715.5 71.37268
52407.793 43.92947 3224.5598 786.91797 68.98244
52184.797 43.92947 3195.0317 823.94507 68.15876
51338.18 43.92947 3168.5588 719.9138 68.15876
51830.47 54.99712 3195.4585 725.33545 68.15876
52006.59 50.28931 3180.4136 767.4585 68.15876
52097.113 50.28931 3202.8418 796.6113 68.04924
52032.656 50.28931 3212.555 805.20215 68.04924
51377.11 56.55434 3195.336 754.87427 67.64246
51670.246 39.04208 3227.3574 707.9485 68.16541
51802.63 39.04208 3222.5432 713.782 68.16541
51625.72 39.04208 3237.6404 707.31885 68.16541
51888.688 51.05334 3187.149 756.5022 69.88184
51601.92 56.18236 3167.8757 762.6714 69.88184
51447.82 43.66964 3219.812 581.6472 69.88184
51649.113 45.73336 3206.0603 654.78784 69.88184
51707.61 43.92947 3213.43 680.3772 69.88184
51645.348 43.92947 3232.3354 700.8511 69.29471
51778.332 43.92947 3214.694 725.2615 69.88184
52265.38 43.92947 3249.5583 733.2883 69.29471
52534.867 48.57425 3261.902 767.1697 69.29471
52530.91 48.57425 3270.6917 780.8435 69.29471
52036.484 52.85518 3125.8225 857.71606 68.53938
52112.324 52.85518 3178.0125 763.6948 68.98244
51980.797 52.85518 3071.1565 845.9595 68.53938
51941.742 59.1056 3064.256 882.9553 68.42986
51284.266 63.77489 3094.919 838.07324 68.42986
51110.938 63.77489 3093.2722 800.44727 73.00068
51279.23 63.77489 3093.7078 810.01196 76.92278
51799.996 63.77489 3134.1284 801.8071 81.6928
51559.234 63.77489 3138.8848 868.8811 75.27856
51853.74 43.66964 3135.938 750.7175 67.1209
51187.82 43.66964 3102.941 563.6221 67.1209
51498.81 43.66964 3085.8296 627.20483 67.1209
51183.65 56.55434 3072.5352 635.1738 67.1209
51014.754 56.22593 3072.0999 623.1013 67.75017
50460.516 56.22593 3043.1702 619.1233 67.1209
50538.582 50.28931 3055.8186 627.31396 66.74016
50933.727 56.80115 3046.8909 847.6941 66.74016
51510.383 57.45044 3063.2517 867.04395 66.74016
51554.14 57.45044 3062.2727 852.7654 66.74016
51003.57 48.75191 3035.4878 674.6846 66.74016
50744.19 55.1682 2949.6643 736.52637 66.74016
50959.13 54.99712 2981.5356 706.74634 67.08014
51436.016 50.28931 3051.6243 619.59326 68.04924
51437.28 50.28931 3027.3215 660.0547 68.04924
51430.875 50.28931 3059.2 633.83936 68.42986
51580.656 50.28931 3067.827 648.89624 70.55095
51331.176 47.06613 3153.9316 580.8479 68.98244
51386.246 45.73336 3179.201 591.39795 69.48818
51268.09 45.73336 3171.6196 568.3716 69.48818
51206.76 48.75191 3129.4177 567.9385 69.48818
50883.66 54.99712 3121.8271 535.55176 70.05326
50239.99 52.53377 3084.729 546.3872 67.75017
50738.26 48.75191 3110.338 542.2234 67.50425
50635.914 52.53377 3104.2842 547.7268 67.50425
50726.715 52.53377 3071.1707 567.1426 67.08014
50737.85 50.55514 3082.2542 550.23096 67.08014
50492.434 50.55514 3090.68 540.1272 67.55704
50677.145 55.34689 3127.6057 492.6704 68.04924
50764.664 55.34689 3103.9504 540.91895 68.04924
50605.938 56.55434 3072.265 605.58984 68.04924
50473.508 58.16115 3073.033 543.094 68.04924
50203.867 58.16115 3092.993 538.25 68.04924
50020.21 58.16115 3066.577 580.05273 67.50425
50325.9 58.16115 3067.1775 602.854 67.50425
50563.184 58.90252 3097.847 544.3572 68.04924
50729.22 58.90252 3136.827 510.16992 77.34038
49838.258 58.90252 3078.8462 464.30176 72.16763
49502.723 53.57693 3086.8015 456.77832 74.85582
49612.836 53.57693 3061.3538 456.96802 74.85582
49704.01 54.99712 3080.15 443.917 77.34038
49653.89 56.55434 3085.5916 442.42114 80.59652
49835.445 46.11847 3108.1758 417.6897 80.59652
49812.54 46.11847 3083.8953 413.48047 77.49073
49959.56 45.51318 3087.172 442.05518 73.05701
49917.418 45.92375 3092.7988 439.00464 73.05701
49914.61 45.92375 3105.3997 437.77368 73.61816
47910.926 48.75191 2988.3594 388.90625 72.18954
47987.51 49.84605 2962.7405 398.75732 72.16763
48377.863 49.84605 3027.5942 384.90527 73.21133
48565.24 50.28931 3045.589 401.8733 77.08528
48307.367 50.28931 3038.7158 376.24487 77.08528
48303.69 50.28931 3052.057 406.84595 74.16102
48549.65 49.84605 3050.4258 386.3452 74.16102
48905.54 49.84605 3070.8945 403.9558 77.08528
48813.81 52.85518 3074.5942 430.22583 80.59652
48915.883 50.28931 3087.042 409.9331 80.59652
49030.25 50.28931 3096.0942 432.41943 80.59652
48694.03 49.84605 3066.672 369.8474 82.92285
49236.97 49.84605 3100.063 388.9475 78.79844
49564.312 49.84605 3113.75 396.95068 92.76247
49456.086 49.84605 3127.5186 384.98975 92.76247
49393.48 49.84605 3104.0276 439.85815 72.5087
49571.06 48.75191 3105.406 388.3152 77.44059
49636.777 43.66964 3137.217 378.4463 77.08528
49523.656 39.04208 3138.279 351.65088 84.67525
49490.96 38.22171 3144.7249 372.19385 77.08528
49629.555 38.22171 3135.893 366.11548 72.18954
49778.85 38.22171 3137.991 372.84985 72.18954
49644.055 38.22171 3138.0837 371.72632 77.08528
49653.176 39.04208 3117.9712 372.33716 77.08528
49834.332 45.92375 3103.6406 396.18628 72.16763
49896.266 45.92375 3087.6626 436.42603 73.67786
50014.727 45.92375 3097.7727 443.71948 73.67786
49985.598 45.92375 3097.847 442.58032 73.67786
50661.625 45.73336 3137.8032 416.5537 84.67525
50687.434 45.73336 3171.1077 416.5869 84.67525
50659.965 45.73336 3165.0493 392.99585 84.67525
50767.24 45.73336 3168.9355 429.90088 84.67525
50630.66 46.11847 3147.0002 420.68823 84.67525
50285.54 46.11847 3156.0781 404.406 84.67525
49943.77 46.11847 3170.5854 395.18457 84.67525
50106.84 45.92375 3129.3586 434.7649 77.49073
49963.27 45.73336 3122.7307 425.92236 77.49073
49913.082 45.73336 3154.8853 444.1306 77.49073
49829.035 45.73336 3169.9185 413.5664 77.49073
50042.633 45.73336 3136.8237 440.0371 77.49073
49949.15 45.73336 3125.6353 423.02246 77.49073
49741.934 45.73336 3117.0193 412.1189 77.49073
49500.95 43.92947 3139.033 410.4436 79.27297
49450.586 43.92947 3144.7979 408.10718 79.27297
49152.715 45.73336 3079.8657 382.4524 77.49073
49165.145 45.73336 3114.9795 386.49658 77.49073
49279.254 45.73336 3106.7407 384.271 77.49073
49650.77 45.73336 3121.4827 407.3916 77.49073
49523.12 43.92947 3130.0012 402.07715 77.49073
49444.36 43.92947 3137.646 369.08984 77.49073
49705.906 43.92947 3130.4272 399.26758 81.81037
49543.246 43.92947 3131.133 407.25244 77.49073
49520.258 43.92947 3137.087 381.67603 73.67786
49622.246 43.92947 3119.2346 406.94092 73.00068
49901.273 43.92947 3166.2988 376.5901 82.48898
49571.277 43.92947 3127.9998 409.5752 72.16763
49625.68 45.73336 3105.38 419.32373 72.16763
49638.1 45.73336 3092.748 390.58984 72.16763
49929.82 45.73336 3150.2292 353.46216 94.28151
49738.695 38.22171 3159.0425 349.9148 94.28151
49847.25 43.66964 3168.4111 372.28394 94.28151
49684.56 45.73336 3163.8806 353.85522 94.28151
49558.93 39.04208 3138.2964 350.7356 92.76247
49648.895 39.04208 3152.81 352.32935 92.76247
49603.56 45.51318 3132.6243 368.3562 84.67525
49445.375 45.73336 3152.66 320.67554 84.67525
49525.496 45.73336 3133.5208 364.2871 84.67525
49785.293 45.73336 3148.5286 370.92407 84.67525
49916.426 50.28931 3118.4705 412.6797 87.79668
50120.227 50.28931 3111.4727 432.65674 84.67525
50097.03 50.28931 3113.7278 414.73584 84.67525
49466.5 50.28931 3107.6172 399.29224 84.67525
49784.996 50.28931 3118.3047 406.55322 84.67525
49775.29 50.28931 3106.064 396.26855 84.67525
49378.984 50.28931 3093.6216 395.70264 84.67525
49007.12 50.28931 3101.4832 374.0547 84.67525
49136.117 50.28931 3098.0708 384.04102 84.67525
49452.312 50.28931 3117.6086 398.7119 84.67525
49869.51 50.28931 3117.4495 425.6433 84.67525
50018.3 50.28931 3113.4373 414.09717 89.24748
50244.527 50.28931 3120.312 415.52124 89.24748
49509.523 53.57693 3084.3096 434.46216 88.18596
49464.387 53.57693 3093.2412 421.22363 84.67525
49433.434 53.57693 3095.156 429.26538 86.2778
49080.266 51.41588 3084.0356 420.73584 86.2778
49400.867 53.57693 3075.1343 384.78906 84.67525
49468.188 53.57693 3064.5237 430.9619 84.67525
49475.023 51.41588 3083.6294 433.5918 84.67525
49743.773 51.41588 3082.519 424.9026 84.67525
49617.47 51.41588 3064.7441 438.54224 77.49073
49671.92 46.89605 3069.542 430.96484 77.49073
51741.72 45.73336 3147.9683 519.8584 74.85582
51981.99 45.73336 3132.4966 583.40015 74.85582
51958.73 45.73336 3098.335 654.2739 71.37268
51845.754 45.73336 3115.1677 672.9885 70.43595
51867.168 45.73336 3111.394 682.7671 70.43595
51864.086 33.19054 3233.5315 488.36157 68.98244
51539.95 33.19054 3042.1982 729.47046 67.08014
51880.938 37.42426 3194.2334 592.5808 68.98244
51124.78 38.22171 3125.5132 724.5752 67.08014
51341.67 38.22171 3137.4648 801.06885 66.96457
51536.668 38.22171 3122.3877 860.2649 67.08014
51721.7 38.22171 3114.434 858.5288 67.08014
51563.062 38.22171 3118.947 875.7693 67.08014
51756.375 38.22171 3118.4 898.9531 67.08014
51687.258 45.51318 3113.9731 869.99414 67.08014
52070.67 37.42426 3146.6409 773.4177 67.50425
52185.26 37.42426 3131.343 855.40967 67.50425
51868.188 37.42426 3150.54 804.23584 67.50425
51383.566 51.91515 3119.7603 790.78076 67.50425
51710.96 43.66964 3145.7395 760.0742 67.50425
51459.094 51.91515 3110.84 808.1289 67.08014
51543.875 51.91515 3109.6992 830.13525 67.08014
51402.195 51.91515 3104.0247 845.9558 66.96457
51897.016 37.42426 3170.9646 817.50684 67.50425
51970.76 37.42426 3196.0615 821.9143 67.50425
51784.066 37.42426 3154.2607 834.55786 67.20531
51850.668 37.42426 3149.1968 886.57983 67.20531
51810.195 37.42426 3146.3918 816.4121 67.20531
51676.38 37.42426 3157.531 826.9243 67.1209
51681.99 37.42426 3157.0325 776.1599 67.1209
51100.098 37.42426 3134.1082 553.90454 67.1209
51132.81 37.42426 3119.48 561.9275 67.2871
51139.215 27.91447 3125.8853 563.9514 67.2871
51124.2 27.91447 3153.514 542.9282 67.1209
51736.797 48.57425 3137.417 580.33276 68.53938
51920.32 48.57425 3177.4512 527.69946 77.61024
51466.324 48.57425 3084.0742 642.2407 68.42986
51142.92 50.04607 3138.427 517.27026 68.42986
51281.883 50.28931 3091.1233 572.5757 68.42986
51334.387 37.42426 3143.6157 510.47778 68.42986
50950.047 50.28931 3145.8232 494.07373 68.42986
51654.78 50.28931 3205.1448 764.76636 68.42986
51653.598 50.28931 3188.5115 770.13745 68.04924
51534.637 45.73336 3160.6978 758.04614 67.08014
51614.434 45.73336 3186.273 797.0571 67.1209
51590.43 43.92947 3188.2207 740.25 67.1209
51016.65 43.92947 3152.8208 595.8999 67.1209
50696.664 43.66964 3120.0522 570.3584 67.1209
50097.9 36.42438 3146.494 543.72314 66.3578
49814.75 36.42438 3101.9956 537.40405 65.36468
49968.656 43.92947 3124.5618 571.8616 65.36468
50067.01 43.66964 3150.5713 574.5547 66.74016
50271.297 43.66964 3108.7158 648.8308 66.74016
50040.773 43.92947 3113.4045 676.324 66.74016
50012.285 43.92947 3114.5935 728.6433 66.74016
51007.926 37.42426 3163.0205 701.0166 66.74016
50668.016 37.42426 3149.1707 687.4094 66.74016
50760.61 37.42426 3180.4827 696.3828 68.01818
50687.535 37.42426 3183.2004 702.00073 68.01818
50797.715 37.42426 3189.7341 743.4968 68.01818
50638.035 37.42426 3186.9988 715.4077 68.01818
50834.008 37.42426 3181.7842 714.3928 68.01818
50804.945 37.42426 3181.6086 702.8467 68.01818
50016.11 37.42426 3175.561 506.2915 68.01818
50805.42 37.42426 3178.615 545.34814 68.01818
50763.375 37.42426 3171.5093 524.99414 68.01818
50596.453 37.42426 3153.5437 522.43286 67.84315
50195.094 37.42426 3174.0063 506.77783 67.50425
50338.105 37.42426 3169.5442 502.23218 68.04924
50211.39 37.42426 3162.9326 467.06665 68.04924
49886.273 38.22171 3150.7725 471.09033 68.04924
49852.47 39.04208 3149.4897 502.08032 68.04924
50793.797 39.04208 3160.9146 505.43945 68.04924
51238.25 39.04208 3180.4326 513.98364 68.15876
51131.5 39.04208 3173.4375 496.90137 68.15876
51727.246 43.92947 3168.1675 523.9927 68.04924
51734.574 43.92947 3086.6846 575.9009 68.04924
52341.105 43.92947 3149.556 884.4009 68.04924
52584.664 36.33923 3272.7703 721.3047 68.04924
52654.08 36.33923 3299.6602 713.8445 71.37268
52337.85 36.33923 3287.482 657.81226 73.40472
51662.945 36.33923 3254.8723 474.8523 73.40472
51879.633 36.33923 3274.4844 458.7085 76.11815
52062.207 36.33923 3268.5344 470.1548 77.49073
52584.918 36.33923 3324.5369 442.97192 77.61024
52759.01 36.33923 3276.475 472.60962 77.61024
53405.223 36.33923 3330.012 654.7759 77.49073
53248.703 36.33923 3342.083 576.31665 80.93449
53171.38 38.22171 3286.1409 671.4265 74.01904
53014.27 38.22171 3313.9023 615.14404 74.01904
52883.58 45.73336 3256.323 679.82886 80.93449
52848.168 43.66964 3271.4868 590.8904 80.93449
52883.582 43.66964 3285.9353 610.51807 80.93449
52647.098 43.66964 3271.613 581.0442 84.28317
52539.688 45.73336 3241.2454 603.0415 80.93449
52664.54 45.73336 3270.1353 617.01733 77.49073
52687.3 45.73336 3250.7192 646.02026 83.31369
52694.453 43.92947 3257.8665 609.8362 77.49073
52731.574 43.92947 3229.189 645.4573 77.49073
52520.58 43.92947 3262.95 610.3645 77.49073
52630.375 43.66964 3278.0247 556.3418 77.49073
52783.33 43.66964 3268.3945 600.9888 77.49073
52727.28 43.92947 3270.5222 621.8054 77.49073
52751.105 43.92947 3263.2126 597.19336 91.67604
52752.44 43.92947 3264.553 629.1133 91.67604
52839.133 43.92947 3271.3235 725.2283 71.37268
52865.94 45.92375 3243.9104 789.77856 69.93009
52872.39 48.57425 3250.3638 801.64014 68.53938
52425.59 50.28931 3182.239 796.2578 68.53938
52372.527 50.28931 3167.978 788.1206 69.93009
52048.523 51.41588 3182.0923 833.24927 69.93009
52076.46 53.57693 3157.443 814.8169 69.93009
52338.742 53.57693 3152.5994 832.4756 70.95745
52755.55 52.85518 3179.3477 825.823 77.49073
53108.13 50.28931 3209.5854 771.08813 77.49073
52732.457 50.28931 3133.1304 864.1001 72.58862
52534.883 50.28931 3127.8875 837.43774 72.58862
52673.08 50.28931 3137.9211 841.1367 72.58862
52387.414 55.297 3114.7 862.65283 74.18118
52480.08 59.1056 3167.5815 791.85254 77.49073
52174.527 59.1056 3179.583 794.7334 81.6928
52291.5 59.1056 3175.794 804.3374 77.49073
52093.24 59.34003 3162.07 826.77856 77.49073
52149.777 59.34003 3168.976 843.395 77.49073
51991.113 59.34003 3163.1206 768.6992 76.76252
52137.195 59.1056 3137.6736 829.90454 76.76252
51822.805 59.1056 3125.916 833.48926 67.50425
51502.99 60.26007 3102.436 878.1094 67.50425
51428.273 60.26007 3116.5264 872.355 67.50425
51446.25 60.26007 3134.2952 828.38354 67.75017
51482.574 59.1056 3143.1255 766.04517 72.58862
51636.668 59.1056 3149.0781 778.3091 72.58862
51586.902 59.1056 3148.2676 726.636 82.01817
51715.234 59.1056 3130.0288 762.3843 74.60427
51683.215 59.1056 3131.7646 733.19385 81.45436
51839.273 59.77117 3180.6238 776.1599 81.45436
51724.79 59.77117 3163.8047 821.37573 72.7438
51732.74 59.77117 3156.2007 876.126 72.7438
51733.8 62.54368 2990.46 951.87476 70.05326
51536.4 63.5536 3073.8887 913.12915 73.6228
51397.156 63.5536 3072.6287 891.25195 73.6228
51728.957 63.5536 3069.8198 901.1909 73.6228
51469.355 63.5536 3041.5203 925.2114 71.37268
51305.965 63.5536 3062.4746 895.0237 68.4972
50929.367 63.5536 3051.9788 837.30835 67.84315
51399.21 63.5536 3064.1877 886.39844 71.37268
51310.703 65.29282 3048.7563 889.72754 75.27856
51109.023 65.29282 3088.6946 898.2395 72.82789
50784.445 65.29282 3037.9495 922.84644 71.27214
51075.664 65.29282 3078.8337 876.7517 76.10721
51467.33 64.68629 3114.304 873.3074 76.10721
51751.055 61.73053 3103.7566 823.92896 76.10721
51581.66 61.73053 3093.6182 863.71484 75.29173
51878.88 61.73053 3085.8608 887.72876 75.29173
51842.664 65.29282 3073.9053 955.84326 75.29173
51025.535 64.16719 3098.1545 886.5078 67.50425
51079.63 64.16719 3117.6 828.876 75.29173
51264.49 64.16719 3108.6724 795.1416 75.29173
51388.465 64.16719 3065.8638 854.09595 75.29173
51842.44 64.16719 3060.7297 907.5288 75.29173
51583.695 64.16719 3027.1558 960.18945 72.82789
51852.05 59.77117 3161.143 861.76855 72.82789
52092.066 59.77117 3154.2273 844.93506 76.92278
52042.14 59.1056 3155.4402 820.2012 76.92278
52030.6 59.1056 3168.242 788.9907 76.92278
51601.34 59.1056 3163.2124 741.49316 76.92278
51468.48 56.55434 3184.9006 718.7859 72.7438
51617.906 56.55434 3201.9397 711.7473 72.82789
52121.746 56.55434 3213.1487 757.72705 77.49073
51932.98 54.99712 3220.0466 777.3745 72.82789
51992.07 54.99712 3209.1023 669.68335 83.5124
51747.09 54.99712 3191.5005 686.5864 76.6985
51669.652 54.99712 3189.0151 695.66187 73.06075
51658.05 54.99712 3179.8342 702.6621 73.00068
51996.633 54.99712 3202.7563 680.90894 83.18227
52221.258 54.99712 3205.3943 701.2932 75.27856
52416.625 50.28931 3231.3152 670.20605 82.01817
52380.395 50.28931 3219.1484 673.1389 77.43744
52042.117 50.28931 3205.7727 668.1511 77.43744
51736.332 54.99712 3161.6821 707.0537 71.37268
51575.965 54.99712 3175.2976 670.40356 76.92278
51812.12 48.57425 3202.9963 666.28394 72.16763
52095.125 50.28931 3212.013 671.69165 71.37268
51694.004 45.73336 3171.877 663.0654 72.16763
52078.656 45.73336 3217.4773 666.2573 73.00068
51597.46 45.73336 3220.6362 628.88525 73.00068
51524.33 43.66964 3251.7957 576.86035 75.27856
51991.816 43.66964 3247.9302 578.6216 75.27856
51876.156 45.51318 3226.4514 648.33936 75.27856
51457.69 45.51318 3222.1274 634.2468 72.82789
51463.125 45.51318 3222.4739 668.5383 72.07375
51493.992 45.73336 3253.3425 631.08984 73.06075
51489.16 43.92947 3244.8853 639.68677 68.42986
51775.637 43.92947 3247.7373 649.65015 70.95745
51796.19 43.92947 3244.3376 664.77124 70.95745
51307.246 43.92947 3228.588 620.10547 70.95745
51294.633 39.04208 3228.9124 611.98584 70.95745
51091.91 39.04208 3213.6323 607.5708 68.98244
51328.582 43.92947 3217.0667 588.4968 72.82789
51315.56 45.51318 3215.1191 649.9646 71.27214
50953.188 45.51318 3203.3987 624.6406 71.27214
51422.96 45.73336 3222.5642 643.72485 71.37268
51526.04 45.73336 3215.84 658.0105 71.37268
51466.44 45.73336 3204.274 626.6936 68.98244
51527.875 45.73336 3201.225 618.00415 68.98244
51584.59 45.73336 3201.7922 694.39575 68.98244
51823.348 33.19054 3267.937 631.29395 72.63032
51401.617 43.66964 3248.9624 496.72705 71.37268
51219.402 43.92947 3221.8552 542.25854 71.37268
51275.363 43.92947 3228.7688 529.6748 73.21133
51966.387 43.92947 3278.1497 641.64795 73.21133
51538.656 43.92947 3244.1702 615.8533 73.21133
51709.348 43.92947 3217.2812 633.5034 73.21133
51713.41 43.92947 3228.6606 614.72095 73.40472
51702.613 43.66964 3275.5261 579.27246 73.21133
51513.57 43.66964 3243.358 552.6367 72.58862
51490.28 38.22171 3248.2375 581.87573 72.58862
51773.066 36.33923 3289.4446 698.08984 72.7438
51709.816 38.22171 3286.9329 636.88403 72.16763
52195.574 43.66964 3283.1245 634.2461 68.42986
52295.688 43.66964 3260.0625 664.2517 69.93009
52306.637 43.66964 3249.951 658.68066 71.60074
52172.36 43.66964 3231.1633 632.0232 71.9291
52147.59 43.66964 3246.6646 612.9678 75.27856
52093.03 43.66964 3242.4766 599.1821 75.27856
52148.793 43.66964 3255.1282 622.8479 75.27856
52192.71 43.66964 3253.5242 616.69604 76.6985
52085.965 43.66964 3256.4868 576.59644 76.6985
51946.89 43.66964 3260.4836 580.0984 76.6985
52062.35 43.66964 3256.0789 629.6758 68.42986
52027.91 38.22171 3268.4802 598.83105 76.44973
52253.42 38.22171 3240.9705 658.0908 73.32973
52136.906 38.22171 3253.1907 624.13257 73.32973
52214.953 38.22171 3251.1562 591.99243 73.32973
51664.25 38.22171 3251.7798 587.6196 72.59495
52090.81 37.42426 3266.025 525.416 72.59495
52085.105 37.42426 3268.8013 474.33057 75.27856
52176.816 37.42426 3232.02 487.59082 75.27856
52110.38 38.22171 3268.2576 498.46216 75.27856
51705.9 38.22171 3240.1497 494.68506 73.32973
51470.734 38.22171 3201.3115 467.58643 73.32973
51185.656 38.22171 3219.1284 474.1272 76.44973
51604.17 38.22171 3233.675 455.46216 76.6985
51618.977 33.19054 3264.6616 453.094 76.92278
51806.355 33.19054 3276.0134 453.7373 76.92278
51958.125 33.19054 3260.646 470.50366 76.92278
51931.367 38.22171 3255.5461 473.06934 76.92278
52056.316 38.22171 3214.8862 459.26196 76.92278
51975.184 43.66964 3199.8147 457.85742 77.49073
51892.734 45.73336 3191.7544 500.34253 77.49073
51921.516 45.73336 3147.1062 523.4524 77.49073
51874.51 39.25367 3100.1104 628.90967 70.55095
51765.754 39.25367 3097.5764 655.5664 67.94243
51603.477 39.25367 3104.9138 672.3811 67.94243
51640.527 45.73336 3097.4915 663.4136 67.94243
51494.99 48.75191 3062.4263 723.7322 67.94243
51429.184 50.28931 3073.7947 603.82715 67.94243
51095.1 51.41588 3051.1355 609.27637 67.94243
51442.28 48.57425 3057.1965 681.01074 67.94243
51499.28 48.57425 3038.999 714.33057 67.94243
51242.72 48.57425 3025.952 688.9004 67.92085
51257.465 48.57425 3087.5527 624.73706 67.94243
50871.0 48.57425 3107.1992 625.04565 67.94243
50369.254 55.34689 3062.88 603.39624 67.92085
50410.953 59.1056 3018.2964 614.7312 67.92085
50578.35 59.1056 3016.3325 640.4448 67.92085
50709.387 57.73047 3046.788 644.0742 67.94243
50909.547 52.85518 3033.939 622.7175 67.94243
50478.996 57.73047 3026.689 621.187 67.92085
50572.44 54.99712 3079.8818 555.8164 67.92085
51256.33 57.45044 3117.9326 799.07153 67.92085
50394.57 59.1056 3055.2495 629.43774 67.75017
50890.555 57.45044 3095.8418 811.21484 67.75017
50598.91 57.45044 3112.4817 715.0486 67.75017
50860.11 57.45044 3086.0183 765.5066 67.92085
50202.516 59.1056 3057.6406 625.2942 67.92085
50116.36 59.1056 3060.9229 601.79004 67.92085
50192.977 59.1056 3056.784 584.8806 67.92085
50155.79 59.1056 3054.8604 584.1577 67.64299
49832.04 59.1056 3003.7268 572.6904 67.08014
50309.58 59.1056 3053.603 612.76587 67.08014
50276.83 59.1056 3048.3965 586.0696 67.08014
50538.062 59.1056 3032.8733 642.6323 67.75017
50618.66 59.37528 3055.2576 661.49 67.75017
50863.99 59.37528 3079.7307 592.0979 69.02046
51038.832 56.55434 3052.4731 626.09204 70.42271
51473.79 48.57425 3046.331 638.13916 68.04924
50131.19 51.64587 2899.6953 707.48193 66.10358
50023.527 51.45221 2912.712 693.6843 66.18948
50506.555 51.64587 2937.7412 699.11816 66.18948
50849.918 48.57425 2946.3413 663.41284 66.4807
50885.395 51.41588 2973.844 693.38745 66.4807
50631.3 51.64587 2968.6218 694.2197 66.96457
50585.184 51.64587 2931.014 689.74634 66.96457
50916.39 51.64587 2957.2607 709.291 66.96457
50679.805 45.73336 2962.3074 725.5674 65.28069
50259.723 38.22171 2921.0469 792.8689 64.93763
50054.418 45.73336 2897.4133 800.7881 64.93763
50617.094 36.33923 2958.4238 740.7468 64.93763
50960.36 36.33923 2968.5613 716.2578 65.36344
50225.797 38.22171 2926.9077 707.1079 64.93763
50242.812 38.22171 2926.4775 717.21387 64.98795
50182.668 45.73336 2876.9553 733.3616 64.98795
49997.95 45.51318 2877.6177 748.7522 64.72212
49957.01 45.73336 2885.343 744.9397 64.98795
50255.8 45.73336 2858.7458 798.18726 64.98795
50938.277 37.42426 3091.8037 536.74 67.08014
50947.344 37.42426 3074.6692 558.0952 67.08014
50993.19 37.42426 3081.5505 567.8552 67.08014
50106.664 45.73336 3026.5278 549.85815 65.36344
49944.1 45.73336 3057.9949 583.4331 65.36344
50760.844 45.73336 3103.9363 589.03345 66.96457
50828.61 45.73336 3083.263 584.57544 66.96457
50966.113 36.33923 3020.2563 674.8115 66.52797
50574.176 36.33923 3079.3618 565.3613 65.36344
50919.316 36.33923 3050.4033 596.08813 65.36344
50824.855 36.33923 3048.437 615.49097 65.28069
50859.656 36.33923 3053.1965 653.4868 65.28069
50321.81 36.33923 3012.1987 712.3804 64.68629
50764.746 36.33923 3085.7207 763.60864 64.68629
51226.67 36.33923 3121.1792 769.79565 65.28069
51051.76 36.33923 3089.6348 762.94434 65.28069
50313.19 36.33923 3079.5476 578.1843 65.28069
49752.367 45.73336 3009.2322 597.6279 65.28069
50195.027 45.73336 3078.3696 604.1677 65.28069
50476.703 45.73336 3068.4941 615.2505 65.28069
50780.68 45.59028 2994.6973 705.09814 65.28069
51356.58 45.59028 2993.6985 901.5464 65.28069
50385.402 45.59028 2820.2441 1044.073 64.68629
50944.504 45.59028 3036.4575 846.7634 65.28069
50483.074 45.59028 3002.5784 900.8662 65.27628
50725.016 45.59028 3022.1704 907.8535 65.27628
50321.504 47.06613 3058.5994 889.27466 64.68629
50464.055 38.01183 2980.5854 920.77905 64.68629
50515.188 37.42426 2978.0132 944.32764 64.68629
50016.633 37.42426 2983.6729 975.1748 63.68614
50092.332 37.42426 3009.172 864.05396 64.16189
50039.574 26.65704 2956.4258 963.33105 63.68614
49276.1 59.08652 2958.3264 907.7512 64.16189
49325.203 54.24748 2967.2793 903.1052 64.68629
49147.39 54.24748 2968.9 901.5925 64.68629
49151.965 57.12516 2966.3464 872.7971 64.68629
48256.53 26.65704 2877.7158 999.38184 62.48832
48088.883 26.65704 2876.0454 978.4148 62.48832
48776.934 45.59028 2945.4856 628.80444 63.68614
48819.402 45.59028 2936.5215 652.49414 63.68614
48707.727 45.59028 2946.503 617.2283 63.68614
49061.16 45.51318 2949.2903 859.1555 63.68614
49206.86 45.51318 2954.784 908.3203 63.53316
49127.156 45.51318 2925.8809 925.2888 63.22761
48967.305 45.51318 2933.822 849.0288 63.22761
48127.61 43.59718 2920.5981 648.43066 63.22761
47304.133 43.59718 2878.6514 679.2461 61.95436
46718.844 43.59718 2825.0806 651.8262 61.95436
46567.832 43.59718 2841.7893 655.15137 61.55918
46703.22 45.10657 2849.4875 610.6655 63.22761
47439.516 44.89612 2911.0024 601.4802 62.78147
47540.57 45.51318 2894.0027 655.67944 62.78147
48051.46 45.59028 2926.6 635.3164 63.22761
47848.324 50.60658 2892.958 676.4453 63.22761
47507.44 54.99712 2850.9004 675.67114 63.22761
48620.117 45.73336 2896.4353 695.96826 62.64811
48418.934 55.00952 2806.7244 778.0823 62.66256
48097.426 51.44427 2890.7708 689.92554 63.22761
48270.355 55.34689 2924.965 641.69385 63.68614
48889.6 46.89605 2927.8618 707.8489 63.22761
48582.48 46.89605 2938.7188 654.43384 63.53316
49008.137 39.04208 2927.5571 657.5283 63.79536
48984.81 39.04208 2943.3516 641.37744 63.79536
49880.824 45.92375 2938.605 735.0928 64.68629
50251.363 45.92375 2985.2712 700.9514 65.36344
50031.07 49.84605 2930.0266 792.2932 65.36344
49192.37 51.44427 2889.2607 785.42505 63.22761
49695.273 33.19054 2974.0354 646.4541 63.68614
49271.17 33.19054 2956.6711 633.4597 63.68614
48873.207 45.59028 2944.244 658.0996 63.53316
49292.113 38.01183 2963.662 670.52124 63.53316
49348.727 38.01183 2959.0344 688.52905 63.53316
48930.58 45.11984 2951.9639 692.30664 63.53316
48398.387 58.16115 2669.5818 948.17676 61.69585
48906.516 57.12516 2918.2322 695.33936 63.22761
49372.477 57.12516 2930.1765 688.76294 63.68614
49213.945 58.33273 2870.2744 780.3059 63.68614
49648.09 54.85442 2922.7158 726.5005 63.68614
49246.66 59.1056 2524.2227 1131.2385 64.68629
48742.277 60.55045 2511.0334 1099.8523 64.68629
49092.207 60.55045 2522.9197 1125.0854 63.22761
49505.152 51.44427 2905.926 792.05273 63.22761
49843.586 51.41588 2883.85 814.35547 65.28069
49402.82 52.87941 2874.0088 803.89355 63.22761
49629.44 52.87941 2946.9812 724.2898 63.53316
49612.68 60.26007 2932.2148 692.75854 65.28069
49280.17 51.44427 2919.6685 690.9834 63.53316
49095.383 50.04607 2910.05 716.7981 63.22761
49847.688 50.55514 2994.2622 883.0127 64.68629
49713.504 52.87941 2984.9065 963.85767 64.68629
49989.473 52.87941 2984.1362 943.48755 64.68629
49459.965 55.297 2935.7258 1053.0542 63.53316
49754.49 55.297 2913.607 1138.168 63.22761
49819.14 45.86737 2914.056 1122.2468 63.22761
50023.47 61.55918 2913.335 1094.6621 65.28069
50166.4 57.12516 2943.2512 1044.8333 65.28069
50005.445 62.53941 2552.1853 1368.5249 64.68629
49615.074 62.53941 2528.678 1409.4368 63.74134
49368.008 60.84706 2526.4023 1363.1553 63.53316
50274.11 45.59028 2557.5886 1360.9517 63.53316
48626.14 59.34003 2465.8843 1176.7686 62.66256
48602.26 54.18109 2483.4475 1151.0369 61.55918
48451.11 54.18109 2494.4507 1161.5767 61.55918
48672.68 52.14245 2521.6582 1158.3508 61.55918
49319.145 45.73336 2521.4758 1124.6362 61.73053
49518.73 45.73336 2550.8418 1127.721 61.73053
49028.71 45.73336 2535.7039 1109.9268 61.73053
49233.36 45.73336 2517.1436 1072.4114 61.73053
49185.535 43.8142 2524.2002 1103.3516 61.73053
49670.582 43.8142 2894.0645 785.6809 63.5536
49776.414 36.42438 2946.2583 743.7844 63.5536
49516.023 45.73336 2937.468 714.09717 63.5536
48950.61 43.59718 2942.86 666.20435 63.5536
49844.78 45.73336 2938.9192 930.88354 63.5536
49676.26 45.73336 2922.1423 955.15967 63.31657
48847.11 38.22171 2946.347 660.0237 63.31657
48951.223 48.57425 2939.9585 701.62476 63.31657
48927.742 43.8142 2875.703 739.43335 62.66256
49303.24 36.42438 2974.1843 664.677 63.31657
49244.156 37.42426 2963.1943 613.79224 63.31657
49326.098 48.57425 2939.9302 658.95264 63.31657
49158.57 50.5156 2899.8254 711.87573 63.31657
49271.598 53.57693 2901.298 762.48364 63.31657
48923.566 54.86631 2667.9436 997.1858 62.66256
48453.777 51.45221 2657.7664 971.2317 62.66256
48211.344 49.98691 2684.1416 893.85596 61.55918
47969.332 51.44427 2700.0425 898.4646 62.53941
48975.516 45.92375 2826.0513 787.85156 62.53941
49129.023 45.92375 2806.7556 786.30884 62.66256
49192.887 36.33923 2768.1455 841.875 62.66256
49307.535 36.33923 2789.0793 801.2449 62.78147
49209.566 37.42426 2811.4573 784.58105 62.78147
49107.047 50.5156 2789.8118 838.5686 62.78147
48782.94 50.2865 2751.4421 879.76855 62.0617
49456.836 50.2865 2759.8364 1105.0337 62.0617
49332.863 45.10657 2793.235 1038.4587 62.53941
49208.977 45.10657 2789.8933 1004.25757 62.78147
49350.3 51.45221 2764.544 1078.2563 62.78147
49574.957 51.45221 2776.826 1143.7473 62.66256
49347.926 42.50214 2756.777 1089.9177 62.66256
49320.78 42.50214 2751.9626 1027.3599 62.78147
49546.453 48.90935 2750.3977 1070.3567 62.78147
49907.777 48.90935 2747.9836 1138.2449 62.78147
48943.83 48.90935 2707.7473 948.3948 61.55918
48620.688 48.90935 2700.1821 931.5896 61.55918
48696.99 50.55514 2704.122 940.9773 61.55918
48592.51 50.04607 2706.7966 946.92334 61.55918
48813.062 49.98691 2899.524 744.3716 62.65995
49133.918 49.98691 2984.1606 612.8408 64.54325
48864.805 49.98691 2937.9758 701.9175 63.31657
48602.39 39.04208 2938.214 644.4829 63.31657
48520.957 49.98691 2954.3914 655.7656 62.66416
49590.758 50.55514 2996.92 853.95703 64.68629
49754.97 48.57425 3001.4324 896.7898 64.68629
49552.445 48.57425 2996.327 900.8379 63.79536
48752.83 48.57425 2949.489 734.6062 63.79536
48494.867 45.11984 2962.1885 725.03687 63.79536
48847.14 50.55514 2990.2183 620.9219 64.24272
47894.914 50.55514 2940.187 700.17236 61.55918
48403.305 50.55514 2956.3523 674.6653 63.68614
48229.152 50.55514 2858.315 802.22144 62.33153
48790.793 50.55514 2917.2556 752.9751 62.53941
49436.176 50.5156 3021.9878 635.3142 65.28069
49956.4 50.55514 3026.3008 632.80273 66.39945
50233.797 50.55514 3014.2944 665.70215 66.39945
50191.73 50.55514 3062.6113 682.99316 66.39945
50221.082 50.55514 3028.184 640.2766 66.4807
50201.95 50.55514 3058.0386 657.1399 66.4807
50562.8 50.55514 3002.4185 719.0327 66.96457
50895.855 43.66964 3095.446 645.01807 66.96457
50826.58 43.66964 3093.471 634.11475 66.96457
50720.504 43.66964 3099.3643 669.99 66.52797
51088.39 43.66964 3081.2375 662.8208 66.74016
50959.305 43.92947 3068.2598 647.095 66.39945
51007.34 43.92947 3055.9292 705.41626 66.39945
51773.76 43.92947 3112.9924 796.2234 67.50425
51636.926 43.92947 3090.0796 882.56616 66.39945
51560.668 43.92947 3093.0867 898.4663 66.39945
51493.4 43.92947 3097.2253 873.46216 66.39945
51224.266 43.92947 3101.0251 869.1355 65.46994
50915.535 36.33923 3100.5393 766.4646 66.4807
50861.312 36.33923 3093.631 761.27075 66.4807
50911.88 43.92947 3045.7341 774.2776 65.46994
51065.676 43.92947 2992.1567 833.84106 65.28069
50991.6 43.92947 2992.4087 843.198 65.28069
51215.695 43.92947 3088.6006 836.8865 66.4807
51260.36 43.92947 3109.609 878.7488 66.4807
51092.746 46.11847 3099.7583 866.6079 66.52797
51244.21 36.33923 3102.148 821.6736 66.52797
51497.62 48.57425 3130.3542 869.7429 66.52797
51292.395 48.75191 3087.9858 853.40137 66.52797
51221.484 48.75191 3085.1606 835.3613 66.52797
51327.49 48.75191 3044.93 798.31396 67.1209
51349.977 51.91515 3115.756 802.0237 66.96457
51611.137 50.28931 3108.097 824.479 66.96457
51814.44 50.28931 3074.3367 876.48315 67.1209
51926.14 50.28931 3186.045 743.7085 68.04924
51694.39 51.41588 3139.1272 789.56226 68.04924
51710.23 51.41588 3144.6787 795.27295 68.04924
51769.703 51.41588 3169.441 809.8047 68.04924
51267.164 51.41588 3131.6667 576.5442 68.04924
51085.996 51.41588 3092.1797 618.07837 67.75017
50842.984 52.85518 3075.434 597.57544 67.75017
50559.316 52.85518 3081.4485 594.79224 67.75017
50113.977 52.85518 3074.9429 596.43994 67.1209
50572.848 52.85518 3102.3545 807.5896 67.08014
50497.49 52.85518 3074.3389 797.4092 67.08014
50780.125 52.85518 3042.0808 799.5764 67.08014
50774.42 56.998 3037.2834 804.5869 67.08014
50508.58 55.34689 3058.613 813.3479 67.08014
50464.867 55.34689 3049.8296 808.4697 67.08014
50851.965 55.34689 3035.7869 814.18286 67.08014
50779.004 48.75191 3053.3965 768.7937 67.08014
50677.855 48.75191 3078.1807 819.7622 66.52797
50443.438 48.75191 3081.4524 826.9021 66.4807
50404.652 56.55434 3061.2957 870.9219 66.4807
50328.65 56.55434 3058.4702 852.8821 66.4807
50570.36 56.998 3069.495 871.0137 66.4807
50673.344 56.998 3061.0515 802.1792 67.41291
50776.38 56.998 3063.8765 820.22 67.41291
50551.562 51.09145 3017.538 850.1367 66.4807
50573.41 51.09145 3002.9722 835.9431 66.4807
50514.484 51.09145 3031.153 823.02 66.4807
50568.832 50.28931 3032.658 835.8313 65.46994
50333.348 51.09145 3041.284 837.61694 66.39945
50349.066 51.09145 3037.6763 831.8108 66.39945
50276.004 45.92375 3041.4167 823.84106 65.36344
50486.35 51.09145 3011.175 857.13965 66.39945
50223.836 51.09145 3028.955 830.2717 66.39945
49997.656 51.09145 3024.3052 803.9761 65.28069
50196.465 51.09145 3042.2366 787.7136 66.73386
50472.88 51.09145 3014.7903 834.97754 66.39945
49997.645 51.09145 3024.305 803.9756 65.28069
49602.316 51.09145 2960.6492 698.3528 64.68629
50295.203 51.09145 2998.8289 878.2981 65.28069
49926.645 51.09145 2957.4849 719.208 65.28069
50009.727 51.09145 2990.0054 683.2793 65.68388
49796.805 51.09145 3013.7996 630.35205 65.28069
49885.496 51.09145 3026.1702 615.98315 66.3578
50207.707 51.09145 3027.2424 818.1548 66.3578
50304.094 51.09145 3010.7742 836.85254 66.3578
50219.785 51.09145 3016.3665 813.8711 65.28069
49868.082 51.09145 3027.1099 816.156 65.28069
49605.05 48.57425 2954.794 695.95386 64.68629
49665.125 48.57425 2947.8745 704.39233 64.68629
49752.76 48.57425 2956.7761 708.8699 64.68629
50532.156 48.57425 3011.5696 886.7739 65.28069
50761.047 48.57425 3032.9612 882.85156 65.36468
50162.91 50.28931 3006.1262 802.0327 65.28069
49889.043 45.92375 3023.4678 790.87354 65.28069
50210.543 51.09145 3015.623 804.0051 66.39945
50336.47 51.09145 3008.8586 799.0801 66.39945
50454.965 51.09145 3042.7302 790.96655 66.52797
50087.69 51.09145 3037.749 817.9392 66.39945
50031.164 51.09145 3032.987 817.35254 66.39945
50015.01 51.09145 3017.959 820.719 65.77201
49634.754 51.09145 3015.7078 627.2471 65.77201
49564.95 51.09145 3008.626 628.5266 64.09615
49425.996 51.09145 3021.2249 599.26245 64.68629
49295.1 50.28931 3023.402 571.9944 65.46994
49528.3 50.28931 3027.4587 585.0337 64.68629
49630.19 46.11847 3026.2014 608.6787 65.36468
49999.188 50.28931 3001.3057 619.8855 65.36468
50115.5 50.28931 2995.1855 619.291 65.36468
50843.848 50.28931 3028.3743 634.24634 65.36468
50930.62 50.28931 2993.0366 734.0022 66.74016
51097.664 50.28931 3036.821 666.09424 66.80084
50935.0 36.33923 3091.0505 609.45166 66.80084
50751.445 50.28931 3041.9375 639.9946 66.74016
50754.645 50.28931 3084.7527 588.6362 66.80084
50437.09 56.22593 3059.2217 563.22534 66.80084
50682.086 43.92947 3045.541 776.5503 65.36468
50603.766 43.92947 3073.6438 792.6218 65.36468
50569.9 43.92947 3046.0437 561.2461 65.36468
50132.473 43.92947 3027.9883 535.8904 66.52797
50058.52 43.92947 3029.0134 570.74146 64.09615
49909.656 43.92947 3030.9912 585.54736 64.09615
49692.82 43.92947 3038.138 552.2886 64.09615
50067.17 38.22171 3058.3752 562.6985 64.54325
49492.984 38.22171 3045.805 534.72046 65.00814
49158.773 37.42426 3034.6301 497.27686 65.28069
49481.92 43.92947 3016.3118 543.7759 65.00814
49492.973 38.22171 3045.805 534.7197 65.00814
49130.918 38.22171 3025.3494 521.41113 65.00814
49081.81 38.22171 3007.0842 517.5217 65.00814
48926.664 38.22171 3016.0073 510.43286 65.00814
48571.293 43.92947 3003.8093 538.2146 65.00814
48861.434 40.95588 2995.8098 532.65576 65.00814
48819.87 40.95588 3011.2124 514.85034 65.00814
48492.723 43.92947 3002.713 513.52905 65.00814
48723.7 43.92947 3012.4666 527.31714 65.29282
49125.965 43.92947 3030.9802 539.1621 65.29282
49211.68 43.92947 3030.8633 533.4861 65.29282
49205.004 43.92947 3036.7366 527.61816 65.36468
49308.055 43.92947 3027.8916 541.4385 65.36468
51898.355 66.52797 3053.9446 951.06274 75.29173
51822.113 64.68629 3109.6772 889.59106 75.29173
51719.324 64.68629 3107.6099 879.55615 75.29173
51291.926 64.68629 3103.3748 868.1316 73.32973
51605.67 61.45918 3105.7188 907.9436 73.32973
51607.11 61.45918 3138.1562 851.98413 78.67049
51657.297 60.26007 3129.921 788.5513 83.18227
51963.684 60.26007 3144.96 790.3384 68.56447
51779.184 60.26007 3145.7876 847.3706 77.34038
51835.785 60.26007 3168.5503 792.7908 81.45436
51876.875 60.26007 3175.5076 835.6018 78.79844
51783.67 60.26007 3186.8997 837.5786 78.79844
51921.812 60.26007 3195.0952 867.3176 86.2778
50983.902 60.26007 3124.5186 515.7837 77.43421
50507.32 60.26007 3085.6868 490.60498 77.43421
50425.74 54.99712 3094.619 488.92725 77.43421
50555.766 60.26007 3078.7695 551.7051 71.27214
50325.676 60.55045 3076.2996 528.52734 68.4972
50595.742 59.34003 3121.615 477.67505 77.49073
50645.39 59.34003 3126.0823 485.10327 77.49073
50315.117 59.34003 3120.436 474.06104 77.43421
50497.61 59.34003 3117.2083 494.57886 77.43421
50844.902 59.1056 3128.8782 501.8435 90.40947
50650.992 55.43587 3142.9963 486.36157 90.40947
50906.598 55.43587 3141.2437 477.12524 90.40947
50883.613 55.43587 3126.7605 484.92383 86.2778
51607.586 56.55434 3188.07 500.6267 86.2778
51714.72 45.73336 3232.1982 503.4226 81.6928
51677.484 45.73336 3204.4658 520.91016 77.49073
51441.418 45.73336 3200.7915 498.06836 77.49073
51522.934 45.73336 3202.551 509.51074 78.59705
51227.83 45.73336 3191.241 441.07324 92.76247
51160.438 43.92947 3185.162 436.2859 92.76247
51433.035 43.92947 3170.1423 477.50928 77.49073
51129.184 38.22171 3191.7056 442.39453 81.6928
50980.367 38.22171 3191.0479 430.70068 81.6928
51056.008 38.22171 3211.253 435.11597 87.80127
51159.066 38.22171 3182.0876 438.5681 81.6928
51428.105 50.28931 3160.5242 459.38672 77.49073
51448.492 50.28931 3156.5781 488.45264 77.49073
51734.93 50.28931 3206.9116 476.81616 78.79844
51925.777 50.28931 3145.4465 540.5178 77.49073
51678.49 50.28931 3160.0986 505.79175 77.49073
51934.582 50.28931 3140.1636 565.32495 77.49073
51976.375 50.28931 3181.9548 509.2932 105.39122
51851.16 50.28931 3174.77 527.96655 77.49073
52314.105 50.28931 3257.2737 762.8508 77.8105
52663.98 50.28931 3262.9827 776.7219 81.83658
52484.355 50.28931 3243.6338 890.23047 77.8105
52716.414 50.28931 3210.1992 920.2036 77.49073
52691.26 50.28931 3223.0637 844.77637 77.49073
52679.99 50.28931 3256.2437 736.5664 81.6928
52448.87 50.28931 3254.6765 725.3186 77.49073
51934.94 50.28931 3216.0005 493.8462 86.2778
51722.2 46.11847 3241.1528 459.6018 86.2778
51807.887 46.11847 3223.5254 517.8474 86.2778
52217.457 46.11847 3249.716 688.32104 92.76247
52259.406 46.11847 3257.5403 701.36304 78.27084
51818.45 46.11847 3222.2773 674.5696 80.93449
51818.477 46.11847 3235.7253 676.4387 80.93449
51702.895 50.28931 3241.7922 690.0364 80.93449
51825.855 51.41588 3233.0889 737.13574 77.49073
52092.805 51.41588 3254.7935 762.50073 77.49073
52206.527 51.41588 3239.0417 790.3545 77.49073
52456.305 51.41588 3216.2961 848.4707 80.12437
52451.527 51.41588 3221.8118 803.26025 94.28151
52336.105 51.41588 3224.0046 754.5681 77.60874
52439.0 51.41588 3232.8435 695.5193 78.59705
52227.027 54.99712 3214.2573 721.4221 78.79844
52319.92 54.99712 3213.1013 730.678 77.49073
52594.203 52.85518 3201.2195 788.92456 77.49073
52349.344 59.1056 3038.8354 916.9087 75.29173
52041.695 60.26007 3079.5288 923.2705 75.29173
52091.645 60.26007 3129.5007 875.79297 77.49073
52043.46 60.26007 3131.1833 903.9236 77.49073
51663.266 60.26007 3104.5557 941.6814 68.4972
51475.082 60.26007 3130.3618 851.7583 67.84315
51698.324 59.1056 3126.6572 864.13574 67.55704
51416.87 59.1056 3135.413 829.11426 67.55704
51615.996 46.11847 3142.8008 809.54346 67.55704
51592.207 59.1056 3142.759 832.04956 67.55704
51352.523 59.1056 3135.8628 826.1301 67.55704
51564.277 59.1056 3135.7986 849.2173 67.50425
51902.133 59.1056 3142.2422 864.48047 67.50425
51724.984 55.37424 3113.7288 879.92334 67.1209
51693.473 46.11847 3141.3552 816.7417 67.50425
51529.863 46.11847 3146.2866 849.04175 67.84315
51533.145 46.11847 3142.9226 864.12744 67.50425
51373.76 46.11847 3160.202 819.8179 67.50425
51321.445 45.73336 3174.4927 744.7517 67.50425
50805.574 45.73336 3131.5635 570.16455 67.50425
51627.758 45.73336 3151.9392 796.4612 67.50425
51884.953 45.73336 3170.9023 809.47485 67.50425
51760.875 43.66964 3153.6204 776.782 67.50425
51602.383 43.66964 3158.483 786.69727 67.50425
50850.938 45.73336 3114.6187 585.1079 67.08014
51077.95 45.73336 3113.6228 607.89453 67.08014
50888.133 45.73336 3113.566 589.2046 67.08014
51048.633 45.73336 3129.7822 603.59644 67.50425
50786.125 45.73336 3122.0015 591.9092 67.08014
51147.11 45.73336 3109.864 572.2178 67.08014
51078.4 45.73336 3126.9934 549.1753 67.50425
51244.246 33.19054 3122.2898 550.10913 67.1209
51132.0 33.19054 3143.3452 532.25806 67.08014
51120.742 33.19054 3166.9019 557.9629 67.08014
51222.0 33.19054 3145.847 575.8125 67.08014
51095.523 45.73336 3128.2722 576.9258 67.1209
51184.254 45.73336 3100.479 612.021 67.08014
51209.906 45.73336 3074.0928 601.59546 67.1209
51590.06 45.73336 3111.8528 595.5488 67.50425
51532.074 45.73336 3121.2476 548.4053 70.63095
51843.035 45.73336 3176.2686 503.3828 77.34038
51801.535 45.73336 3142.5068 528.1758 73.21133
51969.17 45.73336 3174.6143 511.27124 77.61024
52089.81 45.73336 3158.3955 592.074 77.61024
51910.25 45.73336 3188.8953 583.91943 72.7438
51678.617 45.73336 3148.1423 613.6304 70.55095
51763.36 43.66964 3148.6428 578.7046 70.55095
51861.156 43.66964 3169.5493 580.2976 70.50957
51663.31 46.6412 3184.5 587.2544 70.50957
51543.527 46.6412 3145.8774 583.09595 70.50957
51426.65 52.85518 3172.764 585.94727 68.98244
51203.004 54.99712 3202.5266 541.74316 68.98244
50902.266 56.18236 3162.5496 539.4297 73.00068
50596.23 56.18236 3137.7942 518.11816 76.65204
50088.516 56.18236 3109.045 454.79272 76.65204
50383.93 45.73336 3133.4412 437.70923 78.74215
50267.613 54.99712 3143.517 434.80664 78.74215
50410.184 54.99712 3148.7537 459.0708 76.10721
50368.27 54.99712 3163.125 476.3252 72.16763
50823.168 54.99712 3160.3926 508.24243 69.93009
50427.02 54.99712 3145.4475 502.29272 69.93009
50343.617 54.99712 3140.1855 500.29517 68.98244
50616.16 56.55434 3151.1206 540.44775 68.98244
50634.688 56.55434 3150.9456 526.3572 68.98244
50722.016 56.55434 3146.7021 531.99854 72.80252
50821.13 56.55434 3160.8062 527.9341 77.49073
50664.758 58.16817 3123.1555 553.03467 71.86179
50471.594 58.16817 3134.143 491.03296 78.74215
50469.305 58.16817 3130.849 508.59302 74.68267
50562.85 58.16817 3136.475 508.68652 78.74215
50383.37 56.18236 3136.675 500.10132 78.74215
50387.9 55.95301 3127.9368 488.37256 78.74215
50137.215 55.95301 3120.219 491.11157 72.58862
50219.426 55.95301 3118.5703 503.51855 72.58862
50727.46 55.95301 3110.3843 535.2683 71.27214
50686.19 59.32408 3113.056 513.2517 71.27214
50747.027 59.32408 3135.4302 496.81494 75.27856
50785.438 59.1056 3138.2021 518.88086 76.44973
51067.082 59.1056 3128.3206 525.9895 76.44973
51311.46 59.1056 3101.3281 576.9221 70.47028
51492.445 48.75191 3149.1052 543.38574 70.47028
51326.207 43.66964 3156.202 499.75122 70.47028
51424.984 43.66964 3156.1206 502.1997 70.47028
51540.094 43.66964 3157.7932 506.9707 70.47028
51540.633 43.66964 3157.438 519.85767 70.47028
51511.78 43.66964 3131.473 556.3992 67.50425
51402.797 45.73336 3126.9355 571.68726 67.50425
51321.94 45.73336 3099.4536 553.59546 68.4972
50968.074 45.73336 3106.119 553.2046 67.1209
51024.234 45.73336 3091.63 549.1482 67.1209
50522.18 45.73336 3070.6807 538.84985 67.1209
50390.273 45.73336 3079.768 520.37646 67.1209
50286.355 45.73336 3069.2546 507.99512 67.08014
50276.824 45.73336 3063.496 540.9077 65.46994
50555.38 45.73336 3069.962 536.01465 67.08014
50791.668 43.66964 3079.259 535.17236 67.50425
50909.637 43.66964 3088.4407 538.22974 67.50425
51780.543 43.66964 3156.6025 802.76 67.50425
51503.08 43.66964 3161.9858 741.42505 67.08014
51207.117 45.73336 3136.1794 785.63574 65.46994
50806.56 45.73336 3098.7163 543.8921 65.46994
50891.406 43.92947 3092.8245 566.0349 65.46994
50095.113 43.92947 2703.6956 972.48486 64.27379
49993.35 43.66964 2678.54 948.1621 62.64811
50905.38 43.66964 2685.9688 1205.8242 64.54325
50795.688 38.22171 2689.365 1226.9724 64.54325
50249.152 39.04208 2684.7102 1241.5745 63.9215
50149.637 39.04208 2675.3198 1238.8628 63.83138
49309.93 58.16817 2633.7686 1017.6438 62.64811
49626.8 58.33273 2707.147 931.5449 63.53316
49504.55 43.92947 2578.4812 1113.4187 62.64811
50228.49 45.73336 2638.2883 1230.1858 63.53316
50306.504 42.17992 2626.364 1212.2585 63.53316
50225.344 42.17992 2654.9807 1250.6792 63.53316
50295.773 43.96636 2672.2668 1264.7422 63.53316
50146.074 43.96636 2686.975 1295.9812 62.64811
50074.19 46.6412 2681.6833 1282.438 62.66256
50032.59 55.00952 2689.1638 1299.4333 63.23935
49883.88 54.51653 2656.6423 1255.1248 63.23935
50213.656 50.28931 2716.468 915.48926 64.54325
49493.684 46.07086 2711.5356 894.6494 62.66256
49458.582 46.07086 2715.382 888.3999 62.66256
49211.24 39.04208 2694.2686 867.5332 62.66256
49262.273 39.04208 2700.9587 874.28345 62.66256
49495.527 47.93053 2706.353 910.25146 62.64811
49429.574 47.93053 2701.4812 909.97046 62.64811
49352.973 47.93053 2710.7144 912.9099 62.66256
49692.426 47.93053 2709.5405 896.67847 63.10883
50276.605 50.60658 2755.2861 846.3203 65.28069
50615.008 50.28931 2745.4268 913.09937 65.28069
50196.94 50.28931 2732.436 905.49927 64.54325
50152.03 48.57425 2753.541 886.31445 64.54325
50397.45 36.42438 2717.2131 940.156 64.54325
50223.68 55.297 2706.6104 941.82715 64.54325
50491.344 56.55434 2734.5974 1273.9268 64.4639
50463.215 56.55434 2715.2124 1290.9736 64.27379
50711.867 36.42438 2704.1946 1294.675 64.27379
50993.508 36.42438 2691.1162 1246.4661 64.54325
50603.355 43.92947 2699.9702 1316.206 63.83138
50421.35 57.79947 2739.948 1323.769 63.83138
50135.973 57.79947 2749.0488 1313.6106 63.83138
50160.203 57.79947 2745.2017 1314.5156 63.83138
50494.258 57.45044 2700.2437 1260.53 63.83138
50528.176 54.99712 2669.6099 1253.6741 63.83138
49621.477 47.6951 2638.8008 1048.6487 62.66256
49650.32 47.6951 2650.0781 1061.4395 62.66256
50100.996 50.28931 2698.0435 963.6382 63.31657
50113.246 50.28931 2716.7803 905.2661 64.4639
50091.523 50.28931 2694.97 956.3054 64.27379
50088.664 52.87941 2697.0837 939.3838 63.5536
50170.258 36.42438 2703.2266 965.75586 63.5536
50463.527 52.87941 2735.944 1276.2739 63.5536
50518.723 61.10706 2729.4006 1286.8052 65.28069
50250.83 61.10706 2721.9639 1284.5796 63.5536
50113.484 45.59028 2688.2715 1267.9121 63.5536
50091.84 52.85518 2754.2708 903.74146 65.28069
50346.676 58.16115 2714.4233 1305.0647 64.68629
50421.164 56.55434 2746.6982 1301.8999 64.68629
50731.99 50.28931 2750.148 1264.3445 64.68629
50162.844 58.16817 2738.7573 948.14526 64.68629
50331.16 50.28931 2754.6428 886.4424 64.68629
50096.96 46.6412 2763.019 852.43994 64.68629
50424.363 45.73336 2737.0833 921.15454 64.68629
50081.03 58.16817 2773.698 844.04443 63.31657
50083.637 39.04208 2767.2642 828.9558 64.54325
50794.13 57.45044 2744.2393 1190.7161 64.54325
50984.055 54.99712 2713.606 1183.8591 64.68629
50248.797 54.99712 2706.039 897.23315 64.68629
50457.414 47.06613 2723.4524 908.5718 64.68629
50211.72 54.99712 2733.442 875.2029 64.68629
50983.203 43.66964 3135.376 478.46362 68.04924
50698.812 54.99712 3090.8345 511.1504 68.04924
50660.688 45.73336 3099.4702 531.85547 67.55704
51387.145 45.73336 3154.8628 738.0078 67.55704
51311.58 45.73336 3155.0693 548.156 67.55704
51291.023 47.06613 3148.0415 515.593 68.04924
51038.043 47.06613 3149.8567 516.18115 68.04924
50864.918 52.53377 3102.4265 547.8994 67.55704
51092.516 52.85518 3155.5115 499.4231 68.16541
51309.86 59.34003 3164.0945 515.64355 87.79668
50949.652 56.55434 3156.6726 511.73608 83.18227
51384.473 54.99712 3170.7317 502.35278 83.18227
51398.355 54.99712 3159.669 531.79956 83.18227
51256.45 54.99712 3174.3723 505.82788 73.61608
50982.418 54.99712 3134.9265 514.1221 72.18954
50859.664 54.99712 3135.723 499.51978 72.18954
50886.508 54.99712 3155.3801 503.03784 79.90965
50648.293 54.99712 3146.0154 478.3911 80.52892
50643.047 56.998 3133.1206 495.88623 79.90965
50505.5 56.998 3135.7988 492.51123 79.90965
50687.504 56.998 3140.6318 536.3716 72.18954
50709.875 59.32408 3160.5576 543.18677 73.61608
50919.695 59.32408 3121.4636 545.9153 72.58862
50716.457 59.32408 3145.3604 520.34106 72.58862
50779.32 59.32408 3151.244 519.4331 73.61608
50746.684 59.77117 3121.7764 553.2075 73.61608
50375.56 59.77117 3080.6462 542.04736 73.61608
50521.32 59.77117 3122.4329 533.4934 75.4522
50257.246 59.77117 3112.2273 503.14917 82.48898
49967.96 59.34003 3107.9446 474.45947 75.46478
50239.027 59.34003 3109.6465 483.67505 75.46478
49918.586 59.34003 3105.4412 459.11255 83.31369
49802.92 56.55434 3104.4395 459.56104 79.90965
49296.13 56.55434 3054.3901 456.09448 79.90965
48902.18 56.55434 3056.2476 461.1543 77.34038
48810.074 56.55434 3056.6904 426.12158 77.34038
48992.605 56.55434 3049.6763 450.71387 76.76252
49041.45 56.55434 3043.109 460.98364 76.76252
49513.42 50.5156 3062.331 427.94043 79.90965
50016.598 56.998 3062.7104 468.98462 75.4522
49836.184 56.998 3085.614 466.229 75.4522
49492.55 59.32408 3036.2559 475.93896 75.4522
49436.418 56.18236 3042.5798 459.95947 76.08959
49107.895 56.18236 3054.1274 450.58008 77.49073
48680.094 56.18236 3056.2588 452.9121 76.76252
48652.453 56.18236 3053.9883 452.70947 76.76252
48313.395 56.55434 3041.391 440.11475 76.76252
48438.453 56.55434 3038.7544 440.91406 76.76252
47664.77 46.89605 3004.7466 387.6809 73.00068
48762.09 46.6412 3066.1794 374.625 73.00068
48580.832 46.6412 3069.0825 378.5437 74.68267
49044.414 54.99712 3055.9055 418.65234 78.2346
49289.375 54.99712 3049.2815 440.95068 74.68267
49461.11 50.28931 3072.7976 417.7644 75.27856
49421.367 51.91515 3071.635 413.00708 77.61024
49451.312 51.91515 3071.574 424.2351 73.00068
49511.5 51.91515 3070.1118 428.906 73.00068
49512.34 51.91515 3069.2698 425.67017 73.00068
49161.53 51.91515 3068.9558 408.8689 73.00068
49177.33 51.91515 3058.87 416.78662 73.00068
49221.973 48.75191 3072.1714 405.3672 73.00068
48893.867 48.75191 3073.492 425.48682 73.00068
49288.79 48.75191 3080.4998 438.0818 73.00068
49349.566 48.75191 3076.411 429.42944 72.16763
49496.324 48.75191 3053.2476 446.04077 72.16763
49477.34 51.91515 3065.5056 430.50146 72.16763
49486.43 52.85518 3067.109 445.04175 72.16763
49886.266 49.84605 3105.251 412.34766 77.77138
49890.125 49.84605 3102.2522 434.75146 77.77138
49893.473 48.75191 3096.1738 437.91553 77.77138
49644.04 48.75191 3105.9727 431.35498 77.77138
49935.28 48.75191 3107.3772 415.583 82.28423
49774.887 48.75191 3116.169 387.74878 82.28423
49983.56 48.75191 3115.8367 428.97925 82.28423
49988.438 48.75191 3126.398 390.8379 94.28151
50174.63 48.75191 3107.313 411.99585 94.28151
50427.793 48.57425 3140.945 434.51343 84.67525
50758.957 48.57425 3138.8857 433.08984 84.67525
50716.54 48.57425 3135.392 428.60034 84.67525
50561.805 48.57425 3136.4531 420.03247 84.67525
50377.03 48.57425 3131.9841 418.4568 91.67604
49999.055 48.75191 3131.3777 404.03564 91.67604
50017.45 47.06613 3132.1326 400.3418 91.67604
50114.23 48.75191 3122.903 434.42383 84.67525
50530.57 48.57425 3164.2493 393.729 92.43366
50186.906 48.57425 3151.8538 382.11206 94.91364
49871.27 48.57425 3140.351 412.12427 84.67525
49699.875 48.57425 3132.3333 393.32886 84.67525
49741.67 48.57425 3128.3655 402.27466 84.67525
49477.355 48.57425 3128.2004 386.83716 84.67525
49614.895 48.57425 3132.749 388.81274 84.67525
49886.93 48.57425 3123.2073 397.8296 84.67525
49590.344 48.57425 3105.5132 380.47437 84.67525
49204.06 48.75191 3080.2146 383.6228 84.67525
49043.203 48.75191 3067.1565 388.6172 76.17896
49161.387 48.75191 3096.631 401.34082 76.17896
49481.547 48.57425 3101.1934 406.61548 76.17896
49582.277 48.57425 3103.9102 434.23193 74.85582
49356.586 48.57425 3078.0786 429.8142 74.85582
48929.156 48.57425 3069.1055 405.0962 74.85582
48566.22 46.89605 3056.233 392.18506 72.35691
48635.875 46.89605 3068.2993 396.98364 72.5087
48818.277 46.89605 3076.556 399.31226 72.5087
49126.58 48.57425 3077.5503 412.39355 72.5087
49149.465 46.6412 3087.706 420.84814 73.00068
49450.992 46.6412 3085.3684 396.48315 73.00068
49183.836 45.51318 3081.028 380.59106 83.18227
49139.023 45.51318 3093.6152 358.34814 72.35691
49146.562 45.51318 3093.2222 370.08032 72.7438
49377.52 46.11847 3086.7263 445.7334 72.35691
49022.656 46.11847 3066.2734 418.59814 72.35691
48954.69 51.41588 3062.4568 418.1543 72.7438
48837.234 48.75191 3058.2002 418.98584 72.35691
48700.348 54.99712 3044.7039 401.14648 72.16763
48637.92 56.18236 3014.1228 438.1787 72.16763
48455.203 56.18236 3022.2622 426.69922 74.04159
48531.31 56.18236 3025.8462 434.14404 76.76252
48235.16 56.18236 3025.9138 434.82446 76.76252
48314.27 58.90252 3006.7712 439.30957 76.76252
48424.223 58.90252 3005.5427 456.5996 82.48898
47976.027 58.90252 3014.3066 438.57324 75.06137
47936.676 56.55434 2987.7908 431.0691 75.06137
48138.113 56.55434 3009.3137 434.73096 75.06137
47879.58 56.55434 2992.1973 419.48364 75.06137
48257.56 57.12516 2988.4998 457.73975 72.16763
47947.02 57.12516 2994.7424 446.71582 72.16763
47770.58 57.73047 3006.859 433.34692 74.04159
47630.36 57.73047 2989.4814 453.20288 72.16763
47620.29 58.90252 2990.1597 455.23242 72.16763
47966.355 58.90252 2987.8782 457.30493 72.35691
48049.254 56.55434 3021.4897 431.41577 72.35691
47752.36 56.55434 3004.0537 426.7019 74.04159
47562.13 56.55434 2994.0593 427.57544 74.01904
47542.887 56.55434 3004.3997 411.1328 82.92285
47129.43 53.57693 2994.7537 383.70435 82.92285
47091.39 53.57693 2984.0654 390.00366 78.79844
46910.324 53.57693 2980.7847 371.79785 72.16763
47211.645 53.57693 2984.3474 397.073 76.17896
47092.816 53.57693 2984.0996 378.23975 82.995
47209.18 53.57693 2996.6763 368.84717 90.33065
47166.445 53.57693 2997.5808 372.37378 90.33065
46915.168 50.5156 2983.9358 375.95947 76.17896
47064.76 50.5156 2988.7188 389.03955 76.17896
47285.54 50.5156 2986.8467 391.26343 76.17896
47565.47 50.5156 2996.4402 379.5027 78.27084
47789.39 50.5156 3003.6453 401.04883 78.27084
47635.9 50.5156 3010.0103 383.76416 78.27084
47637.3 51.05334 2996.0156 396.65112 78.27084
47880.652 51.05334 2993.019 397.19067 78.27084
47958.785 51.05334 3005.7124 385.8103 82.28423
47636.246 51.05334 2985.8958 389.28882 78.67049
47472.08 51.05334 2976.143 392.8208 78.27084
47527.383 51.05334 2988.9658 394.68872 73.67786
47227.266 53.57693 2975.3013 393.76538 73.67786
47114.793 53.57693 2964.7683 375.68042 73.67786
47164.48 53.57693 2933.3257 399.15234 72.16763
47155.242 53.57693 2936.3562 399.16724 72.16763
46978.46 53.57693 2967.1045 354.51025 78.67049
46924.582 51.41588 2962.7715 350.37183 83.31369
47127.418 51.41588 2989.9258 379.9182 78.67049
47349.3 51.41588 2974.3384 374.55786 78.67049
47190.023 53.57693 2969.3528 378.76318 78.67049
47388.684 53.57693 2955.822 398.13574 78.67049
47248.305 51.41588 2977.6104 361.4746 78.67049
47314.043 51.41588 2973.8813 365.70483 78.67049
47617.32 51.41588 2959.115 387.5393 78.67049
47810.78 51.41588 2984.3235 364.72485 94.28151
47702.9 51.41588 2988.5374 374.2942 88.18596
48028.82 51.41588 3023.1057 378.4983 88.18596
47814.543 51.41588 3007.4565 396.26416 78.67049
47575.918 51.41588 2991.6494 393.72778 78.67049
47546.316 51.41588 2992.1006 376.6045 88.18596
47484.543 51.41588 2993.3455 376.56982 88.18596
47270.098 51.41588 2973.9111 370.70825 88.18596
47374.586 53.57693 2986.593 370.94482 88.18596
47578.992 53.57693 2993.4385 377.9751 84.67525
47434.938 53.57693 3000.0342 374.87842 84.67525
47628.914 53.57693 2998.4666 379.75757 84.67525
46656.62 54.24748 2961.6914 349.6233 84.67525
46849.69 54.24748 2949.197 370.27783 84.67525
47382.176 54.24748 2956.0957 379.7898 84.67525
47408.188 54.24748 2958.5586 385.43018 84.67525
47281.2 54.24748 2951.4707 387.72095 83.31369
47354.51 54.24748 2967.2673 391.0298 85.25894
47336.793 54.24748 2961.9907 389.3296 85.25894
47332.215 54.24748 2962.2446 370.21143 85.25894
47311.98 54.24748 2952.2534 398.17285 78.67049
47617.23 50.28931 2968.7942 368.84546 78.67049
47521.508 50.28931 2971.6812 362.91113 81.26832
47352.508 50.28931 2964.9258 363.00513 78.67049
47044.855 54.24748 2946.1616 364.57324 78.67049
47081.633 55.37424 2946.567 367.6338 78.67049
47315.746 55.43587 2964.42 399.7622 78.67049
47161.92 55.43587 2967.7698 375.30908 78.67049
47230.47 55.43587 2979.6382 388.79907 90.9863
47449.77 51.91515 2970.4666 400.792 78.67049
47708.703 51.91515 2991.7651 387.64478 84.31255
47727.19 51.91515 3000.096 398.33374 84.31255
47685.418 51.91515 2987.3838 370.15625 93.87894
47354.93 50.55514 2988.2974 372.44922 93.87894
47155.176 50.55514 2981.3904 366.6328 93.87894
47138.832 50.55514 2961.571 358.45605 93.87894
47184.938 51.91515 2972.815 361.53174 98.12608
47267.652 51.91515 2970.9414 354.63574 98.12608
47266.9 55.43587 2975.7131 379.44482 98.12608
47217.13 55.43587 2966.9966 363.01318 98.12608
47347.25 55.18182 2946.6907 392.97192 86.2778
47784.062 54.66425 2980.9912 377.78247 86.2778
47819.35 54.66425 2987.189 393.78516 86.2778
47448.07 54.66425 2992.5205 383.2129 86.2778
47098.12 54.66425 2968.7402 353.8894 86.2778
47033.258 54.66425 2970.8694 342.80493 87.18398
47408.523 54.66425 2976.3784 373.70728 87.18398
47536.645 54.66425 2988.9468 382.1516 87.18398
47143.418 54.66425 2967.281 372.1223 86.2778
47227.086 55.18182 2970.5205 402.78003 86.2778
47014.844 55.18182 2967.802 376.26855 86.2778
47220.926 55.18182 2964.2683 392.8108 86.2778
46929.32 55.95301 2940.1482 402.05933 90.40947
46824.434 56.22593 2943.9414 398.04956 78.79844
46865.707 56.22593 2933.1597 401.14282 77.61024
46863.477 56.22593 2917.2554 391.52222 77.61024
46859.676 56.22593 2939.3562 374.12158 77.61024
46917.72 56.18236 2942.0845 383.63428 77.61024
46849.594 56.18236 2947.0574 380.35278 77.61024
46706.207 56.18236 2944.9277 378.9724 77.61024
46351.85 50.5156 2927.7131 366.94775 77.61024
46618.383 50.5156 2924.645 368.20557 77.61024
46718.46 50.5156 2930.7769 371.52856 77.61024
46972.445 50.5156 2927.1072 374.06714 77.61024
47107.207 50.28931 2940.7024 371.54346 77.61024
47084.22 50.28931 2953.696 371.385 77.61024
