1276.7977 91.3699 477.9727 76.11838 95.59421
1343.192 91.36565 528.1912 17.682861 107.64108
1271.8987 94.68919 480.61365 60.05414 94.01542
1302.236 103.51913 497.93604 36.27124 98.70285
1266.3593 109.51099 490.4643 39.719666 93.7702
1131.6589 76.36925 436.05426 46.614258 90.92028
810.24176 55.29372 296.04773 45.265503 80.90054
825.1115 62.79442 305.61176 47.351807 80.90054
833.8872 68.53916 312.31888 58.684296 80.90054
905.5335 69.50156 342.47018 62.020325 80.90054
898.5915 69.73188 350.14307 24.655518 85.63253
995.5432 69.73188 358.60117 98.734406 80.90054
936.3049 61.03354 343.1308 60.280518 80.90054
955.0409 75.81064 329.79977 115.84122 80.90054
983.9279 72.43349 336.82913 96.89511 80.90054
946.20825 74.25349 312.41287 108.51468 80.90054
920.91016 74.69124 332.2505 63.378937 80.90054
949.0522 69.73188 347.65985 76.111694 80.90054
1027.5817 74.69124 364.64264 117.37222 83.86839
1320.5283 98.51948 488.33246 86.83728 97.71368
1079.2322 91.59799 418.6101 31.98935 93.9235
1020.0733 80.71549 365.67548 63.338104 82.25971
1046.6998 79.00214 361.96768 77.57333 82.29756
889.2546 70.99786 323.29077 60.85553 79.56651
906.52924 70.99786 341.42072 48.306732 81.9603
1019.64545 86.47375 403.78284 9.359711 110.96322
1048.1099 96.07934 414.0287 10.452576 101.4792
1051.3037 94.45287 400.66846 38.79712 89.22254
1081.5508 86.08819 421.4326 28.093811 89.22254
1121.4834 86.08819 432.43713 36.651703 91.90675
1331.0237 96.35551 500.71127 51.300323 99.22202
1282.0931 94.08121 466.4933 61.999878 93.7702
1270.1299 94.08121 483.16766 36.63031 93.7702
1279.4799 81.9603 502.75467 27.720795 99.13725
1318.3839 81.9603 513.52246 28.13617 99.05415
1274.4492 81.9603 484.5251 64.78467 95.59421
1272.3683 81.9603 482.4439 56.396484 94.08121
1176.5809 93.7702 461.86548 15.606445 96.24432
1135.0989 93.7702 431.99948 40.058014 88.88132
1083.0513 81.00998 420.00986 22.48352 91.59799
1053.0399 75.07903 391.47754 81.895325 84.58547
1093.8519 71.20705 387.1396 78.776825 84.58547
1171.0001 94.45287 450.78607 37.091187 92.66264
1199.7129 100.76008 469.85803 18.960938 94.01542
1163.7161 106.55519 451.6919 40.590485 93.16113
1156.4584 106.53047 445.5643 34.63449 93.47442
1295.6003 96.17577 499.51938 43.293427 98.51948
1058.8667 70.99786 348.7203 139.06555 83.86839
1191.971 89.42029 390.93463 141.4599 87.65272
1273.0845 104.86311 472.04803 63.640198 91.90675
1245.7246 107.54245 476.6959 48.965485 89.22254
1248.5109 115.86172 493.1945 11.626007 96.44807
1233.1641 104.02303 475.72125 27.469666 94.45287
1283.2343 107.15253 485.4256 54.823975 98.57142
1273.9604 103.89035 473.23355 68.58005 98.03545
945.6576 70.99786 337.56927 90.18756 79.56651
1170.8177 101.22816 448.43695 60.318054 87.77912
1181.7158 97.92899 444.95056 75.85022 87.77912
1169.8489 101.22816 446.0069 64.32449 84.70788
1129.5319 100.94125 428.72574 41.288666 84.81982
1069.61 86.80421 410.09265 32.95587 84.70788
1055.5647 74.2 388.35477 53.576508 81.45215
1009.9297 65.29182 341.69034 120.773346 79.56651
997.42773 75.81064 329.18848 115.81418 79.56651
936.8071 74.69124 316.4288 95.097626 79.56651
875.2496 73.35732 308.8856 92.938965 80.71549
936.80835 55.29372 345.37778 46.670288 83.47963
1258.8862 94.47625 456.74683 69.859924 91.58457
1316.699 100.2166 511.6687 54.748474 96.17577
1331.8882 115.35474 514.2185 37.961792 105.8597
1363.703 94.68919 520.43665 54.768066 104.04767
1365.702 106.27953 537.10254 23.189941 105.8597
1293.6022 104.02303 463.2897 92.970856 94.45287
1352.8646 106.27953 522.5521 35.124878 100.16016
1327.9004 115.35474 523.1437 14.018616 100.16016
1310.848 104.86311 488.25104 70.62506 96.44807
1248.5107 115.86172 493.1945 11.625977 96.44807
1256.0621 117.62522 483.9323 25.669373 106.6561
