7541.626 4.3254 882.70734 274.9942 34.64907
7634.521 4.3254 919.3533 221.6018 38.33129
6435.226 23.21754 666.8163 454.62378 26.21495
6843.8887 9.08314 766.30676 259.10962 22.69691
6275.3315 6.82983 780.49554 127.299194 33.50922
6363.55 3.41494 762.8761 177.32855 24.15528
6859.6357 6.03521 789.6633 234.99756 24.7394
6978.131 14.88415 797.5059 294.8377 28.3981
7082.711 14.88415 809.6797 300.1776 33.09188
7257.924 12.56759 824.35443 287.59296 31.29347
7069.293 10.83634 838.7079 246.47083 30.0373
7031.633 10.83634 824.8479 244.60938 30.0373
6949.8755 13.81957 798.03845 259.87634 30.0373
6634.033 10.63054 761.6489 267.8346 22.6857
6367.537 16.55372 681.95435 282.9663 19.70974
7020.2197 3.6656 848.73724 215.18011 29.28648
7092.325 5.92998 854.125 229.76831 29.28648
6074.5317 15.33938 688.2445 252.95105 20.82905
6202.575 13.25628 680.67773 241.71991 21.84527
6176.565 13.25628 676.3666 243.49036 20.82905
5685.8345 13.24492 652.6508 215.3501 20.82905
5813.6113 3.6656 668.14453 189.52582 22.53658
5668.0327 8.18716 652.7942 192.65533 22.53658
6315.188 7.04364 735.9228 174.6322 23.49004
6900.424 3.41494 774.489 230.75067 24.7394
7106.2573 10.47395 804.78864 257.1447 25.17749
7144.3486 9.09407 825.57153 300.5525 24.15528
7156.685 9.09407 822.03217 307.63983 25.17749
7420.243 6.03521 905.6387 175.42432 38.01073
7162.0254 10.24273 853.306 248.0979 30.0373
7018.342 10.24273 803.54224 235.79932 30.22584
6566.9976 12.69145 738.97675 242.54376 24.15528
6689.292 4.3254 801.2085 225.37878 24.15528
6619.134 4.3254 793.1079 194.64478 24.65902
6719.3745 9.04912 788.1726 206.54822 24.7394
6765.0366 9.45388 790.03204 227.22296 24.7394
6884.0566 10.98809 769.0404 244.3205 26.31472
7363.866 8.25139 911.8246 197.47815 35.22947
7041.75 6.82983 842.0533 216.0998 26.77596
7039.676 8.25139 819.5621 206.15814 27.62561
7002.1455 5.27439 822.8505 213.00092 28.58257
7065.936 8.4868 809.93524 214.6087 27.62561
7023.6543 8.4868 791.36536 227.3136 25.31491
7043.1333 6.03521 796.86 226.9137 25.31491
7131.4473 5.80426 808.9082 227.5503 25.31491
6799.0146 8.4868 778.1023 226.31464 24.15528
6549.0454 5.80426 768.943 226.84583 22.6857
6463.1543 8.25139 766.1426 243.1117 22.6857
6441.086 6.32738 765.04004 240.85645 22.6857
6682.897 10.24273 775.1358 243.08105 23.86004
6789.1597 4.3254 804.0654 261.48242 23.90247
6998.7085 4.3254 807.2119 271.38013 24.15528
6988.6323 4.3254 810.0481 275.98438 24.15528
7137.6245 6.82983 859.63165 231.00885 29.28648
6904.945 8.4868 817.3362 252.16724 25.52544
7315.9087 8.4868 837.89453 258.64636 25.31491
7487.844 8.4868 910.51215 222.93 35.22947
7509.6953 8.4868 888.0919 247.99805 35.22947
7337.7266 9.08314 775.15924 340.1136 26.20491
6373.237 19.25949 680.1318 434.67365 22.53264
6767.051 16.55372 746.15204 287.305 30.21963
6950.136 10.19582 798.9599 263.12018 23.49004
6950.7354 10.19582 797.87585 262.05835 23.49004
6853.505 10.19582 787.0324 260.71222 23.49004
6666.699 10.98809 745.0114 247.29803 21.51581
6690.8154 13.97221 739.67615 294.78796 20.64232
6782.542 13.97221 726.8242 321.84497 20.47737
7004.69 16.55372 765.3229 331.88184 20.47737
6345.8843 16.19792 642.7167 361.281 17.37529
6929.764 11.44046 762.981 323.24127 20.47737
6648.5444 16.64856 673.3313 399.19666 19.35933
6274.005 17.00098 663.3261 316.3391 19.52733
5931.8706 15.49201 665.54474 198.90668 23.49004
5792.8877 16.94896 649.941 225.03802 24.81566
5965.1655 16.28759 678.84766 211.6452 24.81566
6411.5806 9.08314 748.8779 192.5647 28.07888
6525.406 3.6656 810.6494 145.92542 30.0373
6529.258 3.6656 726.2747 238.41376 20.47737
6486.864 3.11481 721.13556 235.78754 20.47737
6577.612 4.3254 729.77057 243.83899 20.47737
6412.6587 8.79305 726.6676 212.23633 22.69691
6689.233 10.24273 763.8264 233.22498 23.45232
6747.8394 9.45388 791.6412 208.54419 26.77596
6703.254 8.25139 786.6417 199.65088 26.77596
6729.115 9.45388 787.5717 207.36761 26.77596
6652.235 9.45388 779.52124 211.17877 24.7509
6640.992 11.83952 755.9212 237.82196 23.86004
6869.8022 3.6656 799.36304 267.46155 22.69691
6615.5244 3.6656 791.9037 215.7489 23.40282
6694.2153 3.6656 780.47955 195.35815 22.69691
6803.7573 8.4868 788.7408 195.06482 28.07888
6737.6816 4.3254 795.6171 235.18304 22.69691
6956.6465 4.3254 790.508 285.075 22.69691
6876.211 5.92998 777.03314 253.48761 22.69691
6743.6445 9.45388 757.67426 296.284 20.82905
6617.688 9.45388 751.89575 285.5288 20.82905
6795.026 15.83616 751.1227 276.11194 24.15528
7296.681 12.2174 825.39404 283.4308 26.1624
7244.7246 12.2174 821.00195 282.06104 24.15528
7292.26 12.2174 814.3905 270.44873 38.01073
6665.0317 13.2049 802.8547 187.96191 33.09188
6746.395 11.83952 808.2268 175.35779 33.09188
6329.1216 13.25628 733.65753 201.23083 25.06802
6165.9023 13.25628 727.5261 202.28821 24.41807
6227.3916 16.21669 669.3898 326.38037 18.43085
6234.539 15.36034 655.5769 296.893 19.26933
6153.7876 15.96159 657.8799 295.37793 19.26933
5951.5796 15.54405 651.25616 244.61127 19.04572
6030.027 15.54405 650.921 248.36621 19.04572
5942.729 9.11921 645.5555 241.66815 19.04572
6816.8936 8.4868 769.58374 219.88025 25.31491
6813.3237 8.4868 771.0068 220.75116 25.31491
6629.99 10.19582 757.8308 226.8648 24.09773
6631.278 10.19582 751.10065 210.29987 24.81566
6820.9653 6.03521 778.7457 206.44806 25.31491
6238.9062 10.19582 728.58057 195.6875 23.49004
7378.021 6.03521 840.7975 274.1477 30.21963
7254.4775 6.03521 798.7139 234.75433 26.91926
6894.801 3.6656 816.0344 238.74121 25.31491
6719.434 3.6656 801.3611 188.6778 25.31491
6684.5015 3.41494 810.40546 181.74255 25.31491
6482.543 3.41494 788.6922 181.02545 25.06802
6619.9175 3.41494 811.11395 175.37347 26.77596
6534.403 3.6656 803.15875 169.35394 26.21495
6623.571 3.6656 809.468 169.4472 27.26857
6704.8716 3.6656 825.01056 169.26324 27.62561
6425.8384 3.6656 777.0986 167.76154 25.31491
6626.321 3.6656 816.12366 178.19312 25.31491
6414.8955 4.3254 796.9788 180.76959 24.7394
6364.116 4.3254 792.5866 179.47382 24.65902
6500.4204 3.41494 813.4769 150.07947 26.91926
6554.1577 3.41494 785.90936 170.77148 25.31491
6411.4736 3.41494 792.8286 128.44055 25.31491
6467.0635 3.11481 800.62775 144.23242 25.31491
6498.534 3.11481 777.1697 159.57703 26.31472
6387.2026 5.92998 768.56494 151.88074 24.7394
6600.0635 3.6656 785.5536 152.08392 27.62561
6536.4404 3.6656 784.73566 147.57922 29.36699
6393.68 3.6656 772.90466 142.93597 29.36699
6289.5933 3.6656 769.0991 128.14288 28.40491
6374.973 3.6656 764.3624 132.09644 26.21495
6278.9155 6.82983 735.83295 157.33179 26.21495
6298.4766 3.6656 769.2149 133.45483 28.40491
6351.8853 3.6656 771.9496 136.1225 24.7394
6402.6675 3.6656 786.025 148.6463 24.7394
6306.9893 6.82983 775.06244 159.35492 24.7394
6453.296 10.83634 765.58264 179.78894 29.36699
6225.9453 10.63054 746.8456 158.15527 24.15528
6110.21 5.80426 756.43884 140.62604 32.67904
6077.991 5.80426 755.02734 109.81683 32.67904
6200.551 10.63054 743.0224 155.68652 24.15528
6447.995 10.63054 746.18066 202.1283 24.15528
6314.498 10.63054 743.6028 194.47253 24.35169
6402.33 12.2174 768.71967 194.81976 24.65902
6407.318 13.2049 751.08453 232.43823 24.15528
6827.3364 10.98809 753.30554 241.63501 24.15528
6902.472 10.19582 764.5079 250.09967 24.7394
6906.626 4.3254 785.1813 234.05017 24.7394
6797.198 10.98809 783.0092 244.55853 24.7394
6881.672 10.98809 794.5577 244.27692 26.31472
6891.9087 10.98809 756.82416 237.74176 26.88716
6860.5605 13.25628 816.9431 254.55664 30.0373
7074.672 12.62948 816.089 235.83606 30.0373
6967.0864 12.62948 820.8635 247.56091 30.0373
6772.003 10.98809 788.7003 249.71753 24.15528
6825.9966 9.45388 790.69104 243.59692 24.65902
6834.176 9.08314 785.00323 241.44647 24.65902
6851.7944 9.08314 782.9681 234.67792 24.65902
6561.59 10.19582 749.22034 233.72949 22.91576
6420.255 13.2049 728.0652 226.27869 24.65902
6435.318 13.2049 730.2666 227.72241 22.91576
6313.6294 11.08703 747.3336 239.85815 22.91576
6409.132 8.4868 752.18854 212.2243 22.91576
6570.6206 10.19582 762.96924 210.93225 24.15528
6205.3535 12.69145 732.0352 206.63141 23.86004
6497.368 16.55372 734.3282 251.03839 24.19617
6484.991 16.53516 719.4864 271.82135 20.82905
6547.9097 16.55372 724.9413 272.38135 20.82905
6551.765 16.55372 725.7707 269.25806 28.07888
6570.317 16.28759 732.51605 261.51727 23.49004
6368.6753 12.62948 721.69806 210.66064 23.49004
6341.8623 12.62948 724.17224 199.69666 23.49004
6322.2236 12.62948 726.03534 192.6637 23.49004
6250.2754 10.83634 723.8014 190.69641 23.49004
5787.2817 3.6656 659.7095 192.30988 22.53264
6095.597 12.85446 694.76 198.09955 24.41807
6135.8335 12.85446 697.22644 199.09528 20.64232
6070.458 12.85446 665.2385 244.30017 20.47737
6218.818 10.19582 658.3273 271.04156 18.97013
6201.153 8.79305 664.143 274.78174 18.53034
6323.6655 6.82983 684.57294 269.97205 18.53034
6681.782 11.44046 750.0579 248.22186 20.47737
6793.1187 9.09407 753.01746 301.58643 20.47737
6796.778 9.09407 755.8719 285.91046 20.64232
6776.1323 9.09407 757.9985 292.53363 21.60812
6854.616 9.09407 762.61035 302.59753 21.60812
6844.859 11.44046 754.62805 303.25952 21.51581
6912.259 4.3254 764.9317 322.38678 21.51581
6626.9536 12.56759 752.785 287.2348 20.68348
6457.209 12.56759 743.7764 266.98248 20.68348
6385.8853 12.62948 736.31006 264.94287 20.64232
6536.9863 3.11481 732.5216 244.23041 20.47737
6458.998 12.62948 726.9928 250.37097 20.47737
6227.0 12.6661 688.8917 236.7663 20.82905
6378.643 12.6661 699.7326 240.0293 20.82905
6736.96 13.81957 731.5552 264.63287 24.7394
6650.3096 11.83952 756.1705 276.6667 22.6857
6494.5283 13.96655 748.6696 279.80573 22.6857
6846.9614 4.3254 779.4938 255.4657 22.6857
6685.137 4.3254 756.9913 267.1811 20.68348
6689.3774 4.3254 751.6991 272.32935 20.68348
6679.1357 4.3254 753.8256 265.84186 20.68348
6566.9556 4.3254 750.86597 259.89856 20.68348
6674.5396 4.3254 759.1177 266.99133 20.68348
6685.138 4.3254 756.9912 267.18127 20.68348
6682.9224 6.03521 754.1368 276.044 20.47737
6719.486 6.03521 770.488 251.44196 22.13576
6802.581 9.09407 772.48096 265.9452 22.14375
6797.4106 9.09407 775.45074 261.04913 22.14375
6840.1514 9.09407 761.11646 266.24426 22.14375
6835.308 9.09407 756.2258 262.9925 22.24824
6841.0024 9.09407 753.2561 274.0327 22.14375
6828.3716 11.44046 759.4988 307.90784 20.47737
6671.3047 14.39771 737.6195 331.34338 20.47737
6564.569 17.37529 710.2093 364.8272 20.47737
6268.405 18.24545 656.25635 376.05615 16.55372
6107.7725 18.53034 642.88354 320.1573 18.24545
6101.876 18.53034 643.92303 314.31775 24.7394
6035.167 18.53034 633.6262 340.3346 16.64856
6025.3257 18.53034 634.999 327.80133 16.64856
6089.546 18.53034 645.2958 301.7846 18.24545
6186.1934 8.4868 656.3268 280.16895 18.24545
5977.209 18.24545 633.5722 292.73376 18.75478
6057.4487 16.94896 650.7919 287.27673 18.75478
6142.5728 14.09013 667.2622 260.1864 18.75478
6071.858 14.09013 665.7787 257.29425 18.75478
6408.5786 16.94896 659.57166 379.00244 17.37529
6325.7085 16.64856 659.0875 370.69446 17.51422
6006.4126 15.96159 641.5994 282.51813 17.51422
6037.7944 17.37529 653.16656 309.37494 18.24545
5977.5156 17.37529 648.9745 307.87897 18.24545
6234.522 12.62948 649.4306 280.6261 18.97013
6213.3584 12.62948 646.8027 285.6195 18.24545
6295.059 12.62948 655.0922 305.23767 18.24545
6206.626 6.82983 675.4597 280.2296 17.37529
6148.0723 6.82983 669.79803 280.20325 17.37529
6104.575 11.83952 637.5815 286.1532 17.37529
6143.253 9.16953 653.9141 285.60675 17.37529
5953.078 9.16953 651.98157 257.19653 19.04572
6118.1846 7.04364 667.7055 247.9674 19.04572
6252.0737 3.6656 674.862 250.22467 18.75478
6188.788 3.6656 675.1971 246.38501 18.75478
6167.891 6.82983 672.04236 257.77924 18.75478
6220.6895 7.04364 672.72955 265.667 18.75478
6716.7803 11.44046 716.03455 384.56995 18.78206
6577.2764 8.4868 714.9449 276.7851 18.78206
6291.71 16.25401 677.0393 311.6302 18.78206
6351.9194 22.6857 660.3873 442.93958 20.29102
6174.087 19.50135 649.903 341.55573 19.70974
6324.111 19.50135 666.4738 327.8322 23.21754
6377.134 19.70974 671.2475 333.90015 23.21754
6359.4624 19.12933 672.9081 329.06653 24.65902
6246.964 15.96159 712.99335 226.13293 30.2279
6784.5835 16.53516 767.874 286.1798 30.77288
6841.132 15.83616 773.0121 286.20044 24.19617
6557.071 16.28759 754.0889 231.97699 30.21963
6627.208 13.97221 747.2671 298.32178 20.64232
6752.957 9.04912 749.354 285.62488 20.64232
6807.3286 4.3254 748.1965 290.6529 20.64232
6582.5176 13.81957 776.0698 206.7439 30.0373
6470.071 13.81957 741.4675 243.3772 24.15528
6223.6274 13.25628 733.46936 229.66772 22.91576
6387.61 11.83952 746.268 232.64069 22.91576
6595.2056 10.83634 752.4451 241.36981 22.6857
6435.7734 6.82983 745.8269 224.10107 22.6857
6561.332 4.3254 731.1387 241.31567 20.82905
6637.9346 8.4868 743.1884 245.15741 22.13576
6793.8086 6.03521 774.2046 233.16937 23.03474
6792.2383 6.03521 768.14764 213.79736 22.13576
6869.474 6.03521 776.4787 258.72736 22.13576
6859.4233 6.03521 769.6573 256.7868 20.82905
6973.419 6.03521 788.5883 240.44781 25.06802
6730.8374 9.09407 764.22363 247.60876 21.60812
6741.543 9.09407 744.3203 282.87366 21.60812
6853.249 9.09407 778.7982 283.9209 22.13576
6883.152 9.09407 772.1453 285.66827 22.13576
6833.5596 11.44046 761.503 313.8537 21.60812
6341.242 16.55372 705.4756 256.74524 20.82905
6438.4175 16.55372 707.0744 264.79352 20.82905
7380.5645 9.08314 905.4861 185.5929 33.09188
7310.1855 9.08314 879.3876 196.27771 30.40059
7462.754 9.09407 889.1815 198.79285 30.77288
7366.4443 9.09407 877.84686 193.9516 30.77288
7448.3467 5.80426 923.4176 179.9751 38.50505
7213.4087 10.24273 804.25336 238.83698 27.36176
7016.577 10.47395 841.0604 232.97205 30.40059
6843.465 11.83952 762.50665 234.27057 25.61572
6792.551 11.83952 758.7638 244.32623 24.65902
6615.148 11.83952 732.06805 284.75665 20.47737
6650.7407 15.83616 730.92944 281.8272 20.47737
6640.597 12.62948 733.0706 290.7414 20.68348
6745.6426 15.83616 740.9028 291.95612 20.68348
6505.4 16.19792 727.44995 324.15833 20.47737
6526.116 16.19792 728.55237 312.22803 20.79233
6440.024 16.19792 724.7377 309.57166 20.47737
6430.126 16.19792 702.93396 307.9218 20.68348
6133.119 15.33938 709.3851 220.66742 24.19617
6251.327 15.33938 707.612 230.89227 24.41807
6277.663 15.33938 712.91925 224.46704 24.41927
6704.296 15.3043 763.09436 273.0592 23.49004
6707.0493 16.28759 753.0477 270.6787 23.49004
6744.06 16.28759 744.7031 269.76624 23.49004
6682.542 16.28759 763.7248 281.5064 24.41807
6765.2 12.56759 773.46564 256.85016 23.49004
6662.2964 12.56759 765.3122 256.65057 23.49004
6595.5522 12.62948 742.6568 241.79993 23.49004
6591.902 14.09013 754.76166 233.9422 30.0373
6619.9194 14.09013 754.57446 231.60437 30.0373
6459.467 14.09013 732.0443 231.86249 24.19617
6533.3193 14.09013 737.249 249.5332 24.15528
6765.806 14.09013 773.47174 274.6656 24.15528
6849.8755 14.09013 777.3667 277.24182 24.15528
6693.9326 14.09013 770.6446 291.8941 22.6857
6825.0327 14.09013 782.2288 288.4776 23.60596
6672.882 14.09013 742.9095 280.1911 22.6857
6815.918 6.53957 780.2841 268.73956 22.6857
6951.0396 12.62948 795.79944 277.88464 22.6857
6745.079 14.09013 766.95105 284.04224 22.6857
7017.635 14.09013 783.5274 296.8354 24.54395
7012.8003 11.83952 787.3451 293.48767 22.6857
7022.732 11.83952 782.8732 291.65924 23.49004
6964.7603 13.81957 785.12335 304.94354 23.49004
6989.879 16.28759 780.1775 295.94775 26.21495
6860.227 16.28759 767.3114 317.3584 23.49004
6927.5825 13.97221 782.2256 317.58435 23.49004
7245.2505 13.81957 779.96246 351.00287 27.36176
7362.624 10.98809 774.0039 340.32104 33.59414
7365.0596 10.98809 822.7262 286.31042 38.19183
7221.783 10.47395 833.629 366.32715 30.0373
7384.7466 9.09407 899.6952 182.14307 33.09188
7362.795 9.09407 907.0448 185.62146 33.09188
7365.7524 10.47395 896.48615 218.54108 33.09188
7318.401 10.47395 849.1328 284.18433 30.77288
7260.78 10.47395 854.5125 295.5141 30.40059
7006.339 10.98809 774.8823 265.7776 24.65902
6992.2534 12.62948 767.1914 270.27283 23.03474
6903.3125 12.62948 762.5886 320.0586 22.63494
6667.3853 12.62948 751.88055 307.39752 20.82905
6702.5767 12.62948 743.98865 297.2693 21.51581
6687.4653 11.44046 746.34674 290.08905 20.82905
6525.5728 18.24545 717.3356 279.38342 20.82905
6825.958 16.64856 750.9238 330.04944 21.51581
6788.8345 16.64856 744.8849 342.10242 20.82905
6786.835 13.97221 763.19434 309.59314 20.82905
6846.4688 10.98809 760.9543 308.26117 20.82905
6899.6797 6.82983 770.5705 296.62823 22.13576
6927.775 9.09407 765.47595 308.69556 22.13576
6922.4995 5.92998 766.6159 311.18793 22.13576
6970.161 12.62948 769.62714 250.67023 24.7394
7053.3813 6.82983 801.37384 249.07233 24.41807
7038.181 8.25139 794.9003 252.51678 24.41807
7109.5835 12.62948 797.25726 253.33063 24.7394
7158.43 12.62948 787.4098 276.15784 29.28648
7282.4136 3.11481 905.29535 152.32281 35.22947
7327.7734 3.11481 895.77716 155.61896 35.22947
7040.572 9.08314 841.78485 222.1026 30.0373
6947.1943 12.62948 798.5077 230.77246 30.0373
6837.227 12.62948 814.12646 186.88928 33.09188
6897.4814 13.81957 782.20264 246.58923 30.0373
6689.855 12.62948 782.5834 227.3725 24.7509
6786.2456 10.24273 796.2201 212.1355 27.26857
7018.311 10.24273 791.9856 246.48975 26.91926
6997.2188 10.98809 775.8218 251.06226 28.17564
7113.1616 10.47395 810.05615 241.61316 28.17564
6935.886 10.47395 799.1045 228.39783 28.17564
7214.8735 9.09407 824.34186 218.89398 28.17564
7172.8447 9.04912 821.0365 216.68835 28.17564
7243.6523 4.3254 830.7726 214.99231 28.17564
7201.9775 9.09407 828.655 223.42407 28.17564
7348.201 9.09407 854.3826 276.89923 30.21963
7491.739 9.09407 829.9108 281.43 33.24743
7375.4004 9.09407 840.60803 257.33813 26.91926
7335.539 9.09407 855.8241 257.25586 27.85872
7485.5474 6.03521 883.7475 241.08026 34.64907
7461.1987 9.09407 890.1083 272.72095 34.64907
7436.5415 9.09407 818.271 297.43567 27.62561
7303.007 10.47395 771.7228 417.25403 27.62561
7551.223 9.09407 869.736 246.08246 38.01073
7343.4336 10.47395 891.36847 200.02338 38.01073
7320.752 10.24273 803.04004 235.77686 29.28648
7063.0864 10.24273 781.15216 226.98993 29.28648
7092.142 10.24273 797.1684 226.60101 29.39395
6891.4297 10.98809 776.0416 235.65979 26.91926
6891.4536 11.83952 764.95465 250.59412 26.91926
6981.3955 11.83952 841.9622 249.38275 30.40059
7208.7666 13.25628 843.94525 280.51434 33.09188
6757.107 13.81957 777.5915 285.8753 23.49004
6810.6763 13.25628 789.1723 284.16315 23.49004
7129.019 11.83952 800.1018 270.79382 28.17564
7209.017 11.83952 803.9967 272.30273 28.17564
7307.5405 11.83952 847.94995 230.9447 33.09188
7315.616 11.83952 852.471 231.05353 33.09188
7344.7036 12.69145 847.597 291.9112 33.09188
7210.5425 12.69145 790.33167 326.39136 26.7055
7187.5806 12.69145 795.6118 305.45105 30.2279
7157.261 12.69145 796.93054 295.09937 27.26857
6998.8306 14.55034 782.3317 297.5639 24.7509
6937.9985 14.55034 777.5057 295.70746 24.05971
7033.966 14.55034 771.976 321.19403 23.21754
6994.0527 14.55034 793.85187 293.2519 28.3981
6907.786 14.55034 786.08374 295.6162 24.41807
6904.613 14.55034 782.48553 295.06085 24.56118
6919.0 14.55034 787.4361 298.935 24.19617
6914.7866 14.55034 780.9775 293.65253 24.15528
6998.069 14.55034 781.96704 295.43616 24.65902
6930.3325 9.09407 769.80206 290.48517 22.6624
7083.29 9.09407 786.8295 298.69745 23.21754
7047.475 9.09407 791.0582 288.65625 23.21754
7039.4956 9.09407 781.22943 319.98798 22.69691
7082.2456 9.09407 781.1391 328.1209 22.69691
7013.451 9.11921 763.03625 369.03735 22.69691
7058.179 5.27439 820.97314 304.8313 23.90247
7079.3657 13.25628 801.2085 349.97852 22.91576
6954.4976 6.82983 818.00555 299.227 22.91576
6959.771 5.80426 811.119 291.81335 22.69691
7115.9927 13.81957 802.4643 303.74725 24.7394
7121.788 13.81957 813.8135 284.9054 27.36176
7106.1123 13.81957 810.9664 276.32782 27.36176
6857.653 13.81957 759.78064 256.17578 28.07888
6915.2583 13.81957 788.9688 279.8349 26.77596
6970.7954 13.81957 796.32886 264.92224 30.40059
7077.2646 13.81957 812.57776 265.43835 30.40059
7281.573 13.81957 830.5315 295.42334 30.40059
7216.3794 14.09013 791.2469 321.35626 30.40059
7023.3477 16.55372 790.54767 314.30682 30.2279
7166.1855 14.09013 801.9516 313.83807 31.29347
7143.5923 14.09013 789.0759 314.09387 30.2279
6990.567 16.55372 795.99396 292.72552 30.2279
7108.3374 14.88415 786.7642 312.59906 30.79455
7129.3726 14.88415 797.8946 317.62787 31.29347
7080.72 14.39771 789.57935 291.2837 28.17564
7170.0776 13.81957 801.8807 304.15582 24.7394
6992.7993 13.81957 794.9695 281.74854 24.7394
7072.394 10.47395 824.023 314.46893 25.61572
7196.63 12.56759 792.024 336.45636 25.61572
7200.781 12.56759 796.16974 328.85016 27.13057
7231.6553 12.56759 806.40027 327.48035 27.62561
7190.2153 12.56759 817.1701 297.2044 24.7394
7198.6875 12.56759 825.6434 279.76434 30.0373
7130.2334 10.47395 839.58105 323.5973 30.0373
7153.963 10.47395 834.52203 321.82367 30.0373
7217.0244 9.11921 846.11523 300.13147 30.0373
7183.9233 12.2174 813.01514 269.719 30.0373
6906.6934 14.55034 779.614 275.8955 24.7509
6729.2383 14.55034 759.02094 270.90668 24.7509
6887.8667 14.55034 773.6779 259.44904 29.39395
6823.3486 14.55034 777.4645 259.5808 29.39395
6966.8555 9.09407 807.7135 216.30688 29.39395
6611.989 12.62948 750.89233 228.86731 24.15528
6522.8696 16.21669 734.13727 258.0957 24.15528
6713.469 12.62948 758.4773 228.16724 26.7055
6739.44 12.62948 768.346 221.68616 29.39395
6689.0376 12.62948 768.2249 219.28778 29.39395
6708.3174 12.62948 772.7264 219.57465 29.39395
6515.207 16.28759 735.4475 235.77228 23.49004
6525.981 12.69145 729.7353 234.63647 23.49004
6665.0234 12.69145 755.8761 249.7716 23.49004
6741.169 11.83952 761.2483 253.60803 23.49004
6963.406 8.4868 784.09503 272.79633 23.49004
6946.451 8.4868 791.31726 257.28772 23.49004
6956.0767 5.80426 789.26526 272.61035 22.6857
6947.581 5.80426 792.7883 274.8507 22.6857
7150.7896 6.82983 803.5203 309.31256 22.6857
6992.419 12.2174 757.11035 328.64258 22.6857
6913.0024 16.55372 766.8006 289.02167 27.36176
6422.1367 16.64856 714.3274 297.2196 20.47737
6590.8237 16.64856 736.4121 310.3639 26.77596
6747.8745 16.64856 754.2442 315.56573 30.2279
6733.5376 16.64856 757.6037 297.86993 30.2279
6743.17 16.55372 766.79846 258.17175 30.2279
6637.095 16.55372 747.34503 290.24017 23.49004
6729.101 16.55372 754.0202 293.8952 24.09773
6588.7 13.97221 758.1092 238.21808 30.40059
6636.808 13.97221 774.84644 232.18219 30.52903
6902.7974 13.97221 792.0776 252.49628 33.09188
6898.484 13.2815 800.1032 238.24396 33.09188
6823.0186 13.2815 795.38354 237.5597 33.09188
6825.615 13.2815 821.14966 269.21826 33.09188
6749.479 13.2815 803.6168 215.74982 33.09188
6780.965 13.2815 801.32007 212.96692 33.09188
6720.1875 13.81957 808.80054 209.2909 33.09188
6777.1465 13.81957 804.2741 238.78839 33.09188
6905.774 3.41494 826.1124 193.75421 27.62561
6886.4863 3.6656 826.0768 207.95105 27.62561
6858.774 3.6656 831.7713 196.09601 27.62561
6872.671 3.6656 818.0188 221.28442 25.31491
7025.8423 7.04364 844.70996 179.87207 29.28648
7083.9727 7.04364 816.82556 212.31458 29.28648
6915.3945 9.09407 804.675 221.56732 27.26857
6999.1323 9.09407 859.85834 183.07343 30.0373
6770.1616 6.82983 833.64197 164.27356 30.40059
6747.174 6.82983 834.1266 154.83453 30.0373
6542.624 6.82983 780.78986 172.99164 26.21495
6591.729 6.82983 802.85547 151.01581 26.77596
6458.8164 6.53195 792.42114 181.85815 26.31472
6647.352 6.82983 808.511 215.62646 26.21495
6724.0435 6.82983 805.35913 192.50018 26.21495
6733.56 4.3254 804.8832 187.56744 26.21495
6757.933 4.3254 800.15283 201.25214 26.77596
6733.796 8.18716 794.1554 209.03076 26.77596
6738.031 8.18716 792.2657 211.30634 26.77596
7066.665 8.4868 849.5338 221.85388 29.36699
6945.059 8.4868 796.7302 244.96265 26.21495
6767.4785 8.4868 785.5368 216.97418 26.21495
6704.8857 8.25139 803.1114 200.2843 26.21495
6744.237 3.41494 801.9211 202.69885 26.21495
6792.5396 3.41494 807.67017 196.93127 26.77596
6835.571 3.11481 844.3361 175.30017 29.36699
6858.4253 3.11481 847.52124 176.9032 29.36699
7044.622 8.4868 862.844 181.38806 29.36699
7076.922 8.4868 852.2875 192.78918 30.0373
7078.658 8.4868 836.7595 219.31323 30.0373
7061.212 8.4868 871.66327 182.95563 30.0373
6891.339 3.11481 840.03534 158.81122 30.0373
6837.451 3.11481 831.78143 152.48804 30.0373
6885.5684 3.11481 849.1856 166.0232 30.0373
6918.214 3.11481 858.64355 150.74951 30.40059
6815.6235 8.4868 817.6373 165.59857 30.40059
6884.135 3.11481 865.34094 130.61658 30.40059
6899.713 3.11481 871.18036 143.66492 30.40059
6889.884 3.11481 864.77844 131.20776 30.77288
7011.8364 3.11481 866.1493 172.54272 30.77288
7011.0054 3.11481 875.38824 146.24603 30.77288
7026.3457 3.11481 879.8777 142.9173 34.64907
6900.1006 3.6656 870.7884 130.27008 34.64907
7247.4404 6.82983 891.02625 171.76624 34.64907
7235.429 8.4868 903.0119 172.64215 34.64907
7244.767 8.4868 893.82465 170.40485 33.09188
7131.4067 6.03521 886.0861 144.36041 33.09188
7264.003 6.03521 882.4114 149.77502 33.09188
7412.565 6.03521 909.7291 205.10437 33.09188
7568.4653 6.03521 912.0946 221.22937 42.47788
7527.798 6.03521 917.25757 202.39734 42.47788
7487.216 4.3254 930.4611 179.34955 38.33129
7246.5024 4.3254 865.2421 226.30219 30.22584
7230.027 4.3254 884.61786 231.11823 30.22584
7301.695 8.4868 842.3347 220.72388 30.0373
7203.2046 5.27439 834.64276 220.445 30.0373
7057.533 8.4868 794.51587 225.73083 27.26857
7063.3774 6.82983 806.3491 225.78687 27.26857
7282.9736 3.41494 851.6418 224.83356 30.0373
7279.7285 3.41494 856.1188 224.69055 30.0373
7341.2056 5.27439 869.7548 238.95331 30.0373
7364.168 4.13811 871.70886 239.24146 30.0373
7312.8193 4.13811 859.3017 235.23712 30.0373
7457.147 6.82983 852.76685 279.5327 30.0373
7473.7124 6.82983 869.0566 271.83746 30.77288
7312.312 6.82983 889.4364 251.44836 30.77288
7288.7734 6.82983 889.20105 250.33911 30.77288
7082.0674 6.82983 868.49567 181.20831 30.40059
7053.4346 9.09407 874.5454 191.1958 30.40059
7043.5923 9.09407 876.8478 182.91821 30.40059
7090.507 10.19582 846.6398 231.7721 30.40059
7314.388 8.4868 860.6493 207.4159 30.40059
7340.8203 4.3254 888.78284 233.15002 30.40059
7461.5444 4.3254 916.391 201.42346 34.64907
7290.353 3.11481 837.962 239.73517 26.77596
7120.5186 3.41494 839.7613 243.15887 26.88716
7147.121 3.11481 851.0502 237.38306 26.77596
7175.339 5.92998 849.361 262.11517 26.77596
7104.6675 6.82983 809.9411 245.47552 26.1624
7157.408 8.4868 812.809 246.8471 26.1624
7126.3457 8.4868 792.56604 240.17615 26.77596
7071.7314 8.4868 797.30273 248.96606 25.31491
6993.1978 12.2174 786.34015 251.55646 25.17749
6807.597 12.2174 765.728 246.14233 25.17749
6888.855 7.04364 775.101 236.31738 25.17749
6798.0957 7.04364 784.3672 220.99713 25.17749
6819.219 6.82983 790.9724 219.37848 26.1624
6765.6333 3.6656 786.9889 228.35895 23.45232
6744.329 3.6656 783.8038 226.28192 23.45232
6754.6445 3.6656 780.51526 215.94482 23.45232
6731.4814 4.3254 789.55597 213.93292 25.06802
6558.089 7.04364 722.3359 247.61511 20.82905
6554.972 7.04364 724.4456 243.0727 20.82905
6810.597 7.04364 774.84174 222.29346 24.41807
6811.219 5.80426 781.2279 244.45496 23.49004
6831.044 5.80426 778.80334 240.56323 23.49004
6846.796 10.83634 785.24506 241.47516 24.7394
6837.7603 10.83634 785.1132 241.14838 24.7394
6799.767 10.83634 774.8828 236.18762 24.7394
6777.995 10.83634 770.4762 235.94928 26.88716
6817.9907 10.83634 780.7068 240.90979 24.65902
6875.0713 10.83634 799.0966 252.11456 23.90247
6916.796 10.19582 778.7718 261.38556 23.90247
6796.514 10.19582 772.4873 234.68591 23.49004
6817.977 10.19582 780.2309 248.40411 23.49004
6897.035 10.19582 783.72656 250.0216 25.08207
6971.9214 9.11921 790.2044 249.61993 24.15528
6837.1865 9.11921 775.45984 253.34387 23.49004
6759.0913 12.2174 742.6228 264.5807 21.85575
6804.31 12.62948 748.67255 292.8664 21.85575
6764.2305 12.62948 736.7698 275.83997 21.85575
6762.3506 12.62948 748.7476 297.72247 21.85575
6873.9805 12.62948 765.8508 248.65247 27.13057
6841.384 12.62948 766.35986 246.28809 27.13057
6869.4844 12.62948 769.545 248.36523 24.41807
6855.911 13.25628 772.5511 260.78168 24.7394
6813.446 12.69145 792.6006 296.69006 24.41807
6869.7188 12.69145 778.31476 257.80182 24.41807
6785.2725 12.69145 771.22687 265.9864 24.15528
6845.3403 12.69145 774.54865 247.492 25.61572
7185.3013 8.4868 878.93384 177.95862 30.77288
7099.4253 8.4868 876.5444 174.94427 30.77288
6898.6807 8.25139 862.1367 174.65588 30.40059
6932.0747 8.25139 865.54584 175.05304 30.40059
6805.069 8.25139 841.7771 173.60815 30.40059
6901.429 8.4868 853.2346 173.65076 30.40059
7078.0977 8.4868 877.2497 176.70355 30.40059
6924.2207 5.80426 861.9319 173.86743 30.40059
6838.2793 6.82983 835.4876 172.77435 30.40059
6860.8813 6.82983 823.64435 166.69965 30.40059
6889.29 3.41494 835.8524 167.8432 30.40059
6905.1265 3.41494 840.2497 168.07587 30.40059
6936.108 5.80426 839.8583 168.45343 30.40059
6896.3525 5.80426 837.62317 171.57501 30.0373
6614.839 8.18716 816.03656 177.86127 28.40491
6673.8926 8.18716 820.4288 179.23083 28.40491
6659.878 6.82983 820.59705 174.4325 28.40491
6557.6104 6.82983 809.1395 174.3899 28.40491
6811.2104 8.25139 828.8563 185.89679 27.26857
6686.3887 8.25139 821.01746 171.75928 29.36699
6731.1206 8.25139 822.4601 170.38293 30.0373
6771.9214 8.25139 823.49603 168.97333 30.40059
6711.402 8.25139 817.7347 168.9729 30.40059
6607.5054 4.13811 818.8299 139.1767 30.40059
6760.395 4.13811 835.0962 136.6236 33.09188
6829.6455 4.13811 835.77124 143.17761 33.09188
7045.9575 3.41494 874.86066 138.13489 33.09188
6935.068 3.41494 872.11096 117.13037 33.09188
6948.3516 3.41494 862.74994 133.0257 33.09188
6862.181 3.41494 853.51575 130.05542 30.52903
6914.237 3.41494 856.6404 130.15118 30.52903
6858.656 3.41494 855.0329 140.32397 30.40059
6730.2466 3.11481 839.8227 126.53485 30.40059
6667.5757 3.11481 828.6679 133.28424 30.22584
6606.1084 3.41494 811.80396 137.04675 29.36699
6614.156 3.41494 784.65497 158.1355 29.36699
6519.079 3.41494 762.2716 170.31824 25.31491
6552.237 4.3254 804.08044 159.815 29.36699
6774.6694 5.80426 782.6954 176.70923 25.31491
6570.8784 7.04364 751.9681 188.29083 25.31491
6481.177 4.3254 789.0548 142.98706 32.55038
6393.7773 5.27439 776.9917 144.87952 32.55038
6482.443 8.4868 786.745 145.2486 32.55038
6518.2583 8.4868 776.2822 161.89124 30.0373
6515.786 8.4868 775.8479 154.88092 30.0373
6544.762 3.6656 804.82587 146.73907 30.0373
6517.3867 3.6656 805.15857 134.53479 30.0373
6583.0723 3.6656 816.95026 122.24817 30.22584
6700.4985 3.6656 848.61115 98.263 30.40059
6820.588 3.6656 849.36786 129.55719 30.40059
6866.2974 3.6656 862.3431 151.16962 30.40059
6869.2544 3.6656 862.749 145.76862 30.79455
6878.9116 3.6656 853.7556 133.513 30.79455
6837.438 3.6656 850.07043 132.63116 30.79455
6939.7554 3.41494 847.01624 144.84149 30.77288
6993.2866 3.6656 862.6946 145.2909 30.77288
6974.287 3.6656 843.6955 169.30743 30.22584
6943.391 3.6656 835.4415 162.14337 30.22584
6974.2876 3.6656 843.69543 169.30756 30.22584
6827.6816 3.6656 837.14307 168.79626 30.22584
6760.2407 3.6656 837.7063 155.75372 30.22584
6885.0957 3.6656 854.2335 169.64099 30.22584
6752.621 3.6656 841.7467 145.23596 30.22584
6948.4243 3.6656 858.0626 177.28015 30.0373
6970.8296 3.6656 860.5574 177.6554 30.0373
6916.743 3.6656 852.18207 175.78741 30.0373
7548.8936 8.66173 899.1195 237.63293 38.33129
7362.2896 8.66173 882.06024 159.30573 38.33129
7211.0034 3.11481 901.91876 121.00708 35.22947
7329.98 3.11481 908.6114 175.11566 35.22947
7361.096 3.11481 881.16016 170.63928 35.22947
7377.794 3.11481 911.55054 185.01074 35.22947
7499.7627 9.09407 892.8566 237.21613 36.48998
7301.5933 9.09407 870.55963 255.17487 30.40059
6490.795 9.08314 791.71246 168.1972 30.40059
6391.297 9.11921 786.8629 155.43524 30.40059
6298.9873 11.08703 777.21234 146.5987 30.40059
6251.3413 12.2174 767.64014 162.03296 30.40059
6398.692 12.2174 770.1595 164.57996 30.40059
6251.341 12.2174 767.64014 162.0329 30.40059
6101.75 8.79305 765.3871 139.31812 32.79296
5954.9453 6.32738 746.3444 139.16315 32.79296
5902.9307 6.32738 722.86536 125.93268 32.79296
5899.845 4.70189 725.0812 120.63379 31.96211
5764.935 4.3254 695.4029 135.00244 29.36699
5708.471 4.3254 694.4963 137.23749 28.45527
5715.979 4.3254 699.3352 139.84314 28.45527
5600.2046 4.70189 692.3004 118.318726 30.52903
5556.2812 4.70189 680.619 111.38147 30.52903
5496.8604 4.70189 674.1367 109.74353 30.52903
5510.393 5.80426 681.494 122.992004 30.52903
5622.381 5.80426 684.9111 132.2251 28.45527
5654.508 6.32738 696.4983 139.32758 28.45527
5867.4062 8.25139 711.8867 152.07452 28.45527
6001.325 6.82983 725.276 140.92883 26.21495
6430.954 8.4868 745.0548 222.59991 22.6857
6538.5024 8.4868 762.65643 227.24615 22.6857
6362.993 8.4868 744.3751 206.92267 23.03474
6188.611 8.4868 724.59375 179.19232 23.03474
6274.633 5.80426 736.80817 178.94958 23.03474
6370.545 5.80426 747.6326 195.75311 23.03474
6293.46 10.47395 728.5338 202.29272 23.03474
6111.4707 10.47395 713.91034 197.42865 23.03474
6079.4106 10.47395 712.1338 196.09204 23.03474
6124.545 14.88415 718.97473 219.38196 23.03474
6169.8154 13.97221 729.04846 211.43207 23.03474
6259.8228 13.97221 698.7821 239.30896 23.03474
6371.7407 13.97221 721.3705 243.06415 22.6857
6714.486 8.4868 754.29736 243.26562 22.6857
6612.7925 8.4868 737.0196 239.34845 22.6857
6819.5264 6.82983 788.5742 270.14697 22.6857
6787.5947 5.27439 785.44714 269.54297 22.6857
6865.9443 8.4868 781.5345 269.3299 22.6857
6698.46 10.47395 762.60443 271.56415 22.6857
6717.276 11.08703 742.696 274.193 22.6857
6589.957 11.08703 755.335 272.50018 22.6857
6598.673 11.08703 764.0498 258.5495 23.45232
6790.174 10.83634 780.6885 253.71558 23.45232
6852.426 8.4868 789.87854 276.71497 23.45232
6991.595 3.6656 806.41077 264.97864 23.45232
7188.729 9.09407 820.90405 276.79297 23.45232
7131.997 12.2174 802.80115 317.70923 23.45232
6965.571 9.11921 804.5125 292.1053 23.45232
7017.1978 10.19582 786.41766 238.88507 26.91926
6725.5923 13.25628 772.2833 271.0547 24.15528
6788.574 13.25628 749.85406 275.28473 24.15528
6873.124 13.25628 788.7253 220.30463 33.09188
6832.0503 13.25628 803.77527 209.8667 33.09188
6712.851 15.83616 743.10956 251.56146 33.09188
6674.9873 15.83616 726.9893 255.07166 23.49004
6582.6577 15.83616 733.6245 254.48535 23.49004
6875.279 15.83616 768.16016 301.5166 25.99143
6916.949 15.83616 780.55334 279.86633 30.70149
6817.343 16.28759 767.08765 280.5393 30.70149
6840.4014 16.28759 758.3551 283.1245 25.06802
6883.285 15.83616 766.4823 282.02832 28.3981
6673.038 15.83616 740.1658 251.8003 24.15528
6602.444 15.83616 738.25024 238.69366 24.65902
6725.909 15.83616 750.4062 265.78857 24.65902
6813.276 15.83616 760.26306 269.15405 25.06802
6834.219 15.11578 753.4695 288.06262 24.15528
6855.789 15.83616 751.6013 288.94604 24.15528
6989.3984 13.81957 808.9609 254.31757 33.09188
6913.4634 13.81957 807.3016 249.4627 33.09188
6902.508 13.81957 808.1273 243.16675 33.09188
6736.062 13.81957 795.9136 213.09027 33.09188
6267.1064 12.85446 715.6441 225.68658 23.21754
6137.6753 12.85446 706.1808 220.51837 20.68348
6003.478 12.85446 684.1069 217.94202 20.47737
6080.3613 12.85446 689.72186 245.44452 20.47737
6003.4775 12.85446 684.10693 217.9419 20.47737
6151.15 12.85446 720.4413 209.92401 22.6857
6456.774 10.83634 758.19763 244.53815 22.6857
6483.436 10.83634 760.1146 256.51392 22.6857
6254.7505 3.6656 712.222 194.03485 20.79233
6457.324 3.6656 761.6474 181.89044 22.69691
6333.6084 3.6656 724.98145 179.54956 24.43549
6318.247 3.6656 724.84973 177.5899 24.43549
6252.326 5.27439 717.7608 178.1507 22.69691
6413.1763 5.27439 730.88324 187.91406 24.15528
6407.619 7.04364 748.51886 179.79144 25.61572
6367.099 7.04364 731.123 177.005 25.61572
6438.918 7.04364 739.76575 171.90778 26.77596
6375.815 10.47395 756.9209 194.39105 24.41807
6469.925 11.08703 753.82166 210.22821 24.41807
6541.9263 10.19582 817.1487 141.26013 33.09188
6879.463 9.11921 839.0762 198.03772 30.40059
6887.0967 10.47395 835.5368 206.96625 30.40059
6950.339 10.19582 838.45435 208.79028 30.40059
7235.5845 10.24273 865.0894 203.43512 30.77288
7181.0273 10.47395 862.4492 200.87854 30.77288
7222.761 10.47395 851.2602 268.86053 30.77288
7242.507 12.62948 832.6287 228.85321 30.77288
7126.28 12.62948 835.8353 240.1029 30.40059
7298.381 11.83952 844.15295 304.8943 30.40059
6869.8643 10.98809 827.5282 164.87445 33.09188
6811.4014 13.81957 764.7049 241.76117 33.09188
6747.2725 13.25628 799.67426 241.00409 30.40059
6872.0464 13.25628 785.7495 225.79431 30.40059
7051.917 10.98809 831.3779 199.0852 30.77288
7042.26 10.19582 813.2908 197.46747 30.77288
7021.735 9.45388 805.17523 195.45184 30.77288
7001.4194 10.19582 781.13446 217.24487 30.0373
7017.487 10.98809 794.9979 223.71454 30.0373
7041.89 10.98809 814.6298 199.31055 30.40059
6917.0737 10.98809 764.4922 245.72491 26.7055
7219.498 10.98809 799.6821 273.70007 27.37853
7449.149 10.98809 814.4264 273.84326 38.01073
7596.5947 9.09407 889.1492 222.84692 38.33129
7375.4194 9.09407 850.35126 227.46649 29.28648
7363.9873 5.80426 868.28864 240.19684 29.28648
7337.351 9.09407 867.33777 243.24268 28.3981
7360.622 5.80426 865.30273 243.92017 28.3981
7158.4346 3.6656 866.4161 312.85626 26.77596
7122.452 11.83952 806.7523 267.7047 26.91926
7113.729 11.83952 845.39325 301.56793 26.91926
6977.3286 12.2174 826.2791 316.32037 24.15528
7038.009 9.09407 830.19885 338.92126 24.15528
7152.116 9.09407 825.68634 340.34943 24.15528
7069.7207 9.09407 815.7721 265.61536 24.65902
7111.793 6.82983 827.8228 310.52582 24.65902
7099.503 6.82983 829.64185 302.65454 24.65902
7175.92 9.09407 815.4588 260.8056 24.65902
7106.1123 9.09407 815.211 249.25238 24.65902
6942.2915 9.11921 788.291 242.40967 24.65902
7006.8115 9.11921 796.80023 240.98419 26.91926
7121.754 10.24273 810.59357 251.98126 26.91926
6978.6123 11.83952 802.6149 251.55975 24.15528
6960.5186 3.11481 789.74414 248.3866 24.15528
6875.769 3.11481 791.99695 249.51965 24.15528
6987.2144 12.62948 815.0844 252.95306 24.15528
7164.0425 6.03521 796.6305 264.22815 24.15528
7054.7646 9.09407 790.22894 255.1253 24.15528
6961.5854 13.25628 769.2287 300.5407 24.15528
6933.62 13.25628 765.6577 287.99902 24.15528
7007.259 13.25628 789.693 262.40747 26.77596
7021.6465 12.69145 789.42053 272.44897 24.15528
6840.775 16.28759 752.98773 281.80182 23.49004
6855.01 16.28759 751.36346 312.32013 23.49004
7053.697 16.28759 780.49347 307.51544 24.15528
7036.0435 16.55372 762.8407 331.4685 24.15528
7030.626 16.55372 773.5606 306.32294 28.3981
6972.285 11.83952 765.019 320.18732 22.6624
6768.6167 11.83952 744.67737 278.15344 22.6624
6806.816 11.83952 743.87616 275.1452 22.6624
6954.377 10.24273 763.091 277.34137 22.6624
6779.1636 10.24273 756.41766 294.2807 20.68348
6766.0664 10.24273 742.43506 281.8213 20.47737
6881.2437 6.82983 746.6318 280.89362 20.47737
6862.725 10.24273 735.25 303.4474 20.47737
6854.2456 10.24273 737.0948 295.8687 20.47737
6556.429 16.55372 690.6831 297.15717 20.68348
6558.4414 15.49201 718.0476 278.18213 20.47737
6569.3027 15.49201 727.54425 278.86975 23.03474
6500.2725 12.69145 716.7104 256.33734 20.68348
6517.7773 12.69145 717.92676 258.6269 20.47737
6387.394 12.85446 715.83997 246.6214 20.47737
6781.746 13.97221 760.72723 310.84674 20.47737
6457.9995 13.97221 731.61566 253.08038 20.47737
6536.8877 13.25628 720.52484 269.78375 20.47737
6756.4727 10.83634 744.24835 258.12463 20.47737
6748.569 10.83634 738.544 246.7066 22.91576
6631.247 12.62948 738.3205 248.1142 23.49004
6846.2373 12.62948 755.65344 242.31049 23.86004
6861.555 12.62948 755.28613 244.1659 23.86004
6899.1274 10.24273 775.8836 274.75604 23.86004
6879.519 6.03521 762.9729 230.78888 25.06802
6864.2227 6.03521 763.3402 233.47852 23.86004
6769.715 11.83952 756.6207 254.02747 23.86004
6693.6533 13.25628 751.2486 250.19098 23.86004
6861.6177 13.25628 769.1272 244.20483 28.45995
6781.058 11.08703 761.2684 242.5456 24.65902
6854.372 10.98809 759.63544 233.6015 24.65902
6851.76 10.98809 761.55646 233.82642 24.65902
6765.6333 10.98809 752.28906 230.9043 23.49004
6721.0356 10.98809 748.072 228.73578 24.09773
6794.1704 10.83634 782.2602 258.90094 23.86004
6902.467 10.83634 784.89 240.70752 28.17564
6877.0293 10.83634 784.1364 237.36395 28.17564
6965.103 10.83634 790.6631 244.88098 28.17564
7110.8 10.83634 783.81885 244.84375 28.17564
7240.9165 12.2174 859.5904 180.26898 33.09188
7287.0234 12.62948 860.14655 198.0213 33.09188
7330.49 10.98809 857.2176 221.51508 33.09188
7144.111 10.98809 793.8214 260.85266 30.2279
7139.2173 10.98809 787.0855 271.2874 27.37853
7273.87 10.98809 850.28516 195.68347 33.09188
7016.5283 10.98809 774.9297 235.1825 27.37853
7139.2163 10.98809 787.0856 271.28735 27.37853
7111.4873 10.98809 784.05536 271.20343 26.7055
7297.1943 10.98809 849.68726 197.77917 33.09188
7149.1255 12.62948 794.75214 270.60394 28.3981
7159.9463 12.2174 780.7927 276.04358 26.7055
7110.266 10.47395 782.8422 269.15936 26.7055
7138.329 10.47395 787.4953 267.89374 26.77596
7284.2607 10.47395 873.87286 167.79828 33.09188
7245.4595 10.98809 871.35925 172.6593 33.09188
7087.27 10.98809 855.29846 169.3274 33.09188
6974.55 10.98809 856.14636 169.13635 33.09188
6885.1978 10.98809 771.55634 236.50922 26.77596
6910.685 11.44046 779.3 246.91815 26.88716
6680.359 12.2174 795.8918 210.66187 26.77596
6654.9775 12.2174 780.93756 250.73114 24.15528
6474.2886 12.2174 761.8744 196.56189 28.45527
6474.8403 11.08703 750.7678 204.18372 24.15528
6693.8687 10.83634 791.0064 194.40326 26.77596
6426.7964 12.2174 773.86395 167.71051 30.40059
6648.0215 12.69145 803.2331 199.77069 30.40059
6828.8994 12.2174 828.8058 182.31744 30.40059
7220.9644 8.4868 887.7259 149.69965 34.64907
7150.8003 5.27439 889.08704 154.80627 34.64907
7091.779 8.4868 823.8728 209.15222 30.0373
7095.322 5.92998 825.0305 210.78455 30.0373
7091.777 8.4868 823.8728 209.1521 30.0373
7093.112 6.03521 825.52234 210.38281 30.0373
7096.1704 5.92998 826.6801 214.9588 30.0373
7172.747 4.3254 838.8487 203.83307 30.0373
7118.6704 4.3254 864.8507 218.95276 30.0373
7245.7373 4.3254 861.84546 237.37585 30.0373
7421.9355 9.08314 849.2269 294.45972 30.0373
7342.2534 3.11481 872.88104 228.45306 30.0373
7408.156 3.11481 850.997 237.13239 30.0373
7427.1743 4.3254 888.426 239.7666 30.0373
7510.417 9.08314 870.3304 232.13043 34.8891
7484.732 9.08314 880.43787 237.40247 34.64907
7613.626 9.08314 900.5538 242.33917 38.50505
7397.625 9.08314 835.38495 264.26447 29.28648
7401.3506 5.80426 828.81146 273.77667 29.28648
7424.0786 5.80426 848.55365 261.86847 30.21963
7446.8687 5.80426 832.1694 276.32587 29.28648
7539.605 5.80426 924.90515 201.10364 38.33129
7395.764 5.80426 917.221 198.44989 35.22947
7218.4473 5.80426 902.52954 140.78943 35.22947
7339.166 8.4868 889.5842 149.21814 35.22947
7413.169 6.82983 912.69434 201.67432 35.22947
7486.9663 6.82983 911.53284 209.30713 35.22947
7470.582 9.09407 902.32947 225.39685 35.22947
7495.417 6.03521 916.4085 199.96832 38.01073
7531.0386 9.09407 903.7947 237.26941 38.01073
7557.509 4.3254 924.5035 214.3039 38.01073
7306.348 4.3254 847.8156 290.72552 26.77596
7285.4805 3.6656 839.3532 228.03998 26.77596
7380.7466 3.6656 850.5926 237.95123 30.22584
7341.2563 9.09407 846.14844 246.35706 26.77596
7291.93 9.09407 799.12024 278.36328 26.1624
7371.404 9.09407 850.60394 290.63934 26.91926
7183.2124 10.47395 829.31213 335.63 26.7055
7297.8896 9.09407 805.0795 271.7044 26.7055
7332.9585 9.09407 796.55804 342.3686 26.7055
7390.686 4.3254 823.19714 267.31897 26.7055
7365.247 4.3254 856.5099 275.6089 27.54886
7356.396 5.27439 853.12274 277.09332 27.54886
7417.2017 9.09407 857.9728 283.04224 27.54886
7375.7686 9.09407 834.2657 270.35126 30.3828
7418.014 9.09407 818.66205 287.95367 28.45995
7448.7783 9.08314 821.979 288.44287 27.54886
7278.9443 9.08314 856.9021 246.91724 26.91926
7309.247 3.11481 846.9286 236.99219 27.54886
7262.2646 3.11481 849.32184 234.5307 27.54886
7139.425 9.08314 862.9503 295.06287 26.91926
7132.1294 9.09407 868.45636 288.06866 26.91926
7274.799 9.09407 861.46967 242.27911 26.91926
7180.3047 9.09407 853.23914 235.16577 26.91926
7178.568 9.09407 838.74457 230.29816 26.91926
7225.2983 9.09407 824.78516 226.29834 26.91926
7049.6343 10.19582 835.68243 266.95636 26.77596
6763.381 9.45388 815.6525 213.9588 26.77596
6959.167 9.08314 812.00977 243.65369 26.77596
7012.1997 9.08314 783.67303 227.39581 26.77596
6973.6885 10.47395 777.0677 241.47797 26.77596
6919.4487 10.47395 782.40564 242.55115 26.77596
7133.369 10.47395 821.6738 253.35803 26.77596
6871.7617 10.47395 793.1754 238.23694 25.17749
6714.9243 10.47395 780.3068 217.72644 25.17749
6633.8457 10.47395 771.7976 216.80682 25.17749
6266.6353 10.47395 750.6284 190.3031 24.15528
6328.6777 9.45388 748.2235 187.77777 27.13057
6340.057 8.4868 750.2436 189.05756 27.13057
6337.208 8.4868 750.66595 184.76105 24.65902
6382.494 9.11921 739.44434 192.60815 27.13057
6412.8037 9.11921 742.45044 192.71509 24.65902
6508.9854 9.11921 770.67816 196.36719 24.65902
7476.783 4.3254 783.4699 321.70123 28.78408
7529.9917 4.3254 867.93317 246.50226 33.09188
7480.2197 4.3254 899.882 275.23663 33.09188
7443.4976 3.6656 912.7151 193.03296 34.8891
7450.2593 3.6656 913.95654 209.17615 33.09188
7427.534 3.6656 902.9735 196.55408 33.09188
7193.126 3.6656 896.1691 155.01044 33.09188
7268.994 5.80426 920.4885 94.5788 38.33129
7226.5845 6.03521 905.228 127.74597 38.33129
7370.342 6.03521 925.51483 181.3963 42.38684
7226.5854 6.03521 905.22797 127.74603 38.33129
7171.113 6.03521 906.7135 108.671875 38.33129
7174.3853 6.03521 902.4854 104.71167 38.33129
7316.5254 6.03521 905.63904 138.98816 38.33129
7123.1987 10.24273 870.7925 150.35236 33.09188
7355.844 10.24273 880.176 166.48999 38.33129
7335.6567 10.24273 883.1885 161.04224 33.09188
7360.676 3.11481 908.20636 163.27997 35.22947
7364.2754 10.24273 878.3771 177.86853 35.22947
7323.2534 10.24273 911.3908 152.61371 35.22947
7254.002 10.24273 888.09845 179.22784 33.09188
7347.528 5.80426 903.4247 176.51892 34.64907
7262.184 10.19582 818.0809 245.72772 30.40059
7292.7505 10.19582 866.1399 223.26025 30.77288
7456.416 9.09407 889.8344 235.42438 32.59545
7383.9565 10.19582 842.6302 355.89886 32.59545
7346.728 10.19582 811.1111 351.94348 30.77288
7526.609 9.09407 916.7483 173.08191 38.33129
7467.0654 5.80426 922.801 188.51367 39.91042
7462.6206 5.80426 918.4378 159.97662 38.33129
7377.4116 5.80426 921.0597 163.25208 38.33129
7472.5864 5.80426 923.65857 160.80798 48.67773
7545.1924 5.80426 914.3833 175.08655 38.33129
7564.63 4.13811 925.9687 217.41632 38.33129
7467.5605 6.03521 863.7562 231.19312 34.64907
7589.2856 6.03521 908.89484 243.16547 38.33129
7564.538 6.03521 905.83966 247.82233 35.22947
7563.129 6.03521 904.433 236.46643 38.01073
7419.318 9.04912 893.0823 218.49866 38.01073
7439.2827 9.09407 904.15607 220.18744 34.64907
7381.8354 10.19582 901.17596 231.51752 34.64907
7251.6025 10.19582 860.17926 266.41644 30.40059
7290.7256 9.09407 880.44543 230.10791 30.40059
7240.5703 9.09407 876.0913 229.93372 30.40059
7201.504 10.19582 855.825 265.00897 30.40059
7104.265 10.19582 840.81793 229.02997 30.40059
7187.9854 9.09407 848.1633 211.73291 30.40059
7239.961 9.09407 852.5175 213.14056 30.40059
7196.813 10.19582 860.396 281.73425 30.40059
7265.539 10.19582 843.0239 314.02258 30.0373
7254.1636 10.19582 829.4665 258.27814 30.0373
7213.891 10.19582 854.75903 289.86426 30.0373
7320.5664 10.19582 839.9067 302.04388 30.0373
7474.921 3.11481 916.9833 185.87842 35.22947
7472.621 3.11481 901.564 179.2337 35.22947
7491.2563 3.11481 906.03577 181.04163 35.22947
7537.1274 3.11481 911.16785 181.86865 35.22947
7386.6895 3.11481 884.36835 177.61737 35.22947
7342.903 5.80426 888.8016 166.15509 33.09188
7499.8267 5.80426 892.8659 244.38287 33.09188
7463.736 5.80426 895.71246 255.40472 33.09188
7509.075 6.03521 886.7609 242.58063 33.09188
7356.4517 6.03521 882.86694 167.51416 33.09188
7430.8096 6.03521 908.1731 152.51404 38.33129
7425.277 8.4868 913.437 151.71509 38.33129
7208.2583 8.4868 844.9762 212.68909 30.22584
7115.6836 5.80426 831.9321 208.87354 30.0373
6972.329 3.11481 847.3749 166.13245 30.0373
6986.0615 3.11481 838.34595 161.47333 30.0373
7047.1963 3.11481 839.4389 193.88348 26.77596
6897.1616 3.11481 802.8087 209.13617 25.31491
6868.426 3.11481 810.85583 212.65729 25.31491
6858.505 3.11481 799.333 208.43054 25.31491
6844.8584 3.11481 801.7576 192.35803 25.31491
6714.0283 5.80426 794.4908 224.29706 23.49004
6422.637 9.11921 730.9696 214.3675 22.69691
6101.873 10.24273 708.9606 220.2799 20.47737
6173.1997 3.11481 701.7153 196.3269 20.47737
6050.3813 3.11481 691.5365 195.26141 20.47737
5962.379 8.79305 688.94604 218.42499 20.47737
5912.075 10.63054 682.8362 209.93622 20.47737
5892.2114 6.03891 680.1037 202.70984 20.47737
6005.0015 12.69145 666.0534 244.58984 20.47737
5919.472 13.2049 680.2256 205.89941 20.47737
5918.648 13.2049 681.1914 207.0932 21.84527
6127.3 13.2049 702.97546 232.78784 22.6857
6360.0713 10.24273 750.2572 196.26752 22.6857
6494.0674 9.09407 763.0382 238.02435 22.6857
6250.507 9.04912 768.6974 196.1023 24.43549
6382.8403 9.04912 775.00165 195.74414 25.17749
6448.1094 5.80426 771.86536 195.82635 24.65902
6232.5366 5.80426 747.3241 182.39752 24.43549
6359.5664 5.80426 753.4257 189.48767 22.6857
6297.536 8.79305 755.6915 196.59741 22.6857
6510.459 8.79305 769.30493 246.98279 22.6857
6442.973 8.79305 756.9356 224.43433 22.6857
6715.436 9.04912 790.42413 222.39087 22.69691
6659.5303 8.25139 780.0201 215.5274 22.69691
6703.4766 9.11921 786.01764 218.54962 22.69691
6690.827 9.11921 795.3774 199.66193 23.45232
6730.5244 9.11921 780.8614 229.85309 23.45232
6723.083 8.25139 794.43164 230.83545 24.15528
6884.8315 9.11921 816.7066 208.43573 26.91926
6857.6694 9.11921 811.4335 247.89026 26.77596
6803.6406 9.11921 796.5241 233.43561 24.15528
6846.714 4.3254 796.5049 250.72241 24.15528
6774.479 10.19582 784.1993 218.23022 24.15528
6830.528 5.80426 798.626 220.50983 24.15528
6905.5625 5.80426 809.5549 207.83673 26.91926
6802.0386 5.80426 813.9165 216.68762 24.65902
6691.605 5.80426 788.79456 219.9151 24.15528
6802.0728 5.80426 820.435 220.45428 24.65902
6871.558 5.80426 810.4615 212.7008 26.31472
6970.071 5.80426 823.5199 298.15588 24.15528
7010.0386 4.3254 826.5196 300.88397 24.15528
7148.4077 4.3254 853.4395 305.86542 26.31472
7134.9556 4.3254 832.9121 296.8932 25.06802
7011.554 4.3254 830.9095 313.85638 24.15528
6973.3994 3.41494 830.05334 299.95605 24.15528
6983.899 3.41494 842.48785 320.7166 25.06802
7009.8345 3.41494 833.18494 306.2196 24.15528
6901.903 3.41494 821.9457 276.92957 24.15528
6862.345 3.41494 792.48517 243.85846 24.15528
6702.126 3.41494 808.06024 213.85028 24.15528
6762.8916 3.41494 810.051 206.92914 25.31491
6748.339 3.6656 832.5249 205.88354 25.31491
6757.0884 3.6656 821.0021 207.25769 25.31491
6837.6494 3.6656 840.24054 203.67682 26.88716
6959.795 3.6656 828.67255 208.45758 28.3981
6936.1074 3.6656 804.3091 197.9563 26.77596
6811.844 3.6656 796.0883 188.87463 26.77596
6742.4087 3.6656 835.4955 177.86511 26.77596
7117.846 5.80426 868.9023 287.2376 26.77596
7103.0264 5.80426 870.8575 309.08234 26.77596
7134.5806 8.4868 852.444 254.927 26.77596
7261.4106 8.4868 827.6121 240.7945 26.77596
7288.341 5.80426 858.4231 244.44495 26.77596
7170.2725 5.80426 803.0578 228.73163 26.77596
7054.7334 8.4868 801.4581 228.5105 26.77596
7153.721 8.25139 805.093 228.05383 26.77596
7032.2075 8.25139 815.9764 247.55072 25.31491
7200.854 8.25139 847.21735 249.55585 25.31491
7069.205 8.25139 791.8876 234.62268 25.31491
6924.635 8.25139 777.95886 236.64264 24.15528
7010.494 8.4868 787.432 237.87378 24.15528
7069.2056 8.25139 791.8876 234.6228 25.31491
7065.346 8.4868 794.88544 230.01324 25.31491
6990.8647 8.4868 796.4583 239.0174 25.31491
6892.0693 3.41494 771.84576 229.01721 24.7394
7619.2935 5.80426 918.47974 220.05225 38.33129
7523.6934 5.80426 891.8026 243.27734 33.09188
7479.0938 6.03521 890.847 244.24689 33.09188
7475.969 9.09407 886.0123 243.0293 33.09188
7471.803 6.82983 869.25073 238.21484 33.09188
7486.791 6.82983 878.5084 240.38184 34.64907
7465.6387 9.08314 890.0398 244.88782 34.64907
7497.4854 4.3254 887.4788 242.01666 34.64907
7492.3286 5.80426 897.0644 245.2525 34.64907
7458.857 5.80426 897.4289 241.763 34.64907
7505.639 5.80426 874.5926 229.01715 35.26114
7496.4326 5.80426 871.19244 226.36517 35.26114
7570.196 4.3254 862.42694 234.30597 35.26114
7626.939 4.3254 919.17096 215.73212 38.33129
7516.133 4.3254 844.35016 261.6147 29.28648
7507.129 9.09407 819.9866 303.36304 29.28648
7461.285 5.27439 867.34357 263.8399 29.28648
7570.8213 6.03521 874.6158 236.56195 38.01073
7545.871 6.03521 893.06976 205.2464 38.01073
7441.1523 9.09407 862.61383 229.60443 30.40059
7408.2183 9.09407 871.9983 299.6023 30.40059
7222.841 12.2174 833.3956 204.05444 30.40059
7203.9126 12.2174 838.0822 227.17694 30.40059
7227.5303 12.2174 837.04004 226.38977 30.40059
7330.6924 12.2174 844.28064 322.3097 30.40059
7132.2007 13.97221 813.6483 262.0265 30.52903
7085.928 15.83616 767.37726 293.3084 30.40059
6972.795 13.25628 818.9818 268.10583 30.0373
6967.7266 13.25628 819.54285 267.10632 30.0373
7025.8843 15.83616 773.8074 282.2572 30.0373
7185.2744 13.25628 805.27576 335.43713 30.0373
7313.934 13.81957 803.2178 361.38757 30.0373
7140.361 13.81957 834.02466 282.64185 30.0373
7076.427 10.47395 833.5035 268.48724 30.0373
6971.39 10.47395 825.0477 235.99854 30.0373
6957.2495 10.47395 814.9824 235.54639 30.0373
6990.185 10.19582 834.8765 222.0788 30.0373
7059.978 10.19582 850.6147 225.46307 30.0373
6989.8696 10.19582 800.21967 221.43921 30.0373
7004.446 10.19582 814.7982 203.18219 30.40059
7014.5884 10.19582 850.0043 211.53027 30.40059
6842.563 10.19582 820.8851 170.29132 30.40059
6820.999 10.19582 824.60974 171.77722 30.40059
6950.8545 10.19582 835.5955 176.04218 30.0373
6950.139 10.19582 837.2601 173.9917 30.0373
6873.878 12.62948 815.4146 191.23694 30.0373
6756.4004 12.62948 779.7556 228.92694 24.7394
6531.2334 13.81957 754.22705 228.9859 24.7394
6585.313 13.81957 747.5933 240.92621 24.7509
6674.1025 13.81957 751.4882 244.43866 24.7509
6626.0825 11.83952 759.49817 223.99976 24.7509
6628.1245 11.83952 757.57715 224.3186 26.1624
6638.1777 11.83952 755.1061 223.2456 26.31472
6791.506 10.24273 781.5053 221.7619 26.1624
6780.8594 10.24273 783.9765 223.75568 26.31472
6729.633 10.24273 793.02277 243.49786 24.15528
6778.154 10.24273 785.89764 223.4367 24.7394
6829.062 10.19582 795.3529 238.39319 24.7394
6894.4497 10.19582 787.34296 242.05865 24.7394
6742.478 10.19582 794.1872 228.32745 24.65902
6750.915 10.19582 791.71606 239.23499 24.15528
6788.1665 10.19582 768.66003 211.1225 24.7394
6675.2373 12.62948 751.28534 223.56946 29.36699
6641.5205 12.62948 762.77295 209.27899 28.17564
6613.7935 12.62948 761.3614 207.69153 28.17564
6429.8916 12.62948 726.8308 222.38141 21.60812
6388.796 6.82983 740.1774 214.61542 21.60812
6561.9067 6.82983 756.0414 189.3988 24.19617
6516.677 6.82983 742.88635 215.32098 21.60812
5957.01 13.97221 688.38214 224.4414 20.68348
5954.864 14.39771 671.25 233.55853 20.47737
6154.1177 13.25628 725.6931 216.44537 22.91576
6245.206 10.63054 708.9069 212.11554 22.91576
6300.669 13.97221 732.7251 189.763 24.7394
6256.512 12.69145 729.4198 189.35022 24.7394
6034.183 12.69145 691.41473 192.90466 24.41807
6013.226 12.69145 686.3157 193.86017 20.82905
6387.822 7.04364 738.3218 206.78473 21.60812
6367.6357 7.04364 730.54877 197.81049 20.82905
6404.3003 7.04364 734.9319 212.19366 20.82905
6464.792 7.04364 739.12396 237.86804 20.82905
6464.3945 7.04364 735.52576 239.39734 20.47737
6382.079 7.04364 734.536 203.8584 20.47737
6383.209 7.04364 730.3284 204.81763 20.47737
6323.757 8.79305 713.9526 243.3617 20.47737
6292.48 8.79305 718.24585 238.81036 20.65559
6290.4985 8.79305 716.26624 237.39697 20.47737
6285.4746 12.62948 719.1949 224.18317 20.47737
6302.6675 12.62948 726.7674 206.08905 23.21754
6353.59 10.63054 721.2001 215.96753 23.21754
6611.5596 12.62948 727.03375 238.61737 23.21754
6114.9756 15.96159 645.7406 273.89252 20.65559
6140.642 15.96159 645.55316 271.71442 20.79233
6216.3096 16.28759 718.05725 230.73248 23.49004
6387.9487 14.88415 738.2423 219.69415 30.40059
6387.3813 14.88415 738.8713 218.67938 30.40059
6119.0254 14.88415 689.01294 206.59857 30.40059
6092.034 14.88415 684.19836 214.58588 30.0373
6094.107 14.09013 686.62915 212.26587 30.0373
6072.5303 14.09013 682.75867 208.26721 23.49004
6060.9365 15.54405 686.08923 211.8183 23.49004
5966.86 15.54405 639.2257 257.497 18.75478
5852.9663 12.91739 643.2794 255.73138 18.75478
6131.421 10.83634 652.6037 300.43524 18.24545
6316.9946 5.92998 686.6112 281.83667 18.24545
6145.8276 10.83634 638.9953 282.4275 18.24545
6131.1235 10.24273 636.68005 281.5503 18.24545
6159.983 12.2174 661.9136 269.70142 19.04572
6323.0693 7.04364 677.63745 266.73523 19.04572
6393.091 7.04364 691.5356 270.42468 19.04572
6370.7183 16.64856 653.0986 344.91522 18.78206
6077.9365 18.24545 627.23145 300.3554 18.78206
6090.1357 17.29279 628.6516 302.53882 18.78206
6120.0415 16.21669 629.93805 296.31506 18.78206
6273.5737 17.00725 647.24805 347.49188 17.37529
6289.9214 17.00725 649.2225 351.8012 17.37529
6254.213 14.57689 670.04236 310.23474 17.37529
6220.355 14.57689 666.9609 310.2022 17.51422
6619.1885 18.24545 693.1862 375.3271 17.51422
6711.2373 18.37289 744.4754 344.0484 30.2279
6349.4453 19.04572 649.9903 393.8405 22.53658
6074.2095 19.70974 605.8542 352.33673 19.04572
6106.467 17.37529 655.26025 309.14948 19.04572
6166.216 17.37529 659.45233 309.48584 19.99211
6177.037 17.37529 657.60754 312.81866 19.04572
6563.7886 19.04572 675.88904 394.214 22.53658
6571.9844 19.04572 677.9622 396.7708 18.24545
6782.174 11.83952 745.08856 286.54462 20.82905
6821.3955 8.4868 745.93225 289.47693 20.82905
6719.9717 16.53516 732.86847 297.35565 20.82905
6724.2354 16.53516 760.73145 299.0813 21.60812
6784.344 16.53516 764.9235 300.65094 21.60812
6784.9766 16.53516 757.62445 298.5434 23.03474
6816.3594 8.79305 759.99713 278.77948 20.82905
6796.9673 8.79305 757.9636 276.08203 22.13576
6827.973 11.44046 764.95825 297.5481 22.13576
6803.7705 11.44046 766.8029 289.7282 22.13576
6907.352 11.44046 761.4625 320.72314 22.13576
6739.763 11.44046 741.75415 283.61975 20.82905
6856.5156 10.98809 769.138 233.69897 26.88716
6714.508 11.83952 742.2578 280.82574 20.82905
6603.604 16.55372 721.6432 300.2173 21.60812
6449.547 15.96159 713.48975 268.7704 21.60812
6685.9224 15.83616 731.7673 291.3755 21.60812
6608.8887 15.83616 726.1523 258.0016 20.82905
6642.089 15.78782 744.6639 265.09296 25.25763
6514.8203 15.78782 737.3319 249.72156 23.21754
6517.7144 15.78782 732.4414 244.13556 23.03474
6483.424 15.78782 732.828 250.01007 23.03474
6575.8154 10.83634 743.80273 230.03802 23.03474
6668.9233 10.98809 753.3301 230.896 23.03474
6899.9316 10.98809 767.88525 241.83875 23.03474
6824.333 10.98809 744.8502 292.31934 22.6624
6861.5767 4.3254 768.9136 229.24457 24.81566
6830.5503 10.47395 763.50916 234.25153 24.81566
6907.0063 10.47395 783.54926 218.47186 26.7055
7006.1865 6.03521 799.92444 202.8919 27.37853
6941.8374 6.03521 786.5653 213.32355 26.7055
6910.9326 6.03521 777.9019 235.03516 25.06802
6929.035 6.03521 768.5931 234.50787 25.06802
6873.2124 6.03521 765.4115 223.63513 25.06802
6898.493 6.03521 769.8216 231.55884 25.06802
6782.793 12.62948 760.1486 246.8404 24.65902
6721.5137 10.93273 752.57654 235.08264 24.19617
6773.762 10.93273 762.30707 217.82953 27.54886
6760.0137 12.62948 755.45416 242.0658 27.54886
6853.598 10.98809 773.70935 224.85059 27.54886
6866.122 10.98809 776.686 229.98889 28.78408
6864.903 10.98809 767.1178 226.1413 25.99143
6928.8994 10.24273 776.31 221.81543 27.26857
6787.871 10.24273 783.99396 222.99927 27.26857
6828.7607 10.24273 772.22797 214.83252 27.26857
6928.8984 10.24273 776.31006 221.81537 27.26857
6787.8726 10.24273 783.99396 222.99933 27.26857
6810.6504 10.24273 791.02856 224.45447 27.26857
6867.878 10.24273 777.2125 218.3377 27.26857
6861.5874 10.24273 791.476 225.49933 29.39395
6993.086 10.24273 791.26483 209.3117 29.39395
7009.327 10.24273 797.1608 210.27893 30.2279
7006.6904 10.24273 795.73773 208.28778 30.2279
6949.386 10.24273 791.6384 198.35718 30.2279
6826.4062 10.24273 764.8854 211.68286 28.78408
6769.3467 10.24273 748.85034 218.4425 26.91926
6703.971 10.98809 757.6146 231.03088 23.21754
6945.5205 9.09407 788.53156 248.7669 23.21754
6955.494 9.09407 785.54144 245.45673 23.49004
6702.573 10.98809 762.68475 228.15051 23.49004
6599.483 12.62948 744.4295 245.36572 23.49004
6466.046 12.62948 737.10596 239.74597 23.49004
6527.4575 12.62948 742.6284 240.00507 23.49004
6796.1904 9.09407 774.75385 243.07062 23.49004
6627.46 10.98809 759.6569 224.01654 23.49004
6539.5493 10.98809 755.2244 217.19727 23.49004
6573.5396 10.98809 753.9111 206.37921 23.49004
6657.8066 10.98809 767.4646 205.29028 29.39395
6812.785 10.98809 774.3228 219.07397 29.39395
6691.8315 12.62948 742.29254 241.51947 24.65902
6542.8066 13.25628 740.23474 247.23431 24.15528
6721.2295 12.62948 754.2566 241.88928 24.15528
6641.032 12.62948 739.6159 259.7177 23.21754
6637.428 12.62948 753.44055 254.41998 23.03474
6601.981 12.62948 750.7988 252.13 23.03474
6612.718 12.62948 714.846 273.9134 21.85575
6733.0464 12.62948 750.9929 274.63904 21.85575
6730.905 18.37289 689.3888 402.51147 24.65902
6735.349 18.37289 685.8169 408.6859 24.15528
6735.473 18.37289 690.09045 420.33582 24.15528
6378.843 18.37289 667.06067 342.58344 20.82905
6211.755 18.37289 632.0813 322.5912 23.03474
6388.8364 20.82905 639.30304 363.03467 19.99211
6399.567 20.82905 641.89594 362.21442 23.21754
6459.173 19.99211 677.5326 365.48694 22.63494
6438.8047 19.50135 693.0118 333.5639 23.03474
6320.9116 19.50135 656.4375 414.09155 22.13576
6595.502 19.50135 713.02167 308.41235 25.17749
6619.9883 17.51422 723.7176 293.66913 28.3981
6455.1104 18.66649 659.7785 357.8399 21.85575
6658.0493 13.81957 757.4977 261.45636 24.7394
6574.539 13.81957 753.8485 257.24756 24.7394
6495.826 16.55372 656.3314 331.83423 19.35933
6655.716 16.55372 720.2766 295.56042 21.85575
6792.904 13.25628 740.81195 274.72308 24.41807
6686.737 13.25628 728.87115 285.65277 20.82905
6697.8433 13.25628 740.0274 264.77502 23.03474
6616.2944 13.25628 736.8738 259.95782 23.03474
6613.7407 13.25628 734.3182 245.95184 22.91576
6625.578 13.25628 724.5206 266.84534 22.91576
6697.4937 13.25628 778.34766 267.23022 22.91576
6595.532 10.98809 767.00854 254.11151 22.91576
6375.554 13.25628 745.78754 237.242 22.91576
6380.9106 13.25628 743.86646 235.77875 24.09773
6392.38 13.25628 749.62933 235.8147 23.86004
6268.7183 13.25628 732.25464 220.55414 23.86004
6428.6533 12.62948 749.87225 200.02722 23.86004
6457.4033 12.62948 749.03 224.43341 23.86004
6589.163 12.62948 760.61426 263.2224 23.90247
6558.982 12.62948 758.20245 262.52002 23.90247
6644.611 12.62948 776.2905 243.68988 24.65902
6661.655 12.62948 776.56433 251.98071 24.65902
6630.355 12.62948 781.4954 252.8653 24.65902
6498.942 12.62948 773.03674 197.42346 24.65902
6608.343 12.62948 782.43646 197.68378 24.65902
6756.2188 10.98809 791.50433 245.95319 24.65902
6625.9287 10.98809 780.5604 243.6305 23.86004
6726.135 10.98809 764.3711 236.63348 23.86004
6701.642 10.98809 785.7041 271.26965 23.86004
6625.9277 10.98809 780.5604 243.63037 23.86004
6614.0146 10.98809 768.69244 243.57666 23.86004
6747.3154 10.98809 782.6019 242.93396 24.65902
6964.268 9.09407 814.7873 247.69464 24.65902
7065.257 9.09407 818.42755 264.82892 24.65902
7131.1343 9.09407 827.8591 244.86444 26.77596
7085.9893 13.25628 810.9645 280.87817 26.77596
7044.8516 12.69145 807.4889 280.24292 26.77596
6939.5938 12.69145 815.4715 274.93317 26.77596
6885.055 13.25628 769.979 257.76343 26.77596
7105.1694 13.25628 846.94946 252.68616 30.40059
6880.5986 15.83616 740.95746 278.36737 30.52903
6901.7773 14.55034 762.13684 253.50769 30.52903
6785.913 14.55034 772.1851 269.7885 28.3981
6889.553 15.33938 764.0202 281.40558 28.3981
6877.092 15.33938 770.25616 272.56708 28.78408
6838.8076 15.83616 766.94104 285.13928 25.99143
6847.1274 15.83616 757.24036 291.1637 24.15528
6888.4995 15.33938 749.94476 289.2022 26.1624
6775.1855 13.25628 764.59155 256.346 24.65902
6700.7925 14.55034 737.50714 257.3203 28.45995
6683.2036 14.39771 747.5153 250.16333 24.7394
6739.828 13.25628 790.9792 277.20355 24.15528
6602.96 14.55034 737.16095 249.37402 24.65902
6588.6445 13.97221 753.5189 248.57349 22.91576
6430.77 16.25401 710.2326 266.31177 22.91576
6368.1255 16.55372 709.0144 270.7342 20.82905
6385.237 16.55372 671.49677 306.19434 19.14834
6469.7188 16.55372 677.67346 308.39075 19.14834
6582.3413 16.64856 692.5038 370.55847 19.26933
6814.2656 13.81957 722.04425 375.71613 19.26933
6662.354 15.3043 694.4348 377.5957 19.26933
6549.923 16.64856 668.1893 367.31415 19.14834
6726.0234 16.53516 691.01465 369.66626 19.26933
6582.6685 14.09013 706.5558 308.37158 19.52733
6458.1445 16.55372 665.66315 303.51593 19.99211
6263.967 18.24545 661.21423 375.12866 19.52733
6245.119 18.24545 663.7799 372.68933 19.52733
6042.075 17.51422 663.6352 276.0241 22.53264
6302.0674 17.51422 665.7109 321.28027 19.99211
6302.0674 17.51422 665.71094 321.2801 20.68348
6242.781 17.51422 666.046 320.61896 19.99211
6091.9766 19.07155 649.2299 322.40442 24.65902
6042.9805 19.99211 643.3336 333.7732 31.96211
6222.9614 20.68348 650.40106 334.4784 20.82905
6283.5493 19.99211 658.1334 361.43634 24.83813
6306.2495 18.70247 669.0802 324.7348 24.7394
6357.8726 19.12933 677.9534 330.19623 24.7394
6267.2544 19.12933 654.65 334.57086 16.68589
6345.399 19.12933 661.04846 333.36835 24.15528
6445.7944 19.12933 644.60504 355.03223 24.09773
6397.5283 19.12933 641.4053 349.38947 19.35933
6530.358 21.85575 651.89056 471.73285 21.85575
6819.1685 16.64856 738.51086 324.53308 23.21754
6532.7466 20.82905 654.27905 450.98145 23.21754
6554.953 22.13576 676.48663 453.61163 22.53264
6571.074 18.37289 709.736 349.04865 20.82905
6511.056 18.37289 705.1931 347.8297 20.82905
6664.669 18.37289 730.3178 338.76825 23.21754
6888.292 16.55372 751.4306 317.8559 23.21754
6643.11 15.33938 746.267 273.653 23.21754
6581.922 16.55372 733.87384 270.68756 23.21754
6739.0024 18.24545 755.9067 311.43597 20.82905
6795.1187 18.24545 756.59393 319.48956 22.14375
6807.9688 15.33938 758.9679 308.23206 20.82905
6857.4614 17.51422 744.9196 359.47186 26.77596
6786.99 18.24545 686.70325 394.30103 19.70974
6285.4136 15.3043 650.2693 296.30536 19.04572
6697.6074 18.24545 680.95886 405.94287 17.51422
6343.938 17.00725 652.8666 307.19324 19.04572
6358.3413 16.55389 654.7881 306.14886 18.75478
6417.421 5.80426 679.56537 279.55273 18.75478
6552.3467 16.53516 669.11426 322.60956 18.75478
6514.886 16.53516 668.2803 314.01038 19.25949
6400.249 16.53516 656.5409 316.81677 18.75478
6377.6655 13.97221 685.7621 287.50867 18.75478
6511.789 13.97221 700.25616 278.30548 19.04572
6468.1875 12.69145 697.45917 277.27765 19.04572
6559.3555 13.97221 698.6458 307.6662 19.04572
6776.889 13.97221 716.3996 417.19403 18.37289
6595.9756 16.55389 686.85364 368.6886 17.51422
6662.172 5.27439 715.6323 393.06494 17.51422
6743.0737 15.83616 723.7168 397.81824 18.37289
6611.1094 15.83616 709.8237 427.13513 17.51422
6611.1343 16.64856 681.67145 371.65375 17.51422
6475.641 15.83616 702.4574 311.85114 17.51422
6235.036 17.37529 668.18134 325.21002 17.51422
6396.5854 12.6661 673.72375 445.27148 17.37529
6386.6196 23.21754 664.5358 448.16364 18.37289
6250.428 19.12933 655.2762 378.4278 16.64856
6301.3726 19.26933 656.15326 346.75458 22.53658
6275.6445 19.26933 659.41675 330.6996 19.70974
6282.0996 19.26933 660.56903 324.67438 20.68348
6156.8335 22.53658 621.41016 354.0996 22.53658
6205.983 22.53658 626.972 356.9001 19.70974
6263.625 23.21754 639.5048 359.91156 19.70974
6348.441 23.03474 646.1171 360.70648 19.70974
6262.49 23.03474 636.60016 357.65637 19.70974
6136.3545 20.79233 624.9891 358.09454 17.00725
6159.648 20.65559 626.9699 353.5545 17.00725
6227.219 20.65559 633.005 353.00433 24.65902
6141.512 20.65559 626.3927 352.20935 20.65559
6216.574 23.21754 633.943 356.63074 24.54395
6202.7705 22.6624 631.6217 352.84247 24.41927
6263.625 23.21754 639.5049 359.91132 24.65902
6346.1367 19.12933 664.3411 334.55414 19.70974
6385.314 15.3043 689.34283 302.08673 19.14834
6366.6934 15.3043 680.6553 315.64093 17.37529
6720.963 15.83616 714.7292 337.2475 19.70974
6561.5654 15.96159 691.81946 321.65833 19.99211
6857.823 16.55372 709.3075 382.4746 19.99211
6967.464 16.64856 754.5283 317.17273 28.3981
7240.7446 15.83616 789.37885 321.69537 24.15528
7180.9697 15.83616 785.44556 318.09558 24.15528
7020.1885 16.53516 761.57715 314.88403 23.21754
6685.301 16.53516 741.57196 268.53583 23.21754
6704.73 16.21669 734.2761 298.02075 23.21754
6722.581 16.21669 752.1253 275.9472 24.15528
6857.184 15.83616 747.01575 297.5183 24.15528
6716.2046 14.55034 753.2583 259.61212 24.15528
6640.5005 14.55034 747.059 252.04541 30.21963
6390.071 14.55034 707.1196 228.72601 28.45527
6400.12 14.55034 736.2104 223.16815 30.52903
6270.8457 13.97221 723.0434 219.94513 24.15528
6251.7 13.97221 724.2008 221.22589 23.49004
6333.274 14.55034 731.22955 214.18585 24.19617
6263.8594 14.55034 716.77747 224.52985 24.15528
6332.435 12.62948 736.1555 187.9123 24.15528
6312.485 12.62948 736.0188 182.57886 24.15528
6390.127 8.4868 745.57947 180.91931 24.15528
6427.191 8.4868 751.6824 192.04095 24.15528
6456.366 12.62948 733.94244 214.17627 24.15528
6331.0093 12.62948 727.4276 208.7575 23.49004
6536.5176 5.92998 753.3325 198.74432 24.15528
6448.663 5.92998 747.93335 191.21326 24.15528
6393.963 4.13811 744.561 186.0611 24.15528
6411.899 5.27439 745.6125 189.80963 24.15528
6656.895 5.27439 765.66846 195.71204 24.15528
6644.577 5.27439 779.9583 198.66284 24.15528
6534.4517 6.03521 769.0502 194.9555 23.49004
6429.203 3.6656 763.361 191.08984 24.15528
6475.374 3.41494 755.4414 194.33368 23.49004
6706.347 18.75478 666.4474 407.34607 23.21754
6842.313 18.24545 756.4048 331.29688 23.21754
7068.3906 8.4868 790.7342 279.8305 23.21754
6936.62 6.03521 779.2337 246.78302 23.21754
7082.7617 6.03521 801.6247 256.2027 23.21754
6973.158 6.03521 788.2476 255.00824 23.21754
6509.3545 21.51581 673.62726 429.66193 20.82905
6527.8223 22.13576 670.0966 454.82 20.82905
6402.27 22.13576 660.28546 452.69147 23.86004
6623.5615 9.45388 754.2298 281.28363 21.85575
6653.235 9.45388 757.2601 281.36737 21.85575
6823.7827 10.24273 773.76764 284.32074 21.85575
6842.8477 10.19582 765.54724 303.3285 21.85575
6806.071 10.19582 743.13556 272.75104 21.85575
6879.0674 10.19582 746.6312 276.81238 21.85575
6959.9746 10.19582 767.2529 273.69458 23.21754
6846.001 16.55372 686.55664 424.50122 19.70974
7052.966 16.55372 773.848 307.58875 25.61572
7115.7114 16.55372 779.9964 339.74445 30.2279
7250.0493 13.81957 856.91327 286.5561 33.09188
7184.821 13.81957 813.64856 339.07776 30.0373
7057.82 16.55372 772.5515 317.87988 30.2362
7081.9346 16.55372 781.6999 317.76447 30.40059
7004.156 16.55372 774.4448 313.5194 30.40059
6794.922 13.97221 791.4846 238.86182 30.40059
7104.9375 13.97221 805.46423 324.7362 30.40059
7004.155 16.55372 774.44476 313.51935 30.40059
6979.8716 16.55372 770.4298 327.20728 22.63494
6912.8745 16.55372 766.7257 318.03357 23.03474
7060.281 13.25628 776.103 335.01038 23.03474
7012.24 15.83616 780.17175 303.84546 23.03474
6795.1914 12.6661 762.24457 321.13092 20.82905
6681.162 12.6661 736.7676 286.2561 22.6624
6881.0205 12.6661 789.8409 229.40533 31.29347
6766.25 12.6661 750.6686 265.89008 23.61153
6643.5317 12.6661 738.5127 240.60754 24.09773
6585.621 12.6661 732.99036 241.6015 23.61153
6614.603 12.6661 740.0119 232.05481 24.15528
6687.014 15.83616 736.5549 250.92535 24.15528
6479.5127 15.83616 720.9227 251.81067 23.21754
6375.2427 16.25401 716.8407 267.57404 23.21754
6282.0 15.01437 713.66064 229.28015 23.21754
6204.622 15.01437 711.74524 216.17352 23.21754
6270.2456 15.01437 710.04877 218.19617 23.21754
6026.76 16.55372 667.8894 237.09833 26.60381
6074.5933 16.55372 688.24414 242.01324 23.03474
6372.9126 16.55372 719.60187 244.03021 23.21754
6374.5967 16.55372 720.4312 239.78662 24.09773
6108.1494 16.94896 672.2022 254.77673 21.85575
6087.535 16.94896 685.3471 256.75775 21.85575
6305.922 16.55372 704.80695 252.06335 21.85575
6412.442 16.55372 702.0146 259.50684 21.85575
6773.7603 16.55372 732.67267 300.88495 22.6857
6963.3145 9.09407 756.1243 271.20624 22.6857
6793.195 16.55372 732.8942 303.61688 22.6857
6599.702 16.64856 719.7653 296.31073 22.6857
6644.766 16.64856 729.6272 293.0786 24.65902
6604.632 16.64856 729.94934 295.01294 23.21754
6559.027 16.64856 734.5352 299.76752 20.82905
6589.144 16.64856 730.6483 301.09033 28.07888
6580.6753 16.64856 722.1777 310.26044 20.82905
6790.6284 16.55372 734.8593 297.24786 24.41807
6843.614 16.55372 744.8022 300.51093 25.61572
6579.365 16.64856 680.2686 348.92548 20.79233
6636.3877 16.64856 683.4683 354.46637 20.79233
6711.838 16.64856 744.6924 305.40344 29.36699
6634.3496 16.64856 682.62726 362.44415 19.70974
6620.5703 16.28759 702.88385 328.44183 20.79233
6593.1914 16.28759 691.9973 325.67035 20.79233
6439.0234 19.70974 646.22626 355.21924 19.35933
6516.141 18.24545 666.47046 361.16724 20.79233
6725.1455 13.81957 794.0061 235.76855 30.40059
6794.508 13.81957 791.3035 229.8393 30.40059
6645.266 14.09013 769.2705 243.44385 30.40059
6609.6973 14.09013 767.05536 258.54877 26.7055
6575.6025 14.09013 735.63025 265.72925 23.49004
6626.7954 14.09013 730.1834 265.74567 23.49004
6638.755 14.09013 742.14264 240.50885 30.0373
6658.5186 14.09013 776.389 256.62103 30.0373
6540.1353 16.28759 734.10565 252.95203 30.0373
6529.774 16.28759 735.2267 255.41339 30.0373
6526.3486 16.28759 731.8019 250.35364 24.7394
6538.939 16.53516 724.587 251.68604 24.41807
6385.877 16.53516 704.0515 257.73474 21.85575
6373.6855 16.53516 706.47614 257.1621 21.85575
6312.8394 17.51422 692.5115 264.5888 23.03474
6390.4355 16.68589 715.7434 242.44403 24.7394
6493.3765 16.64856 730.6595 293.4527 24.7394
6297.9473 16.64856 720.28534 281.83893 27.51733
6226.58 16.64856 714.0951 278.16608 22.53264
6489.0503 16.64856 724.80316 283.22345 28.58257
6456.952 8.79305 732.63806 227.2138 20.82905
6617.6543 10.98809 732.9631 237.51807 21.60812
6518.9937 10.98809 726.8435 234.53467 20.82905
6596.477 10.24273 747.29755 229.88788 23.03474
6526.419 10.98809 741.1279 226.84888 22.13576
6553.695 9.04912 739.7213 224.53796 22.13576
6556.049 10.98809 743.7697 232.82605 22.13576
6606.0947 12.62948 727.78644 272.83228 22.13576
6615.031 12.62948 725.3971 270.7567 22.13576
6644.987 12.62948 743.3181 238.91956 24.65902
6664.4863 12.62948 743.3892 241.53241 24.15528
6547.348 12.62948 742.6974 243.68817 20.82905
6335.4204 13.2049 718.9739 244.42706 20.82905
6386.294 13.2049 700.9883 240.20233 21.60812
6257.6973 13.2049 712.3634 243.63568 20.82905
6386.2944 13.2049 700.9882 240.20245 21.60812
6426.3286 13.2049 705.4969 243.05078 20.82905
6434.5947 13.97221 703.1075 252.47522 20.82905
6213.197 13.97221 672.04156 250.97064 20.82905
6141.7334 13.97221 664.2986 257.16724 19.99211
6289.832 6.03521 682.4206 253.07233 18.75478
6385.834 6.03521 688.46204 257.93835 18.75478
6524.3003 6.03521 710.30914 244.99066 19.70974
6422.9517 10.98809 693.7556 246.24908 19.70974
6753.7485 10.98809 713.91364 373.45197 19.70974
6713.7217 10.98809 711.75635 375.5431 18.70247
6588.785 10.98809 688.1165 319.9082 18.75478
6885.4473 10.98809 726.96985 376.8186 18.43085
6829.828 10.98809 721.3083 376.7182 18.43085
6539.4893 10.98809 698.58466 298.3653 18.75478
6723.2256 5.80426 724.282 284.41394 18.43085
6575.4204 8.4868 703.5798 287.4068 18.43085
6397.3154 10.98809 684.5163 290.18243 18.75478
6695.4844 8.4868 712.9811 290.34753 18.43085
6731.0664 8.4868 722.61804 293.43158 18.43085
6625.143 8.25139 715.75507 286.14362 19.99211
6512.93 10.83634 697.80347 308.65448 18.70247
6507.578 10.83634 705.8506 290.66675 18.43085
6806.433 10.83634 710.4597 331.89575 18.78206
6725.8823 10.98809 723.78296 324.58105 19.50135
6569.7754 10.98809 690.7563 323.2898 18.78206
6478.6104 16.55372 677.85767 330.07703 18.24545
6527.5767 16.55372 684.1809 339.14276 18.24545
6683.0444 16.55372 715.92365 331.00238 19.50135
6706.0044 10.83634 712.8911 347.60583 17.51422
6897.6475 9.09407 728.32965 356.56012 19.50135
6632.1504 15.49201 676.6157 373.30054 18.24545
6648.8613 15.36034 673.27356 380.52405 18.24545
6632.799 17.37529 704.24414 394.4203 18.24545
6825.961 9.09407 699.2354 376.15057 18.24545
6671.332 10.24273 713.59045 340.3717 18.70247
6571.826 10.24273 710.916 290.4336 18.24545
6324.067 10.47395 681.6858 271.15015 19.04572
6249.313 14.57689 673.771 283.32672 19.04572
6271.153 14.88415 674.55444 287.21448 19.04572
6492.6143 14.88415 692.8643 293.86847 19.04572
6577.9077 12.56759 703.08856 292.40094 19.04572
6438.804 15.96159 687.5051 298.474 19.04572
6430.505 16.25401 688.2119 297.005 19.04572
6341.4307 15.01437 685.0582 292.18793 19.04572
6420.948 15.01437 692.14294 292.28046 19.04572
6707.417 16.53516 694.2583 390.88635 17.51422
6738.766 8.66173 714.39874 378.50092 17.51422
6774.536 11.83952 705.15643 327.56842 18.24545
6640.422 13.25628 701.63763 294.2005 19.04572
6750.147 13.25628 711.4718 365.7063 19.50135
6546.727 13.25628 704.15924 320.9704 18.66649
6589.3555 8.79305 708.66785 320.07874 18.66649
6532.8643 8.79305 701.6718 313.69257 17.51422
6502.639 15.36034 685.0754 324.75873 19.50135
6495.1924 10.83634 690.69965 311.67792 17.51422
6609.3315 10.83634 703.59827 301.55963 18.78206
6568.8193 10.98809 707.5022 271.9301 18.78206
6562.88 10.98809 709.612 274.69324 18.78206
6709.1436 9.08314 714.49585 281.48468 18.97013
6755.252 9.08314 724.4262 303.83087 18.97013
6742.7754 9.08314 722.111 305.55243 18.78206
6993.439 9.08314 767.1227 274.71936 23.49004
6888.187 9.08314 742.6156 295.22278 21.60812
