7749.527 170.16061 1636.5306 190.57556 174.13953
7644.72 181.57977 1650.9258 82.15674 177.18243
7567.9497 169.7106 1609.1752 224.43408 171.51328
7788.2656 171.51328 1646.1519 171.84521 184.04543
7644.687 164.20447 1580.6163 194.3407 171.51328
7615.0693 156.74846 1610.1492 236.32849 171.51328
7482.172 171.51328 1577.7909 153.7268 170.16061
7307.4575 164.20447 1563.8838 117.62158 171.51328
7154.4775 164.20447 1543.5514 97.61035 174.7367
7153.869 164.54955 1542.9425 111.87866 171.56995
6958.7446 164.45074 1502.4641 89.94568 171.56995
6952.9077 164.54955 1502.3569 99.72229 171.51328
6978.147 167.26622 1512.7917 68.99133 171.63148
6948.724 167.26622 1513.8687 85.19617 169.99121
6979.884 160.21938 1498.5483 103.20593 169.91818
7091.7495 166.85081 1532.3787 142.31604 169.99121
7191.2666 164.45074 1516.7313 164.22253 169.99121
7208.1055 164.45074 1566.9869 57.994995 178.1485
6987.8237 164.45074 1492.5223 94.14612 171.51328
6994.297 156.74846 1526.4921 68.273315 175.97603
7062.2915 156.74846 1511.5452 84.93921 173.58748
7039.756 156.74846 1520.6063 97.89636 171.51328
6918.181 158.36867 1487.5576 117.55701 169.7106
6993.577 158.1165 1503.5289 95.36377 169.50111
6925.4697 164.54955 1475.4932 118.93103 169.50111
7045.016 165.84038 1496.4595 120.56201 167.26622
7072.0176 163.62434 1472.7568 182.1997 169.7106
7102.1772 165.84038 1474.7881 200.31091 169.7106
7162.658 165.84038 1491.6924 219.38513 169.7106
7064.7896 167.26622 1468.0613 234.61157 169.2478
7045.9893 167.26622 1473.5808 216.62964 169.7106
7032.4917 167.26622 1482.2686 227.10498 169.99121
7086.419 148.37038 1486.3365 192.41272 169.7106
7034.7715 164.54955 1498.0518 164.36621 169.97078
7068.4414 166.60326 1494.0884 210.73291 169.7106
7049.507 166.60326 1485.1051 213.01538 169.50111
7177.732 165.84038 1448.455 301.3966 169.99121
7172.563 157.82498 1467.7963 282.81946 169.62741
7148.4463 157.82498 1450.9197 234.70178 169.62741
7216.7246 157.82498 1442.6158 328.86707 169.62741
7166.9453 157.82498 1499.0701 241.4491 167.26622
7149.457 157.82498 1490.4824 199.96301 169.7106
7322.4673 157.82498 1501.4407 200.7898 169.7106
7335.0396 157.82498 1489.2015 197.52087 169.7106
7182.847 149.51726 1434.0376 235.84985 169.50111
7626.715 171.51328 1591.9589 189.56262 171.56995
7494.0166 157.82498 1497.0127 223.77148 169.7106
7129.2935 169.2478 1544.2369 132.0957 171.56995
7145.3115 169.2478 1538.74 118.89258 171.56995
7104.8706 169.2478 1537.8645 90.11255 174.63663
7117.9106 170.16061 1540.1567 114.782715 175.40486
7149.299 170.16061 1538.5002 133.39014 170.75714
7111.6074 169.97684 1540.3673 107.69055 170.75714
7137.362 169.7106 1541.1804 114.536255 171.56995
7075.197 167.63219 1532.2659 135.07764 170.16061
7057.9663 170.75714 1520.6659 131.27747 170.16061
7028.4604 170.75714 1512.1538 110.28381 170.34453
7048.237 169.7106 1531.9302 73.78015 174.63663
7004.3267 169.7106 1516.1116 92.73413 171.56995
7101.309 166.995 1544.8167 59.93042 185.38005
7076.4883 169.7106 1534.7407 65.11426 192.734
7142.721 169.2478 1533.4929 82.07495 178.8012
7159.014 169.2478 1548.2126 81.22705 185.04375
7229.4844 169.2478 1558.913 122.4447 175.40486
7225.0015 169.2478 1558.9431 119.10156 175.40486
7154.0796 170.16061 1549.7045 142.21838 170.75714
7089.4497 156.076 1521.8818 131.71667 170.16061
7134.116 156.82692 1522.6327 137.02808 170.16061
7674.7256 166.85081 1635.4856 110.04895 182.50279
7723.6333 166.85081 1661.274 132.27563 182.50279
7658.4106 166.85081 1660.3032 112.37927 182.50279
7525.8022 172.14256 1569.9158 208.52441 170.16061
7568.651 158.1165 1574.9907 174.24036 170.16061
7656.821 156.21754 1573.0918 204.02429 171.51328
7776.731 166.85081 1668.4646 157.39172 182.50279
7742.6797 166.85081 1634.4132 133.74646 188.35666
7723.635 166.85081 1661.2738 132.27576 201.64563
7723.484 166.85081 1639.7552 146.82056 172.76732
7549.79 174.7367 1598.6733 165.18652 172.76732
7502.93 174.7367 1609.2032 122.982056 172.14256
7627.817 166.85081 1651.4938 100.00708 172.14256
7632.8105 172.14256 1557.0693 258.1549 174.13953
7686.531 182.50279 1637.3855 127.37146 177.18243
7800.5137 182.50279 1639.4883 199.54492 185.04375
7085.4404 169.97684 1529.6626 89.93274 174.63663
7061.453 169.97684 1526.7274 70.01599 178.14653
7074.863 169.7106 1540.1377 69.374756 178.8012
7065.1904 169.7106 1532.7625 75.2655 174.63663
7047.6084 169.7106 1523.1216 70.79431 172.00563
7070.3247 160.51367 1532.634 69.52185 175.37465
6998.5347 160.51367 1530.3658 72.4032 174.7367
6990.2427 160.51367 1533.1941 52.61731 192.734
6950.875 160.51367 1519.4862 50.12671 174.7367
6953.3613 160.51367 1525.4343 56.52893 174.7367
6969.1167 160.51367 1520.1445 59.7666 178.0225
7000.6157 158.24025 1534.4922 76.91748 178.0225
7737.5664 166.85081 1649.627 122.639404 182.50279
7674.7266 166.85081 1635.4856 110.04895 190.53282
7792.6997 182.50279 1632.8646 176.22815 181.7072
7745.544 169.7106 1639.7368 210.94495 175.98636
7742.6807 166.85081 1634.4133 133.74622 201.64563
7813.784 166.85081 1653.9492 161.40332 182.50279
7855.67 181.7072 1694.6451 135.22949 201.64563
7851.888 156.74846 1692.053 157.60144 182.50279
7792.7 182.50279 1632.8646 176.22803 201.64563
7734.345 181.57977 1646.4049 122.19336 175.97603
7669.976 169.2478 1653.0286 86.98828 185.04375
7671.858 169.2478 1654.9099 96.30835 182.50279
7789.4785 184.04543 1628.4534 206.0929 185.04375
7723.5767 174.7367 1654.4558 161.92725 180.78838
7018.924 158.24025 1521.0675 64.13696 174.63663
6981.3647 158.24025 1533.4985 78.631714 177.78789
6959.856 154.9508 1518.4487 53.389893 178.14653
6962.388 154.9508 1515.9916 72.503296 171.08647
6870.495 154.9508 1496.6016 51.801636 171.51328
7771.0503 166.85081 1668.9147 168.35852 182.50279
7786.5303 156.74846 1659.0681 120.42639 188.35666
7738.301 156.74846 1654.3062 112.41138 185.58884
7789.4785 184.04543 1628.4534 206.09302 182.50279
7739.107 156.74846 1649.0078 134.04114 185.04375
7694.088 171.56995 1650.631 162.13635 171.63148
7656.6885 169.2478 1651.3802 99.721436 178.14653
7572.519 178.14653 1591.4774 137.54895 171.51328
7475.114 171.56995 1593.793 159.56775 171.51328
7694.0884 171.56995 1650.6309 162.13635 171.63148
7786.2266 181.57945 1667.2845 137.90076 181.57945
7698.515 171.51328 1657.2183 111.58984 181.57945
7788.265 171.51328 1646.152 171.8451 184.04543
7607.527 173.61166 1543.4562 231.4574 171.51328
7644.6865 164.20447 1580.6165 194.34058 171.51328
7643.676 166.995 1583.4069 191.60559 171.51328
