3077.3848 139.48946 948.00366 195.52112 167.80708
2945.6028 169.7348 927.0672 98.79596 168.23352
3014.4277 175.39734 931.1951 159.90814 171.11234
3001.103 172.59387 947.4372 99.121155 176.18057
2941.6511 174.51805 903.1519 122.47162 160.57045
3064.936 158.15666 915.48914 175.9729 168.23352
2930.8794 139.3843 895.00183 162.06128 159.09889
2711.4832 145.97743 874.8316 60.89856 166.86389
2532.0999 146.85654 832.1509 22.634521 169.55957
2606.752 152.70178 853.99493 33.14044 172.59387
2656.3364 158.87866 828.83386 114.08533 158.76811
3005.5398 163.30281 960.47156 74.55469 165.63431
2888.107 141.10666 923.0525 89.98151 160.12032
2872.2314 151.46977 913.5713 105.170044 160.12032
2521.3003 146.85654 823.5066 35.401123 160.6806
2503.1553 146.85654 822.65295 20.278687 160.6806
2515.316 146.85654 824.1036 36.243896 166.068
2532.7617 150.53415 819.10815 47.187622 159.08867
2554.4348 141.10666 827.5099 36.362305 159.08867
2870.4883 144.3241 883.1202 180.48212 159.08867
2903.3997 152.65053 886.6622 181.82416 158.81538
2506.8123 123.79752 819.02075 42.111206 154.18167
2630.8408 139.48946 834.0917 101.90485 154.11949
2858.5095 151.46977 884.8133 113.856995 156.26208
2691.912 148.9879 868.6542 71.40845 154.18167
2471.2786 132.45357 799.654 48.35675 150.98189
2516.56 133.31015 816.2033 54.789673 148.22198
2474.9556 141.7328 802.95483 40.27661 158.81538
2460.9177 130.75081 803.6134 34.20685 156.26208
2678.8333 161.11539 878.71484 35.70874 172.59387
2632.4595 152.70178 857.4993 34.760376 168.37735
2590.9033 140.68813 850.20245 33.102783 158.15666
2664.4045 162.17918 862.15826 53.13214 168.37735
2677.4534 161.09023 852.71814 60.928894 163.28447
2666.9436 160.57045 866.53613 54.831543 168.37735
2713.8013 145.34834 863.24176 81.143005 160.57045
2719.0466 143.36038 866.52075 91.36029 159.09889
2661.0972 143.36038 869.88965 30.042725 160.57045
2679.2793 141.7328 877.9265 45.61902 159.09889
2631.2688 145.97743 862.5761 35.155273 168.82925
2638.9146 145.08446 859.41736 37.178833 168.82925
2681.947 145.08446 872.3552 46.998108 168.82925
2592.403 155.60138 840.94385 36.750854 159.09889
2604.791 158.87866 829.4429 62.130432 159.09889
2690.3394 145.97743 873.4229 53.110046 162.17918
2739.0881 167.80708 864.24664 86.1651 169.7348
2664.0151 162.17918 860.00397 60.745422 167.80708
2664.6418 147.3938 863.0282 42.243286 168.37735
2625.05 147.3938 847.02875 44.259216 162.88988
2586.9414 159.26941 849.208 47.204224 162.88988
3083.1194 139.48946 933.6721 204.94202 172.59387
3026.4026 161.11539 939.5094 160.30627 170.43655
3041.9507 162.65744 892.5038 203.45898 170.29402
3098.2644 146.42358 948.81757 130.91144 175.56256
3004.1384 152.48749 854.69135 243.12592 164.93126
2953.7349 144.3241 900.42053 172.656 160.20096
3098.2646 146.42358 948.8175 130.9115 175.56256
3073.0405 139.48946 943.6599 132.91565 171.11234
2968.1646 158.76811 851.7736 217.27094 162.45137
2854.7573 158.76811 839.1105 177.91345 155.60138
2897.0305 158.76811 846.2776 196.92896 155.60138
2630.5474 139.75049 857.2069 39.293335 156.44406
2618.8474 139.75049 858.42224 27.769775 164.4339
2594.1853 139.75049 853.9279 22.378479 164.4339
2570.8313 139.75049 845.3723 28.894836 158.81538
2601.3735 158.81538 835.94714 63.069336 156.44406
2693.1072 156.44406 855.68024 82.02057 159.09889
2669.0056 151.57996 876.6631 31.791138 169.51671
2678.8691 151.57996 867.3178 83.04114 159.08867
3011.4622 158.81538 924.5689 185.59332 166.57277
2998.4568 165.63431 911.5634 157.29315 170.43655
2851.3333 165.63431 921.7334 79.06946 175.56256
2883.9941 139.3843 921.4996 100.554504 159.31747
2786.997 152.81651 881.0453 106.55621 159.31747
2707.2883 148.9879 867.1598 63.34546 162.65744
2709.6135 133.08548 860.3447 99.83209 155.56047
2721.0703 133.08548 871.7322 101.54108 152.70178
2648.1309 133.31015 818.1238 145.46259 149.1685
2607.2207 133.31015 839.6531 97.75061 148.9879
3082.8674 168.37735 961.55853 158.9477 174.07896
2989.507 168.37735 925.55804 139.42767 163.04944
2972.9219 151.46977 919.4309 131.88855 163.04944
2848.1814 163.04944 896.84906 117.66455 152.65053
2930.6992 175.56256 927.969 87.79492 162.17918
2952.1782 156.6483 946.83264 83.52649 162.17918
2982.9194 170.43655 957.1424 82.8139 175.56256
3069.8975 172.59387 937.47034 133.45532 180.44133
3082.3142 139.48946 949.8872 140.18372 170.43655
3073.041 139.48946 943.65985 132.91571 171.11234
3077.3845 139.48946 948.00366 195.52112 165.63431
3060.4253 139.48946 931.0442 168.5404 161.11539
2941.9805 139.48946 926.10675 118.844666 161.11539
2966.4912 139.48946 915.7382 169.58807 158.76811
2895.061 146.36084 844.308 204.06323 148.9879
2844.8796 136.44456 794.12683 230.36475 148.29529
2664.7573 136.44456 802.6169 190.60992 148.06262
2667.5 127.37373 769.013 212.5951 148.29529
2733.8774 136.44456 810.3616 159.78925 152.48749
3113.1035 172.59387 963.6561 142.24316 175.56256
2983.0715 158.76811 850.6443 224.6101 162.12308
2695.8276 143.79619 845.2446 110.98877 155.41624
2983.4526 170.43655 942.0331 114.27991 175.56256
2867.82 143.42473 898.49005 104.15442 156.44406
3070.8596 175.56256 922.1097 152.91852 174.07896
3103.0422 148.9879 956.86646 133.40808 175.56256
3010.3333 148.9879 962.0449 102.33301 175.56256
2532.6235 137.87914 827.5581 28.35968 159.08867
2694.4465 153.60292 854.1178 111.2677 159.09889
2710.0159 153.60292 852.9356 101.63568 156.6483
2560.192 143.36038 830.3739 42.17169 158.69536
2629.3123 147.66594 839.79517 62.269043 156.26208
2699.1018 147.66594 846.99866 98.703 158.81538
2662.3699 142.98468 826.5603 105.559814 152.81651
2530.059 143.42473 826.84033 29.830566 162.65744
2496.129 150.28746 812.19525 36.12805 162.65744
2433.2107 141.7328 785.40466 41.171814 158.15666
2443.1877 133.08548 795.43274 31.589172 158.69536
2906.2896 133.31015 890.6426 152.0227 150.98189
2694.9873 133.31015 831.3632 157.35461 148.9879
2659.7273 136.44456 801.8182 165.22601 148.06262
2715.162 136.44456 842.85876 112.6969 152.48749
2726.0889 136.44456 839.06775 142.15668 152.48749
2658.161 127.37373 800.252 155.17346 148.29529
2735.4517 150.98189 853.72626 113.57092 156.26208
2622.0483 150.03307 833.5029 75.33594 150.28746
2610.8005 153.60292 847.1929 49.3537 150.28746
2657.8184 145.34834 831.24713 80.92493 150.28746
2439.2163 143.65761 792.9085 46.39618 158.81538
2413.7803 132.36911 790.82043 26.10559 160.12032
2403.538 132.36911 791.35315 15.479858 159.26941
3123.7302 148.9879 974.283 162.52008 175.56256
3058.805 175.56256 909.3578 202.55688 172.59387
3032.3435 144.3241 882.8967 271.87134 165.52328
2967.7444 144.3241 878.0566 213.73114 161.69604
3030.3403 144.3241 897.9131 208.31177 165.52328
2922.9463 148.22198 881.52673 159.0791 158.15666
2800.8638 152.70178 875.9927 116.27789 158.15666
2696.4443 148.9879 877.3241 39.96045 172.59387
2624.2266 148.06262 833.755 64.750305 154.18167
2650.9507 147.01022 864.3993 37.927002 160.6806
2682.8247 158.76811 857.02966 72.41803 159.09889
2688.4165 156.65688 862.62146 83.455444 159.09889
2672.6619 160.57045 865.44714 55.75525 162.17918
2841.326 165.63431 908.801 63.716064 161.11539
2862.7922 156.6483 914.2058 73.19104 176.18057
2848.8926 171.11234 932.11053 29.370972 176.18057
2865.2334 154.18167 914.1262 56.749573 178.6093
3033.4531 175.56256 920.50433 161.84174 170.29402
3018.0242 151.46977 951.9461 103.56427 163.30281
3036.6387 175.56256 933.2562 114.185425 180.30351
3062.078 180.30351 958.69574 126.65607 174.07896
2976.1533 166.57277 948.3448 105.384705 167.80708
2992.2412 166.57277 933.3641 156.06061 167.80708
2685.2063 148.9879 866.37976 48.59326 156.44406
2620.1494 141.41768 835.98663 79.5426 152.81651
2695.8242 141.41768 850.55194 102.5094 152.65053
2681.6433 141.41768 870.0886 44.633484 156.26208
2694.8296 141.41768 871.30536 52.891968 168.37735
3113.103 172.59387 963.65607 142.2431 176.18057
3083.119 139.48946 933.6721 204.9419 172.59387
3026.4028 161.11539 939.50934 160.30634 170.43655
3021.62 161.11539 939.7838 186.10437 167.80708
2625.989 136.8855 834.47473 112.85034 148.9879
2613.2717 148.9879 838.43945 73.35077 149.1685
2644.082 143.49786 849.7203 50.68878 154.18167
2581.7883 132.45357 820.5759 112.78485 148.22198
3070.8599 175.56256 922.1096 152.91846 174.07896
2941.6636 174.07896 928.72595 94.23816 178.6093
3036.6384 175.56256 933.2562 114.185425 174.07896
3066.708 170.29402 953.75903 134.22827 175.56256
3073.7097 152.81651 967.9087 136.85645 166.57277
3131.7378 148.9879 982.98773 116.92877 180.10432
