129380.266 122.43136 6733.208 653.60596 154.63593
129173.45 122.43136 6732.8975 607.4956 162.33377
128997.78 106.63748 6715.118 648.10205 148.78528
129278.96 122.43136 6704.7803 646.8999 149.67123
128908.99 122.43136 6630.572 673.8447 146.3265
128740.65 122.43136 6596.1294 738.0127 145.35521
118712.67 122.44172 5719.903 1119.4731 134.43527
118244.01 94.063 5662.6714 1166.1206 133.76689
117592.12 94.063 5635.6094 1153.935 133.76689
123387.03 130.71074 5852.1714 1264.5884 138.50993
125041.664 122.44172 5851.421 1369.3667 138.17288
125269.31 106.63748 5776.9097 1458.1958 138.17288
125545.79 127.7625 5791.4834 1413.7476 138.70277
115558.47 84.32993 5237.07 1568.9448 130.72249
115974.78 84.32993 5194.8066 1650.5181 130.42287
116788.75 84.32993 5252.0293 1580.1211 130.89606
120104.664 84.32993 5372.19 1730.3843 130.78014
119631.12 84.32993 5369.4546 1716.8643 130.78014
120209.31 84.32993 5343.7764 1771.6343 130.78014
120255.71 84.32993 5359.6343 1791.4092 130.72249
120831.6 84.32993 5356.19 1778.9214 130.72249
120254.04 84.32993 5334.663 1756.3765 130.72249
119881.4 84.32993 5360.345 1779.4907 130.72249
117279.4 84.32993 5310.3413 1619.3115 130.72249
117515.33 84.32993 5312.391 1655.3647 130.72249
118680.58 84.32993 5320.422 1685.2935 130.72249
118590.5 84.32993 5321.679 1665.0132 130.72249
118141.49 84.32993 5279.4424 1661.5894 130.72249
118318.26 84.32993 5273.806 1604.6631 130.72249
118364.27 84.32993 5246.926 1623.1836 130.72249
118519.5 84.32993 5234.6973 1644.0615 130.72249
119218.734 84.32993 5258.7803 1688.185 130.42287
117799.625 84.32993 5282.819 1599.7383 130.85526
118642.055 84.32993 5316.6416 1663.835 130.85526
118491.57 84.32993 5353.0073 1699.312 130.72249
117701.29 105.06393 5209.553 1834.918 130.72249
117484.914 105.06393 5224.6265 1772.5249 130.72249
117664.68 104.17542 5231.61 1764.0063 130.72249
117878.25 91.81606 5260.4023 1756.4287 130.89606
117304.11 102.75772 5275.0757 1681.8237 130.72249
118049.94 102.75772 5252.6797 1705.0034 130.72249
117446.48 102.75772 5276.1597 1702.3203 130.72249
116762.86 102.75772 5271.586 1644.9932 130.72249
117052.89 102.75772 5272.566 1681.0098 130.72249
117712.94 102.75772 5274.361 1687.0762 130.42287
117868.26 102.75772 5301.3667 1702.7095 130.42287
117377.43 102.75772 5272.145 1659.1768 130.42287
116925.72 91.38908 5212.249 1695.1992 130.20256
117900.65 94.063 5232.645 1737.3906 130.20256
118484.8 94.063 5253.127 1764.0923 130.20256
118883.2 94.063 5276.8735 1764.31 130.20256
119061.73 102.75772 5266.611 1764.8867 130.07588
120038.76 102.75772 5281.3745 1797.6328 130.07588
120090.79 102.75772 5269.0713 1825.5137 130.84593
119600.945 102.75772 5237.9863 1796.4893 130.07588
119744.89 95.74289 5341.39 1701.0938 131.05365
119355.84 95.74289 5365.311 1652.708 131.05365
118684.17 95.74289 5368.237 1663.3955 131.05365
118718.47 102.75772 5357.6924 1684.7236 131.05365
118777.14 102.75772 5333.886 1722.6416 131.05365
118095.016 102.75772 5293.567 1675.5762 131.05365
118021.82 105.06393 5215.993 1724.3125 130.84593
117388.875 104.90657 5231.132 1697.7407 130.84593
117763.92 105.06393 5241.886 1706.0762 130.84593
117784.21 105.06393 5223.5693 1755.9102 130.84593
120734.07 108.63297 5288.8765 1837.5791 132.23616
120701.414 108.63297 5275.1465 1823.4756 132.23616
118424.04 106.46885 5366.462 1602.2168 132.23616
118757.77 105.74832 5371.3193 1621.9941 132.23616
118960.95 105.74832 5385.065 1648.6401 131.5253
118812.02 91.38908 5302.608 1618.3467 130.84593
119291.84 91.38908 5394.727 1694.2246 130.84593
121528.42 108.63297 5399.329 1670.0869 133.49161
119289.9 108.63297 5332.6724 1655.6147 132.04634
119766.29 107.81284 5400.5117 1688.8076 132.26207
119874.555 107.80138 5422.6875 1633.6719 132.26207
119391.24 107.80138 5402.164 1619.8613 132.26207
119391.484 107.80138 5427.762 1674.1875 132.26207
119222.89 108.63297 5408.1323 1692.5947 132.26207
119457.04 107.81284 5414.834 1672.1514 132.26207
119282.64 107.81284 5393.522 1628.2275 132.26207
119108.29 107.81284 5402.849 1607.7412 132.26207
119113.04 108.63297 5367.909 1645.1699 132.23616
118467.61 106.4547 5342.44 1619.7129 132.23616
118563.14 106.4547 5338.495 1609.0981 132.23616
119517.39 106.4547 5398.21 1624.6602 132.23616
119568.625 106.4547 5371.4004 1633.9219 132.23616
120585.49 108.63297 5399.647 1657.8672 131.5253
120207.21 107.00412 5367.7246 1645.8276 131.5253
119539.94 94.063 5343.2295 1671.5996 131.12895
119372.15 94.063 5341.6743 1668.0488 131.12895
119817.695 94.063 5322.449 1715.8003 131.12895
120148.625 94.063 5316.1 1728.0776 131.12895
119876.64 94.063 5326.937 1725.688 131.12895
119684.88 94.063 5330.4966 1691.4644 131.12895
120327.164 94.063 5380.462 1632.9683 131.5253
120099.88 94.063 5404.2153 1624.6113 131.5253
120719.086 110.53967 5418.9956 1740.7363 132.45303
120136.28 110.47606 5393.297 1755.3096 132.26207
120515.58 110.47606 5388.9917 1703.8623 132.26207
124245.2 115.48722 5469.953 1693.7441 134.90018
124552.195 115.48722 5495.923 1708.1855 134.90018
124006.195 115.48722 5516.938 1747.917 134.90018
123713.18 122.56989 5495.905 1688.1592 134.90018
123291.29 111.52749 5467.2334 1696.8784 134.19667
123275.84 115.50038 5475.3496 1675.2769 134.4181
123368.63 115.50038 5449.379 1713.3164 134.4181
122847.266 128.32098 5527.7437 1641.727 135.20143
123009.86 123.91177 5521.453 1636.4106 135.20143
123367.78 123.91177 5512.4546 1701.9521 134.96974
122884.99 126.11225 5524.926 1656.6787 134.86601
124304.28 124.45197 5468.7397 1658.2769 135.48152
122418.164 125.41155 5495.1147 1623.6235 135.48152
122078.125 95.74289 5467.572 1734.5659 133.49161
121821.09 95.74289 5469.112 1706.0806 133.49161
121697.445 95.74289 5487.8164 1647.6089 133.49161
121571.234 95.74289 5485.015 1633.5693 133.49161
120613.305 91.38908 5496.574 1544.2173 132.26207
121365.79 91.38908 5503.39 1619.8027 132.04634
121119.64 91.38908 5505.221 1559.7808 132.04634
121566.67 91.38908 5505.1357 1629.1196 132.04634
120751.484 91.38908 5466.704 1576.8784 131.5253
121972.086 91.38908 5413.806 1680.9966 131.05365
121850.62 91.38908 5444.6304 1626.3086 131.05365
121259.555 91.38908 5439.139 1618.2329 131.5253
121195.41 91.38908 5465.7817 1591.1646 131.5253
121340.62 91.38908 5444.654 1622.8994 131.5253
121981.33 91.38908 5432.5513 1650.8291 131.5253
122292.336 91.38908 5468.927 1664.4253 132.04634
121559.266 91.38908 5474.534 1604.3667 132.04634
122062.625 91.38908 5440.504 1645.7959 132.04634
122163.33 91.38908 5466.7974 1679.7388 131.5253
121984.41 91.38908 5432.363 1654.2354 131.5253
122304.61 91.38908 5428.4126 1666.5103 131.5253
122845.3 91.38908 5444.584 1672.1616 131.5253
123236.625 91.38908 5441.2256 1713.6235 131.5253
122983.96 91.38908 5458.537 1754.6655 131.5253
123409.49 91.38908 5415.1895 1820.4131 131.5253
123347.09 91.38908 5413.659 1814.5547 131.60197
123016.56 91.38908 5443.639 1725.5859 131.60197
122303.36 91.38908 5446.0522 1731.8975 131.60197
122193.98 91.38908 5476.4443 1648.3066 131.60197
121932.875 91.38908 5482.673 1634.9551 132.04634
122408.51 91.38908 5455.771 1626.6968 132.58537
122182.61 91.38908 5461.95 1627.1313 132.58537
122454.414 91.38908 5443.2485 1651.4951 132.58537
122552.43 91.38908 5439.0127 1664.8965 132.58537
123694.695 91.38908 5461.943 1661.044 134.41359
124548.914 91.38908 5538.3516 1624.4888 135.33318
122861.31 123.227 5546.91 1571.064 135.50793
123332.85 123.13703 5513.5947 1621.9766 135.50793
123276.164 123.227 5485.6436 1602.6406 135.11404
122433.82 123.227 5515.4277 1559.6509 134.86601
122093.09 121.98328 5575.236 1477.1577 134.86601
124234.836 109.91685 5557.6978 1555.1577 134.86601
122774.19 121.98328 5530.165 1631.0854 134.44469
120404.39 104.0638 5387.5835 1640.4219 132.23616
120571.22 104.0638 5393.7456 1651.8433 132.23616
120844.36 104.0638 5428.4004 1662.917 132.23616
123106.9 104.0638 5425.7246 1682.7725 132.89174
122761.055 104.0638 5426.9146 1631.69 132.88147
122942.58 104.0638 5461.049 1636.8418 132.88147
122640.45 104.0638 5466.1724 1660.6016 132.88147
122045.56 104.0638 5455.014 1615.9834 132.88147
122299.875 104.0638 5439.7363 1611.7798 132.89174
121798.695 104.0638 5439.0176 1569.1855 132.88147
121840.445 104.0638 5453.4844 1578.9634 132.88147
122214.695 104.0638 5453.304 1575.8335 132.26207
120488.984 104.0638 5455.743 1613.7222 132.26207
120486.9 104.0638 5469.191 1620.6812 132.26207
120439.984 104.0638 5459.0356 1599.4443 132.26207
122347.66 108.45291 5383.2617 1700.227 133.05498
123362.43 124.45197 5473.9214 1736.3662 134.44469
123666.055 121.98328 5452.3877 1728.7832 134.6087
123756.49 123.13239 5423.476 1823.7202 134.6087
123483.24 123.17925 5467.585 1588.498 134.6087
122225.0 125.41155 5443.935 1594.1909 134.6087
120487.6 125.41155 5498.5674 1505.4077 134.5176
120777.2 126.85782 5453.564 1483.2466 135.91469
121344.02 126.85782 5467.5166 1525.0474 135.91469
121328.695 126.85782 5471.993 1569.4922 135.91469
120998.92 126.85782 5495.682 1514.3237 135.91469
121316.27 128.32098 5509.2686 1558.1758 134.86601
121829.24 129.3894 5511.6816 1618.8403 134.86601
121051.586 128.81851 5475.6436 1532.5571 134.86601
121467.836 123.7683 5497.8193 1530.3994 134.9013
121675.08 123.17925 5502.13 1523.876 134.86601
122282.68 123.7683 5485.5996 1561.939 134.86601
121756.734 122.96712 5456.325 1534.1748 134.5176
122882.36 123.7683 5467.5024 1656.9517 134.19667
122926.195 124.45197 5407.969 1678.6094 134.5176
122566.97 124.45197 5419.107 1609.4995 134.5176
122113.25 124.45197 5422.7246 1645.6274 134.5176
122096.05 124.45197 5448.086 1657.1611 134.5176
121675.39 128.32098 5467.087 1525.7275 134.5176
120865.67 128.32098 5436.836 1520.7959 135.50793
120714.77 128.32098 5454.391 1521.1538 135.50793
120623.13 128.32098 5440.6035 1504.6973 135.50793
119862.24 126.77582 5437.398 1498.4019 135.50793
120542.516 126.77582 5467.65 1523.0244 134.86601
120668.02 126.77582 5451.386 1522.1987 134.86601
120807.086 123.03139 5469.265 1530.9443 134.5176
120895.3 123.03139 5505.48 1580.5093 134.5176
121730.96 123.03139 5516.771 1612.9678 134.44469
122384.03 123.7683 5530.553 1664.98 134.44469
122857.984 123.7683 5511.0293 1636.4536 134.44469
122920.63 123.7683 5508.661 1630.3306 134.44469
121911.22 123.7683 5499.2993 1538.896 134.5176
123813.53 113.14942 5500.8276 1656.7207 134.44469
124063.734 113.14942 5459.8164 1672.4683 134.44469
124263.57 113.14942 5466.952 1711.9453 134.44469
124409.48 107.81284 5439.411 1687.919 134.61526
124238.164 124.56689 5442.274 1688.5322 134.61526
124561.56 115.48722 5442.9263 1699.3169 134.61526
124378.46 114.52965 5455.8413 1723.6587 134.61526
124390.41 113.86264 5450.9253 1740.4688 134.6087
123351.37 122.03947 5486.9253 1623.5713 135.20143
123487.5 120.89301 5464.8545 1754.207 134.19667
121661.43 113.14942 5471.5835 1603.5137 133.76689
121708.77 122.96712 5451.207 1593.8408 133.76689
122457.46 123.81409 5485.434 1575.8242 134.19667
122462.2 123.81409 5474.0356 1583.6123 134.19667
122620.74 123.81409 5477.2534 1587.314 134.19667
122751.46 123.17925 5493.129 1608.5361 134.19667
124220.35 114.52965 5502.105 1666.1733 134.61526
124248.88 114.52965 5564.992 1668.918 135.50793
124548.35 114.52965 5515.7847 1660.4888 135.50793
124244.56 114.52965 5509.317 1643.7197 135.50793
123885.664 114.52965 5571.1235 1517.3022 134.5176
123890.53 114.52965 5559.2266 1524.251 134.5176
124046.62 114.52965 5565.294 1525.8457 134.5176
124181.5 114.52965 5579.237 1582.956 134.5176
124138.46 121.98328 5590.865 1599.0312 136.38297
122968.45 123.24324 5536.7344 1615.3955 134.5176
123494.31 123.24324 5563.6523 1631.5923 134.5176
123864.63 123.13703 5547.131 1596.1016 137.57137
123953.27 123.13703 5544.2285 1643.5415 137.57137
124053.125 123.13703 5538.469 1651.9346 137.57137
124123.695 123.24324 5545.535 1701.5571 137.57137
123918.81 123.24324 5531.028 1621.438 137.57137
123999.07 123.81409 5505.185 1629.168 136.38297
124359.414 123.81409 5492.455 1630.8486 136.38297
124410.5 123.81409 5498.2144 1631.3442 136.38297
124415.695 123.81409 5518.9136 1668.9072 136.38297
124579.54 115.50038 5483.877 1665.6797 135.50793
123931.92 115.50038 5517.862 1633.0327 135.50793
123972.41 115.50038 5494.4204 1624.687 134.86601
124314.266 115.50038 5470.0566 1708.5352 134.86601
124217.93 129.49611 5504.5034 1631.3354 134.96974
124537.914 129.49611 5485.2793 1713.0972 134.96974
124576.15 129.98071 5474.214 1688.623 140.00764
124252.52 130.20256 5480.615 1652.8115 140.00764
123851.195 122.96712 5530.679 1558.1099 136.38297
123947.83 122.96712 5546.9424 1602.2515 136.38297
124428.66 127.87119 5540.8423 1676.896 136.38297
123769.92 127.87119 5530.383 1643.5225 136.38297
123110.3 127.87119 5560.573 1585.6099 136.38297
123446.78 123.81409 5543.0376 1601.4326 136.38297
124255.16 113.14942 5542.996 1655.5435 134.86601
124649.55 109.91685 5553.115 1691.1699 136.1402
124706.0 106.63748 5535.379 1650.9126 136.38297
124595.234 106.63748 5501.459 1618.8892 135.20143
124891.484 106.63748 5512.8374 1681.6978 135.20143
124386.46 113.86264 5452.465 1705.6387 135.20143
124581.29 113.86264 5498.1865 1708.8931 135.20143
124309.12 113.86264 5535.4023 1650.0015 135.20143
124282.99 113.86264 5504.0815 1620.4814 135.20143
124401.766 111.27056 5535.2085 1667.2842 135.20143
124450.07 111.27056 5509.2134 1642.48 135.20143
124251.07 123.81409 5489.1636 1660.5479 135.20143
124107.71 122.96712 5488.22 1627.2744 136.38297
123434.66 122.56989 5486.338 1613.2354 135.20143
123142.91 122.96712 5513.429 1593.1123 135.20143
122964.1 122.03947 5536.949 1556.3223 135.20143
123593.92 122.96712 5536.864 1640.56 135.11168
123538.0 122.96712 5543.3403 1677.7871 134.86601
123611.95 122.96712 5525.746 1697.6421 134.86601
124137.52 122.96712 5524.123 1716.9751 135.11168
123811.586 122.96712 5520.9326 1680.8887 135.20143
123644.19 123.227 5545.0234 1694.0972 136.1402
123614.82 123.227 5515.698 1665.9175 136.1402
123747.086 122.56989 5513.701 1645.3501 136.1402
124343.65 122.56989 5497.011 1646.606 136.1402
123995.84 122.56989 5506.261 1629.4312 136.1402
123687.59 123.227 5508.8438 1648.7827 136.1402
123849.88 123.227 5508.621 1657.4707 136.1402
124482.88 123.227 5507.0815 1668.1274 136.1402
124188.055 123.227 5512.7983 1657.6768 135.20143
124170.89 123.227 5520.111 1674.7075 136.1402
124011.47 123.227 5541.8657 1678.7471 136.1402
123742.29 121.98328 5543.7964 1674.6729 136.1402
123501.91 121.98328 5544.017 1674.9751 136.1402
123532.125 122.43136 5540.9976 1672.7988 136.1402
123383.35 122.03947 5533.458 1625.5356 136.1402
122619.234 123.227 5520.765 1595.1846 135.20143
122816.695 123.227 5503.4194 1578.8984 135.20143
122629.06 123.227 5508.0063 1563.665 135.20143
122376.664 123.17925 5516.5444 1594.624 135.20143
124116.27 115.48722 5532.35 1649.8193 136.1402
124010.9 115.48722 5527.8135 1645.5254 136.1402
123390.65 123.227 5532.095 1607.0156 136.1402
123473.88 123.81409 5533.436 1601.1553 136.38297
124094.62 123.81409 5510.418 1660.3086 136.1402
123005.805 123.81409 5531.0986 1623.0581 134.96974
122208.14 123.81409 5492.62 1635.8428 134.86601
122539.58 123.81409 5478.4507 1623.8027 134.86601
123123.875 123.81409 5455.7017 1675.0483 134.86601
123132.61 123.81409 5453.41 1691.2661 134.86601
123654.51 123.81409 5468.055 1702.1152 134.86601
123971.164 122.56989 5459.212 1746.3027 134.19667
123677.46 117.11209 5482.486 1713.4146 134.19667
123787.695 109.91685 5469.375 1700.6875 134.19667
124100.48 122.56989 5453.241 1757.7202 134.19667
124114.945 120.89301 5473.1978 1692.5508 134.86601
124255.72 123.81409 5462.121 1713.1582 134.86601
124149.836 123.81409 5458.3267 1695.21 134.86601
123131.35 123.81409 5459.0293 1676.418 134.86601
123084.58 123.81409 5457.655 1676.0078 134.86601
122623.66 123.81409 5484.2 1640.3916 134.86601
122211.45 122.03947 5498.416 1604.3589 134.5176
121867.78 122.03947 5502.474 1587.2109 134.5176
121405.34 122.75535 5511.3076 1600.3306 134.5176
122088.03 123.81409 5504.641 1606.7378 134.5176
123648.0 123.91177 5516.4863 1680.4253 136.1402
123792.98 124.56689 5514.611 1707.4761 135.48152
123307.24 124.56689 5548.7783 1636.6338 135.48152
123211.73 124.56689 5544.0825 1621.0356 135.48152
124186.75 122.43136 5540.328 1614.5835 136.4968
123654.61 122.43136 5556.86 1568.6172 136.38297
124280.414 122.43136 5525.5254 1666.7827 136.38297
124696.72 123.91177 5462.971 1707.3525 135.1779
124956.72 123.91177 5463.9517 1760.2212 134.96974
125254.94 123.91177 5470.565 1745.2485 138.22917
124563.51 115.12469 5452.8647 1736.2114 134.96974
124807.875 115.12469 5453.1807 1742.709 135.33318
125325.46 115.12469 5418.004 1813.6162 135.33318
126068.89 97.11159 5445.385 1853.9868 138.50993
126049.77 97.11159 5449.782 1843.7515 138.50993
125980.7 120.36837 5502.8384 1800.6426 138.50993
125266.52 113.14942 5527.46 1668.6592 135.48152
125637.96 113.14942 5542.886 1680.4297 135.48152
124500.2 112.01859 5524.924 1634.7769 135.48152
124763.5 112.01859 5516.3623 1657.6455 135.48152
125000.164 119.00577 5498.694 1700.8853 135.91469
124966.28 119.00577 5530.786 1650.4429 135.91469
125428.68 123.81409 5529.97 1678.0137 136.38297
125945.77 120.89301 5525.923 1697.5952 138.50993
126007.08 120.89301 5509.7275 1688.7109 140.37236
125836.74 123.81409 5516.76 1661.7363 140.37236
125888.21 124.45197 5488.1914 1764.1821 140.37236
126217.055 124.45197 5475.0166 1778.7544 140.61736
125699.91 122.43136 6150.416 1053.1416 140.37236
123233.65 109.85083 6062.7607 1039.5796 136.19775
123171.914 109.85083 6079.4185 1014.90186 135.55713
122038.805 132.77963 5916.8306 1164.9717 139.89304
123622.69 129.67963 6029.1504 1071.6938 138.17288
121846.03 127.1286 6208.658 777.5493 140.37236
124975.516 118.35303 6290.264 968.2412 140.00764
124799.86 113.14942 6422.697 654.0708 141.54433
124372.62 113.14942 6429.2417 631.56836 141.54433
123521.93 122.03947 6408.1797 657.5532 142.07852
123653.945 125.91344 6396.171 732.7593 141.74757
124105.805 113.86842 6421.8955 632.41943 142.07852
124256.51 113.86842 6422.312 649.22705 142.07852
125229.96 113.86264 6436.0615 660.11914 142.50557
125348.04 131.12895 6518.305 589.4302 142.82094
126145.23 118.86035 6575.713 556.1504 145.10898
127214.625 106.63748 6612.0723 611.2534 145.10898
126721.77 113.14942 6555.347 665.35205 142.50557
127134.17 113.14942 6567.551 749.31885 142.50557
127235.46 106.63748 6552.6562 750.33594 142.9814
127077.99 113.14942 6580.6167 594.33203 143.92137
126810.93 133.51483 6522.4277 757.00635 143.56099
127275.664 133.51483 6522.494 740.38525 144.56122
127160.08 133.51483 6522.3433 737.99023 144.56122
126982.34 126.15767 6528.243 684.5679 142.70839
127208.75 123.81409 6540.427 641.01953 142.70839
127219.24 97.73918 6542.5146 622.58105 142.70839
127254.87 97.73918 6533.1196 631.1177 142.70839
126776.49 129.5067 6512.255 662.9829 142.50319
126663.88 137.49902 6542.6543 626.65576 143.71362
126490.7 131.75862 6510.65 670.9243 142.9814
126949.055 131.75862 6562.8076 684.0288 142.9814
127427.46 126.97676 6619.4824 611.9131 145.40678
127978.516 106.63748 6632.438 556.1221 150.7114
128097.414 106.63748 6632.2812 557.8677 150.7114
128144.805 106.63748 6640.366 575.9336 153.41919
126136.36 130.84593 6562.538 614.7344 143.99704
124284.74 123.24324 6494.55 487.75146 151.5482
123992.766 123.24324 6494.3613 485.63428 151.5482
123839.266 123.24324 6495.646 482.94434 155.68494
124090.9 123.24324 6481.805 478.91553 155.68494
123861.01 120.36837 6512.6157 438.11523 155.68494
123810.77 123.24324 6492.3496 452.21924 155.68494
123732.72 113.14942 6512.7314 398.33154 155.68494
123683.34 113.14942 6500.5493 420.29053 151.5482
123553.914 113.14942 6506.0005 427.33252 151.5482
123541.06 113.14942 6486.939 405.84473 151.5482
123816.18 113.14942 6500.3896 408.11328 151.5482
123574.65 120.36837 6478.123 455.7173 151.5482
125311.03 107.81284 6555.6196 460.1875 148.78528
125978.18 107.81284 6596.259 489.18115 149.25032
125560.97 130.84593 6557.4946 548.9634 145.14844
125438.09 130.84593 6538.5947 527.8213 149.07912
125248.266 130.84593 6535.7734 521.0962 149.07912
125048.72 111.52749 6532.704 464.9131 151.97437
123945.055 118.35303 6477.5933 513.2095 145.14844
123859.6 121.98328 6481.334 501.70557 145.80624
124192.5 123.04027 6486.747 478.91064 151.97437
124571.31 123.04027 6478.298 511.8838 147.21472
124662.74 129.3894 6499.3496 523.874 147.21472
125253.234 123.91787 6505.935 515.5879 146.12917
125361.96 123.91787 6508.01 534.0454 146.12917
124226.1 129.3894 6486.733 505.42432 151.5482
124217.56 135.35373 6461.2734 547.51025 156.30699
124695.22 135.35373 6456.0117 572.3159 156.30699
123845.5 135.35373 6413.9346 593.1084 152.07114
123915.85 131.4633 6214.9116 855.6118 140.73134
124077.08 130.85526 6209.0244 878.4248 140.73134
124826.95 130.71074 6234.5557 904.15576 140.37236
125278.27 135.35373 6241.5205 890.4512 141.44652
125659.29 129.85457 6267.3174 869.1128 140.47026
128829.41 134.86601 6548.4834 737.3003 162.33377
128601.97 134.86601 6554.8867 714.1035 154.63593
128384.87 134.86601 6578.269 670.96484 161.79826
127720.92 134.58107 6603.601 634.73926 148.02708
128333.15 123.81409 6658.83 677.88916 146.3265
127351.875 135.11404 6558.079 672.4409 147.45378
127487.01 135.11404 6564.783 695.5996 146.3265
126735.02 138.6243 6254.539 998.51855 141.46008
126415.61 128.25 6261.796 1030.7837 141.46008
123693.555 119.61514 6122.932 981.6621 137.78804
123653.73 119.61514 6100.3184 1002.6924 137.70534
123461.24 112.88219 6039.892 1090.3457 136.16515
123284.83 125.01105 5966.6826 1122.7119 135.74118
122958.72 126.15767 6085.618 1058.7896 137.49902
123063.08 126.53001 6048.8394 1095.9785 137.49902
124545.44 110.83502 6068.651 1161.3267 138.17288
124553.34 106.63748 6039.1206 1085.1997 138.17288
123658.09 126.15767 6060.6562 1033.9453 138.43167
120424.01 119.84846 6091.963 835.0088 138.17288
120737.53 119.84846 6078.973 845.47705 138.17288
121350.02 119.9317 5914.163 990.34375 135.92345
122053.19 119.9317 5924.3906 1031.5654 135.91469
119687.625 114.00703 5824.7036 1055.5132 134.58107
119708.92 114.00703 5832.166 1268.6094 134.19667
121177.47 121.91413 5891.837 1036.0083 135.92345
120738.82 121.91413 5866.987 1031.2983 135.92345
119805.875 113.93409 5876.1323 1028.4121 134.07225
120356.484 113.93409 5854.6265 1107.4663 134.07225
120240.48 111.27056 5861.7437 1090.7959 134.6087
120157.52 97.73918 5864.6367 1078.9468 134.6087
119353.016 97.73918 5898.3325 986.5669 134.6087
119115.62 97.73918 5892.724 946.96436 134.96974
119957.45 97.73918 5909.612 965.6992 134.96974
120507.33 109.85083 5893.293 1096.917 134.96974
119998.01 113.86842 5886.8564 1081.3418 134.96974
120353.52 113.93409 5876.0713 1040.8398 134.96974
120681.01 113.93409 5851.865 1086.4048 134.96974
120046.05 113.93409 5881.926 1053.5078 134.96974
119394.7 113.93409 5878.319 1082.2241 134.6087
119768.48 113.93409 5885.3374 1087.9263 134.96974
120096.21 113.93409 5863.923 1133.9702 134.86601
119824.67 113.93409 5866.813 1086.7017 134.86601
120315.85 109.91685 5905.2236 1058.4072 134.86601
119854.77 107.80138 5884.8125 987.43896 134.86601
126558.26 123.17925 6603.777 558.2573 146.21553
127518.96 123.17925 6634.653 575.0952 149.91234
127604.56 113.86264 6663.757 650.4839 147.03877
127425.45 106.63748 6638.7026 575.43506 146.21553
127577.33 106.63748 6641.9927 599.9258 145.46935
127466.69 106.63748 6667.155 583.4165 148.02708
127889.46 106.63748 6681.494 590.85645 148.02708
127768.836 106.63748 6653.257 591.54395 146.46162
127181.086 113.86264 6650.014 560.72217 146.5862
126985.75 113.86264 6638.3257 579.3545 146.21553
126905.805 113.86264 6635.921 569.45654 146.21553
127799.79 113.86264 6644.044 543.66406 148.81927
127670.48 113.86264 6654.5737 539.92236 148.81927
127328.74 106.63748 6658.487 525.44434 148.81927
126950.414 106.63748 6661.186 471.28955 148.81927
126951.58 113.86264 6630.0586 510.3379 146.21553
126971.02 113.86264 6604.5684 536.0 146.21553
127812.95 113.86264 6620.884 573.208 146.3265
127483.984 106.63748 6665.513 551.0996 153.84805
127664.71 106.63748 6667.8306 571.36523 153.84805
127490.28 106.63748 6688.7935 574.1865 153.41919
127163.16 106.63748 6677.096 569.4536 153.41919
127339.71 106.63748 6637.2314 608.95654 145.23488
127005.516 106.63748 6623.931 596.60205 145.23488
127640.7 113.14942 6666.8306 573.49756 146.3265
127405.61 106.63748 6625.312 552.292 146.46162
127362.55 106.63748 6632.26 527.9053 146.46162
127480.36 106.63748 6660.127 531.51025 150.7114
127710.12 113.14942 6630.116 592.19775 147.03877
128158.38 113.14942 6620.3364 596.6387 147.03877
128046.65 113.14942 6638.2017 586.16895 147.21472
128309.24 106.63748 6651.2725 617.40186 147.89226
127222.37 128.13597 6599.1646 594.96924 145.10898
126616.56 135.50793 6569.3013 621.8721 147.21472
125893.47 138.79239 6458.102 692.90625 145.23488
125990.625 138.79239 6444.0073 768.45166 145.10898
125276.92 138.79239 6413.1714 692.10596 165.1422
125257.42 138.79239 6496.1777 594.66504 155.68494
125473.57 138.17288 6525.0547 584.1494 155.68494
125642.62 132.65407 6256.647 928.34033 140.88644
126073.875 139.69392 6431.56 819.86084 142.50557
125927.92 138.79239 6466.217 789.94385 142.50557
125631.88 137.78804 6529.718 755.1211 143.99704
125928.18 138.17288 6562.523 722.0698 145.10898
126221.5 135.50793 6566.3853 727.66846 145.10898
126182.02 138.50993 6552.6226 694.9917 145.10898
127606.66 137.78804 6569.5522 648.60547 148.15761
127455.63 122.43136 6604.5854 557.0615 145.40678
127800.27 123.81409 6612.628 585.1538 147.21472
127864.11 106.63748 6635.477 583.667 147.03877
127897.164 106.63748 6608.575 571.20557 148.15761
128029.5 123.81409 6610.9976 641.3247 147.03877
128039.34 113.86842 6636.099 620.9761 147.03877
127534.0 113.86264 6631.6553 504.80176 147.03877
127406.07 113.86264 6648.0464 509.41846 147.03877
127807.93 106.63748 6645.501 516.563 148.78528
127773.17 106.63748 6653.3325 493.69482 147.03877
128086.625 106.63748 6665.074 515.583 157.38889
128239.805 106.63748 6634.416 546.9365 157.38889
128124.36 106.63748 6655.9336 547.1333 157.38889
128245.09 106.63748 6650.4014 619.0923 147.03877
127615.24 113.86842 6607.946 543.89453 149.25032
127499.09 113.86842 6617.0 529.0713 162.33377
127794.97 113.86842 6666.6436 559.5742 148.33984
127937.195 126.97676 6649.641 565.20605 157.535
127653.5 126.97676 6637.001 589.2988 151.3887
126495.695 131.75862 6597.7314 644.978 145.46935
126808.95 131.75862 6590.5474 678.1709 145.46935
127016.28 131.75862 6595.3677 698.4497 145.46935
126966.45 131.75862 6597.898 794.79346 145.14844
127241.62 130.84593 6603.388 805.9839 145.14844
127291.28 130.84593 6598.7456 697.2041 145.46935
127262.61 131.75862 6592.0337 698.94727 146.2289
127117.28 130.84593 6588.7705 718.53955 145.23488
127062.58 125.08518 6509.5625 760.83203 142.99063
127018.56 107.81284 6479.2036 768.1382 142.50319
126609.19 118.98245 6402.7324 830.2529 141.0754
126251.24 124.72704 6064.0566 1149.937 141.0754
125784.43 124.72704 6101.2627 1156.957 140.37236
125797.23 113.14942 6214.5996 951.5488 140.37236
125131.24 97.73918 6249.5176 912.07227 140.00764
125137.63 113.14942 6234.769 911.5928 140.00764
124921.42 111.52749 6342.7866 889.3364 140.00764
125243.14 112.21345 6250.294 931.0239 140.00764
125577.61 112.21345 6266.9175 938.3789 140.00764
125798.62 112.21345 6184.8115 1015.4419 140.00764
124497.99 115.97282 6107.471 1018.2285 138.50993
125207.305 115.97282 6022.611 1135.5615 138.50993
125292.25 115.97282 6021.415 1168.956 138.6243
125090.09 115.97282 6043.6025 1113.4038 138.6243
124816.32 115.97282 6052.3623 1018.52734 138.50993
124504.53 115.97282 6008.267 1067.6538 138.06384
124700.625 127.5576 6040.1533 1119.0894 138.94272
124501.73 126.66701 6011.5703 1161.855 138.67992
125100.95 127.5576 6042.7573 1151.6016 138.94272
125188.234 127.5576 6045.23 1161.4419 138.94272
125654.85 123.52054 6076.799 1086.1382 138.67992
125504.984 123.52054 6088.9365 1054.6099 138.67992
124691.016 117.11209 6133.529 1005.0337 138.67992
125054.92 106.63748 6120.7144 1028.166 138.67992
125089.875 106.63748 6149.5464 1075.8535 138.67992
124832.805 113.86264 6165.602 1033.9819 138.67992
125350.92 113.86264 6157.991 1096.8872 138.67992
125423.12 113.86264 6140.563 1095.3789 138.67992
125058.48 123.04027 6091.329 1134.3574 138.6243
125482.47 123.04027 6074.997 1154.8926 138.65323
125292.17 97.73918 6077.8906 1128.9194 138.65323
125892.66 97.73918 6097.903 1130.5376 139.44075
125881.88 97.73918 6078.1436 1132.7075 138.94272
125460.97 126.9536 6061.987 1151.2368 138.94272
124989.93 126.9536 6062.9717 1125.6807 138.94272
124537.69 123.24324 6114.648 1064.1626 138.67992
123288.39 121.98328 6081.1533 1073.0859 137.73598
124732.95 97.73918 6046.62 1092.4258 138.48296
123773.65 125.62673 6083.073 1127.7456 138.17288
123915.516 123.7683 6015.1147 1108.292 138.17288
123099.93 123.7683 6052.902 1026.8628 137.73598
123178.49 123.7683 6080.8057 1030.9482 137.73598
123181.48 123.7683 6045.8647 1043.7988 137.73598
120260.86 125.01105 5932.0913 1027.4878 135.91469
121456.3 109.92133 5983.086 1102.4834 134.70337
121125.56 109.92133 5966.934 1099.5347 134.70337
120989.36 109.92133 5956.213 1074.0249 135.11404
120369.484 111.52749 5873.594 1098.2695 134.44469
121723.984 109.85083 5941.176 1082.9907 135.11404
122298.14 119.00577 5953.0703 1115.0093 135.88303
123295.24 123.66485 5946.9956 1207.9233 136.72815
123551.85 119.84846 5926.0635 1185.9761 137.70534
123645.65 123.66485 5933.6147 1190.0962 137.57137
123286.914 123.66485 5921.9814 1186.001 137.57137
123449.46 122.56346 5955.7188 1146.6201 136.81421
119664.64 116.07635 5592.639 1496.9307 133.51483
119550.2 116.07635 5622.339 1415.3242 133.51483
119372.23 116.07635 5620.1147 1401.2534 133.51483
119412.87 116.07635 5616.335 1371.875 133.51483
119315.375 116.07635 5664.489 1246.5835 133.87474
119854.586 116.07635 5660.102 1263.3687 133.87474
119674.54 116.07635 5661.8647 1300.9204 133.87474
120413.02 117.00102 5644.2437 1398.2788 133.87474
120861.69 115.97282 5691.916 1324.7852 133.87474
120887.22 115.97282 5681.6025 1359.6763 133.87474
116694.586 89.24999 5529.898 1431.8984 131.5253
117237.65 109.45183 5509.864 1455.4346 131.51402
118004.414 113.14942 5515.864 1500.563 131.51402
117907.85 116.07635 5529.3516 1521.6396 131.51402
117244.81 116.07635 5545.3 1473.1016 131.51402
116997.766 116.07635 5565.9185 1436.6494 131.5253
115723.695 119.10334 5549.2456 1359.1768 131.75862
116211.086 114.00703 5574.0483 1325.4141 133.49161
116106.27 114.00703 5588.365 1292.1602 133.05498
117243.01 119.10334 5595.0947 1352.2603 133.05498
117487.85 119.10334 5549.36 1442.9927 133.05498
117214.54 119.10334 5567.71 1400.3506 132.23616
117432.58 118.5061 5576.0156 1396.0288 131.57504
117623.73 118.4433 5592.904 1390.6382 131.57504
117182.164 113.93409 5621.1133 1290.75 131.57504
117176.7 113.93409 5625.7256 1303.3677 132.23616
117544.02 113.93409 5609.009 1319.6509 132.58537
118715.3 118.4433 5629.204 1403.7783 133.51483
118522.87 118.4433 5636.052 1399.1714 133.51483
118154.47 118.4433 5584.223 1387.2881 133.76689
118335.25 118.4433 5598.5366 1388.3574 133.76689
118774.61 118.25222 5630.2427 1392.1357 133.76689
118495.86 117.71117 5690.9497 1214.5332 133.51483
118794.18 117.71117 5657.511 1322.331 133.51483
120190.266 122.89361 5735.378 1240.1084 134.43527
120528.52 122.89361 5686.8916 1384.189 135.03815
120322.46 122.89361 5637.287 1376.3774 134.43527
121226.77 122.89361 5633.643 1403.3208 134.86746
119566.94 118.5061 5738.7437 1178.919 134.86746
120486.2 122.75535 5630.1704 1426.8853 133.99889
119751.11 118.35303 5623.776 1302.1006 133.99889
119524.76 122.89361 5590.241 1328.0063 133.99889
120557.9 122.89361 5625.5 1375.8213 133.99889
120373.65 122.75535 5626.4546 1357.71 133.99889
120359.734 122.75535 5678.402 1287.1133 134.43527
120815.55 95.74289 5788.258 1173.7891 134.43527
120992.35 95.74289 5768.127 1184.4126 134.43527
122590.26 122.92406 5771.075 1231.3037 135.20143
121212.27 122.83154 5676.176 1267.0483 134.6087
121173.625 122.92406 5663.3335 1360.7207 134.6087
120764.98 122.92406 5660.391 1339.605 134.6087
120790.12 122.92406 5675.523 1373.4702 134.6087
118917.67 94.063 5576.3716 1321.3931 132.18361
118343.125 94.063 5577.489 1286.2461 132.18361
118103.59 94.063 5595.397 1270.4375 132.18361
117746.51 94.063 5623.8066 1219.8325 132.18361
118071.92 94.063 5593.7705 1249.6396 132.44635
118831.91 111.77504 5637.188 1217.9082 132.53271
119331.625 111.77504 5614.965 1248.5688 132.53271
120624.92 111.77504 5652.054 1263.0923 132.44635
119341.14 103.99152 5640.332 1217.5596 132.53271
119302.27 103.99152 5654.8257 1216.1997 132.53271
119369.59 110.84105 5631.8413 1245.4463 132.53271
119970.38 104.17542 5671.948 1223.9272 132.53271
119509.086 104.17542 5661.4116 1214.2598 133.72757
117950.99 104.17542 5670.0576 1163.7319 133.51483
117848.695 113.93409 5671.162 1172.3569 133.87474
119374.9 111.77504 5662.5063 1248.9272 133.51483
119669.055 104.17542 5696.201 1232.4824 133.51483
119083.38 111.77504 5725.7324 1210.5947 133.51483
119033.57 111.77504 5710.297 1176.6821 133.51483
119195.98 111.77504 5700.41 1212.4907 133.51483
119198.88 111.77504 5683.534 1240.23 133.51483
121324.51 117.11209 5687.227 1318.9072 134.07225
120638.01 121.91413 5800.156 1201.7529 134.19667
120890.15 121.91413 5768.9 1288.5898 134.07225
120170.49 121.91413 5708.7993 1336.2725 133.87474
120493.805 121.91413 5657.2363 1427.563 133.87474
120538.71 121.91413 5645.025 1404.4062 133.87474
120030.086 121.91413 5652.393 1332.957 133.87474
120058.766 120.36837 5681.7026 1308.9282 133.87474
120343.0 121.91413 5709.92 1228.8433 134.07225
122009.12 121.91413 5728.5234 1408.8452 134.43527
122271.28 121.91413 5777.2344 1264.0449 135.11404
122119.11 113.86264 5795.409 1215.5771 134.96974
122053.75 113.93409 5768.613 1237.3384 134.07225
121249.87 113.93409 5763.2305 1226.3921 133.87474
121357.14 113.93409 5779.1777 1227.4233 133.87474
121800.48 113.93409 5778.9917 1268.7124 134.19667
121909.32 113.86264 5780.778 1264.1265 134.19667
122074.414 113.86264 5798.5024 1290.1792 134.19667
122034.32 109.91685 5788.016 1248.0698 134.43527
123337.41 113.93409 5765.283 1372.0894 134.43527
122638.9 113.93409 5740.9297 1337.6602 134.43527
122104.4 94.96089 5721.4487 1370.959 133.51483
122233.1 113.93409 5782.6113 1214.4814 134.43527
122080.44 113.93409 5773.972 1198.6865 134.43527
122504.67 113.93409 5771.4937 1271.709 134.43527
123409.195 113.93409 5795.455 1256.4507 135.11949
123618.89 113.93409 5812.74 1305.1504 135.11949
123658.11 113.93409 5789.3613 1292.9644 135.76694
123810.56 95.74289 5834.009 1253.0571 135.67326
123660.484 109.8703 5767.2397 1332.4346 135.67326
124439.79 113.93409 5778.874 1377.4702 135.67326
123918.336 113.86264 5733.4355 1350.5322 135.90369
123985.125 113.86264 5712.79 1350.6992 135.90369
124253.91 109.85083 5750.844 1364.105 135.90369
124152.83 113.93409 5744.5967 1386.9053 135.48152
123927.36 113.93409 5767.8022 1368.8838 135.48152
124076.44 113.93409 5770.062 1391.9639 135.48152
123914.945 109.85083 5801.1826 1413.5503 135.20143
121935.734 121.91413 5770.462 1260.5752 134.43527
121550.33 121.91413 5783.8623 1209.6582 134.43527
121643.695 121.91413 5761.183 1223.9404 134.19667
121254.414 121.91413 5789.593 1186.2915 134.19667
121540.234 113.86842 5782.097 1202.0664 134.43527
121394.88 121.91413 5782.5073 1206.3291 134.43527
120676.61 115.64754 5741.8076 1236.8857 133.87474
121205.16 115.64754 5700.7446 1347.918 133.51483
121325.92 115.64754 5662.5146 1357.4385 133.51483
120976.02 115.64754 5679.168 1320.9058 133.51483
121546.31 115.64754 5709.199 1286.581 133.87474
121588.58 111.77504 5672.878 1345.6211 133.51483
121907.46 111.77504 5671.269 1331.3555 133.51483
121522.73 111.77504 5656.82 1350.6265 132.53271
121259.79 115.64754 5746.804 1273.9268 133.87474
121412.63 111.77504 5713.581 1305.1875 132.53271
121528.23 111.77504 5734.341 1277.2778 133.51483
121295.32 111.77504 5707.212 1262.6812 133.51483
121771.59 115.64754 5697.6943 1290.6885 133.87474
122236.54 109.85083 5739.961 1262.9282 133.87474
122315.92 109.85083 5707.2505 1340.269 133.87474
123679.86 109.89557 5753.1987 1351.4995 135.67326
123319.555 121.91413 5786.119 1308.1758 135.11949
122771.46 121.91413 5719.602 1282.0483 135.50793
122600.23 121.91413 5748.918 1274.1108 135.50793
122474.44 120.34402 5785.7246 1270.773 135.50793
123413.02 121.16368 5794.344 1285.1353 135.50793
123790.89 121.91413 5773.802 1296.1362 136.92401
123732.41 121.91413 5787.8945 1280.8545 136.92401
123974.47 121.91413 5791.3027 1319.0371 136.92401
124365.98 121.91413 5841.0854 1338.3735 136.92401
123919.17 121.91413 5834.1973 1305.3745 136.92401
123630.09 121.91413 5854.739 1290.0767 135.4358
123258.9 111.77504 5681.6074 1468.8481 133.51483
122908.77 111.77504 5676.714 1446.4565 133.51483
122036.266 111.77504 5635.168 1436.9834 133.51483
122155.82 97.73918 5629.1724 1439.6406 133.51483
122730.87 121.91413 5698.9873 1440.8291 133.87474
123719.95 121.91413 5759.764 1412.0332 134.43527
123888.02 121.91413 5809.9053 1351.8057 135.11949
121689.64 107.97795 5830.35 1219.1567 134.43527
121486.48 116.07635 5764.72 1248.7842 134.19667
121597.555 116.07635 5790.672 1251.6191 134.19667
121686.59 116.07635 5789.5396 1263.148 134.19667
121959.84 116.07635 5763.5015 1274.0537 134.19667
122045.88 116.07635 5745.9126 1374.3027 134.19667
122682.94 116.07635 5753.2627 1412.8096 134.19667
122357.586 116.07635 5709.7163 1359.4824 134.19667
122273.98 116.07635 5719.2373 1313.648 134.19667
123223.984 109.89557 5758.666 1369.0044 134.19667
123134.74 109.89557 5748.5776 1366.8193 134.19667
122253.83 102.75772 5742.6226 1296.5991 133.87474
122501.56 116.07635 5815.056 1262.2632 134.43527
122896.13 116.07635 5787.047 1342.6426 134.43527
122640.36 115.97282 5744.4233 1424.2534 133.87474
123180.63 109.91685 5710.4 1389.5234 134.19667
123080.84 115.97282 5720.7363 1373.0293 134.19667
121526.26 114.52965 5802.112 1288.56 134.19667
121623.29 115.97282 5783.0674 1261.1831 134.19667
122590.51 115.97282 5761.931 1293.1641 134.19667
121964.18 115.97282 5756.506 1290.647 134.19667
122527.41 115.97282 5782.688 1303.167 134.19667
123815.38 109.89557 5863.725 1312.0576 135.88303
123787.836 109.89557 5875.7695 1292.9033 135.88303
123428.48 109.89557 5857.136 1284.4478 134.61526
123345.3 115.97282 5866.929 1273.0005 134.61526
123195.55 115.97282 5860.186 1270.3242 134.61526
122913.27 115.97282 5840.617 1261.5293 134.61526
123020.58 113.32322 5829.355 1253.3462 134.19667
123238.305 107.97795 5826.545 1262.1191 134.61526
123356.85 115.97282 5819.1895 1300.8105 134.61526
124075.73 112.8245 5871.5537 1273.3579 137.13072
122498.07 115.4727 5849.281 1263.458 134.61526
122111.68 115.4727 5832.4287 1243.8818 134.61526
122908.3 115.4727 5861.536 1227.5098 135.48152
123028.805 115.97282 5853.561 1196.0801 135.11949
123132.86 115.97282 5844.7046 1227.7612 135.11949
123379.69 107.81284 5876.368 1231.8408 135.11949
123598.79 115.97282 5880.0757 1257.5908 135.11949
123744.76 109.85083 5894.923 1273.0586 135.11949
123789.75 109.85083 5871.731 1293.6567 135.11949
123299.66 107.97795 5845.158 1324.1167 134.19667
123215.53 109.85083 5869.9263 1230.8647 134.19667
123695.23 109.85083 5877.676 1252.1294 135.11949
123648.984 109.85083 5868.5947 1241.8447 135.55713
123889.555 109.85083 5862.482 1289.477 135.55713
124246.98 123.66485 5900.075 1240.1025 138.17288
124080.05 123.66485 5913.895 1243.5063 138.17288
124120.91 123.66485 5916.473 1267.125 138.17288
124868.42 123.66485 5949.279 1281.5239 138.17288
124609.45 128.13597 5894.686 1334.7305 138.17288
124445.4 107.97795 5882.98 1343.0195 136.81421
124865.96 97.73918 5886.7974 1293.9048 136.81421
125369.25 97.73918 5852.26 1353.7803 136.81421
125288.87 97.73918 5862.88 1305.0083 138.17288
124356.27 123.66485 5923.933 1279.856 138.17288
124617.62 115.48722 5919.4463 1266.8438 138.17288
124678.28 115.48722 5924.1216 1280.2109 138.17288
124720.914 101.79288 5902.3105 1263.8677 138.17288
125068.266 113.32322 5918.0186 1264.8442 138.17288
124334.53 123.66485 5848.2256 1394.2754 137.73598
123841.914 123.66485 5891.432 1284.0171 137.73598
124277.01 125.01105 5879.8394 1304.4243 137.73598
123589.44 125.01105 5855.9277 1253.3564 138.11061
123363.67 126.66701 5853.8984 1258.0913 138.11061
124344.26 125.08518 5849.864 1297.7393 138.17288
123840.28 127.49195 5868.385 1238.9355 138.17288
123982.13 127.49195 5868.174 1242.9927 138.17288
124093.125 127.49195 5865.994 1229.4268 138.17288
123345.26 126.82869 5867.3887 1211.9546 138.11061
123353.93 125.01105 5876.656 1224.0791 138.11061
122821.95 127.09281 5884.601 1191.7466 137.55597
122885.555 127.09281 5895.273 1209.4692 137.55597
123239.46 127.09281 5889.5522 1260.4292 137.55597
123751.14 127.09281 5873.951 1296.9253 136.90506
123462.58 127.49195 5844.8726 1321.3779 136.90506
123688.55 122.99271 5866.7324 1279.4824 136.90506
123577.664 121.98328 5860.242 1272.1553 136.81421
124120.78 109.85083 5892.766 1206.4385 136.81421
124850.586 121.98328 5902.5825 1279.6772 137.73598
124243.586 112.21345 5885.2896 1230.4517 137.73598
124068.695 112.21345 5891.479 1270.6016 137.73598
124049.42 123.24324 5897.425 1251.6343 137.73598
124132.47 123.24324 5900.698 1217.207 138.17288
123961.4 123.24324 5899.607 1198.5835 138.17288
124778.42 121.98328 5962.1914 1128.915 138.50993
125313.484 123.66485 5954.9453 1156.7886 138.50993
125484.36 129.26898 5962.6543 1162.8389 138.50993
125253.49 129.26898 5976.5977 1131.9492 138.21902
125091.17 106.63748 5976.8716 1144.7505 138.21902
125256.32 113.86842 5956.9644 1160.331 138.21902
125264.445 111.51144 5909.778 1217.6714 138.21902
125378.125 113.86842 5916.71 1218.5332 138.21902
125748.58 113.86842 5896.9365 1244.4839 138.21902
126041.72 113.86842 5936.435 1224.2715 138.67992
126047.01 107.81284 5952.2983 1187.1831 138.67992
127833.53 121.98328 6575.2485 591.7075 148.81175
128159.164 138.17288 6442.8525 802.125 162.33377
128341.516 132.34746 6455.411 830.874 148.78528
128241.42 132.53271 6470.0386 807.4043 150.06403
128188.695 132.53271 6496.958 795.5005 147.03877
128397.77 123.81409 6654.26 643.6836 147.03877
128418.28 123.81409 6648.4175 640.3828 147.21472
128473.055 123.81409 6653.6035 678.6738 147.21472
128413.03 126.97676 6639.547 673.42236 147.21472
128411.766 126.97676 6652.333 684.0625 148.78528
128378.05 126.97676 6667.397 650.17285 150.68959
128134.055 132.53271 6534.4346 716.20654 148.78528
127692.86 134.61526 6612.1255 610.84814 153.41919
127768.36 134.61526 6599.7764 618.6948 148.81175
127509.91 135.50793 6598.0015 664.23535 153.62968
127659.84 134.61526 6615.508 715.1909 150.12201
128073.29 123.17925 6693.0537 634.84766 148.02708
128146.555 122.43136 6675.639 689.4717 146.3265
128218.805 113.14942 6685.018 630.17236 146.38173
128139.586 113.14942 6681.8716 593.42236 148.78528
128385.41 113.14942 6690.78 607.6343 148.78528
128897.8 122.43136 6712.5215 613.4165 148.78528
128419.81 129.55328 6397.897 903.20215 147.79411
128348.305 129.55328 6405.218 880.2007 147.79411
128056.95 129.55328 6406.6504 880.2915 146.3265
128164.62 126.97676 6569.281 686.6045 146.5862
128025.055 132.53271 6582.7505 659.43555 146.5862
128028.336 132.53271 6592.957 654.53564 148.0333
128296.24 126.97676 6586.583 683.37305 146.79657
128183.555 126.97676 6598.4053 670.396 146.79657
127993.484 126.97676 6616.691 640.81445 146.5862
127642.6 126.97676 6606.551 618.15283 146.5862
127659.37 137.78804 6537.7373 681.9033 146.3265
127531.92 137.78804 6546.8237 653.7134 146.3265
127424.164 137.78804 6525.219 663.6714 145.23488
127882.0 134.61526 6615.4478 671.5908 149.91234
127339.71 134.61526 6565.9956 660.98535 146.90823
126686.805 135.20143 6531.4976 680.81934 145.09714
127258.19 138.17288 6570.666 644.13916 148.15761
128026.74 138.17288 6566.755 697.3242 148.11597
127679.45 137.49902 6581.3857 651.2046 148.11597
127659.734 134.61526 6574.7446 650.85156 147.89226
127708.016 135.50793 6576.697 646.29443 149.90457
127111.54 135.50793 6566.619 672.5176 148.10788
127062.53 137.49902 6576.4956 675.5962 145.40678
127256.98 138.17288 6519.4834 720.1387 145.40678
127391.13 138.17288 6530.7285 741.12354 148.10788
127338.516 138.17288 6513.7915 740.3296 148.10788
127477.9 138.17288 6524.0576 757.6738 148.10788
127318.71 138.6243 6533.335 707.1304 147.45378
127375.89 138.6243 6498.8916 716.8257 143.19392
127444.07 138.6243 6505.514 718.58545 142.50557
127748.91 138.6243 6464.895 815.9048 145.10898
127473.27 138.6243 6491.7163 757.13574 157.59178
126921.75 118.98245 6437.4634 787.5288 142.50319
126823.984 118.98245 6437.6836 755.4707 142.50319
126666.79 134.58107 6457.282 747.35547 142.50319
126800.734 134.58107 6458.187 749.59814 142.50319
126034.63 134.25616 6235.192 968.66455 140.47026
126189.34 134.25616 6247.5947 989.1304 140.47026
125806.28 134.25616 6249.3804 942.3491 140.47026
125461.66 134.25616 6256.8315 907.2373 140.47026
125469.97 134.25616 6253.166 929.8071 140.91664
125638.74 134.25616 6258.4463 903.08154 141.48924
125308.555 131.12895 6263.4146 855.08203 140.91664
125245.73 131.12895 6237.1187 885.95264 140.47026
124832.266 131.12895 6232.604 883.62744 140.37236
125159.5 131.12895 6241.6636 933.1089 140.37236
124775.68 137.49902 6315.485 912.4297 140.91664
124546.06 127.1286 6012.474 1177.8384 138.6243
124467.69 127.1286 6069.277 1072.8862 138.6243
125225.69 97.73918 6109.576 1095.0898 138.6243
125317.4 97.73918 6146.9917 1072.9541 139.24025
125062.59 97.73918 6122.57 1077.4634 138.6243
125260.62 97.73918 6106.659 1067.1699 139.24025
125099.984 126.97676 6105.288 1079.4419 139.24025
124360.766 127.1286 6159.7246 1024.4756 138.6243
124695.19 106.63748 6187.3657 931.2368 139.69392
123344.44 122.32759 6120.8843 1000.4033 137.96059
123301.78 122.32759 6096.8115 986.0679 137.96059
123642.66 97.73918 6162.787 849.2793 138.6243
123207.02 97.73918 6137.072 909.0664 137.7514
122907.234 97.73918 6157.161 870.8843 137.49902
123125.64 122.32759 6150.6616 876.1699 137.49902
122673.6 122.32759 6163.1934 864.5513 137.49902
123603.68 106.63748 6134.7266 942.70557 137.49902
123433.4 106.63748 6131.1426 916.75684 137.49902
123137.48 118.98245 6126.3564 893.0327 137.49902
123150.45 116.42385 6132.397 899.2573 137.96059
123901.67 122.32759 6150.1694 893.17725 138.50993
124375.766 97.73918 6160.148 893.79785 138.50993
123857.55 97.73918 6163.6333 863.79297 138.50993
124050.61 97.73918 6162.1826 843.5679 138.6243
124542.2 97.73918 6158.056 864.4624 138.6243
124504.78 107.81284 6132.5786 916.08936 138.6243
124416.625 122.32759 6140.567 932.9917 138.50993
123699.83 122.32759 6147.4785 890.7295 138.50993
123883.31 122.32759 6128.337 904.1968 138.42888
123716.86 109.91685 6136.493 931.75635 138.42888
124054.77 106.63748 6135.9443 945.98 138.42888
124158.82 106.63748 6137.0176 954.3696 138.42888
124727.32 106.63748 6164.604 923.4961 138.50993
124294.38 113.14942 6170.097 882.876 138.50993
124470.31 122.32759 6147.3354 924.6553 139.4567
124068.664 122.32759 6193.662 872.1416 139.4567
124100.29 122.32759 6187.0835 870.31396 139.4567
124160.14 107.81284 6158.718 871.125 139.4567
123621.02 122.32759 6164.5376 879.09375 138.50993
123645.12 113.93409 6172.4546 851.9458 138.50993
123152.52 113.93409 6145.7275 880.2554 137.96059
122821.734 113.93409 6133.047 861.2197 137.96059
124294.43 106.63748 6106.321 1007.61865 137.96059
124188.47 106.63748 6115.289 1014.4209 137.96059
123713.65 113.93409 6135.664 940.4912 137.96059
123421.195 113.93409 6116.576 937.1782 137.96059
123725.17 113.93409 6113.5723 951.92236 137.96059
124140.48 113.93409 6107.235 1000.3501 137.96059
124614.516 113.93409 6111.1147 1030.499 138.50993
124270.29 111.27056 6095.1797 1030.2686 137.49902
124267.195 111.27056 6099.619 1036.6367 137.49902
124780.42 106.63748 6125.775 987.78564 138.50993
124811.734 111.27056 6151.897 1021.3843 138.50993
124869.81 111.27056 6118.1543 1035.853 138.50993
124559.23 113.86264 6177.567 922.9995 138.50993
124276.1 126.97676 6193.6025 896.4429 138.50993
124832.18 97.73918 6224.0405 907.25684 138.8906
124558.35 97.73918 6242.8657 859.0303 138.8906
124152.02 126.82869 6220.8853 885.522 138.8906
124016.305 117.71117 6209.0107 883.14844 138.8906
123944.48 109.8703 6229.165 833.56055 138.8906
124456.53 126.82869 6215.422 897.2202 138.8906
124084.625 113.86264 6203.7114 881.6675 138.8906
123779.04 113.86264 6198.7827 849.93115 138.8906
124184.914 127.87119 6188.1743 890.8447 139.69392
124405.23 127.87119 6202.613 905.584 138.8906
124004.67 127.87119 6185.6167 904.5962 138.50993
123663.17 128.22133 6084.7397 986.4956 138.8906
123796.875 128.12811 6099.246 988.09424 138.8906
124000.38 128.12811 6089.4316 1031.3374 138.8906
123785.695 128.12811 6109.5786 1023.29443 138.8906
123318.38 128.12811 6147.239 893.80176 138.8906
123741.42 128.12811 6148.187 909.2534 138.8906
124043.47 128.12811 6176.9224 898.38574 139.38202
124428.09 128.12811 6154.2373 948.4131 139.38202
124944.82 128.12811 6131.3125 954.1421 139.38202
124157.94 128.12811 6115.3076 960.5093 139.24025
123582.97 128.12811 6068.828 971.9209 138.50993
123951.57 128.12811 6108.0713 954.0205 139.24025
123508.52 128.12811 6075.88 984.15283 138.50993
122854.36 128.12811 6085.551 997.14453 138.50993
123479.62 126.97676 6053.465 1145.669 138.42888
123247.29 126.97676 6122.6797 1031.9097 138.42888
123168.8 126.97676 6077.513 1082.1221 138.17288
123031.22 126.15767 6111.2065 1025.4507 138.17288
123035.4 126.15767 6106.265 988.5674 138.17288
123475.055 128.22133 6058.62 994.0117 138.17288
123354.945 128.22133 6073.3257 1011.89746 138.17288
123462.45 129.5067 6033.8525 1024.3276 138.17288
122877.63 129.5067 6049.5576 1014.75635 138.43167
121540.39 129.5067 6092.2573 898.8159 138.42888
121621.945 129.5067 6061.041 934.1953 138.42888
122963.484 132.44635 6038.0396 1067.8076 139.24025
123511.84 132.26207 6053.185 1042.7856 140.31827
123941.79 131.26195 6032.743 1092.3921 140.31827
123680.26 131.26195 6004.9214 1078.1362 140.31827
123324.54 132.44635 6080.4287 1009.9678 140.31827
123810.72 129.88559 6068.0254 1039.0708 140.31827
123985.12 129.88559 6044.71 1086.4707 140.31827
124169.76 129.88559 6048.9644 1088.2349 140.31827
123815.5 128.73705 6064.6914 1009.7114 139.24025
123512.54 128.73705 6067.673 992.8628 139.47772
123263.414 128.73705 6079.9204 978.8623 139.24025
123126.35 128.73705 6104.3857 976.5088 139.24025
122718.336 128.73705 6115.216 973.7285 139.24025
123234.266 129.67426 6115.4365 992.103 139.24025
123508.055 131.12895 6067.9995 1034.6606 139.47772
123403.88 129.86261 5970.497 1143.2651 138.17288
123480.45 129.86261 6012.738 1170.9121 138.17288
122638.47 129.67426 6102.1357 985.60205 139.24025
122842.26 128.7257 6062.848 979.791 138.6243
122906.41 128.7257 6076.4805 999.81445 138.6243
123277.164 124.39952 6007.446 1036.0029 137.78804
123477.086 124.39952 5991.9404 1084.8364 137.78804
123338.76 130.84593 6035.4434 1027.1011 138.6243
123479.12 130.71074 6026.5996 1052.334 138.6243
123360.83 130.71074 6035.9077 1025.8218 138.6243
123580.85 130.71074 6023.233 1113.3193 139.09906
123269.62 130.71074 6023.7812 1111.019 137.57137
122958.81 130.84593 6011.199 1098.3652 137.57137
122811.61 130.84593 6010.608 1090.2734 137.96059
123314.64 130.84593 6024.6284 1111.5913 137.96059
122896.28 130.84593 6031.538 1116.4624 137.57137
122442.945 131.4633 5994.0723 1179.7749 137.96059
122752.164 131.4633 5988.179 1222.4941 137.57137
122856.24 131.4633 5962.232 1200.6025 137.96059
122357.46 131.12895 5995.8647 1069.9458 138.6243
122827.23 131.12895 6025.774 1081.3076 138.6243
122966.89 131.12895 6010.0557 1083.272 138.6243
123235.914 131.12895 6017.2036 1093.8896 138.6243
123625.4 129.88559 6055.8677 1053.7183 138.6243
123020.18 129.77016 6036.2026 997.68164 138.6243
124466.57 129.55254 6097.0596 1055.6934 138.50993
123990.38 129.55254 6100.92 1027.165 138.6243
123897.61 129.77016 6099.592 1073.2803 138.6243
123337.18 129.85384 6095.772 1115.5107 138.6243
123883.44 129.88559 6118.206 1118.064 138.50993
123997.98 129.88559 6102.807 1139.937 140.00764
123921.94 129.88559 6111.7397 1095.687 140.00764
123655.266 130.71074 6084.8213 1089.3877 140.00764
123568.71 130.71074 6109.3145 1115.041 140.00764
124630.734 129.77016 6220.615 921.7632 140.31827
124615.445 129.5067 6187.491 907.47363 140.31827
124917.76 129.5067 6233.43 911.9092 140.00764
124783.41 126.97676 6241.6953 868.3325 140.00764
124307.12 126.97676 6218.168 867.74756 140.00764
124441.414 128.13597 6215.9604 857.7676 140.00764
123215.23 125.12571 6258.5522 777.4961 140.47026
122784.02 125.12571 6265.62 737.62646 140.47026
122923.664 129.77016 6266.7197 752.57324 140.73134
123230.49 131.26195 6143.358 932.93945 140.00764
123214.586 132.26207 6161.8784 919.53076 140.37236
123965.9 132.05266 6264.012 798.228 141.57582
123900.87 132.65407 6285.736 785.479 141.57582
124055.74 134.44469 6283.9194 803.896 140.88644
124126.266 131.12895 6243.7495 857.2798 140.88644
124398.15 130.84593 6298.273 812.0215 140.88644
124336.47 130.84593 6336.01 785.4585 140.88644
123773.54 131.75862 6305.3823 823.62695 140.88644
123668.305 131.75862 6316.8213 819.7754 140.88644
124088.35 131.75862 6319.5825 834.24805 141.57582
123769.414 131.75862 6315.419 817.88574 141.57582
123650.93 131.75862 6319.9575 838.5459 141.0754
123511.1 133.49161 6296.9565 863.7798 141.0754
123229.86 133.49161 6305.132 858.666 141.0754
122812.016 133.49161 6281.3755 799.81934 141.0754
122323.67 133.49161 6278.249 746.4302 141.0754
122775.45 134.19667 6287.9478 774.0591 141.0754
122785.664 133.51483 6300.564 749.0034 141.0754
123301.62 133.51483 6268.3916 798.58057 141.0754
123230.17 129.88559 6196.9014 917.438 140.00764
123398.6 129.88559 6183.7866 911.6465 140.00764
122991.02 133.51483 6121.2095 959.4082 140.00764
122517.61 133.51483 6127.9126 978.0864 140.00764
123549.92 130.84593 6151.054 1009.167 140.00764
123502.08 130.84593 6168.0186 969.69775 140.00764
123464.28 129.85457 6224.835 892.9751 140.00764
122769.13 126.53001 6248.804 862.8496 140.00764
122252.59 126.53001 6250.599 845.228 140.00764
121925.64 126.53001 6238.6797 764.51514 140.00764
122421.7 126.53001 6227.0684 812.1587 140.37057
122062.54 124.8185 6235.7065 785.1221 140.00764
123161.84 113.93409 6255.1426 813.4878 139.24025
124313.69 123.81409 6252.4536 848.87305 140.00764
123774.414 123.81409 6262.8003 843.3579 140.00764
123670.63 125.91344 6215.3804 850.0327 140.00764
123906.01 125.91344 6227.6904 853.7158 140.00764
123413.26 125.91344 6247.379 819.3008 140.00764
123669.445 125.91344 6243.0977 859.4995 140.00764
123668.1 125.91344 6244.783 821.6128 140.00764
123468.266 125.91344 6252.774 843.6831 140.00764
123410.5 125.91344 6260.2104 829.4712 138.50993
123578.77 125.91344 6261.539 853.2178 138.50993
122077.57 128.13597 6237.9204 775.73535 140.47026
121567.84 129.77016 6239.476 770.6533 140.47026
122226.0 128.13597 6207.4863 745.7793 140.47026
122486.08 126.15767 6211.353 772.20996 140.47026
122815.35 126.15767 6220.9126 776.728 140.47026
121329.63 129.3894 6211.1885 775.2261 140.37236
121913.5 129.5067 6185.112 798.92285 138.43167
121673.92 121.71368 6205.795 778.4668 138.43167
122565.234 123.17925 6177.533 858.77344 137.9603
122277.82 123.13239 6165.5464 854.5122 138.17288
122797.35 123.17925 6192.672 870.0371 138.17288
122644.766 123.17925 6238.211 791.0659 138.43167
123360.97 123.17925 6228.244 788.23145 138.50993
122867.43 121.71368 6216.3047 767.0596 138.50993
122742.71 121.71368 6226.034 746.50977 138.7607
122122.125 129.77016 6090.298 868.0576 138.7607
121491.68 129.56282 6103.529 852.5615 138.7607
122444.875 129.56282 6231.927 734.30615 140.6655
123893.445 129.77016 6231.8433 851.6426 139.68665
123315.516 111.52749 6239.497 782.0869 139.68665
123735.625 111.52749 6242.8335 893.2744 138.50993
123447.3 111.52749 6267.885 892.4243 138.50993
123291.08 111.52749 6269.308 859.0005 138.50993
122753.19 111.52749 6253.72 818.27783 138.79239
122652.26 113.86264 6252.2354 810.6919 138.79239
122783.95 123.81409 6259.5854 801.9448 139.89432
122822.88 125.58012 6251.479 786.6675 138.79239
123399.695 129.3894 6240.185 816.82324 139.89432
123462.82 129.3894 6233.3994 845.57324 139.89432
123208.69 132.05266 6212.633 900.24365 139.89432
122689.336 132.05266 6249.9814 834.83984 139.89432
122312.766 132.05266 6221.502 791.8218 139.89432
122167.63 132.05266 6212.48 786.791 140.00764
122472.1 132.45303 6200.35 764.89453 138.79239
122815.55 123.81409 6210.967 752.90186 139.69392
122922.02 120.89301 6229.6475 776.09863 138.79239
122430.79 120.89301 6249.8545 734.8657 138.79239
121519.34 113.93409 6224.631 703.6455 139.30576
121845.67 113.93409 6224.919 687.2295 139.47772
121764.01 113.93409 6205.1943 726.56494 138.79239
121433.72 113.93409 6208.216 732.7803 138.79239
121309.16 113.93409 6212.3286 713.7627 138.79239
121233.43 113.93409 6230.919 708.2612 138.79239
121755.19 113.93409 6259.203 735.5122 139.62997
122050.75 113.93409 6253.969 738.5459 138.79239
121594.42 113.93409 6200.09 699.6362 138.79239
121234.805 113.93409 6158.6597 729.1924 138.50993
120816.805 113.93409 6177.928 686.70557 138.50993
120722.516 113.93409 6181.8105 703.84814 138.50993
120497.555 113.93409 6189.005 738.7881 138.50993
119901.14 113.93409 6192.4272 690.48145 138.43167
121014.086 109.85083 6210.16 721.78564 138.43167
120889.62 109.85083 6194.194 751.40234 138.42888
121638.88 113.14942 6156.2534 775.4341 137.49902
121225.9 113.93409 6158.966 740.9995 138.32336
121103.305 113.93409 6183.582 717.60645 138.11061
121412.08 113.93409 6179.7686 757.2832 137.49902
121562.87 113.93409 6163.0938 768.2031 137.49902
122278.91 113.93409 6194.0337 747.5034 138.32336
122380.18 113.86264 6193.8193 757.5571 138.17288
122054.54 113.86264 6197.2617 707.1123 138.43167
121698.086 113.86264 6207.828 685.57666 138.43167
121856.85 113.86264 6204.1885 730.6797 138.43167
120679.48 109.85083 6218.9526 608.8218 141.74757
120644.72 109.85083 6210.8716 612.395 140.37236
120316.266 109.85083 6208.8374 607.8721 141.41927
120212.72 109.85083 6209.9624 604.0586 141.41927
121144.17 113.93409 6248.868 614.459 141.57582
121266.484 113.93409 6201.78 692.7832 138.79239
121265.81 113.93409 6212.622 666.79736 139.07936
121120.3 113.93409 6224.4014 702.32666 139.07936
120804.38 107.6083 6226.354 684.5796 138.79239
120797.45 107.6083 6231.0405 690.95654 138.79239
121015.64 95.74289 6220.5103 688.22266 138.79239
121015.62 95.74289 6240.255 625.376 138.79239
120938.42 107.6083 6196.7695 660.876 138.79239
120732.125 107.6083 6180.7866 685.34863 138.6243
120824.89 107.6083 6211.959 665.58057 138.79239
121221.14 107.6083 6199.151 673.87354 138.79239
121306.94 113.93409 6186.5034 695.9258 139.07936
121701.67 113.93409 6180.0264 719.01855 139.30576
121191.984 113.93409 6188.225 726.396 138.6243
121372.836 113.93409 6167.772 744.9888 138.6243
121674.48 113.93409 6206.925 746.9907 138.6243
122667.586 106.63748 6245.24 798.58496 138.6243
122819.42 106.63748 6239.808 806.7949 138.6243
122460.96 106.63748 6258.906 791.11865 138.6243
122572.98 106.63748 6264.8335 795.79004 138.6243
122341.09 106.63748 6259.438 787.2046 138.6243
122241.78 106.63748 6231.806 772.58057 138.50993
122284.516 106.63748 6227.1406 774.2461 138.50993
121807.29 113.93409 6228.8696 771.5156 138.50993
122179.39 113.93409 6171.5767 789.60254 137.57137
122215.75 113.93409 6133.1206 849.5879 137.57137
122449.06 106.63748 6178.5225 798.5122 137.57137
122464.9 113.93409 6176.4287 855.2573 137.57137
122127.91 113.93409 6188.9634 820.86084 137.57137
121786.41 113.93409 6205.854 767.6162 138.17288
120380.94 113.93409 6193.0415 729.8916 138.43167
120977.64 113.93409 6199.2407 740.69824 138.43167
121099.98 113.93409 6195.5264 741.4946 138.43167
121618.07 113.93409 6184.249 784.29297 136.39369
121826.836 113.93409 6183.848 807.68506 136.39369
121402.44 113.93409 6135.6216 843.16064 136.35402
121793.93 113.93409 6169.6357 865.126 136.35402
122290.07 122.43136 6083.912 989.63184 136.72815
122167.266 122.43136 6066.0576 995.0879 136.35402
122408.47 125.77295 6064.7827 974.88086 136.16515
121558.3 125.77295 6088.381 906.917 136.16515
122108.305 125.77295 6072.5996 952.96387 136.16515
121868.46 125.77295 6060.472 946.7124 136.16515
122466.99 109.8703 6127.1646 885.0327 136.16515
121966.01 109.8703 6107.79 891.9053 135.6303
122290.47 109.8703 6144.055 897.19385 135.6303
122372.84 118.35303 6118.8184 976.11426 135.11949
122265.49 125.77295 6069.5576 1044.1621 135.11949
122151.48 119.41715 6118.7036 945.64746 135.11949
122237.734 119.41715 6141.707 964.0244 135.11949
122216.76 119.41715 6148.636 959.9873 135.11949
122365.266 107.81284 6138.154 944.26953 135.11949
122001.37 107.81284 6137.0864 901.11865 135.11949
121937.445 88.37653 6171.2114 862.3467 135.11949
122007.98 88.37653 6119.413 931.5303 135.11949
121708.875 107.81284 6013.624 1011.5205 134.68268
121728.82 108.22147 6043.123 1021.2178 134.96974
121562.36 118.98245 5876.696 1151.647 134.96974
121793.12 109.85083 5836.0166 1178.6323 134.96974
122470.77 109.85083 6115.5894 985.01025 135.11949
122625.42 118.98245 6084.3657 1049.5483 135.11949
122636.516 118.98245 6092.5483 1055.2319 136.16515
122647.5 119.58932 6198.683 863.81445 138.11061
122683.14 111.52749 6204.0576 829.9404 138.11061
122712.58 119.58932 6174.8438 889.2212 138.11061
122628.516 119.58932 6187.614 833.2988 138.42888
121812.54 118.35303 6211.6294 831.3584 138.42888
121834.18 119.58932 6209.3857 817.7612 138.42888
121628.41 119.58932 6229.101 831.06104 138.42888
122241.82 119.58932 6216.9927 832.51514 138.42888
122386.86 119.58932 6208.1553 855.74805 138.42888
122291.62 119.58932 6207.176 832.6177 138.42888
122186.48 119.00577 6228.967 778.93506 138.43167
122000.44 119.00577 6218.8823 756.1011 138.43167
122365.62 112.21345 6219.2603 768.1494 138.43167
123075.35 119.58932 6216.604 931.229 138.43167
122456.61 119.58932 6164.177 938.9243 136.16515
121813.61 119.58932 6119.7676 877.5542 136.16515
122155.484 88.37653 6193.5415 815.06885 136.72815
122671.25 88.37653 6183.162 800.959 136.72815
122171.01 88.37653 6201.642 787.4429 138.11061
122452.45 118.35303 6196.024 793.89795 138.11061
122590.664 118.35303 6158.185 836.82324 138.17288
122767.89 118.35303 6177.7446 862.2412 138.43167
123204.62 118.35303 6174.958 932.8252 138.43167
123213.32 121.98328 6160.9434 965.9678 138.43167
122959.36 121.98328 6152.5986 950.0073 138.43167
122161.6 123.6777 6144.6274 948.5166 138.43167
122882.12 123.6777 6114.9463 943.6323 138.43167
121970.5 123.6777 6126.3926 938.15283 138.43167
122833.74 123.6777 6123.595 1023.32764 138.43167
123128.625 123.6777 6143.973 1057.1875 138.43167
123184.02 123.17925 6156.2563 1013.8589 138.43167
123444.12 123.17925 6160.0547 1015.0449 138.43167
124017.91 123.17925 6178.256 1017.7178 138.17288
124521.66 123.17925 6195.44 1025.0361 138.17288
124169.15 123.17925 6155.8154 1055.1992 137.9603
124222.19 123.17925 6117.7964 1043.6343 137.9603
123265.38 123.17925 6145.529 914.7832 138.06384
123014.01 123.17925 6121.923 960.3013 137.9603
123161.37 123.17925 6135.6904 1023.22363 137.9603
123146.695 123.17925 6149.4346 983.73926 138.06384
122797.62 123.17925 6150.5884 958.353 138.06384
123577.67 118.35303 6160.513 961.3594 137.9603
123660.01 118.35303 6195.212 1007.52295 136.39369
123957.92 118.35303 6170.1606 965.5718 136.39369
123822.086 116.42385 6177.664 935.27 138.11061
123636.03 116.42385 6217.495 843.2158 138.06384
123075.266 116.42385 6226.862 849.6665 138.06384
122682.78 116.42385 6244.7935 817.86523 138.11061
122314.695 116.42385 6218.303 796.8252 138.17288
122241.195 107.81284 6266.6694 747.5928 138.17288
122157.06 116.42385 6222.1025 794.5718 138.17288
122497.15 116.42385 6235.232 774.8008 139.05779
122815.85 112.21345 6255.7793 788.98047 139.05779
122855.99 112.21345 6232.0566 791.9419 139.05779
122742.64 112.21345 6230.831 816.51025 138.17288
123142.68 112.21345 6249.661 819.4126 138.17288
123297.12 112.21345 6218.481 886.5283 138.17288
123083.45 109.8703 6237.003 858.24756 138.06384
123163.086 109.8703 6219.857 875.33203 136.35402
123354.17 112.21345 6163.989 926.4043 136.35402
123044.17 119.58932 6217.6953 896.2163 136.35402
123083.2 119.58932 6177.3965 910.8838 136.35402
123256.84 119.58932 6166.7944 974.85693 137.57137
123077.39 118.35303 6201.2295 870.9888 136.35402
123189.836 106.63748 6169.0176 952.353 137.57137
122695.945 106.63748 6147.79 849.35693 137.57137
122293.43 113.86264 6147.2163 833.89355 136.35402
122470.734 113.86264 6138.0347 840.5947 136.35402
122344.55 113.86264 6148.637 844.0537 136.35402
122317.07 118.35303 6126.0645 893.99316 136.04665
122238.63 118.35303 6134.765 870.63574 136.35402
122142.87 119.58932 6108.5845 857.1123 136.35402
121954.945 119.58932 6092.627 849.41064 136.35402
121644.45 119.58932 6108.8677 806.7422 138.06384
121780.0 119.58932 6140.9116 815.9761 138.06384
121484.375 119.58932 6093.4575 852.0166 136.35402
121897.51 112.88219 6129.138 806.07666 136.35402
122069.695 112.88219 6126.4004 819.03906 136.35402
122851.97 112.88219 6136.3384 831.58936 137.85352
122855.63 112.88219 6131.573 852.1743 137.85352
122304.37 109.91685 6135.2373 819.9248 137.85352
122966.0 109.91685 6102.071 861.87256 137.85352
122529.49 109.91685 6088.6226 841.2915 136.35402
122632.09 109.91685 6093.2046 842.3447 136.35402
123154.5 109.91685 6089.258 865.50244 137.85352
123177.52 109.91685 6115.686 885.5366 137.85352
122721.61 109.91685 6137.296 846.27295 137.85352
122286.45 107.81284 6135.626 819.51514 136.35402
122322.79 107.81284 6139.34 822.3296 136.35402
122691.79 107.81284 6154.1445 813.7788 137.85352
122457.83 107.81284 6155.7466 808.74365 138.32336
122857.99 107.81284 6148.1914 823.79004 137.85352
123344.7 109.91685 6138.1406 921.5664 137.85352
122802.3 109.91685 6152.9453 852.2876 137.70534
122370.63 109.91685 6115.273 830.44727 137.70534
122683.85 109.85083 6153.633 807.5762 137.70534
122627.02 109.85083 6154.33 804.96484 137.70534
122097.68 118.35303 6134.1743 862.88477 136.35402
122548.4 118.35303 6146.323 844.49365 137.70534
122970.86 118.35303 6137.294 862.50977 137.70534
122804.695 118.35303 6139.182 850.49805 137.70534
122972.12 118.35303 6123.351 869.1665 137.70534
122912.19 113.86264 6109.056 861.43896 137.70534
122936.83 113.86264 6103.3564 856.89355 137.70534
122924.086 123.17925 6096.6484 870.84814 137.9603
122763.625 126.03909 6068.4023 910.8257 137.70534
122157.32 126.03909 6059.676 905.35596 137.70534
121813.41 124.8185 6068.7515 898.0581 137.70534
121863.5 124.8185 6080.0874 899.3281 136.4968
121723.56 124.8185 6116.6357 903.71436 136.4968
121640.06 124.8185 6128.5474 907.5288 137.70534
121629.37 124.8185 6097.82 892.74414 137.70534
121536.56 122.96712 6091.653 878.3013 137.70534
122007.8 124.8185 6121.6455 917.0874 137.70534
122448.57 123.81409 6084.535 952.56104 137.78804
122167.48 123.81409 6106.315 922.7988 137.70534
122026.32 123.81409 6126.242 899.9326 137.70534
122498.06 123.04027 6125.873 962.3052 137.24153
122873.98 123.04027 6146.6226 900.16797 137.70534
122818.86 123.04027 6170.228 887.7129 137.70534
122823.234 123.04027 6150.2974 894.0137 137.70534
123006.88 123.04027 6116.755 915.3633 137.70534
122550.234 123.04027 6084.945 913.90576 137.24153
122590.46 123.04027 6099.36 922.17285 137.24153
122650.7 123.52054 6081.4365 954.67236 138.04979
122957.07 126.03909 6076.6147 946.59424 138.04979
122084.516 126.03909 6076.1562 941.6387 137.55951
121923.44 126.03909 6085.7627 934.7788 137.55951
121810.664 126.03909 6060.7666 953.0884 137.30058
122565.77 126.03909 6076.0205 982.6279 137.57137
122745.484 126.03909 6096.029 984.9302 138.43167
122784.086 127.1286 6094.8667 1020.4541 138.43167
122660.195 127.1286 6065.044 1057.958 137.30058
122535.64 127.1286 6044.0337 1083.6372 136.35402
122512.8 127.1286 6047.906 1051.935 136.35402
123016.83 126.97676 6085.4204 1025.3794 136.35402
122415.664 126.89898 6024.7207 999.98486 136.35402
122630.94 129.9001 6036.712 1030.8745 136.35402
122362.52 129.9001 6095.0425 921.46924 138.43167
122462.875 129.9001 6118.7075 933.0586 138.43167
123029.47 129.9001 6101.9897 957.9429 138.67992
122800.07 129.9001 6080.515 974.7461 137.78804
122401.04 129.40944 6063.663 975.4863 136.35402
122180.836 130.2649 6090.564 942.3794 137.78804
122241.68 130.2649 6064.1206 981.0952 136.35402
121763.29 131.48935 5907.969 1119.1768 138.50993
122074.55 131.48935 5909.1147 1148.3784 138.50993
121585.77 131.48935 5934.0503 1100.3247 138.6243
121765.95 131.48935 5911.856 1157.0742 138.42888
121678.87 131.48935 5925.646 1094.4678 138.6243
121722.18 131.48935 5913.2314 1142.6343 138.50993
121217.086 131.48935 5948.6113 1104.7437 138.50993
121857.85 131.05365 5945.8726 1136.2188 138.50993
122195.13 131.05365 5936.193 1164.9541 138.50993
122544.29 131.05365 5933.83 1192.3374 138.50993
122631.84 131.48935 5918.918 1170.1909 135.92345
122720.336 131.48935 5885.9004 1194.4937 136.35402
122191.18 131.48935 5915.873 1135.7842 138.6243
122315.88 131.48935 5882.2407 1165.9375 138.6243
122212.16 131.48935 5902.1543 1168.541 138.6243
128134.35 109.89557 6004.858 1370.7305 145.10898
128367.945 107.81284 6009.186 1327.7612 145.10898
127648.99 113.86264 6410.619 897.6489 142.9814
127524.16 113.86264 6450.2695 886.9785 142.82094
127465.83 113.86264 6429.0093 886.626 142.82094
127167.98 107.81284 6410.6685 788.02783 142.50319
127323.27 107.81284 6465.8613 799.3491 142.50319
127046.51 123.17925 6445.861 837.0366 142.50319
127177.96 123.17925 6441.428 788.9512 141.46008
125661.24 123.13239 6338.0244 814.20703 140.33029
125306.79 123.13239 6341.8037 800.5044 140.31827
125087.945 123.13239 6355.7017 791.0288 140.31827
124554.76 113.93409 6387.999 708.1509 140.33029
125345.22 106.63748 6445.5537 680.1177 140.37236
125688.53 106.63748 6472.709 704.58594 140.37236
125325.266 111.52749 6430.4634 676.54297 140.37236
125606.45 107.81284 6468.7056 746.0737 140.47026
124960.97 107.81284 6447.122 622.39746 140.37236
125151.516 107.81284 6465.665 628.6079 140.37236
125405.55 107.81284 6442.6465 661.66064 140.73134
125477.84 107.81284 6455.2656 669.0249 141.71442
125429.16 107.81284 6443.7104 642.3164 141.71442
125600.32 111.52749 6430.555 676.39014 141.71442
125077.07 111.52749 6448.1973 646.8467 141.71442
125058.12 113.14942 6401.89 733.4385 140.72095
124581.41 113.86842 6417.0913 692.1089 140.72095
125322.26 113.86842 6389.912 763.30176 140.72095
125743.086 107.81284 6404.1934 811.15576 140.47026
125714.85 120.37168 6387.117 822.0249 140.47026
125691.75 120.37168 6404.273 766.1138 140.37236
125734.65 107.81284 6419.957 792.0259 140.47026
125492.04 111.52749 6406.97 832.3696 140.47026
125295.33 129.85457 6380.4873 779.28467 140.37236
125721.82 129.85457 6368.4585 826.9336 141.46008
126001.46 106.63748 6367.469 828.80176 140.37236
125955.45 106.63748 6372.59 829.48535 140.37236
125853.68 106.63748 6381.222 851.88135 140.37236
125804.51 106.63748 6390.0557 824.103 140.37236
125450.375 129.85457 6331.8125 825.83545 140.37236
125482.95 128.13597 6348.5654 822.6787 140.37236
125700.44 113.86842 6360.6953 814.3994 140.37236
125687.24 119.84846 6416.62 876.4214 140.73134
125772.19 128.13597 6416.317 801.08203 140.73134
126005.734 128.13597 6401.833 833.07324 141.44652
125410.17 128.13597 6394.6934 778.19434 141.44652
125359.2 128.13597 6359.795 785.5708 140.73134
124913.34 123.04027 6392.373 675.89746 140.47026
124678.586 128.13597 6373.2764 760.94775 140.73134
125121.15 129.85457 6438.4937 733.16797 141.53712
125375.25 129.85457 6393.3774 771.64844 141.53712
125733.11 129.85457 6395.5254 863.2119 141.53712
125452.48 129.85457 6378.4634 861.5596 142.23004
125418.04 129.85457 6377.0117 853.54785 140.73134
125251.88 132.77963 6325.074 916.27344 140.73134
125065.125 132.77963 6274.8755 951.312 140.37236
125448.516 132.77963 6289.3633 932.30566 140.47026
126203.086 123.81409 6402.5938 870.4248 140.47026
125784.555 123.81409 6399.8223 837.0322 140.47026
126212.45 106.63748 6372.43 852.08936 141.03607
126149.75 106.63748 6388.6255 864.42334 141.03607
126370.96 106.63748 6399.985 940.8413 141.03607
126450.375 122.43136 6401.301 960.2661 141.03607
126177.45 113.14942 6406.671 976.8623 141.03607
126518.03 107.81284 6406.922 948.7622 141.03607
126440.85 97.73918 6443.9194 865.0117 141.03607
126184.79 97.73918 6448.0586 852.6411 140.73134
126974.22 97.73918 6459.301 813.8535 141.53712
126047.89 123.91787 6412.301 748.6372 140.73134
126205.51 117.71117 6453.853 753.98584 141.41927
125995.586 117.71117 6442.9897 740.13184 141.41927
125941.79 123.81409 6440.635 751.06885 141.41927
125586.02 123.81409 6434.926 703.062 141.41927
124263.06 118.35303 6420.405 664.77734 141.46008
124067.33 118.35303 6431.3965 647.75635 142.29396
125065.086 121.71368 6432.2935 652.56445 142.29396
125150.83 119.00577 6421.7354 685.09863 142.29396
125088.06 119.00577 6436.3384 650.61523 142.29396
125090.95 119.00577 6430.307 682.209 142.29396
124950.57 119.00577 6427.113 673.8706 140.73134
124767.805 119.00577 6430.8047 682.42725 140.73134
124856.555 119.00577 6437.9443 698.084 140.73134
125033.07 119.00577 6413.127 741.8047 140.37236
124993.88 119.00577 6413.862 735.67725 140.37236
124755.516 119.00577 6396.214 771.5654 140.00764
124627.73 119.00577 6409.8193 795.812 140.00764
125459.43 123.13239 6449.4497 729.2588 140.73134
125375.76 123.13239 6469.344 701.85547 140.73134
125145.67 115.48722 6416.172 753.6792 140.47026
125086.164 123.13239 6417.338 772.0498 140.47026
125098.2 123.13239 6409.1626 761.28955 140.47026
125006.54 123.13239 6412.479 717.13574 140.47026
124791.016 123.13239 6447.135 708.4961 140.47026
124487.625 123.13239 6438.565 705.34326 140.47026
124555.47 123.13239 6419.318 706.80566 140.47026
125012.555 123.13239 6430.6035 749.2373 140.47026
124896.38 123.13239 6441.2695 790.14746 140.47026
124628.37 123.13239 6423.6255 769.0029 140.37236
124789.83 123.13239 6426.901 780.2998 140.37236
124449.82 123.13239 6398.61 759.5835 140.37236
124320.54 115.48722 6402.9893 730.27246 140.37236
123943.6 117.93085 6396.0034 733.35596 140.00764
124208.89 118.98245 6358.1406 770.4912 140.00764
123958.52 123.13239 6407.5845 758.9917 140.00764
123787.125 118.35303 6384.49 722.5288 140.00764
123769.0 123.13239 6397.0273 638.32666 140.35057
124441.03 123.13239 6366.65 699.2163 140.37236
124370.31 123.13239 6402.9746 637.16895 140.37236
124557.71 113.14942 6367.7 700.1758 140.37236
124717.0 113.14942 6371.7017 720.4697 140.33029
124138.27 123.13239 6374.7983 708.62354 140.00764
124084.99 123.13239 6381.9185 715.5654 140.00764
124037.26 123.13239 6365.6445 690.11475 140.00764
124101.94 121.98328 6344.0933 700.541 140.00764
123869.78 123.13239 6357.3604 670.645 140.00764
123459.75 123.13239 6360.1743 668.51855 140.00764
122923.68 123.13239 6324.103 661.9136 140.00764
123621.43 123.13239 6345.7954 679.10205 139.69392
124017.555 107.81284 6347.793 713.24316 139.69392
123730.234 107.81284 6359.3853 665.16113 139.69392
123621.38 118.35303 6357.453 670.3501 139.69392
123700.09 118.35303 6379.287 646.3926 139.85257
123487.59 118.35303 6348.0483 635.7612 140.00764
123757.88 118.35303 6395.142 624.21826 140.73134
123392.97 118.35303 6352.765 615.0366 140.37236
123317.61 111.27056 6374.9985 615.3574 140.37236
123422.6 111.27056 6384.3794 630.6919 140.00764
123772.26 111.27056 6380.4434 641.38965 140.00764
124251.91 111.27056 6397.163 656.8657 140.00764
124477.03 118.35303 6379.4766 709.6118 139.85257
124492.58 115.48722 6381.9624 720.21533 140.00764
124309.74 111.27056 6413.7827 658.7212 140.37236
124588.41 115.48722 6382.7754 705.522 140.37236
124551.37 115.48722 6377.2607 701.6826 140.00764
124347.8 111.52749 6390.0015 708.0586 140.00764
124149.234 115.48722 6395.4966 662.0547 140.00764
124558.49 107.81284 6354.909 757.34326 140.00764
125117.98 115.48722 6319.67 809.6509 140.00764
124885.41 118.35303 6321.6436 792.38965 140.00764
124536.58 118.35303 6372.1055 678.43115 140.00764
124669.84 118.35303 6405.061 661.333 140.47026
124580.5 123.13239 6315.7554 786.5425 139.68665
124674.51 123.13239 6328.035 809.8867 139.68665
124493.61 123.13239 6370.2207 742.126 140.31827
124383.47 123.13239 6370.2217 728.6196 140.31827
124442.29 123.13239 6384.1445 731.14795 140.31827
125086.08 123.13239 6366.6343 699.8589 140.31827
125183.375 123.13239 6376.692 676.1333 141.53712
124835.914 123.13239 6389.9175 674.78906 141.53712
128972.086 106.63748 6665.6567 711.4297 146.59882
128839.445 106.63748 6656.2524 657.3179 146.3265
128753.72 106.63748 6587.516 744.6284 145.35521
128611.234 107.81284 6587.892 694.83887 145.35521
128296.19 107.81284 6396.7305 874.80176 144.175
128532.164 107.81284 6612.6665 695.29785 145.35521
127613.016 128.25 6574.805 635.3721 145.10898
127670.97 131.75862 6565.3306 664.5493 145.23488
127494.96 130.71074 6574.032 623.0205 144.175
127122.07 130.71074 6575.792 600.541 144.175
127283.2 123.81409 6552.126 643.73535 142.9814
126971.77 123.24324 6546.6655 694.4492 142.94437
126879.766 106.63748 6543.5635 668.853 142.94437
127231.96 106.63748 6544.1357 692.52295 142.94437
127492.734 106.63748 6542.387 717.31494 142.61728
127649.55 106.63748 6516.866 774.8374 142.61728
127498.336 106.63748 6544.3574 792.09326 142.61728
127349.516 106.63748 6547.1743 758.75635 142.50557
127305.9 106.63748 6541.444 736.6221 142.50557
127142.97 106.63748 6534.8076 729.02246 142.50557
126859.664 106.63748 6542.195 735.18115 142.50557
126789.9 95.74289 6564.0654 726.7031 142.87886
126233.33 95.74289 6558.5547 619.4341 142.87886
126644.34 95.74289 6577.4204 599.7549 142.94437
126733.7 95.74289 6559.7236 680.44385 142.94437
126796.22 95.74289 6596.785 514.78613 142.9814
126759.37 113.86842 6588.4307 506.46094 142.9814
126842.36 113.86842 6607.9546 522.9546 148.4634
126669.664 113.14942 6616.604 474.71875 153.62968
126647.44 122.43136 6595.2456 520.9614 153.28676
126432.94 122.43136 6600.293 507.0879 153.28676
126674.305 122.43136 6588.1777 511.88672 160.11342
126436.055 122.43136 6600.146 501.30518 160.11342
126643.734 122.43136 6588.698 517.95264 160.11342
126707.73 119.00577 6601.4434 507.20898 151.3887
125873.93 128.25 6555.619 528.2446 148.4634
125692.27 126.97676 6560.9473 530.1465 148.4634
125575.78 128.25 6546.8867 538.22266 146.48795
125801.68 128.25 6520.808 558.7168 146.12917
125754.06 126.53001 6522.308 556.5762 146.12917
127323.87 132.58537 6570.809 637.04834 146.48795
127898.49 130.71074 6589.632 656.0176 145.23488
127865.11 130.71074 6591.947 697.4331 145.23488
127905.11 130.71074 6585.0103 710.6499 145.23488
128061.48 130.71074 6541.482 784.0371 149.07912
127963.36 130.71074 6550.572 737.812 145.23488
128013.67 130.71074 6565.5024 763.6123 145.23488
127453.34 130.71074 6621.3936 614.03076 145.23488
127812.37 132.53271 6585.702 704.1626 146.3265
127858.65 132.53271 6549.2676 758.53467 146.3265
127699.83 132.53271 6578.377 641.6592 146.3265
127310.56 123.91787 6592.322 568.1084 146.3265
127246.61 123.91787 6605.4517 546.58154 146.3265
127193.24 123.81409 6635.0234 526.396 149.07912
127168.336 123.81409 6621.3877 525.6743 146.3265
127465.86 107.81284 6617.2646 569.30225 146.3265
127668.8 113.86264 6612.633 540.63135 146.3265
127727.086 106.63748 6616.7983 562.61035 146.3265
127412.766 106.63748 6620.1104 552.7656 146.3265
127746.7 106.63748 6661.6323 685.6387 146.12917
127741.01 106.63748 6681.4404 601.18115 146.12917
127624.414 106.63748 6653.2695 598.459 146.12917
127196.98 106.63748 6643.802 529.7793 145.35521
127122.234 106.63748 6570.267 595.36865 144.175
126964.875 106.63748 6570.224 559.1489 142.99063
127029.805 129.5067 6606.2095 560.21436 142.9814
126840.03 107.81284 6625.9 511.70557 143.99704
127109.195 129.5067 6604.216 573.4834 143.99704
127032.01 131.12895 6588.176 585.5459 144.175
126973.15 131.12895 6584.6787 562.4155 144.175
127259.67 113.14942 6564.238 609.6006 143.92137
127027.11 134.58107 6466.6133 699.97363 143.92137
126748.57 134.58107 6454.7217 678.44775 143.92137
127439.66 134.86601 6550.302 681.5679 146.3265
127553.7 134.86601 6544.5986 693.6299 146.3265
127355.336 134.86601 6580.3657 649.63086 147.79382
127018.08 134.86601 6563.475 673.3716 146.32124
126679.85 134.86601 6547.598 641.4414 147.21472
126897.65 134.86601 6558.801 642.124 146.3265
127279.516 134.61526 6601.8438 598.522 146.3265
126890.04 134.61526 6610.4717 589.6294 146.3265
126936.04 137.49902 6547.8486 664.8213 146.3265
126516.57 137.49902 6548.4478 647.86035 145.10898
126858.3 135.50793 6551.3467 675.2324 147.89226
127323.83 135.20143 6557.8716 762.5718 145.10898
127825.96 135.20143 6564.1675 789.12744 145.14844
127799.06 135.20143 6587.313 704.51904 146.3265
127126.59 135.20143 6558.0317 701.978 145.14844
127017.5 134.61526 6570.9985 707.5127 145.10898
126803.6 134.86601 6575.377 668.99854 145.10898
126198.48 134.86601 6574.8477 591.1387 145.10898
126482.445 134.96974 6555.296 676.1553 145.10898
126661.75 135.20143 6578.519 685.7339 145.10898
126910.19 135.20143 6574.082 724.125 145.10898
126893.62 134.61526 6585.4966 688.8716 145.10898
126850.45 134.61526 6587.4727 697.7871 145.10898
126865.43 134.61526 6585.398 686.9053 145.10898
127036.66 134.61526 6575.0327 717.13525 145.10898
126830.15 132.53271 6591.2783 690.2339 145.10898
126746.945 132.53271 6592.1226 685.09326 145.27196
126634.24 132.53271 6594.292 674.6924 145.10898
126620.03 135.20143 6592.862 697.0664 145.10898
126764.984 135.20143 6609.03 652.4844 148.78528
127584.14 135.20143 6603.307 671.4756 148.78528
127728.2 132.53271 6623.4067 650.2051 151.5482
127882.3 132.53271 6595.893 646.5054 154.28375
127327.34 128.25 6636.8496 614.0796 145.10898
127666.46 123.81409 6651.2583 591.6919 146.48795
127670.91 123.81409 6648.926 580.5093 147.21472
127763.625 123.81409 6604.328 600.9077 145.23488
128105.74 123.81409 6595.122 639.92285 147.03877
127855.94 130.71074 6554.857 627.3169 148.15761
127349.41 132.58537 6578.752 624.4092 147.03877
127967.34 132.58537 6615.69 650.1465 147.03877
127911.92 128.25 6648.2866 593.0928 147.03877
128070.18 128.25 6629.3516 594.7876 149.70216
128505.65 123.81409 6639.143 631.19385 149.70216
128493.54 129.3894 6628.579 664.3745 155.68494
128420.87 129.3894 6631.6406 643.7959 151.3887
128435.26 122.43136 6639.135 612.3696 151.3887
127665.91 126.53001 6613.006 588.1201 148.0333
127926.71 126.53001 6645.4927 575.6426 152.6952
128004.56 126.53001 6644.4297 580.0259 149.33054
128002.43 126.53001 6609.632 629.87256 146.38173
127995.66 128.25 6640.524 622.7549 146.90823
127647.086 128.25 6630.745 590.7549 157.00449
128067.086 129.3894 6626.328 613.0581 147.75114
127888.67 135.50793 6495.9717 742.9712 147.75114
127748.24 135.50793 6511.108 750.5513 146.6534
127739.914 138.50993 6506.8438 775.01904 146.6534
127360.07 140.00764 6537.026 743.70996 145.40678
127191.055 140.37236 6535.4614 709.23535 145.40678
127122.99 138.50993 6534.0674 806.0078 145.09714
127722.41 138.50993 6612.2275 699.3032 148.11597
127652.445 138.50993 6603.7715 674.8916 148.11597
127687.32 135.20143 6610.696 693.9492 148.11597
127644.86 135.50793 6583.446 656.9531 148.11597
127574.79 131.75862 6606.937 632.7988 146.90823
127417.85 131.75862 6598.573 659.75586 146.6534
127376.33 131.75862 6595.853 627.0244 146.6534
127610.59 131.75862 6607.1855 644.063 147.03877
127348.74 131.75862 6619.271 594.8716 147.03877
127312.664 131.75862 6617.142 590.0874 147.03877
127292.84 128.85912 6597.296 585.90186 147.03877
127712.27 128.85912 6605.536 617.0127 147.03877
128049.664 128.85912 6601.1895 632.8257 147.03877
128135.72 128.85912 6615.2305 633.35156 150.68959
127846.41 131.75862 6496.0845 740.04346 146.00975
127773.41 131.75862 6513.4604 693.1826 146.00975
127773.27 131.75862 6533.576 670.96436 146.00975
128297.23 131.75862 6633.0186 670.3096 154.28375
128164.01 131.75862 6635.008 639.84814 150.68959
127908.93 135.50793 6616.387 639.72705 154.63593
128041.95 135.50793 6577.5195 720.54395 148.78528
127812.086 135.50793 6587.5186 694.5654 148.78528
127525.02 137.49902 6593.525 595.73096 148.78528
127554.805 138.17288 6584.1753 637.6577 148.78528
127817.49 138.17288 6566.153 679.14746 148.78528
127529.9 138.17288 6595.3364 603.0425 148.78528
127596.836 129.5067 6593.481 564.99414 162.33377
127791.63 135.20143 6577.3037 615.30615 148.78528
127764.984 135.20143 6602.514 607.49023 148.11597
127722.41 134.61526 6609.3135 613.29297 154.28375
127279.836 130.84593 6603.7085 586.8999 147.03877
127400.46 134.61526 6638.8887 620.0293 153.41919
127705.484 134.61526 6629.015 626.0415 153.41919
128084.79 134.61526 6642.0356 663.8804 153.41919
128411.164 134.61526 6641.2188 685.3384 153.41919
128259.766 135.20143 6636.6426 652.0381 153.41919
128416.05 129.3894 6675.1035 617.2964 153.41919
128184.82 123.81409 6653.5396 617.58496 148.78528
128114.586 122.43136 6663.832 666.71094 146.3265
127953.09 122.43136 6695.1304 650.28174 147.56624
127795.94 122.43136 6641.7236 624.8706 146.3265
127698.734 122.43136 6624.487 614.2163 146.3265
128208.086 122.43136 6660.6396 639.57764 146.3265
128420.64 122.43136 6658.526 626.3506 146.3265
128362.7 123.81409 6673.3584 576.33984 148.82181
127865.55 123.81409 6653.5386 575.5078 155.68494
127709.49 134.61526 6613.098 617.3579 155.68494
127581.586 129.5067 6617.9307 573.3716 155.68494
127688.234 123.81409 6652.971 574.8545 155.68494
127465.37 113.86842 6644.7563 559.60205 146.5862
127343.06 123.81409 6626.9683 576.93115 146.5862
126976.51 123.81409 6632.7227 585.4463 146.3265
127208.75 123.81409 6638.4907 608.6465 146.3265
127577.07 129.3894 6663.3096 620.18994 146.3265
127326.57 129.3894 6627.1763 615.3179 147.03877
127215.66 129.3894 6618.7744 642.8379 145.14844
128247.43 106.63748 6622.729 709.8867 145.10898
128047.76 113.86842 6629.493 637.50146 145.10898
128262.16 113.86842 6644.6357 602.2754 148.78528
128110.47 113.86842 6686.4634 572.5952 148.78528
128223.58 113.86842 6670.5757 585.4839 148.78528
128757.15 106.63748 6701.2437 593.3374 151.3887
128582.53 106.63748 6702.4907 606.2612 148.78528
128431.13 128.85912 6639.641 684.7798 148.78528
128462.81 128.85912 6666.744 670.8828 151.3887
128312.586 129.5067 6620.625 699.0547 151.31053
128519.7 129.5067 6629.1694 724.13916 151.3887
128363.836 129.5067 6632.6167 719.1592 151.3887
128156.695 129.3894 6642.698 657.53955 151.0664
128132.59 129.3894 6652.7207 650.19775 145.10898
128044.76 129.3894 6668.3447 593.9834 147.21472
127686.78 118.35303 6495.705 680.56396 143.15266
127453.73 111.52749 6563.24 628.0586 143.15266
128050.93 113.86264 6588.4106 672.3594 144.175
127913.32 120.36837 6614.838 645.0962 144.175
127640.72 120.36837 6621.2705 618.104 144.175
127400.47 132.58537 6549.247 658.46924 144.175
127573.68 123.81409 6584.0244 626.1782 144.175
127562.21 132.53271 6584.209 649.76807 143.56099
127594.36 130.71074 6607.4785 622.3218 148.81927
127800.0 130.71074 6606.0103 615.31055 148.81927
127635.914 130.71074 6620.683 645.83496 148.81927
127729.766 130.71074 6618.732 633.0166 157.0476
127687.26 130.71074 6612.9233 605.5381 157.0476
127802.18 132.53271 6597.123 605.6738 147.03877
127259.81 132.53271 6549.7275 627.45557 143.56099
125543.69 130.71074 6550.17 548.5034 143.92137
125568.28 130.71074 6545.5605 558.81006 143.92137
125865.055 130.71074 6556.208 589.3169 143.92137
125988.945 130.71074 6561.1245 615.6792 143.92137
125753.414 132.53271 6554.817 598.7417 143.09921
125928.28 132.58537 6565.293 571.93604 143.99704
126276.52 132.53271 6576.58 642.15625 146.21553
126552.27 132.53271 6576.1636 647.44824 143.92137
126200.766 132.53271 6551.663 576.96436 144.68129
126116.06 132.53271 6560.9624 564.2627 144.68129
126312.45 132.53271 6543.4634 611.7661 143.99704
126261.484 132.53271 6557.946 613.11475 143.56099
125942.125 132.53271 6541.844 606.9668 143.09921
126255.695 132.53271 6558.462 576.0508 145.14844
126063.33 132.53271 6540.76 602.6543 143.09921
125540.805 118.35303 6478.083 666.68604 142.07852
125475.7 118.35303 6487.8027 696.1533 142.46227
125421.984 111.52749 6486.5444 646.3574 142.46227
125402.78 111.52749 6503.945 651.9834 142.07852
125462.03 111.52749 6505.5 620.6846 142.74059
125391.52 111.52749 6540.8994 577.8755 142.74059
125462.734 106.63748 6514.1265 612.8794 142.74059
125358.42 111.52749 6501.6978 603.51514 142.50557
125117.28 111.52749 6503.206 597.78564 142.50557
124966.586 111.52749 6514.4033 559.522 142.50557
125036.98 111.52749 6509.059 585.5298 142.50557
125053.74 113.14942 6478.0835 602.2212 142.50557
125440.586 113.14942 6505.2466 653.18604 142.50557
125546.05 106.63748 6537.8354 581.2285 142.82094
125542.73 113.14942 6518.8438 618.1577 142.82094
125750.0 113.14942 6511.878 637.74854 142.82094
125839.805 134.86601 6454.236 707.6924 142.82094
125799.195 134.86601 6504.298 640.28174 142.82094
125493.55 113.14942 6505.8623 596.9922 142.82094
125469.82 113.14942 6504.497 606.1245 142.50557
124758.016 113.14942 6398.857 628.54443 142.50319
124627.52 121.98328 6411.4414 599.9048 142.50319
124579.82 121.98328 6421.74 598.89014 142.50319
125052.25 121.98328 6421.067 652.1035 142.50557
124675.65 121.98328 6432.4395 609.5054 142.50557
125222.92 121.98328 6507.786 554.52783 142.82094
125251.36 121.98328 6504.6035 518.9263 142.82094
125351.73 120.36837 6516.0195 517.1787 142.82094
125605.66 120.36837 6506.743 547.8862 143.33925
125203.57 120.36837 6535.185 521.0405 143.33925
125412.78 122.56346 6516.209 535.6284 143.33925
125104.31 122.56346 6512.18 523.0884 143.09921
124925.914 127.75874 6494.1553 529.96387 143.09921
124891.88 127.75874 6501.4546 513.3667 143.09921
124662.16 113.86264 6508.0825 503.07275 143.09921
124671.28 127.75874 6512.3945 500.48535 166.17911
124805.09 127.75874 6508.9414 507.2334 150.7114
125282.914 129.3894 6518.4033 520.6636 150.7114
125240.586 129.3894 6534.5527 514.5581 150.7114
124886.17 126.97676 6521.5005 496.08643 166.17911
125595.305 129.3894 6537.994 509.19775 166.17911
125292.72 129.3894 6532.7 507.4248 166.17911
125187.19 129.3894 6512.299 503.78076 166.17911
125141.58 121.98328 6543.5938 481.80664 165.1422
125376.75 121.98328 6538.81 470.97803 166.17911
125460.99 121.98328 6548.105 514.93115 148.10788
125070.16 121.98328 6527.5674 513.4863 146.66031
125113.65 121.98328 6538.7134 525.4551 146.66031
124910.17 121.98328 6515.2314 534.0176 146.00975
125014.52 129.3894 6518.5957 513.5215 148.4634
125639.82 131.12895 6531.473 529.6841 148.4634
124622.28 121.98328 6536.047 470.31445 150.7114
124664.38 113.86842 6517.5117 471.64355 162.33377
124375.21 113.86842 6512.4014 457.3418 158.08676
124626.31 113.86264 6525.594 436.05566 158.08676
125635.91 113.86264 6535.2905 492.6084 148.33984
125410.61 88.37653 6538.532 483.41357 147.66634
125394.77 113.86264 6540.833 497.48877 147.66634
125446.99 113.86264 6532.4883 494.99707 147.66634
125314.87 113.86842 6543.578 489.98975 147.66634
125205.6 113.86842 6546.593 496.5547 146.90823
125249.336 118.35303 6548.278 500.7583 145.15428
125604.664 118.35303 6544.9136 543.6074 145.15428
125636.83 118.35303 6537.6484 545.8208 145.15428
125329.055 118.35303 6524.8354 531.47314 145.15428
125611.445 106.63748 6555.181 504.05908 145.15428
125896.875 106.63748 6576.702 492.33105 146.46162
125926.32 106.63748 6595.351 503.56592 146.46162
125518.766 119.00577 6534.7573 507.0918 146.46162
125522.125 119.00577 6574.016 521.97363 146.46162
125467.57 119.00577 6569.0317 516.8965 146.46162
125545.266 119.00577 6556.411 537.9136 146.00975
125387.99 119.00577 6537.4004 479.05664 146.00975
125413.55 120.36837 6502.879 510.27295 146.00975
125232.7 113.86264 6504.4155 469.51465 149.15945
125520.945 113.86264 6541.5737 471.71875 149.70216
125456.28 113.86264 6512.2285 503.1748 147.21472
125394.625 113.86264 6501.546 490.02393 147.66634
125628.76 113.86264 6534.777 480.06445 148.68727
125676.96 121.98328 6518.351 506.3545 148.68727
125717.69 121.98328 6535.331 514.5498 147.21472
125967.48 121.98328 6557.492 519.8203 147.21472
126135.38 121.98328 6547.3027 550.2925 145.23488
126196.02 121.98328 6529.783 558.9346 145.23488
126185.05 121.98328 6581.3633 510.67822 148.68727
125942.49 113.14942 6564.603 487.9253 148.68727
125657.9 113.14942 6559.017 471.37842 149.70216
125670.56 121.98328 6511.486 511.87793 147.75114
125434.14 121.98328 6534.113 498.2085 149.11816
125375.58 121.98328 6545.8823 489.40234 149.11816
125386.51 121.98328 6539.284 473.0874 149.11816
125421.125 121.98328 6525.838 505.49463 147.75114
125796.84 121.98328 6545.3687 516.51953 147.75114
125822.05 121.98328 6573.6484 499.55176 149.82169
125900.75 121.98328 6559.234 487.25488 149.82169
125758.15 121.98328 6560.532 495.2915 149.87088
125977.75 107.81284 6561.338 499.43213 148.78528
125740.64 107.81284 6566.602 484.61914 148.78528
125810.52 107.81284 6559.31 489.3501 147.75114
125736.41 107.81284 6543.036 488.41992 147.75114
125362.57 107.81284 6565.8975 496.1455 147.75114
125597.74 107.81284 6564.4136 479.8374 151.70119
125695.41 107.81284 6570.3574 480.4668 153.41919
126540.47 121.98328 6609.5293 490.80615 155.68494
126692.33 113.86842 6601.1147 490.18652 149.70216
126834.914 113.86842 6609.388 502.49658 148.4634
126515.04 113.86842 6606.2705 492.56348 149.90457
126974.56 113.86842 6596.0967 501.4077 154.63593
126896.484 113.86842 6600.4185 509.73242 148.78528
127106.98 121.98328 6611.208 515.72656 148.78528
127195.71 121.98328 6615.2236 525.4214 148.78528
127232.03 121.98328 6630.842 527.1416 148.78528
126969.78 121.98328 6601.0986 507.73438 154.63593
126979.25 123.81409 6601.1777 505.53516 160.63535
126982.08 123.17925 6610.999 502.6504 160.63535
126950.445 113.14942 6614.3916 488.9087 154.63593
126691.086 113.14942 6601.0527 485.9956 154.63593
126607.53 123.17925 6587.411 511.63672 154.63593
126624.41 123.17925 6583.461 506.35254 154.63593
126285.08 122.56346 6602.635 484.98584 151.5482
126642.93 122.56346 6585.035 516.40234 151.5482
126404.33 122.56346 6579.612 483.23682 151.5482
126478.52 113.14942 6580.321 483.46387 149.15945
126623.266 122.56346 6584.7373 491.05127 151.5482
126432.92 122.56346 6586.2393 489.2832 153.79124
126108.86 122.56346 6570.891 514.7085 151.2861
125979.445 122.56346 6571.2188 503.5996 151.3887
125928.516 122.56346 6572.388 515.32275 151.2861
126133.46 122.43136 6579.276 514.0122 149.15945
125914.234 123.17925 6561.872 518.73145 149.15945
125835.26 123.17925 6556.7754 509.7334 149.15945
125891.54 126.53001 6550.052 498.36963 149.15945
125759.32 113.86264 6576.1694 488.39355 149.15945
125511.82 113.86264 6549.0674 480.85693 149.15945
125878.04 113.86264 6556.284 493.11426 149.15945
125870.77 113.86264 6565.476 501.21436 149.15945
125699.59 131.75862 6537.991 525.9463 165.1422
125561.25 131.75862 6554.7964 524.6084 165.1422
125486.6 131.75862 6537.2764 518.48486 162.62509
125412.41 131.75862 6539.9727 550.9531 146.46162
125591.5 126.97676 6577.298 529.8623 157.00449
125407.65 126.97676 6577.453 549.46094 146.90823
125815.734 126.97676 6548.0796 559.83203 146.90823
125932.44 126.97676 6537.796 529.1465 147.21472
126436.97 130.71074 6606.96 530.6343 147.21472
126574.64 130.71074 6605.015 517.59326 165.1422
126754.39 130.71074 6592.3623 512.0088 165.1422
127529.97 134.61526 6628.78 531.22363 147.21472
127577.03 134.61526 6633.0327 549.4751 147.21472
127493.83 122.43136 6636.886 548.6045 147.21472
127333.88 134.61526 6540.083 646.459 145.10898
127301.336 134.61526 6563.65 602.40576 145.10898
127087.94 137.49902 6563.977 618.39355 148.15761
126864.64 137.49902 6468.222 713.3252 145.10898
127211.445 135.50793 6506.9883 678.8833 145.10898
126970.05 135.50793 6517.784 671.6411 144.175
126795.016 135.50793 6512.1484 658.31885 144.175
126718.69 135.50793 6520.3784 664.6846 144.175
127130.734 135.50793 6548.321 656.4263 146.00975
126998.28 135.20143 6533.6626 653.80664 146.00975
127243.83 135.20143 6545.1943 656.81836 146.00975
127504.26 135.20143 6551.0444 664.21045 146.79657
127090.83 132.58537 6570.4424 668.3574 146.26637
127271.77 132.58537 6571.867 671.95215 146.26637
127560.69 132.58537 6548.253 682.96094 146.38173
127659.7 132.58537 6567.375 685.458 144.175
127466.836 132.58537 6540.005 682.5132 144.175
127729.61 132.58537 6535.7227 697.9429 144.175
127751.22 132.53271 6526.4067 727.6948 143.56099
127739.11 107.81284 6523.156 703.4507 143.56099
127853.74 132.53271 6428.3164 786.0049 143.09921
127934.484 123.81409 6436.0884 861.9331 143.09921
127753.625 114.52965 6511.9536 753.4136 143.09921
127300.445 113.86264 6564.9316 621.1255 143.09921
127564.06 114.52965 6532.891 687.6177 143.09921
127676.49 114.52965 6501.427 714.91797 143.09921
127699.59 114.52965 6462.46 748.6494 143.09921
127567.88 114.52965 6522.577 702.71045 143.84149
127688.89 122.43136 6533.565 689.0249 144.92934
127508.79 122.43136 6545.6597 658.68115 143.09921
127542.07 122.43136 6555.559 631.7412 143.83733
127488.555 122.43136 6552.3564 668.56885 143.09921
127370.484 132.58537 6568.1855 629.395 143.09921
127019.016 132.58537 6570.743 621.21875 143.09921
126792.32 132.58537 6555.1045 612.1006 143.09921
126782.63 132.58537 6521.865 631.76807 143.08812
126557.2 132.05266 6493.991 662.36426 142.9814
126731.67 132.58537 6532.526 655.1172 143.08812
126782.69 132.58537 6521.8647 631.76807 143.08812
126651.266 131.12895 6529.237 623.9048 143.08812
126671.54 132.58537 6495.9883 676.812 142.9814
126625.125 132.58537 6513.123 687.5049 142.9814
126507.28 132.05266 6496.2095 673.8462 142.9814
126793.31 125.08518 6468.5796 755.3872 141.53712
126451.74 125.08518 6482.1343 692.82666 141.53712
126449.26 125.08518 6486.091 730.937 141.53712
126670.68 114.52965 6498.3105 687.999 141.0754
126343.57 113.14942 6523.0117 661.9175 142.50557
126617.836 113.14942 6515.1353 707.4595 141.69376
126339.68 113.14942 6522.903 655.64844 142.50557
126343.61 113.14942 6523.011 661.91797 142.50557
126525.15 114.52965 6510.726 694.1821 141.69376
126406.28 107.81284 6494.8184 687.7031 142.46227
126893.44 107.81284 6511.8994 694.728 142.46227
126982.06 107.81284 6497.325 707.63965 142.46227
126937.625 106.63748 6524.117 632.73193 142.46227
127126.8 106.63748 6519.759 692.54346 142.46227
126943.33 106.63748 6511.628 729.79736 141.53712
126826.17 106.63748 6504.528 746.7241 141.41927
126946.4 106.63748 6498.553 760.2207 141.41927
127050.73 106.63748 6471.4185 830.04297 141.0754
126711.57 106.63748 6355.892 909.74316 140.73134
126447.48 106.63748 6350.33 907.7002 140.47026
126293.625 106.63748 6350.922 894.55615 140.47026
126680.25 106.63748 6354.2095 931.3501 140.47026
126445.88 118.98245 6346.11 890.3364 140.47026
126100.664 124.8185 6367.5596 852.6846 140.47026
126375.24 115.48722 6380.4175 909.522 140.47026
126438.02 115.48722 6395.531 919.3491 140.47026
125916.96 127.09281 6258.8735 1035.249 140.47026
125611.72 127.09281 6353.1235 901.2881 140.47026
125369.484 129.5067 6350.5835 854.32715 140.37236
125664.27 129.5067 6306.2246 894.32666 140.40381
125551.76 128.25 6335.333 889.7051 140.37236
125541.664 127.09281 6338.9077 886.09326 140.37236
125132.836 129.5067 6212.0635 935.7666 139.69392
125041.21 129.5067 6219.0264 936.4756 139.69392
125366.49 129.5067 6198.546 991.54395 139.69392
125219.34 121.98328 6234.5806 934.4131 139.69392
125521.34 121.98328 6216.5005 991.44775 139.85257
125615.49 107.81284 6175.588 1001.7119 139.85257
125564.65 123.81409 6205.5947 963.37646 139.69392
125359.37 128.25 6216.0444 963.68994 139.69392
125310.086 111.52749 6218.4814 960.7085 139.85257
125545.93 111.52749 6208.0337 991.65967 139.85257
125789.234 123.81409 6134.3936 1055.3008 139.85257
125636.36 123.81409 6151.1797 1048.4097 140.00764
