12934.265 147.49121 2037.3145 347.5044 159.59308
13126.992 144.32755 2060.3948 374.78198 151.41685
13126.991 144.32755 2060.3948 374.78198 148.98947
12973.275 148.98947 2015.3287 381.6515 177.44951
13079.864 148.98947 2028.3657 410.0481 159.59308
12973.278 148.98947 2015.3286 381.65186 147.49121
12703.186 144.32755 2011.3716 240.33472 155.38664
13079.862 148.98947 2028.3657 410.04785 144.32755
12930.878 144.32755 2049.0212 365.12305 177.44951
12988.944 148.98947 2013.6134 389.9679 159.83609
12678.604 147.49121 1998.3344 233.72815 178.58943
13074.013 147.49121 2041.2638 352.47937 148.98947
12973.277 148.98947 2015.3286 381.6516 147.49121
12946.8545 147.49121 2026.7358 348.2566 159.83609
13080.444 147.49121 2047.6952 370.83704 151.41685
13074.014 147.49121 2041.2639 352.4795 148.98947
12678.603 147.49121 1998.3345 233.72803 155.38664
13074.009 147.49121 2041.2639 352.47925 148.98947
12934.265 147.49121 2037.3146 347.50452 159.59308
12988.945 148.98947 2013.6133 389.96826 177.44951
13035.427 144.32755 2048.583 367.84302 159.83609
13079.862 148.98947 2028.3658 410.04797 177.44951
13080.445 147.49121 2047.6951 370.83716 150.73563
12934.266 147.49121 2037.3145 347.50464 159.59308
12988.944 148.98947 2013.6133 389.96802 147.49121
13074.011 147.49121 2041.2639 352.47925 149.8714
