16269.0 0.0 385.0 47.0 0.0
16515.0 0.0 389.0 50.0 1.0
16574.0 0.0 391.0 51.0 0.0
16585.0 0.0 389.0 51.0 0.0
16550.0 0.0 392.0 51.0 0.0
16525.0 0.0 394.0 57.0 0.0
16660.0 0.0 394.0 58.0 0.0
16662.0 0.0 393.0 55.0 0.0
16704.0 0.0 392.0 62.0 0.0
16671.0 0.0 394.0 59.0 0.0
16737.0 0.0 383.0 81.0 0.0
16736.0 0.0 385.0 77.0 0.0
16723.0 0.0 387.0 68.0 0.0
16733.0 0.0 385.0 71.0 0.0
16721.0 0.0 389.0 64.0 0.0
16698.0 0.0 390.0 57.0 0.0
16713.0 0.0 387.0 60.0 0.0
16717.0 0.0 390.0 61.0 0.0
16722.0 0.0 388.0 66.0 0.0
16697.0 0.0 392.0 60.0 0.0
16693.0 0.0 393.0 63.0 0.0
16697.0 0.0 393.0 66.0 0.0
16688.0 0.0 393.0 58.0 0.0
16665.0 0.0 392.0 54.0 0.0
16679.0 0.0 393.0 57.0 0.0
16677.0 0.0 391.0 55.0 0.0
16644.0 0.0 392.0 53.0 0.0
16641.0 0.0 393.0 54.0 0.0
16616.0 0.0 393.0 53.0 0.0
16613.0 0.0 391.0 52.0 0.0
16570.0 0.0 393.0 52.0 0.0
