577.0 1.0 66.0 40.0 0.0
619.0 0.0 76.0 18.0 1.0
626.0 0.0 78.0 12.0 2.0
626.0 0.0 75.0 23.0 1.0
628.0 0.0 74.0 16.0 1.0
631.0 0.0 73.0 22.0 1.0
593.0 1.0 68.0 20.0 1.0
584.0 0.0 71.0 15.0 1.0
588.0 0.0 70.0 15.0 1.0
568.0 1.0 69.0 16.0 1.0
566.0 1.0 68.0 15.0 1.0
576.0 1.0 66.0 18.0 1.0
588.0 1.0 69.0 19.0 1.0
578.0 1.0 71.0 12.0 2.0
579.0 1.0 69.0 17.0 2.0
571.0 1.0 67.0 17.0 1.0
570.0 1.0 68.0 16.0 1.0
573.0 1.0 70.0 20.0 1.0
576.0 0.0 71.0 14.0 1.0
617.0 1.0 73.0 25.0 1.0
617.0 1.0 73.0 18.0 2.0
617.0 0.0 75.0 16.0 1.0
616.0 1.0 74.0 21.0 1.0
594.0 1.0 64.0 28.0 0.0
579.0 0.0 65.0 22.0 0.0
596.0 0.0 66.0 24.0 0.0
575.0 0.0 66.0 20.0 0.0
551.0 1.0 57.0 25.0 0.0
