20141.0 0.0 424.0 49.0 0.0
20157.0 0.0 423.0 49.0 0.0
20115.0 0.0 425.0 50.0 0.0
20196.0 0.0 427.0 55.0 0.0
20174.0 0.0 426.0 51.0 0.0
20208.0 0.0 426.0 53.0 0.0
20281.0 0.0 424.0 55.0 0.0
20270.0 0.0 425.0 56.0 0.0
20488.0 0.0 424.0 63.0 0.0
20402.0 0.0 428.0 57.0 0.0
20510.0 0.0 425.0 66.0 0.0
20503.0 0.0 426.0 66.0 0.0
20501.0 0.0 427.0 65.0 0.0
20567.0 0.0 425.0 74.0 0.0
20540.0 0.0 426.0 69.0 0.0
20506.0 0.0 431.0 70.0 0.0
20489.0 0.0 429.0 66.0 0.0
20492.0 0.0 432.0 67.0 0.0
20508.0 0.0 430.0 76.0 0.0
20541.0 0.0 428.0 81.0 0.0
20555.0 0.0 428.0 87.0 0.0
20547.0 0.0 427.0 76.0 0.0
20535.0 0.0 429.0 68.0 0.0
20538.0 0.0 427.0 70.0 0.0
20538.0 0.0 429.0 71.0 0.0
20503.0 0.0 430.0 69.0 0.0
20450.0 0.0 429.0 63.0 0.0
20441.0 0.0 429.0 61.0 0.0
20474.0 0.0 428.0 62.0 0.0
20444.0 0.0 427.0 57.0 0.0
20460.0 0.0 428.0 61.0 0.0
20406.0 0.0 430.0 60.0 0.0
20400.0 0.0 432.0 62.0 0.0
20416.0 0.0 429.0 59.0 0.0
20419.0 0.0 429.0 60.0 0.0
20432.0 0.0 428.0 60.0 0.0
20482.0 0.0 427.0 63.0 0.0
20472.0 0.0 429.0 64.0 0.0
20451.0 0.0 430.0 64.0 0.0
20447.0 0.0 429.0 62.0 0.0
20420.0 0.0 430.0 61.0 0.0
20428.0 0.0 430.0 62.0 0.0
