-468.68372	-130.72466	-285.5362	52.42285	121.16829
-412.0011	-130.33197	-268.31467	13.354462	105.71701
-382.3977	-121.27625	-251.60822	9.513245	107.40661
-432.27615	-137.9827	-279.51428	14.779175	129.70244
-379.06717	-124.2589	-248.97772	5.830536	131.58449
-450.5716	-135.04556	-292.11108	23.414917	121.16829
-470.0462	-137.9827	-292.79425	39.269287	129.70244
-391.03806	-127.18752	-257.27698	6.5735474	131.58449
-401.21197	-129.46819	-263.22927	8.51451000000003	141.53159
-402.82366	-130.33197	-261.05663000000004	11.435059999999964	107.40661
