-6580.0	-150.57265	-1364.126	189.13806	170.75018
-6774.0	-139.159	-1392.7263	260.51135	160.67545
-6728.0	-139.67213	-1315.4901	282.95178	164.8791
-6787.0	-141.43967	-1374.9517	286.69104	154.81693
-6347.0	-134.76604	-1294.4851	235.98499	152.27179
-6857.0	-140.03297	-1418.7218	191.03516	177.53252
-6727.0	-147.02846	-1325.1265	290.1151	161.35925
-6314.0	-115.66151	-1259.7214	293.83167	151.47438
-6741.0	-122.70592	-1418.8169	196.00098	165.70447
-6998.0	-133.61572	-1440.4082	304.41016	164.25836
-6435.0	-116.53527	-1354.9794	145.95374	188.00319
-5994.0	-127.9975	-1234.9089	208.4961	158.33833
-7144.0	-122.70592	-1482.9541	186.55249	173.32994
-6552.0	-125.49329	-1294.73	279.74976	157.74567
-6253.0	-126.91825	-1238.457	318.44653	149.81021
-6716.0	-141.64069	-1390.9211	196.66089	161.83296
-6406.0	-141.10173	-1374.8799	113.98425	182.10242
-6276.0	-132.62708	-1313.4523	246.34851	159.65154
-6577.0	-144.77307	-1316.0977	301.7716	150.57265
-6619.0	-140.2632	-1395.5962	202.24023	171.71124
-6137.0	-117.01031	-1278.9592	126.85742	165.70447
-6583.0	-122.69778	-1276.2651	325.99866	151.47438
-6989.0	-151.4186	-1405.036	227.32922	170.75018
-6747.0	-110.80516	-1374.7783	269.4143	157.27774
-7137.0	-142.96321	-1492.256	219.44788	172.00114
-6635.0	-142.24757	-1303.3928	272.48828	161.83296
-6190.0	-117.01031	-1248.3762	283.51074	150.58914
-6686.0	-145.19978	-1346.6953	253.3252	165.19754
-6556.0	-125.49329	-1350.7803	212.4878	158.02321
-7017.0	-135.80405	-1450.6124	252.26624	171.71124
-6616.0	-142.96321	-1407.084	146.17554	161.83296
-6391.0	-116.53527	-1388.5294	100.059814	173.0149
-7060.0	-140.03297	-1386.659	302.91345	171.71124
-6395.0	-125.49329	-1274.3531	277.78235	157.33557
-6857.0	-146.99138	-1355.4523	300.89917	152.94292
-6093.0	-131.08676	-1275.3468	166.44006	161.32976
-6430.0	-122.70592	-1372.8024	218.08118	159.65154
