-3123.7302	-148.9879	-974.28296	162.52002	175.56256
-3074.1243	-167.80708	-961.1749	185.15112	166.57277
-3131.7378	-148.9879	-982.9878	116.92871	180.10432
-3058.805	-175.56256	-909.3578	202.55688	172.59387
-2941.6511	-174.51805	-903.1519	122.47162	160.57045
-2969.1428	-171.11234	-932.8627	95.11658	165.63431
-2980.861	-167.80708	-919.45483	233.5929	162.17918
-2969.1428	-171.11234	-932.8626	95.11676	156.6483
-3036.6387	-175.56256	-933.2562	114.185425	174.07896
-2888.6938	-162.88988	-887.2618	162.19073	156.26208
-2935.3582	-175.56256	-916.8224	101.75342	171.11234
-2263.4214	-124.499	-747.8047	11.243713	180.50923
-3082.8674	-168.37735	-961.55853	158.9477	174.07896
-2989.507	-168.37735	-925.55804	139.42767	163.04944
-2982.9194	-170.43655	-957.14246	82.81384	172.59387
-3032.6104	-162.65744	-919.6613	146.73285	170.29402
-2669.352	-160.58025	-866.2139	72.65192	160.57045
-2652.1082	-149.77594	-836.02454	88.8584	148.22198
-2798.7249	-159.08867	-890.06793	100.11304	150.28746
-3103.0422	-148.9879	-956.86646	133.40808	175.56256
-2930.6997	-175.56256	-927.969	87.79498	162.17918
-2867.9583	-172.16602	-938.6598	41.886963	171.11234
-3062.0781	-180.30351	-958.6957	126.65613	174.07896
-3008.128	-174.99878	-924.8952	173.23004	163.04944
-3069.8977	-172.59387	-937.47034	133.45532	180.44133
-2971.838	-175.39734	-934.2384	125.04004	180.10432
-3098.2646	-146.42358	-948.8175	130.9115	175.56256
-3018.0242	-151.46977	-951.9461	103.56427	163.30281
-2726.441	-162.17918	-878.8783	57.900146	168.82925
-2594.9722	-162.17918	-845.8582	33.57965	164.64369
-2798.695	-172.16602	-894.8408	79.11896	160.57045
-3003.0078	-151.46977	-962.6369	66.674866	171.11234
-2964.8972	-146.85654	-946.36176	103.821106	158.76811
-2407.952	-114.25928	-764.80237	71.707214	148.06262
-2557.1543	-132.08876	-827.52783	41.83484	150.28746
-2712.8865	-156.26208	-890.3867	46.622314	168.56853
-3033.4534	-175.56256	-920.50433	161.84174	170.29402
-3005.5396	-163.30281	-960.4717	74.554565	159.1573
-2848.8928	-171.11234	-932.11053	29.371033	176.18057
-2704.409	-154.18167	-861.02484	70.751526	152.81651
-2715.504	-150.98189	-882.3485	48.463562	162.65744
-3078.5276	-151.46977	-940.7995	123.35712	171.11234
-2748.9983	-163.28447	-880.18945	67.15967	161.09023
-2797.4727	-163.04944	-891.1162	86.50421	152.81651
-3073.7097	-152.81651	-967.9088	136.85632	166.57277
-2677.222	-149.1685	-844.3294	134.35663	148.06262
-3113.1035	-172.59387	-963.6561	142.24304	175.56256
-2657.3408	-149.47963	-847.3064	72.94641	148.9879
-2677.3813	-149.1685	-836.52313	148.60132	148.06262
-3066.708	-170.29402	-953.75903	134.22827	175.56256
-2661.5	-143.49786	-853.1892	65.87445	148.9879
-2893.3499	-156.44406	-900.9956	132.14526	152.81651
-2592.403	-155.60138	-840.94385	36.750854	159.09889
-2896.3003	-171.11234	-946.0617	48.311462	178.6093
-3001.1033	-172.59387	-947.4372	99.121155	175.56256
-2976.1536	-166.57277	-948.3448	105.384705	167.80708
-3087.1426	-151.46977	-949.4147	140.27112	175.56256
-3037.2605	-145.06038	-920.87	159.30115	159.09889
-2700.165	-142.96455	-876.9074	43.70636	156.6483
-2966.1443	-163.30281	-960.7988	68.98901	162.17918
-2978.1084	-151.46977	-963.73755	65.783936	176.18057
-2567.4412	-145.08446	-830.7372	44.030212	151.26845
-2736.1072	-167.80708	-871.0184	60.74774	168.23352
-2966.1443	-163.30281	-960.7988	68.98889	162.88988
-2629.514	-143.49786	-863.2588	22.431335	160.58025
-2548.6584	-155.03871	-842.30963	13.734436	158.81538
-3010.333	-148.9879	-962.04504	102.332886	175.56256
-2754.847	-156.44406	-875.3968	77.03705	153.60292
-2839.9414	-151.46977	-912.2415	91.890015	156.44406
-2673.8315	-153.60292	-856.5104	89.83191	152.65053
-2761.767	-156.44406	-863.27997	130.19983	148.9879
-2711.0737	-149.79512	-868.9694	73.81708	150.28746
-2556.47	-135.1452	-842.79224	17.390198	156.44406
-2971.8376	-175.39734	-934.2384	125.03992	163.04944
-2842.271	-136.44456	-826.62396	171.68494	148.29529
-2694.9463	-150.07303	-874.71686	43.07379	168.37735
-2867.958	-172.16602	-938.65985	41.88684	171.11234
-2779.9531	-150.07303	-912.42474	47.536682	169.51671
-3073.041	-139.48946	-943.6599	132.91553	171.11234
-3018.0244	-151.46977	-951.9461	103.56427	167.80708
-3010.3335	-148.9879	-962.0449	102.33301	175.56256
-2548.6582	-155.03871	-842.30963	13.734436	148.22198
-3018.0244	-151.46977	-951.9461	103.56439	163.30281
-3082.315	-139.48946	-949.88715	140.18378	170.43655
-2575.9736	-155.03871	-839.9696	31.524292	165.63431
-2713.9912	-167.80708	-865.30237	77.634766	167.80708
-2697.4895	-160.57045	-876.35095	49.089783	162.17918
-2561.0244	-155.60138	-833.3532	34.10846	160.6806
-3014.356	-159.1573	-950.4068	113.19806	174.07896
-2975.627	-156.44406	-934.2075	118.805664	158.15666
-2927.932	-133.31015	-877.17883	182.65674	150.29782
-2914.829	-148.9879	-886.5632	181.40192	156.26208
-2806.5303	-145.06038	-848.74225	138.21362	151.46977
-2978.2363	-166.75435	-919.35913	171.44641	162.17918
-2906.6763	-151.46977	-914.3222	97.180725	156.26208
-2843.9355	-156.44406	-886.25195	100.09961	152.81651
-2713.9233	-159.09889	-879.07245	73.94763	157.04668
-2686.4285	-149.47963	-835.7283	91.65662	148.9879
-2898.1301	-165.63431	-946.5962	82.114136	172.59387
-2587.9783	-147.01022	-847.7587	24.639221	162.17918
-2581.5798	-151.73593	-841.64	60.12744	158.15666
-2906.2893	-133.31015	-890.6426	152.02258	150.29782
-3014.3562	-159.1573	-950.4068	113.19818	175.56256
-3005.3574	-172.59387	-929.5239	113.83276	180.44133
-2893.871	-155.5343	-942.7641	49.046875	172.59387
-2685.163	-167.80708	-865.6319	63.90204	162.17918
-2620.5693	-159.26941	-864.9403	26.069214	168.37735
-3077.3848	-139.48946	-948.00366	195.52112	165.63431
-2591.887	-155.56047	-855.3372	25.253357	169.55957
-2830.825	-154.18167	-906.5991	73.361145	161.09023
-2841.3262	-165.63431	-908.801	63.716187	171.10156
-2982.8784	-165.63431	-928.5953	154.7652	161.11539
-2890.674	-165.63431	-918.2092	93.17578	161.09023
-2730.0303	-147.01022	-881.4679	50.919373	162.17918
-3094.608	-180.10432	-945.85785	144.73236	174.07896
-2736.1074	-167.80708	-871.0183	60.747803	168.23352
-2867.2905	-156.44406	-919.7057	105.54993	153.60292
-2998.457	-165.63431	-911.5634	157.29315	170.43655
-2969.143	-171.11234	-932.8627	95.1167	165.63431
-2619.9558	-150.28746	-858.97614	30.512085	162.65744
-2807.0803	-154.18167	-911.03955	56.67047	168.56853
-2789.9392	-151.46977	-894.7656	60.96985	159.31747
-3094.013	-145.06038	-944.56555	133.80017	162.65744
-3073.0413	-139.48946	-943.65985	132.91571	171.11234
-2632.636	-152.74002	-851.98193	56.628967	159.08867
-2906.2896	-133.31015	-890.6426	152.0227	150.98189
-2897.0308	-158.76811	-846.27765	196.92902	155.60138
-2725.0007	-156.26208	-879.3291	57.672607	168.37735
-2731.418	-150.07303	-885.7745	39.48755	168.56853
-2805.2683	-167.80708	-885.5283	84.38208	168.23352
-2844.8796	-136.44456	-794.12683	230.36475	148.29529
-2715.6062	-148.9879	-895.155	20.811035	162.88988
-2713.991	-167.80708	-865.30237	77.634766	162.65744
-2540.802	-155.60138	-830.39874	26.930542	161.09023
-2682.825	-158.76811	-857.02966	72.41797	159.09889
-2621.6858	-162.17918	-854.98505	35.26288	159.26941
-2992.2415	-166.57277	-933.3641	156.06061	167.80708
-2893.8713	-155.5343	-942.76404	49.046936	175.56256
-2466.0847	-150.28746	-817.11646	13.641968	162.65744
-2604.6343	-149.1685	-838.8919	59.88147	151.68239
-2887.1013	-163.04944	-905.5295	105.62842	152.65053
-2570.8408	-158.81538	-841.291	42.24164	155.03871
-2591.1743	-149.1685	-833.2756	57.609924	152.8547
-3021.6206	-161.11539	-939.7839	186.10443	165.63431
-3041.9006	-167.80708	-947.3123	160.16681	166.57277
-2951.5947	-175.56256	-944.39044	77.99176	172.59387
-2821.2302	-146.42358	-902.7627	74.496826	156.44406
-2574.2607	-161.69604	-846.6793	22.333862	167.80708
-2581.3665	-150.28746	-838.85333	42.331543	156.44406
-2596.2026	-155.60138	-842.8255	42.97412	159.09889
-2951.5947	-175.56256	-944.3905	77.99164	175.56256
-2604.3904	-136.8855	-861.80945	17.68695	182.29018
-2810.303	-159.08867	-895.842	104.757996	156.26208
-2951.5945	-175.56256	-944.3905	77.99164	172.59387
-2720.17	-165.06464	-868.98645	88.056335	159.26941
-2641.7354	-155.03871	-852.3687	88.369446	148.22198
-2605.6714	-132.45357	-850.60785	25.623352	159.31747
-2674.745	-152.81651	-831.6057	89.427734	152.65053
-2589.37	-149.79512	-827.81287	55.293396	152.65053
-2896.3005	-171.11234	-946.06165	48.311584	178.6093
-2613.2715	-148.9879	-838.43945	73.35077	148.22198
-2638.4531	-142.96455	-854.06616	119.44165	148.9879
-2716.1367	-167.80708	-880.7791	56.050476	168.37735
-2694.3425	-161.69604	-877.0973	41.4256	168.37735
-2604.791	-158.87866	-829.4429	62.130493	159.09889
-2795.915	-154.11949	-904.35266	65.58313	152.81651
-2681.6436	-141.41768	-870.0886	44.633423	156.26208
-3083.7444	-147.01022	-946.01636	160.21106	168.37735
-2730.03	-147.01022	-881.46783	50.919373	160.6806
-2631.3196	-156.26208	-855.4424	33.439575	173.66588
-2610.8962	-150.28746	-859.5288	23.378479	162.88988
-2630.7874	-150.28746	-862.6212	30.74707	163.30281
-2611.0156	-159.09889	-856.9559	21.595093	169.7348
-3060.4253	-139.48946	-931.04425	168.54034	161.11539
-2682.4548	-148.9879	-875.34845	35.707275	156.44406
-3064.9363	-158.15666	-915.48914	175.9729	168.23352
-2676.6155	-148.9879	-876.05664	28.86444	152.65053
-2867.1045	-148.9879	-919.091	102.18152	154.18167
-3014.428	-175.39734	-931.1951	159.90814	171.11234
-2895.0613	-146.36084	-844.30804	204.06317	148.9879
-2833.182	-156.65688	-899.774	100.8833	152.65053
-2726.6887	-148.9879	-889.71655	46.500183	154.18167
-3005.357	-172.59387	-929.52405	113.83264	180.44133
-2812.2205	-133.31015	-880.5381	131.41711	150.29782
-2783.484	-133.31015	-894.00183	100.78302	150.29782
-2865.458	-133.08548	-926.896	57.541016	168.82925
-2767.1433	-148.9879	-904.51855	27.367554	180.30351
-2633.4587	-152.70178	-863.5659	33.26886	172.59387
-3060.53	-151.46977	-965.9415	110.717285	163.30281
-2683.169	-148.9879	-881.0876	23.828796	162.65744
-2688.4653	-148.9879	-863.6937	67.90869	152.65053
-2910.149	-155.5343	-917.7947	105.64996	155.56047
-2572.1707	-147.01022	-850.7814	13.917419	171.99399
-2802.4644	-143.42473	-905.88446	70.3551	158.81538
-3105.7505	-139.48946	-957.0005	153.00317	170.43655
-2592.8975	-152.65053	-828.4564	60.02234	158.81538
-2789.9395	-151.46977	-894.7656	60.96991	163.04944
-2741.9128	-147.3938	-892.04285	42.955444	168.56853
-3094.6082	-180.10432	-945.85785	144.73248	174.07896
-2746.3552	-147.3938	-896.4854	48.770386	168.37735
-2589.3704	-149.79512	-827.81287	55.293396	152.81651
-2665.9473	-153.60292	-857.40295	66.031006	150.28746
-2567.3687	-153.60292	-837.44867	48.61737	153.60292
-2589.4236	-152.65053	-839.33997	53.442993	158.81538
-2735.4517	-150.98189	-853.7262	113.57092	148.9879
-2719.9102	-149.79512	-870.7104	81.04486	150.98189
-2625.5981	-150.28746	-855.4224	61.201904	150.98189
-2688.122	-163.81062	-881.65576	34.41754	162.17918
-2675.3525	-151.57996	-880.93176	21.236572	168.37735
-2589.8057	-150.98189	-819.6301	88.121765	150.03307
-2780.9526	-148.9879	-903.63403	50.970276	156.44406
-2969.1423	-171.11234	-932.8627	95.11658	156.6483
-2658.7253	-146.36084	-835.4672	77.622375	148.22198
-2898.9746	-171.11234	-938.02356	53.308228	175.39734
-2805.0854	-148.9879	-908.30817	73.51941	156.26208
-2702.59	-151.46977	-881.2827	46.565674	163.30281
-2887.555	-157.99146	-871.9079	150.2807	148.9879
-2841.326	-165.63431	-908.801	63.716064	161.11539
-2615.8704	-158.81538	-851.35144	47.326355	159.09889
