-1096.0	-160.20787	-542.41406	18.503479	164.17995
-1029.0	-167.51593	-508.341	18.538635	162.63135
-1030.0	-158.5563	-508.3922	11.588867	167.51593
-1178.0	-181.31795	-567.82605	35.562378	164.17995
-1057.0	-163.07207	-514.0984	27.15387	164.17995
-1077.0	-162.63135	-523.6622	27.814758	164.65929
-1057.0	-162.63135	-513.66925	31.783264	160.11044
-1022.0	-160.11044	-509.13144	7.1806946	167.51593
-1048.0	-157.48483	-515.3395	14.416138	164.17995
-1050.0	-164.17995	-514.6502	31.305481	164.65929
-1117.0	-164.17995	-538.75323	34.624695	167.51593
