-932.0	-121.67804	-454.80795	29.579376	142.54219
-920.0	-115.90499	-449.63843	30.386047	139.2482
-965.0	-142.54219	-468.5108	44.596436	144.8869
-905.0	-142.54219	-450.78137	6.348572	131.76189
-968.0	-135.03438	-452.97064	49.91101	134.3523
-996.0	-131.76189	-481.68753	35.6998	140.76465
-949.0	-135.03438	-452.81958	38.14331	121.67804
-918.0	-122.14503	-439.9302	38.075623	121.67804
-947.0	-142.54219	-453.784	40.66165	121.67804
-957.0	-139.2482	-441.55676	83.46924	134.3523
-917.0	-122.14503	-440.0813	38.128723	135.6776
-918.0	-115.90499	-450.66684	15.358063	142.54219
