-7231.0	-143.66077	-1507.33	177.71118	153.56287
-6404.0	-120.8755	-1349.4869	135.8595	163.58987
-6943.0	-144.13104	-1439.1038	220.99097	153.56287
-6483.0	-137.65144	-1394.8931	119.048584	179.49939
-7187.0	-139.97386	-1539.8972	154.47095	184.5252
-6458.0	-120.8755	-1368.8657	140.32593	171.6473
-7141.0	-139.97386	-1535.742	147.64685	184.87311
-6449.0	-120.8755	-1365.9474	132.87927	171.6473
-6895.0	-143.66077	-1465.3118	157.1753	153.56287
-6789.0	-144.13104	-1429.957	208.719	156.05602
-6782.0	-143.66077	-1447.3497	152.974	171.73982
-7098.0	-153.56287	-1373.999	315.99023	144.13104
-6424.0	-120.8755	-1350.4723	147.13745	163.58987
-6733.0	-147.13907	-1355.8485	273.41516	144.13104
-6915.0	-156.05602	-1366.364	306.09998	153.56287
-6559.0	-144.13104	-1348.7578	204.80835	163.58987
-6939.0	-156.05602	-1401.1807	266.10913	156.05602
-6642.0	-147.13907	-1365.4238	221.3999	144.13104
-7081.0	-156.05602	-1412.3892	255.43652	171.6473
-6597.0	-144.13104	-1344.8561	201.88098	163.58987
-7021.0	-139.35162	-1490.4937	146.6001	190.30145
-6804.0	-139.35162	-1445.2175	151.08435	163.58987
-6691.0	-139.97386	-1444.5697	129.59705	178.21944
-6391.0	-120.8755	-1353.2137	135.76562	163.58987
-7024.0	-144.13104	-1434.0543	280.49426	156.05602
-6891.0	-139.97386	-1466.9304	152.80103	156.05602
-7104.0	-139.97386	-1527.085	153.6333	156.05602
