-23867.0	-97.12814	-2449.0159	422.0608	139.4615
-22737.0	-112.39139	-2198.933	624.6509	129.64963
-23097.0	-98.53947	-2335.0134	413.98193	130.88501
-23286.0	-98.53947	-2402.742	358.3042	132.13744
-22944.0	-83.52804	-2248.3572	558.6184	120.50957
-23034.0	-100.1338	-2218.3333	608.68896	120.80555
-21797.0	-93.65816	-2158.413	513.25903	120.80555
-23434.0	-83.52804	-2454.1038	351.13354	129.21756
-23731.0	-107.13972	-2431.7874	446.9077	122.57292
-22944.0	-97.12814	-2336.448	440.95654	127.43498
-23388.0	-107.13972	-2427.145	440.10425	132.58095
-23385.0	-97.12814	-2442.0508	359.4546	139.4615
-23512.0	-83.52804	-2392.5527	442.38647	125.93575
-23097.0	-83.52804	-2403.9548	353.58716	126.45553
-23695.0	-83.52804	-2442.3394	423.979	126.45553
-23455.0	-94.0849	-2232.396	525.69214	120.50957
-23311.0	-109.83262	-2431.1985	443.5432	126.45553
-23348.0	-83.52804	-2196.1619	628.94727	117.58727
-22999.0	-94.0849	-2254.952	596.85205	117.92709
-23045.0	-98.53947	-2372.021	356.97632	129.64963
-23229.0	-93.65816	-2209.656	578.41187	118.09256
-23733.0	-83.52804	-2463.0479	397.08447	130.88501
-22753.0	-97.12814	-2280.3884	437.95996	129.21756
-23564.0	-104.53786	-2253.0347	657.35986	118.09256
-23309.0	-82.81878	-2289.0427	610.6797	120.50957
-23546.0	-104.50242	-2398.313	417.55957	139.4615
-23310.0	-109.04371	-2242.3125	538.1199	121.98325
-23106.0	-97.12814	-2385.3154	347.06543	129.64963
-22495.0	-97.12814	-2296.465	376.9956	127.43498
-24037.0	-82.81878	-2491.879	334.9319	121.75465
-22734.0	-94.0849	-2160.5813	559.5154	119.87094
-23456.0	-94.0849	-2239.062	566.57275	119.44368
-22332.0	-93.65816	-2282.6587	369.56592	129.38889
-23468.0	-83.52804	-2401.735	373.01514	127.43498
-22341.0	-94.0849	-2213.459	462.07983	121.98325
-23498.0	-93.65816	-2390.3176	395.75635	125.93575
-23603.0	-97.12814	-2420.8994	518.07715	121.75465
