-2341.0	-110.54152	-759.111	39.919983	135.63007
-2343.0	-110.54152	-748.13245	76.572205	142.24413
-2248.0	-124.95812	-707.81885	78.25659	139.75119
-2224.0	-117.42927	-703.2423	80.83368	113.71856
-2280.0	-117.42927	-730.59344	86.56683	135.75308
-2122.0	-105.56086	-677.1074	78.51013	134.5901
-2327.0	-113.71856	-758.6924	46.784973	135.63007
-2328.0	-113.71856	-733.4686	73.68945	135.63007
-2278.0	-135.75308	-724.68225	90.34918	113.71856
-2285.0	-110.54152	-735.8096	88.15625	117.42927
-2248.0	-124.95812	-707.81885	78.256714	135.75308
-2139.0	-105.56086	-676.4756	75.02081	134.5901
