-791.1976200000001	-104.8258	-391.19903	12.168659999999988	104.6066
-858.17019	-112.16711	-408.30804	36.997739999999965	108.74766
-817.74417	-107.13702	-374.15266	63.02722	104.8258
-872.86341	-127.06961	-410.98645999999997	70.01686000000007	108.74766
-875.77328	-112.16711	-418.31053	41.470779999999934	108.74766
-791.46396	-120.02276	-384.81324000000006	23.622699999999895	104.8258
-807.0823300000001	-108.74766	-338.43741	103.59292999999997	107.17459
-817.10009	-98.73409	-359.63734	95.04791999999998	92.96057
-810.8629500000002	-107.13702	-391.74946000000006	30.954889999999978	104.8258
-733.06091	-98.73409	-324.35972999999996	68.50581	92.72401
-658.91497	-70.99504	-296.62068	65.84726999999998	92.72401
-800.2433800000001	-115.79839	-380.58887000000004	35.146079999999984	104.8258
-729.4816999999999	-98.73409	-321.33096	66.17465999999996	92.96057
-737.87385	-99.04942	-357.30956	39.94259000000005	103.83735
-755.68444	-92.96057	-351.22071	50.23019000000005	103.83735
-810.83798	-113.80575	-376.31095	64.19409000000002	108.7458
-744.81008	-113.80575	-360.30165	22.214140000000043	106.14812
-733.04783	-92.82071	-345.1482	37.695430000000044	98.73409
-729.1584700000001	-103.83735	-355.09994	29.637800000000027	99.04942
-662.10796	-70.99504	-297.61573	53.949820000000045	96.66178
-756.8182999999999	-94.52596	-355.42920999999996	69.35561000000001	92.96057
-831.3743	-107.17459	-398.48505	32.958313	108.74766
