-3212.0	-71.5662	-742.62836	202.85303	118.25951
-3287.0	-57.735	-728.20496	197.9646	118.25951
-3514.0	-57.735	-755.5217	252.60553	73.80039
-3547.0	-75.17252	-772.36774	291.26788	71.5662
-3550.0	-57.735	-772.95685	260.35284	73.80039
-3523.0	-71.5662	-801.6179	256.6421	89.59596
-3597.0	-71.5662	-802.9901	261.86267	89.59596
-3485.0	-57.735	-756.46826	231.15155	88.14948
-3543.0	-75.17252	-785.8306	252.62262	71.5662
-3594.0	-57.735	-798.41187	236.11487	92.31979
-3592.0	-71.5662	-797.4886	245.6435	75.17252
-3323.0	-57.735	-762.94366	209.97174	118.25951
-3293.0	-71.5662	-744.0005	221.52612	124.85231
-3064.0	-57.735	-703.1018	173.07996	118.25951
-3507.0	-71.5662	-784.4136	252.12561	73.80039
