-3974.0	-61.34935	-761.62427	201.51355	83.71251
-4046.0	-77.76234	-820.9216	183.95898	86.87141
-3859.0	-70.90928	-773.09375	205.98145	77.76234
-4001.0	-66.24115	-820.51154	180.78406	86.87141
-4059.0	-52.43451	-814.2308	167.44202	83.71251
-3857.0	-70.90928	-781.9725	189.97919	77.76234
-3954.0	-77.76234	-809.61285	157.2909	94.82761
-3939.0	-61.45077	-780.70917	190.80194	77.76234
-4049.0	-81.49634	-824.29663	161.45642	88.35273
-3350.0	-52.43451	-680.25464	128.30853	88.35273
-3313.0	-58.55043	-647.839	144.22394	94.48617
-3922.0	-79.63299	-808.33203	147.39807	79.63299
-3976.0	-61.45077	-755.54224	217.17816	86.03389
-4068.0	-61.45077	-747.6314	261.1527	83.71251
-3939.0	-61.17902	-796.99774	179.51007	77.76234
-3760.0	-66.24115	-770.7809	190.60394	70.90928
-4078.0	-61.34935	-795.2363	173.88287	86.87141
-4118.0	-61.17902	-834.311	168.22534	93.84562
-4117.0	-52.43451	-789.5429	223.81177	82.23531
-4087.0	-61.34935	-765.4852	236.11273	94.82761
-3575.0	-58.55043	-737.87177	179.35388	70.90928
-3978.0	-61.34935	-773.6044	210.87378	86.03389
-4038.0	-61.45077	-786.8286	223.82385	82.23531
-3786.0	-52.43451	-765.81573	177.79132	77.76234
