-6955.0474	-45.48005	-1040.1078	192.87549	63.20228
-6872.3667	-34.6991	-1070.0537	159.81006	67.2597
-7089.074	-19.55452	-1116.458	139.26343	66.80471
-7073.498	-26.33491	-1112.9407	103.07031	68.02489
-6957.6255	-41.46089	-1073.8811	202.99353	64.62117
-7066.9644	-24.83442	-1143.9624	98.164795	69.7771
-7035.7964	-19.55452	-1073.5182	174.95227	64.66654
-6951.6387	-46.58046	-1049.413	163.57104	64.62117
-6147.5864	-46.06871	-926.46985	190.7301	60.29772
-6768.724	-36.86383	-1014.9927	190.54187	61.88343
-7125.3457	-24.83442	-1124.5989	127.11157	76.21087
-7122.936	-43.02202	-1130.1093	138.83289	68.80523
-6597.8896	-32.67483	-1042.3326	126.570435	60.73545
-6993.0903	-35.6964	-1048.8514	198.46436	64.66654
-6987.884	-43.02202	-982.47	270.47888	65.11507
-7010.344	-28.56982	-1098.3517	160.41968	64.62117
-6916.9746	-32.67483	-971.8363	233.84973	63.11359
-7090.99	-43.27327	-1124.8246	131.82056	68.72882
-6724.9863	-47.54001	-1034.6864	179.81152	73.96162
-6323.8037	-31.15765	-901.51654	222.73334	56.04556
-7050.202	-26.33491	-1085.9889	176.28699	65.6203
-6560.537	-62.70852	-997.0792	221.27673	59.17234
-6697.5107	-60.84615	-984.7238	212.36993	60.73545
-6221.315	-55.44438	-957.58435	192.03491	50.85543
-6601.6787	-65.00466	-974.567	214.20117	56.81541
-6330.1533	-58.5337	-899.96594	247.04419	55.91177
-6367.4775	-57.37252	-970.2876	182.48132	76.19376
-6173.5693	-57.20359	-935.4269	196.45093	68.51673
-6739.843	-47.74063	-854.897	377.85498	63.11359
