-18997.836	-5.03786	-725.42035	85.9234	11.03947
-19074.1	-5.03786	-699.2254	125.64819	10.67239
-19141.648	-6.96778	-728.26495	93.55127	10.79491
-19341.312	-7.1211	-742.12085	86.35791	10.85495
-18895.72	-7.19792	-678.2362	141.58435	10.85495
-18860.84	-7.19792	-692.944	129.41669	11.77158
-16979.363	-3.83927	-623.3914	104.99994	10.65082
-18456.295	-6.96778	-632.4751	179.09772	10.67895
-19337.879	-6.98212	-750.20544	82.026794	11.32078
-19348.385	-7.1211	-748.8862	74.481995	11.36354
-19231.338	-7.1211	-692.21875	129.76831	10.71634
-19303.81	-7.1211	-727.2131	99.27228	10.75872
-18986.426	-6.68132	-662.49615	158.67236	10.58253
-19318.445	-6.98212	-742.80566	86.216125	10.85495
-18233.727	-9.41222	-674.9201	134.43951	10.45992
-18320.787	-10.0025	-629.1996	177.60907	9.97447
-18143.123	-9.40106	-679.99335	118.57526	9.89899
-18487.66	-9.6902	-631.8544	182.82703	9.97898
-18090.31	-9.83667	-663.2018	143.67474	10.85495
-18365.416	-9.5021	-658.7507	150.6463	9.73036
