-19170.703	-7.28972	-687.597	121.3869	10.82867
-18825.281	-6.43661	-706.8951	90.27673	11.3675
-19112.2	-6.03158	-720.3191	94.27075	11.00545
-19392.014	-6.03158	-702.55444	118.338135	11.077
-19111.45	-4.35086	-714.15643	98.66803	10.99909
-19371.69	-6.03158	-721.47614	99.90692	11.077
-18801.55	-6.8542	-711.10205	91.95386	11.20179
-19277.0	-7.34234	-693.31445	113.02911	11.36486
-19421.781	-5.27826	-752.4412	62.378235	11.35958
-19351.598	-6.03158	-650.51404	162.02948	10.99273
-19378.316	-6.70746	-697.6209	120.63721	11.077
-17084.117	-5.50727	-632.5227	114.384155	10.62967
-16224.633	-4.43396	-593.3397	110.23041	11.00409
-18825.62	-7.30821	-681.1436	108.166626	11.11485
-16295.29	-6.11065	-594.066	112.91608	10.43887
-19309.287	-6.03158	-681.2687	133.85748	10.99273
-19375.246	-5.27826	-700.81964	117.18915	11.077
-19443.877	-6.03158	-751.9584	66.485596	11.09009
-18747.746	-6.5909	-707.50665	90.4646	11.13732
-18335.578	-6.17576	-675.10315	117.92743	11.1
-17399.734	-3.77094	-636.21783	114.08319	10.6
-19178.662	-7.24914	-709.24805	100.62317	11.241
-19295.988	-7.34234	-685.5114	127.1297	11.12789
-18700.395	-6.17576	-713.86816	92.14319	11.54773
-19340.658	-6.03158	-689.4297	125.7323	11.03947
-18141.326	-9.74269	-678.09357	115.391235	9.75192
-18403.297	-9.83972	-647.33704	155.39764	9.77804
-18566.086	-10.02597	-668.90826	128.7268	10.6372
-18534.455	-10.12423	-671.504	141.18536	10.20098
-18415.025	-9.85748	-672.1433	132.71545	10.32473
