-9050.3	-59.5564	-1434.383	176.13843	100.28615
-9080.836	-82.88181	-1443.0432	187.56665	103.81152
-9027.099	-82.88181	-1460.9701	147.1112	102.06007
-9077.794	-82.88181	-1451.3583	185.41577	101.89092
-8954.768	-97.55047	-1359.8318	246.63025	100.28615
-9055.097	-92.39416	-1439.1805	188.01697	91.96045
-8992.841	-92.39416	-1448.19	145.87512	97.6226
-8874.62	-92.39416	-1335.0251	242.12048	91.83954
-8792.953	-59.42687	-1334.4365	233.53247	91.83954
-8891.048	-59.42687	-1323.4587	256.24902	91.83954
-9013.843	-59.42687	-1446.2527	156.36658	100.28615
-9001.846	-59.42687	-1448.0364	143.2107	100.28615
-9029.036	-76.00563	-1456.3278	159.89844	100.28615
-8917.236	-79.88229	-1441.7583	142.95142	100.28615
-8717.51	-69.90499	-1406.6323	104.32727	117.85493
-8538.23	-88.20019	-1353.4011	127.74109	97.52448
-8525.303	-82.88181	-1381.2291	106.32617	116.01334
-8589.465	-82.88181	-1378.7532	110.646484	104.55863
-8631.1	-82.88181	-1381.4589	116.958984	104.55863
-8627.836	-82.88181	-1378.0044	111.23682	104.55863
-8549.5	-82.88181	-1384.6675	111.31677	104.26955
-8614.169	-82.88181	-1377.187	111.48279	92.39416
-8627.212	-82.88181	-1367.0555	126.80591	92.39416
-9055.098	-92.39416	-1439.1804	188.01721	101.89092
-8908.034	-74.54115	-1425.9612	157.6355	91.96045
-8927.241	-77.65333	-1437.8807	119.3689	100.28615
-8787.668	-59.5564	-1417.6768	108.4303	100.28615
-8733.274	-46.09102	-1422.1342	76.21106	105.07169
-8802.262	-46.09102	-1408.7047	107.04736	117.85493
-8733.274	-46.09102	-1422.134	76.2113	101.22527
-8843.538	-46.09102	-1429.196	113.478516	101.22527
-8758.071	-65.11522	-1393.1265	111.19971	100.28615
-8674.113	-65.11522	-1413.3177	83.44519	92.39416
-8808.105	-74.54115	-1425.3198	121.99072	91.96045
-8833.183	-79.88229	-1428.4318	138.33923	116.14337
-8824.1	-89.32391	-1421.2041	151.08557	91.96045
-8552.735	-89.32391	-1300.9252	172.9082	91.83954
-8633.646	-89.32391	-1321.6062	186.13367	91.83954
-8427.539	-76.00563	-1243.796	272.74255	91.29944
-8048.2197	-82.34485	-1233.4939	263.0028	89.57136
-8273.524	-79.16897	-1254.8993	210.47668	89.57136
-8006.118	-79.16897	-1160.1019	297.15808	89.32391
-8100.091	-75.15376	-1214.1305	208.69885	89.57136
-8070.4336	-82.88181	-1233.0688	207.85718	91.29944
-8010.4595	-86.14455	-1215.4954	219.33508	91.29944
-8106.557	-89.32391	-1196.8033	248.86743	91.29944
-9000.481	-88.20019	-1440.3303	184.68494	102.20926
-8877.78	-101.89092	-1264.7954	349.85046	100.28615
-8666.371	-100.28615	-1308.7029	218.84436	101.89092
-8707.584	-97.07841	-1349.9141	186.27356	103.62342
-8230.232	-86.22052	-1222.3257	301.84814	86.14455
-8400.527	-82.88181	-1265.0605	260.68323	90.0558
-8218.668	-90.0558	-1217.1658	308.5515	90.0558
-8395.286	-89.51116	-1227.7966	346.77637	91.29944
-8534.223	-90.0558	-1232.731	364.94324	89.57136
-8218.667	-90.0558	-1217.1658	308.55164	89.57136
-8210.117	-86.14455	-1236.9122	244.8175	91.29944
-8322.082	-86.14455	-1215.8054	286.38562	90.0558
-8373.924	-86.14455	-1224.8007	314.76013	90.0558
-8228.794	-86.14455	-1225.2849	291.015	89.95608
-8536.688	-86.14455	-1352.498	143.53662	95.05278
-8567.916	-86.14455	-1341.9327	136.06104	104.26955
-8536.6875	-86.14455	-1352.4982	143.53662	92.39416
-8671.684	-97.52448	-1351.886	217.9076	97.52448
-8542.175	-91.96045	-1336.6323	133.56616	104.26955
-8536.263	-95.05278	-1349.912	131.28638	92.39416
-8554.367	-88.20019	-1368.0168	136.85999	97.52448
-8671.336	-82.88181	-1390.6074	143.46558	101.05958
-8640.897	-82.88181	-1383.7053	123.95105	100.28615
-8665.183	-82.88181	-1381.8024	134.69788	104.26955
-8759.186	-59.5564	-1428.5801	96.10974	100.28615
-9032.649	-46.09102	-1446.3905	176.4353	108.3306
-8876.97	-82.88181	-1427.4218	143.745	104.26955
-8899.579	-74.54115	-1438.1815	127.06775	103.81152
-8760.209	-46.09102	-1412.9934	106.53247	117.85493
-8733.273	-46.09102	-1422.1342	76.21106	101.22527
-9080.835	-82.88181	-1443.0431	187.56702	101.89092
-8793.146	-101.89092	-1235.2119	343.1477	102.20926
-8782.771	-101.89092	-1273.3468	322.84485	105.07169
-8656.031	-100.28615	-1311.9427	223.71167	101.89092
-8666.372	-100.28615	-1308.7029	218.84436	105.07169
-8697.996	-100.28615	-1315.3132	246.25195	97.34457
-8631.867	-101.22527	-1285.7299	275.24133	114.57986
-8327.059	-97.34457	-1261.0923	203.38818	94.56058
-8420.419	-96.82114	-1295.069	212.78186	94.56058
-8405.926	-97.34457	-1299.4395	203.57336	94.56058
-8420.819	-97.55047	-1314.2104	187.94226	107.12842
-8440.481	-97.55047	-1310.9706	183.07495	107.62261
-8456.815	-97.55047	-1299.301	208.75903	105.07169
-8439.668	-97.55047	-1302.5409	213.62634	105.07169
-8420.821	-97.55047	-1314.2103	187.9425	101.89092
-8430.557	-96.82114	-1291.6984	215.29236	101.89092
-8436.7705	-96.82114	-1288.4586	210.4248	102.65923
-8709.267	-97.52448	-1334.8486	223.62927	91.83954
-8232.025	-79.16897	-1161.2948	354.09607	88.20019
-7957.0596	-79.16897	-1160.4392	267.31018	88.20019
-8490.962	-65.11522	-1234.9827	316.01123	89.57136
-8468.663	-65.11522	-1245.385	294.06543	91.29944
-8458.589	-65.11522	-1284.769	252.20789	91.29944
-8893.135	-97.55047	-1374.6262	243.28027	107.12842
-8954.401	-100.28615	-1384.2042	244.10303	98.22083
-8686.359	-74.87796	-1225.3046	418.5172	91.29944
-8629.333	-90.0558	-1241.7261	392.23425	89.65701
-8514.546	-84.47538	-1254.5149	313.26416	91.29944
-8664.377	-79.16897	-1259.8179	331.06653	89.57136
-8413.896	-79.16897	-1235.0205	278.4685	89.57136
-8609.074	-76.00563	-1266.3193	344.0255	89.57136
-8635.663	-79.16897	-1263.4974	340.62708	89.57136
-8625.111	-79.16897	-1266.5554	301.2699	89.95608
-8210.175	-85.5496	-1237.2732	263.42297	91.29944
-8384.739	-79.16897	-1246.2988	254.03552	89.57136
-8439.82	-59.5564	-1230.5717	288.46362	89.57136
-8433.524	-76.00563	-1233.3936	278.14917	89.57136
-8456.817	-74.87796	-1212.9526	319.67175	89.57136
-8717.21	-76.00563	-1323.4081	230.18665	91.83954
-8452.465	-76.00563	-1227.6461	307.06946	89.32391
-8382.831	-65.11522	-1249.9966	265.78894	89.57136
-8374.867	-59.42687	-1264.0986	247.8092	89.57136
-8454.424	-59.42687	-1241.7483	281.6742	88.20019
-8374.77	-74.54115	-1209.0137	318.63354	88.20019
-8264.46	-65.11522	-1225.6167	262.33105	88.20019
-8454.425	-59.42687	-1241.7482	281.67432	88.20019
-8399.103	-59.42687	-1251.1753	258.6836	89.57136
-8440.347	-79.16897	-1264.2083	288.48645	89.57136
-8389.168	-76.00563	-1267.0302	276.1206	89.57136
-8325.84	-76.00563	-1266.4548	226.05994	91.29944
-8362.62	-82.88181	-1256.5659	260.17322	91.29944
-8275.707	-86.14455	-1245.9337	271.37317	91.29944
-8314.519	-86.14455	-1223.5569	302.35596	91.29944
-8377.752	-89.57136	-1232.0315	330.0293	91.29944
-8402.758	-85.5496	-1236.9547	295.81494	90.0558
-8163.146	-86.14455	-1219.9473	282.76514	90.0558
-8123.1797	-86.14455	-1222.7692	284.4673	90.0558
-8187.483	-82.88181	-1232.2041	233.28406	90.0558
-8373.623	-84.47538	-1239.0918	356.07385	90.0558
-8400.509	-84.47538	-1244.8394	369.6079	90.0558
-8275.85	-84.47538	-1240.4521	331.83594	89.95608
-8040.6665	-82.88181	-1233.5645	202.84583	89.57136
-8296.844	-76.00563	-1271.5619	228.64587	90.0558
-8204.148	-76.00563	-1270.686	216.8999	90.0558
-8167.8687	-82.88181	-1237.9515	216.24316	90.0558
-8202.178	-82.88181	-1246.8085	238.63672	91.29944
-8101.515	-86.14455	-1227.273	244.55615	91.29944
-8010.459	-86.14455	-1215.4954	219.33496	91.29944
-8070.434	-82.88181	-1233.0687	207.85742	91.29944
-7904.397	-82.59478	-1208.2479	201.89258	91.29944
-7909.922	-59.5564	-1215.8743	198.6919	91.29944
-7677.931	-75.15376	-1113.175	309.46436	82.96255
-7968.498	-74.87796	-1143.8773	310.52966	82.96255
-7926.674	-86.98873	-1198.8151	222.62134	84.47538
-8057.47	-74.48386	-1186.3103	260.77856	86.98873
-8139.357	-74.48386	-1183.6221	297.67114	89.32391
-8111.8193	-59.5564	-1193.5942	295.19165	86.98873
