-7496.383	-4.3254	-774.8177	339.1944	28.17564
-7659.7764	-4.3254	-944.6093	200.15216	38.33129
-7529.218	-6.82983	-875.61816	271.40125	34.64907
-7650.874	-4.3254	-943.1045	189.62964	38.33129
-7574.1562	-5.80426	-934.0022	185.61597	40.55643
-7590.793	-4.3254	-931.2648	186.72449	38.01073
-6302.2056	-22.6624	-641.319	475.52283	26.21495
-6376.088	-21.60812	-642.65564	465.73206	19.70974
-7539.6177	-4.3254	-818.05304	322.8067	29.28648
-7421.648	-4.3254	-843.4121	275.22632	29.28648
-6137.0127	-3.6656	-746.4636	158.83179	27.13057
-6104.7446	-3.6656	-743.5658	154.5404	31.96211
-6318.7295	-8.25139	-728.4455	207.27502	23.03474
-7136.2544	-9.09407	-854.68164	301.01685	30.77288
-7105.381	-9.09407	-836.6722	241.09479	30.0373
-6629.6763	-5.92998	-794.9702	252.24182	24.41807
-7208.362	-8.4868	-867.35785	191.3404	30.40059
-7140.1587	-11.83952	-848.1548	266.2185	34.64907
-7206.326	-11.83952	-826.181	285.51953	34.64907
-6718.7046	-13.81957	-750.99066	258.07092	24.41807
-6933.1914	-5.80426	-804.5651	358.37396	24.65902
-6965.5093	-4.3254	-818.01776	324.91827	24.65902
-6871.2427	-10.98809	-787.2026	233.15192	26.88716
-6921.2954	-3.11481	-778.20764	235.19562	24.7394
-6776.0815	-16.55372	-703.8671	347.52423	22.01747
-5937.6304	-14.88415	-639.2506	276.65393	19.14834
-7046.3457	-5.92998	-762.483	325.39008	22.6857
-7003.5024	-10.98809	-800.17505	226.73682	30.0373
-6633.411	-8.79305	-690.1637	286.28894	20.65559
-6630.738	-4.3254	-748.21063	266.5014	21.60812
-6418.878	-3.6656	-791.34314	160.72693	32.55038
-6404.4863	-3.6656	-755.98505	168.60022	30.11663
-6428.462	-3.11481	-743.4645	165.12305	26.77596
-6724.074	-3.11481	-826.18164	160.98901	30.40059
-6853.248	-3.11481	-831.1864	184.21674	30.79455
-6803.5312	-10.83634	-786.1603	275.922	26.77596
-6913.831	-11.08703	-793.35114	296.62408	26.77596
-6612.843	-14.88415	-760.2325	279.6961	23.61153
-7435.0254	-4.3254	-784.0404	347.76648	28.17564
-7482.099	-9.08314	-833.21606	322.32764	29.4897
-7341.8745	-9.08314	-829.35455	328.75104	27.36176
-7270.6343	-9.09407	-783.4386	347.15405	25.61572
-7342.1406	-9.09407	-854.9447	293.16162	33.09188
-6841.6343	-12.62948	-798.95624	243.50543	30.40059
-6883.6416	-12.62948	-779.34937	226.66327	30.40059
-7053.9854	-12.62948	-795.07135	245.35858	30.40059
-6931.489	-12.62948	-771.6016	267.24518	25.61572
-6860.1367	-12.62948	-773.1032	254.27203	29.4897
-6805.2676	-12.62948	-768.749	254.10455	29.4897
-6996.382	-15.11578	-774.1645	300.2038	29.4897
-7031.737	-16.55372	-770.1444	333.78308	30.2279
-6915.4497	-6.03521	-785.9025	303.9301	23.03474
-6980.3936	-5.80426	-775.155	233.85785	26.77596
-6861.104	-10.47395	-778.95496	248.875	25.17749
-7088.383	-3.11481	-846.7431	225.06573	30.0373
-7045.7544	-3.11481	-866.7509	200.64081	30.0373
-7343.81	-4.3254	-875.17896	258.55457	30.0373
-7338.654	-6.03521	-873.7754	249.35303	30.0373
-6923.0474	-12.2174	-783.0628	319.47015	26.1624
-6900.24	-12.2174	-779.8776	324.82416	24.15528
-6930.464	-12.2174	-781.1326	298.4926	28.45995
-7113.6104	-10.98809	-791.29663	343.6383	26.88716
-7002.0894	-8.4868	-832.4075	224.26184	29.28648
-6695.317	-6.03521	-779.39166	255.26605	24.15528
-7207.2183	-9.08314	-820.83704	288.77124	28.23101
-7286.2256	-8.25139	-820.31665	295.011	28.23101
-7356.057	-3.11481	-861.7965	258.34973	28.17564
-7463.519	-3.11481	-902.61835	215.49689	35.22947
-7331.9707	-9.08314	-834.3709	271.5063	33.09188
-7334.095	-9.08314	-828.7914	270.54626	33.09188
-7316.6577	-9.08314	-826.58856	270.38348	33.09188
-6538.7886	-7.04364	-746.43695	228.95801	23.49004
-6710.372	-10.47395	-763.4888	243.57324	23.49004
-6524.215	-16.64856	-717.63446	309.8288	30.21963
-6019.788	-17.00098	-654.51904	304.07892	33.50922
-6782.356	-13.81957	-745.9798	344.05438	20.68348
-6507.7495	-13.81957	-717.69885	281.59808	20.68348
-6299.656	-16.25401	-709.7599	244.87463	20.68348
-6407.051	-16.25401	-683.39984	292.6292	20.47737
-6300.2876	-12.85446	-697.00555	244.41656	21.60812
-6704.2197	-13.2815	-788.90247	230.19275	30.40059
-6723.5737	-13.2815	-769.39233	207.99103	30.40059
-6471.552	-10.93273	-728.8768	227.92139	23.49004
-6364.3774	-9.11921	-754.11444	202.22473	23.49004
-6302.4766	-8.4868	-734.5308	186.27094	23.49004
-6266.6406	-3.41494	-747.3654	210.00055	22.69691
-6297.6035	-3.41494	-756.42236	193.90527	24.15528
-6238.12	-3.41494	-741.70184	184.65564	22.91576
-6122.022	-3.11481	-734.4482	166.34576	22.91576
-6326.0674	-3.11481	-760.0373	178.45721	26.77596
-6576.989	-5.92998	-783.3883	214.69214	26.1624
-6521.7793	-8.25139	-772.98413	214.85297	24.15528
-6682.6655	-8.4868	-780.0294	214.36194	26.1624
-6726.9653	-3.41494	-798.14246	214.92828	24.65902
-6725.5166	-4.3254	-804.07544	233.51465	24.65902
-6700.727	-4.3254	-798.8354	205.04883	25.31491
-7155.2314	-4.3254	-836.2133	270.41046	25.31491
-7130.118	-3.41494	-827.8472	252.67401	25.31491
-6787.471	-5.80426	-760.45703	228.06433	24.65902
-6875.725	-10.47395	-759.60516	265.3908	24.65902
-6906.5903	-10.47395	-749.7825	271.77667	24.65902
-6685.406	-10.47395	-762.93066	270.91956	23.03474
-6548.039	-8.25139	-760.9143	249.10333	23.03474
-6376.805	-5.80426	-740.3856	192.61774	23.45232
-6123.0767	-9.11921	-703.029	202.06195	23.03474
-6134.922	-8.4868	-703.6057	203.12134	23.03474
-6219.974	-8.4868	-721.17163	204.00494	23.21754
-6240.049	-8.18716	-721.41815	201.42596	23.45232
-6321.1396	-8.18716	-732.7792	204.39282	23.45232
-5929.8354	-4.3254	-720.18097	121.15411	30.11663
-5994.9424	-4.3254	-718.70624	134.1908	30.11663
-5876.6826	-4.3254	-722.3319	156.5282	30.11663
-5889.263	-3.41494	-725.61743	117.56018	30.11663
-5834.501	-4.70189	-726.0301	134.95001	30.3828
-5724.4014	-4.70189	-709.3029	126.841736	32.67904
-5731.3364	-4.70189	-711.12415	131.9555	32.67904
-6119.9224	-5.80426	-748.98047	159.25232	24.15528
-6094.6084	-6.53195	-742.694	159.25513	24.65902
-5885.4023	-6.03891	-692.74615	180.56366	24.15528
-6225.762	-11.08703	-735.0005	245.39062	22.91576
-6886.311	-5.92998	-802.10364	308.24036	24.7509
-6898.3257	-5.80426	-826.1823	327.07758	25.30769
-6782.1865	-13.25628	-782.0886	256.54297	26.7055
-6728.128	-13.25628	-749.5663	254.09161	30.21963
-7219.891	-11.44046	-878.2302	292.45508	33.09188
-7107.193	-11.83952	-834.1166	250.76245	30.40059
-7307.363	-11.83952	-804.3442	308.62262	42.38684
-7211.1646	-13.25628	-842.8165	286.3767	31.29347
-7210.9053	-9.45388	-838.24	276.07874	31.29347
-7176.9893	-9.45388	-846.40826	347.51898	30.40059
-7117.324	-9.45388	-833.0018	282.40167	30.40059
-7176.6636	-9.45388	-848.51624	284.3346	33.09188
-7169.192	-13.81957	-841.0424	307.87555	33.09188
-7038.9854	-5.27439	-798.1727	270.27808	23.90247
-7091.0723	-9.09407	-800.2905	276.59644	23.90247
-7028.467	-11.83952	-778.0502	331.06836	26.91926
-6583.027	-13.81957	-760.5554	228.95361	33.09188
-6521.6904	-14.55034	-760.09094	257.48206	26.77596
-6665.2476	-13.81957	-756.3409	270.83173	26.77596
-6744.2217	-13.81957	-753.54846	268.27362	26.77596
-6659.9253	-12.62948	-785.4919	224.4624	26.77596
-6633.163	-8.25139	-783.58704	204.49408	26.77596
-6585.435	-8.25139	-777.83795	211.77203	24.7509
-6574.4575	-8.25139	-779.6571	206.96368	24.7509
-6713.815	-4.3254	-800.24066	225.50043	24.7509
-6945.059	-4.3254	-826.3064	211.80249	30.0373
-6785.8677	-4.3254	-783.718	227.90955	25.52544
-7094.9683	-7.04364	-801.3406	236.45264	25.52544
-7180.5913	-7.04364	-805.1553	250.71973	25.52544
-7118.6104	-7.04364	-795.39655	258.5683	25.06802
-7124.7573	-12.6661	-792.6097	309.44843	30.21963
-6955.0347	-12.6661	-789.8693	287.89618	29.39395
-6927.0464	-13.97221	-776.7268	315.51	23.61153
-6854.134	-15.96159	-732.2558	355.85846	23.61153
-6942.623	-9.09407	-723.2803	358.21838	20.79233
-7021.175	-9.09407	-714.41046	413.21857	23.03474
-7338.2583	-9.09407	-859.6344	273.28577	34.64907
-6637.082	-10.98809	-728.3428	232.87506	23.49004
-6885.785	-12.2174	-755.17737	264.26465	28.07888
-6996.724	-10.98809	-758.4018	272.86847	25.61572
-7024.917	-10.98809	-761.29913	273.08502	27.36176
-7083.4873	-10.47395	-794.70245	268.88934	28.3981
-6982.1143	-11.44046	-767.5498	274.41858	24.65902
-7158.1616	-11.44046	-748.85175	415.5926	27.37853
-7165.7734	-11.44046	-791.7068	318.318	29.01012
-7120.0225	-11.44046	-781.2913	307.94025	30.2279
-6843.321	-11.44046	-795.4442	247.51062	30.2279
-7006.521	-11.44046	-793.38696	289.75232	30.2279
-7430.9297	-8.66173	-912.6487	180.95361	33.09188
-7500.6406	-6.03521	-916.66034	201.32977	40.55643
-7376.505	-9.09407	-848.1808	289.5326	35.33641
-7271.8306	-9.09407	-837.19635	206.92865	30.77288
-7061.979	-10.24273	-821.5333	206.98938	30.77288
-6720.939	-10.24273	-826.55646	168.13245	30.40059
-6738.441	-9.04912	-823.0171	168.84515	30.40059
-6910.0967	-9.04912	-827.83	223.19366	30.40059
-7233.247	-9.09407	-849.373	209.52826	34.64907
-7302.211	-9.09407	-891.9313	210.64917	34.64907
-7317.286	-10.19582	-849.6525	328.97626	34.64907
-7232.7207	-10.93273	-827.0678	333.6651	33.09188
-7166.7783	-11.83952	-795.88965	383.13318	30.40059
-7159.402	-11.83952	-833.7181	288.86884	30.40059
-6842.909	-11.83952	-791.6658	233.94543	30.40059
-6846.47	-11.83952	-809.6566	236.73572	30.40059
-6798.8184	-11.83952	-803.77704	236.03827	30.40059
-6989.0815	-10.24273	-811.54004	222.09314	30.40059
-7009.896	-10.24273	-823.5287	228.35107	30.40059
-7144.702	-5.80426	-828.9514	227.66992	30.0373
-7140.0024	-9.09407	-802.9496	254.1206	30.0373
-7043.338	-8.66173	-809.4843	223.97333	30.0373
-7101.8345	-8.66173	-830.1748	267.9475	26.91926
-7189.055	-8.66173	-834.77167	280.47577	27.13057
-7162.115	-4.13811	-839.5745	252.92621	26.77596
-6997.388	-3.11481	-816.6007	243.99854	26.77596
-7040.3594	-3.11481	-806.87054	248.03717	26.77596
-7053.0234	-3.11481	-807.1611	249.32855	27.13057
-6971.936	-3.11481	-798.40967	233.81421	28.07888
-7071.0425	-6.82983	-813.6755	252.48944	27.36176
-7070.012	-6.82983	-813.74084	251.98547	27.36176
-7094.1436	-6.82983	-822.0837	249.76752	29.28648
-7329.262	-6.82983	-846.4454	253.06927	29.28648
-7363.186	-6.03521	-806.20746	362.67792	29.28648
-7271.8843	-6.03521	-824.5972	287.77606	26.77596
-7017.513	-6.82983	-824.724	246.37329	26.77596
-7242.8223	-9.08314	-812.474	287.85474	29.4897
-7106.1416	-10.24273	-868.80414	176.8266	33.09188
-7040.32	-10.47395	-844.602	234.1081	33.09188
-6634.9585	-10.47395	-795.98865	197.60016	30.40059
-6566.0186	-10.47395	-796.3584	183.61273	30.40059
-6913.8105	-13.81957	-800.31146	380.58148	30.40059
-6571.486	-13.81957	-783.2122	240.76886	30.40059
-6432.364	-13.81957	-752.65625	229.72473	30.40059
-6353.1978	-12.6661	-753.6522	207.56763	30.40059
-6187.4536	-12.6661	-717.97516	207.36658	30.40059
-6154.065	-12.6661	-715.09894	207.26501	30.40059
-6376.1606	-14.09013	-730.0407	228.86151	30.40059
-7395.189	-9.08314	-794.3877	356.4547	28.78408
-6693.4966	-16.55372	-752.95496	288.33606	21.51581
-6641.139	-14.09013	-765.067	279.57385	31.29347
-6762.051	-14.09013	-756.6093	282.23895	22.21844
-6757.6523	-14.09013	-761.4999	276.94678	21.51581
-7570.1987	-4.3254	-862.4269	234.30615	35.26114
-7356.6865	-9.09407	-778.9783	309.92798	29.28648
-7202.46	-10.19582	-814.8498	243.2409	34.64907
-7083.218	-10.98809	-792.33203	279.26123	29.39395
-6929.6675	-10.98809	-766.9465	264.19293	26.7055
-6746.485	-10.19582	-762.87964	239.6568	24.81566
-6843.223	-9.09407	-792.63055	244.3443	26.91926
-6947.6987	-10.19582	-781.6989	290.5251	26.91926
-6834.8594	-9.09407	-778.0873	255.85071	24.81566
-6751.9	-9.09407	-768.80817	258.16388	24.43549
-7448.219	-5.80426	-892.5918	225.8468	35.22947
-7269.056	-5.80426	-867.884	215.21136	30.77288
-7113.6055	-3.11481	-837.3086	188.09961	30.77288
-7276.117	-3.11481	-756.64	290.3761	27.54886
-7423.236	-3.11481	-903.7594	162.08813	35.22947
-7337.787	-3.11481	-896.9837	155.20538	38.40141
-7239.5522	-3.11481	-890.09534	138.89917	38.40141
-7239.3735	-3.11481	-894.38116	127.86029	35.22947
-7151.685	-3.11481	-889.1637	122.77643	35.22947
-6835.9824	-3.11481	-828.80164	153.16351	34.64907
-6932.5435	-3.11481	-843.78534	149.5459	34.8891
-7020.699	-3.11481	-851.7198	151.11737	34.8891
-6924.8823	-3.11481	-846.59674	150.82312	34.8891
-6925.444	-3.11481	-845.12726	150.38043	34.8891
-6889.156	-3.11481	-855.2347	162.27386	34.8891
-6750.27	-3.11481	-826.11646	137.7099	34.8891
-6861.686	-3.6656	-846.5387	157.83337	33.09188
-7006.5176	-8.25139	-856.3727	174.41943	33.09188
-7099.2173	-8.4868	-866.6043	168.8891	38.40141
-7030.1836	-13.25628	-861.1958	181.52112	33.09188
-7150.747	-13.25628	-809.57916	265.0744	33.09188
-6942.424	-13.81957	-782.5789	290.4339	29.39395
-7011.382	-14.55034	-796.84656	292.56628	29.39395
-7073.4	-9.11921	-798.301	269.83167	28.23101
-6045.6816	-15.3043	-656.4748	283.227	19.14834
-6450.3633	-15.36034	-674.6643	361.51636	19.70974
-6046.3115	-13.2815	-649.0235	264.98956	18.75478
-6049.8364	-15.83616	-655.6928	286.78973	18.75478
-6320.452	-12.91739	-661.5288	380.10364	17.51422
-6317.6665	-4.3254	-743.358	188.76031	22.69691
-6335.7324	-3.41494	-731.43365	187.01398	24.7394
-6496.251	-4.3254	-764.1325	193.17029	26.1624
-6487.5757	-6.82983	-760.5676	191.93506	26.1624
-6313.9946	-5.80426	-745.0255	214.22296	22.69691
-6247.616	-4.70189	-732.55786	183.43018	22.69691
-6470.2124	-8.4868	-721.3892	242.85345	22.69691
-6626.2593	-8.4868	-771.90186	261.74878	22.69691
-6735.955	-8.4868	-749.3051	264.901	22.69691
-6615.144	-8.4868	-741.13086	253.28223	22.69691
-6640.429	-8.4868	-747.64935	259.0976	22.69691
-6586.3813	-5.27439	-742.2251	250.77527	22.69691
-6938.8657	-5.27439	-785.9727	234.9986	26.91926
-6810.486	-3.6656	-753.9937	233.33191	25.06802
-6891.482	-3.6656	-786.75226	258.7414	24.43549
-6875.5703	-3.6656	-790.2701	256.39252	24.43549
-6677.845	-3.41494	-777.10345	238.21588	23.45232
-6482.714	-3.41494	-776.26074	209.75055	23.45232
-6550.0923	-3.41494	-781.57556	271.8175	23.45232
-6569.8086	-3.41494	-788.01733	272.72937	23.45232
-6615.352	-3.41494	-794.0149	272.74548	23.45232
-6729.8555	-3.41494	-801.0948	277.64215	23.45232
-6763.8496	-3.41494	-764.93805	228.21997	23.45232
-6842.3623	-6.03521	-757.5264	245.22656	24.41807
-6558.8843	-3.6656	-766.5411	225.52258	22.91576
-6623.03	-3.6656	-781.9216	193.74597	28.07888
-6790.8486	-3.6656	-808.2083	196.84357	26.1624
-6698.191	-3.6656	-787.88586	194.25513	26.1624
-6651.316	-3.11481	-814.53204	127.569885	29.36699
-6539.4487	-3.6656	-767.8515	171.03217	29.36699
-6609.8965	-4.3254	-768.608	178.96204	29.36699
-6754.788	-8.4868	-797.1372	180.28845	29.36699
-6699.8984	-8.18716	-786.9583	209.65088	26.77596
-6861.1406	-8.4868	-798.89886	207.22919	29.4897
-6866.926	-4.3254	-803.40515	199.3609	26.77596
-6959.308	-4.3254	-833.20215	217.06396	26.77596
-6803.278	-4.3254	-798.9965	215.03601	26.1624
-6741.726	-8.4868	-788.59247	224.2049	25.06802
-6855.516	-8.4868	-797.2185	246.24536	27.51733
-6974.129	-8.4868	-797.0231	237.97778	26.77596
-6825.187	-9.08314	-785.75543	235.56891	26.77596
-6957.3384	-9.08314	-795.95886	241.07947	26.20491
-7143.23	-9.08314	-807.60693	229.84058	30.0373
-7218.1543	-9.08314	-851.38934	242.60626	30.0373
-6975.7114	-3.41494	-819.7995	211.19708	30.0373
-6923.781	-3.41494	-835.30334	186.76532	30.0373
-6929.6772	-4.3254	-814.66425	211.52118	30.0373
-6923.787	-4.3254	-816.4832	208.82513	30.0373
-6908.631	-10.24273	-830.14465	169.31989	30.0373
-6913.62	-10.24273	-789.12036	216.17401	30.0373
-6782.083	-10.24273	-768.49817	228.4845	26.20491
-6836.2964	-10.98809	-761.5993	238.20374	24.56118
-6741.365	-8.4868	-758.40674	231.04126	24.7394
-6869.536	-3.6656	-778.62726	254.16205	25.06802
-6741.0894	-6.03521	-770.22064	212.4715	23.49004
-6823.402	-11.83952	-765.0155	272.18274	23.49004
-6907.458	-11.83952	-773.7242	285.06232	23.49004
-6903.864	-11.83952	-773.0952	284.0891	23.49004
-6871.4062	-11.83952	-777.538	280.46393	23.49004
-6436.721	-13.2815	-729.41925	245.40411	23.49004
-6353.7046	-13.2815	-732.87634	228.45874	23.61153
-6064.319	-13.97221	-685.0237	229.1637	20.82905
-6187.6523	-8.18716	-705.24774	227.94824	20.82905
-6315.1094	-10.24273	-730.8861	225.61334	23.61153
-6222.141	-10.24273	-726.2854	215.04681	23.61153
-6179.5483	-11.83952	-723.9066	202.20984	23.90247
-6138.1367	-9.16953	-718.96655	203.72101	23.61153
-6275.4614	-12.62948	-718.3681	202.51697	23.49004
-6401.0347	-9.04912	-723.1205	226.71228	23.49004
-6625.365	-8.4868	-755.4557	219.73212	24.15528
-6616.9146	-8.4868	-759.8984	218.09955	24.15528
-6700.7817	-8.4868	-769.5315	223.14215	27.51733
-6883.4736	-8.4868	-777.5201	247.99078	24.15528
-7011.6587	-8.4868	-790.6803	276.05542	24.15528
-6903.9585	-8.4868	-786.1656	281.31207	23.49004
-6965.0894	-8.4868	-798.55835	286.1869	23.49004
-6761.742	-8.4868	-770.1249	274.80115	23.49004
-6831.4136	-6.03521	-772.7274	264.41174	23.49004
-7420.345	-4.3254	-771.62427	335.1765	27.54886
-7271.879	-4.3254	-755.12683	329.43518	26.20491
-7352.59	-3.11481	-777.4736	340.31354	27.54886
-7327.2085	-3.11481	-766.44995	313.443	27.54886
-7294.0186	-4.3254	-752.3376	389.17242	25.47872
-7148.0493	-10.47395	-784.4911	310.6372	26.90329
-6791.328	-4.3254	-792.7305	319.2381	22.6857
-6806.1387	-9.09407	-765.78015	321.1985	20.64232
-6808.7656	-10.47395	-754.11804	291.3966	20.64232
-6803.0986	-13.25628	-734.938	391.6687	20.47737
-6604.494	-15.01437	-733.36816	294.2207	20.47737
-6903.106	-15.01437	-772.4254	298.66956	21.51581
-6921.7407	-13.97221	-776.9474	292.92334	21.51581
-7042.442	-13.81957	-734.3636	398.21625	28.17564
-7261.109	-9.45388	-835.7773	294.94	30.40059
-7335.8867	-9.08314	-838.96564	273.64166	30.40059
-7248.3604	-9.08314	-855.4707	249.30334	30.40059
-7236.444	-9.08314	-863.8365	228.14594	30.40059
-7194.197	-9.08314	-840.3852	260.5838	29.28648
-7388.428	-3.11481	-819.1202	306.94122	28.17564
-7362.415	-3.11481	-806.2477	291.7223	28.17564
-7346.6626	-9.09407	-810.5101	276.00018	28.17564
-7043.8506	-10.98809	-757.49536	285.40918	24.7394
-7197.5493	-10.98809	-806.84674	226.0462	35.42082
-7165.218	-10.98809	-823.939	240.01971	35.42082
-6944.2607	-11.44046	-787.264	268.87555	27.54886
-6667.178	-12.62948	-768.3522	234.30688	24.41807
-6852.7847	-9.09407	-798.54456	261.31348	24.41807
-6660.9946	-8.4868	-780.5294	217.98401	24.41807
-6669.6494	-3.41494	-785.7729	192.99359	24.7394
-6321.605	-3.11481	-722.20935	224.53894	21.85575
-6583.546	-3.11481	-744.2288	241.40405	22.69691
-6109.285	-12.62948	-696.42633	230.40039	22.53658
-6344.572	-9.08314	-725.7667	214.90692	22.6857
-6252.942	-8.4868	-722.5742	207.26495	22.6857
-6131.1665	-8.4868	-724.0251	214.60712	22.6857
-5881.6177	-8.4868	-674.9741	222.79602	20.47737
-6107.726	-8.79305	-700.71826	225.82361	20.47737
-6164.271	-8.4868	-696.9194	234.19153	20.47737
-6181.888	-5.92998	-707.4362	232.96783	20.47737
-6219.575	-4.3254	-726.61334	227.65344	20.68348
-6104.437	-9.08314	-685.42816	234.30933	20.47737
-6002.886	-10.63054	-701.0483	216.88971	22.53658
-5918.502	-10.63054	-695.5195	215.38947	22.53658
-5842.51	-4.70189	-685.96625	188.86664	22.53658
-5837.9863	-4.70189	-689.5645	190.33832	22.53658
-6179.715	-3.41494	-714.07043	210.31061	22.21844
-6276.323	-3.41494	-715.4204	219.77936	22.21844
-5930.911	-9.16953	-689.48914	223.39612	22.21844
-6034.666	-9.16953	-692.9721	232.45197	22.21844
-6140.26	-9.08314	-721.9126	211.60168	22.13576
-6457.424	-5.92998	-744.0514	260.6765	20.82905
-6380.795	-8.4868	-743.4279	240.96649	22.13576
-6364.243	-5.92998	-732.33276	231.10724	22.13576
-6361.651	-8.4868	-738.68604	226.21204	22.13576
-6641.0903	-8.4868	-759.7285	267.65027	22.13576
-6643.9297	-8.4868	-754.8183	269.5987	22.13576
-6759.4844	-6.03521	-763.81287	228.86938	25.06802
-6911.2256	-6.03521	-792.81964	255.64362	25.31491
-6906.8965	-6.03521	-797.6514	237.80096	25.31491
-6917.4727	-5.80426	-797.4467	230.65204	25.31491
-6899.455	-6.03521	-796.5866	234.22076	25.31491
-6898.781	-6.03521	-793.647	231.0614	25.31491
-6835.023	-6.03521	-789.2028	236.38641	24.41807
-6841.914	-12.62948	-778.353	291.77502	24.41807
-6772.6772	-12.62948	-775.3534	289.04688	24.41807
-7235.841	-9.09407	-818.6842	313.89563	27.62561
-7082.786	-9.09407	-801.27734	274.90942	24.41807
-7247.809	-9.09407	-794.0589	285.62775	24.41807
-7228.4443	-9.09407	-802.0819	306.365	23.49004
-7219.8237	-9.09407	-797.1772	296.3952	24.65902
-7312.381	-9.09407	-832.19165	302.42444	30.30061
-7254.402	-9.09407	-823.27527	266.58777	30.30061
-7209.845	-9.09407	-808.7179	275.73572	26.77596
-7154.8975	-9.09407	-815.97687	256.0844	26.77596
-7019.574	-13.97221	-799.76843	300.14465	26.77596
-6906.365	-13.97221	-785.7471	272.16162	24.7394
-6909.4717	-10.47395	-788.0067	275.82495	24.7394
-7044.222	-14.09013	-819.0474	274.04474	33.09188
-6905.295	-13.81957	-815.1574	257.74323	33.09188
-6848.6313	-14.09013	-782.9575	243.4336	33.09188
-6697.9062	-16.55372	-742.25214	273.04285	23.21754
-6814.1616	-16.55372	-755.09216	376.45667	23.21754
-6570.422	-16.55372	-730.7409	270.48218	23.21754
-6528.5703	-16.55372	-721.276	266.05438	23.21754
-6441.8457	-19.04572	-654.3743	401.17694	19.70974
-6529.9927	-19.04572	-656.2133	431.3072	27.62561
-6453.5728	-19.52733	-643.9566	467.7282	19.35933
-6600.4785	-16.94896	-684.24817	355.859	21.85575
-6631.5283	-15.83616	-702.75745	345.48376	20.79233
-6647.8843	-15.83616	-674.5919	432.17175	19.70974
-6795.094	-16.53516	-740.29114	334.51453	23.21754
-7115.9233	-6.82983	-778.6582	323.98914	23.21754
-6773.7534	-9.09407	-756.6477	303.08643	20.47737
-6802.8833	-9.09407	-755.271	294.5952	20.47737
-6980.2007	-9.09407	-782.4603	276.87207	22.6857
-6721.0625	-8.79305	-761.14185	274.932	22.6857
-6606.8477	-3.11481	-741.62555	245.73486	22.6624
-6785.519	-10.98809	-764.23724	286.2033	22.6624
-6830.4995	-10.98809	-775.4482	265.51935	24.7394
-6922.317	-10.47395	-798.70123	286.76105	26.91926
-6986.926	-9.09407	-806.37683	254.67053	26.91926
-6884.4126	-10.24273	-795.0439	272.8958	26.91926
-6796.6094	-10.24273	-781.4665	241.56036	24.7394
-6918.221	-10.24273	-778.9736	268.081	27.36176
-6915.0713	-10.24273	-781.06335	258.8307	27.36176
-7146.9517	-10.24273	-789.12366	247.43213	29.28648
-7165.872	-10.24273	-808.0441	261.64752	38.01073
-7241.7593	-10.19582	-870.64355	176.67871	38.33129
-7461.3984	-9.09407	-916.78064	173.50183	38.33129
-7468.76	-9.09407	-920.0999	175.92096	38.33129
-7368.7476	-10.19582	-896.3408	225.16626	36.54747
-7209.265	-10.98809	-816.62024	269.5437	30.77288
-7396.263	-6.82983	-893.05414	241.55975	30.77288
-7419.2153	-3.41494	-880.4318	196.1828	30.77288
-7476.862	-4.3254	-894.0664	197.01611	30.77288
-7239.688	-4.3254	-825.30896	226.61267	30.40059
-7010.3735	-8.4868	-790.72644	235.05847	25.31491
-6937.197	-12.62948	-763.87024	281.4336	27.54886
-6808.4653	-12.62948	-760.5207	254.53412	23.49004
-6516.4365	-12.85446	-719.1826	293.5459	20.47737
-6613.75	-12.69145	-736.3547	261.57178	24.15528
-6539.7295	-12.69145	-740.64154	246.89966	24.15528
-6479.832	-12.69145	-736.44946	245.31012	24.15528
-6487.4194	-10.98809	-750.92163	196.9444	24.15528
-6572.179	-10.98809	-746.638	211.40442	24.15528
-6497.6567	-15.3043	-724.494	243.7688	24.15528
-6634.7856	-10.98809	-760.75256	220.07446	26.7055
-6462.348	-6.82983	-753.5298	204.32257	24.15528
-6547.288	-9.08314	-747.48206	218.59772	24.15528
-6624.9575	-9.08314	-760.241	222.60498	24.65902
-6622.6313	-9.08314	-761.9882	218.71887	26.1624
-6777.8115	-10.83634	-760.763	269.85944	24.19617
-6816.0576	-10.83634	-763.7397	272.086	24.19617
-6749.9814	-10.83634	-766.5045	277.24292	23.49004
-6734.646	-10.83634	-775.96173	280.38397	23.49004
-6616.501	-10.83634	-764.6019	222.00641	24.81566
-6614.5864	-10.83634	-762.50354	210.65204	24.81566
-6524.249	-6.03521	-755.06555	193.3064	24.81566
-6693.6646	-3.6656	-773.3704	209.74628	24.81566
-6717.205	-3.6656	-777.3485	223.32727	23.49004
-6844.857	-3.6656	-781.75574	220.75677	25.31491
-6811.154	-6.03521	-771.68414	212.2331	25.31491
-6758.7163	-6.03521	-770.1032	211.6485	24.15528
-6647.268	-12.62948	-753.728	221.15967	24.15528
-6797.5757	-10.98809	-764.1138	222.9754	26.88716
-6706.0615	-8.4868	-755.49603	219.41278	26.88716
-6685.237	-8.4868	-764.44885	215.36548	26.88716
-6676.495	-8.4868	-755.70795	204.7193	25.17749
-6793.6333	-8.4868	-771.9702	204.03491	28.17564
-6818.0063	-8.4868	-764.6111	209.1673	28.17564
-6653.871	-8.4868	-780.6515	200.84589	28.17564
-6741.062	-6.03521	-778.95557	196.17798	29.28648
-6713.968	-6.03521	-775.9745	196.16882	28.17564
-6664.516	-6.03521	-783.3335	199.06958	29.02064
-6684.4326	-6.03521	-781.8902	201.26202	29.02064
-6853.6533	-4.3254	-793.08624	189.78473	29.02064
-6862.7554	-4.3254	-792.719	187.09705	29.02064
-6705.2827	-5.92998	-781.52295	198.57434	29.02064
-6669.526	-5.92998	-775.1573	193.63403	29.02064
-6885.404	-9.04912	-800.98804	216.14075	28.17564
-7001.1294	-9.04912	-798.84174	252.85553	28.17564
-6931.368	-8.25139	-811.9903	228.19281	28.17564
-6722.7783	-5.27439	-784.2713	260.10797	24.15528
-6712.8765	-4.3254	-798.0613	259.68542	24.15528
-6691.273	-5.27439	-791.6304	260.10254	24.15528
-6648.0493	-5.27439	-788.3251	259.91565	24.15528
-6925.422	-5.27439	-818.311	268.77863	24.15528
-6981.394	-6.03521	-814.2428	262.30627	25.06802
-6835.3765	-8.25139	-802.3023	290.74823	25.17749
-6945.7563	-8.25139	-804.1105	267.48425	25.31491
-7254.0117	-8.66173	-827.66125	254.44275	26.31472
-7190.2104	-9.09407	-814.53186	273.57654	25.31491
-7262.85	-4.3254	-821.207	284.51276	27.85872
-7260.168	-4.3254	-818.5255	278.3695	27.85872
-7131.4443	-4.3254	-809.63446	252.52386	25.31491
-7190.0967	-4.3254	-819.03503	268.98438	25.31491
-7086.7295	-4.3254	-803.2646	298.79315	24.65902
-7093.4155	-4.3254	-808.1034	290.7787	24.7394
-7093.0933	-4.3254	-807.3443	284.99823	24.7394
-6906.63	-4.3254	-790.3391	266.8296	24.7394
-6926.2227	-4.3254	-805.4539	269.96136	24.7394
-6935.931	-4.3254	-806.9396	273.1062	24.7394
-7040.371	-3.11481	-798.34607	253.37976	23.49004
-6941.8086	-3.11481	-787.007	240.47443	23.49004
-6948.5244	-3.11481	-784.7281	252.6142	22.6857
-7065.4863	-3.11481	-813.48724	284.89032	22.6857
-7092.9253	-5.80426	-795.26276	333.36395	22.6857
-7099.1084	-5.80426	-791.24194	278.79517	22.6857
-7043.4185	-9.09407	-794.3783	272.7544	24.65902
-6944.0996	-9.09407	-784.2615	304.203	22.6857
-6814.926	-9.09407	-774.29944	273.90173	23.60596
-6931.779	-9.09407	-788.6635	264.42865	24.15528
-6635.001	-16.55372	-670.5388	460.39905	19.70974
-6638.9604	-16.55372	-669.1442	426.9837	19.25949
-6328.0674	-15.11578	-667.26917	349.06305	18.78206
-6240.6475	-9.08314	-674.57166	250.10797	18.75478
-6247.9404	-9.08314	-678.22656	251.67383	18.97013
-6269.8413	-8.4868	-665.3695	285.5974	18.24545
-6184.159	-5.92998	-676.0201	248.98163	19.70974
-6211.762	-5.92998	-669.74817	246.33038	19.70974
-6532.011	-10.98809	-694.58356	291.22797	19.70974
-6492.288	-10.98809	-696.01013	281.34528	19.70974
-6510.664	-10.83634	-687.91315	291.16913	19.70974
-6461.867	-13.25628	-705.9471	357.52728	19.70974
-6326.6255	-7.04364	-693.98175	249.18713	19.70974
-6382.123	-7.04364	-694.8158	250.66791	19.70974
-6323.8735	-11.44046	-697.1679	239.68164	20.82905
-6452.71	-13.97221	-722.3437	274.19025	22.6624
-6513.546	-13.81957	-719.29663	276.8827	20.82905
-6623.0186	-13.81957	-720.7324	292.3275	20.82905
-6690.9185	-13.81957	-746.2094	334.75043	20.82905
-6392.9844	-13.81957	-717.9284	271.39813	20.82905
-6238.9106	-13.97221	-711.59033	278.75092	20.82905
-6201.1235	-10.19582	-671.03284	255.57172	19.70974
-6252.6606	-3.6656	-719.46326	235.9245	20.82905
-6253.6367	-13.97221	-703.67474	244.82239	20.82905
-6345.9336	-7.04364	-705.02484	226.09668	20.82905
-6318.758	-7.04364	-713.97766	223.92664	20.82905
-6241.2734	-3.11481	-710.3512	211.81195	20.82905
-6114.6006	-7.04364	-705.5464	201.2229	20.82905
-6112.332	-7.04364	-711.12585	192.17914	20.64232
-5986.7383	-10.63054	-688.8766	218.43512	20.64232
-6010.6235	-8.25139	-693.7782	191.3034	20.47737
-5826.6855	-8.25139	-682.5976	188.22058	22.53658
-5972.536	-8.25139	-696.71075	194.1488	22.53658
-5943.682	-6.53957	-688.0048	184.37885	24.41927
-5928.448	-6.53957	-686.78845	183.99866	24.41927
-5895.25	-6.53957	-699.6915	149.78119	31.29347
-5905.764	-6.53957	-690.8974	189.77887	23.03474
-6096.9116	-8.25139	-698.2631	199.8009	23.03474
-6268.8223	-8.25139	-735.48065	205.4461	23.03474
-6276.302	-9.08314	-733.39874	216.61963	23.03474
-6392.941	-4.3254	-748.9593	260.48926	20.68348
-6431.887	-4.3254	-728.90027	246.21759	20.68348
-6206.9	-13.97221	-711.1387	247.26959	20.68348
-6613.922	-16.19792	-741.073	323.51624	20.47737
-6727.2856	-8.4868	-760.1521	326.83923	20.47737
-6731.7876	-4.3254	-766.829	323.234	20.47737
-6690.761	-8.4868	-766.47235	319.44476	20.47737
-6629.0645	-8.4868	-763.19525	271.02386	23.03474
-6573.597	-6.03521	-743.63885	230.85187	23.03474
-6558.641	-6.03521	-738.7113	229.23798	23.03474
-6514.714	-6.03521	-755.12225	244.7818	23.03474
-6271.1606	-8.4868	-735.7366	213.35968	23.03474
-6356.8	-8.4868	-744.9477	217.94672	23.03474
-6479.278	-9.09407	-747.9074	245.8648	23.03474
-6395.562	-10.83634	-716.2173	242.41077	20.47737
-6422.1704	-10.83634	-677.3399	359.58734	17.51422
-6409.9976	-10.24273	-675.0246	358.3968	17.37529
-6285.683	-15.01437	-659.4301	334.5584	17.37529
-6301.586	-12.56759	-673.61926	341.8274	18.24545
-6327.9585	-16.19792	-665.56665	365.19092	18.24545
-6351.346	-16.25401	-705.6156	312.16797	20.68348
-6615.4165	-12.62948	-740.9308	246.94592	20.47737
-6690.65	-12.62948	-747.02576	254.20947	21.51581
-6654.397	-12.62948	-740.9868	257.56036	20.79233
-6616.802	-12.62948	-731.2379	254.27686	20.47737
-6559.2827	-9.11921	-733.1605	244.28906	22.6624
-6341.2	-9.11921	-716.69556	234.5752	22.6624
-6343.6855	-9.11921	-720.2939	236.58063	22.6624
-6375.6455	-16.55372	-692.85455	302.18158	20.47737
-6428.1226	-15.96159	-708.47424	271.98816	20.47737
-6747.1113	-15.96159	-735.7754	320.56848	21.60812
-6998.3784	-15.83616	-773.75073	324.38904	21.60812
-7019.773	-15.83616	-779.058	310.3319	24.15528
-7039.564	-13.97221	-798.84894	271.3228	30.40059
-7044.0933	-13.2815	-796.89594	276.9942	30.40059
-7071.087	-13.97221	-799.3078	277.56012	30.40059
-7108.0146	-12.6661	-810.10956	274.0102	30.40059
-6894.7397	-12.6661	-786.45404	273.9511	29.39395
-7130.5786	-13.81957	-773.81305	329.76935	29.39395
-7043.3975	-10.98809	-797.77826	263.72345	29.39395
-6983.2295	-10.98809	-791.44135	266.00153	27.49233
-7042.778	-10.98809	-785.65485	261.14557	27.49233
-6860.076	-10.98809	-756.5439	263.01318	25.99143
-6882.6675	-10.98809	-755.7493	260.12927	25.61572
-6894.0234	-10.98809	-758.7295	248.91608	27.51733
-6903.913	-10.98809	-766.0213	249.37482	27.49233
-6904.8213	-10.98809	-765.0142	257.1136	27.49233
-6944.4253	-10.24273	-778.08075	255.42596	27.49233
-6760.008	-16.55389	-737.23016	333.03827	24.65902
-6885.794	-4.3254	-736.50745	318.60535	18.78206
-6829.496	-11.44046	-724.0923	308.8092	18.78206
-6676.7476	-11.83952	-710.042	343.96924	19.70974
-6956.9624	-9.08314	-754.99713	287.92694	20.47737
-6922.0566	-10.47395	-745.46014	292.94672	20.47737
-7237.9443	-10.47395	-808.32587	290.003	33.09188
-7030.292	-10.47395	-782.25806	323.86328	25.06802
-7061.194	-6.03521	-788.5234	299.9051	23.21754
-6969.378	-10.47395	-782.37964	292.07703	23.21754
-6762.721	-10.47395	-764.6012	266.7146	23.21754
-6637.1523	-4.3254	-758.495	217.60364	23.21754
-6314.431	-8.79305	-723.2722	211.63	23.21754
-6560.4224	-6.03521	-741.9744	225.83215	23.21754
-6513.3945	-6.03521	-741.74585	222.50146	23.21754
-6454.4863	-3.41494	-741.2968	207.4317	23.61153
-6534.916	-8.79305	-751.03204	234.07025	23.61153
-6381.7705	-8.79305	-736.2328	235.52118	22.13576
-6332.769	-8.66173	-732.7571	235.17188	22.13576
-6327.4536	-8.66173	-719.8863	229.9162	21.85575
-6234.1553	-8.66173	-709.33234	224.057	21.85575
-6353.5327	-8.66173	-724.8832	235.08435	21.85575
-6442.0205	-10.98809	-719.36035	239.44391	21.85575
-6518.684	-10.98809	-719.1228	235.60876	20.82905
-6419.912	-16.55372	-710.9022	254.53265	20.82905
-6805.7515	-16.55372	-746.53595	346.48456	23.21754
-7033.6016	-13.81957	-760.2336	384.42755	23.21754
-7130.787	-9.09407	-768.4871	351.75897	23.21754
-7013.209	-9.09407	-782.2108	294.90356	23.21754
-6967.915	-9.09407	-768.22284	260.03656	23.21754
-6853.6235	-9.09407	-751.0531	291.20325	21.85575
-6844.843	-3.6656	-771.4874	282.29626	22.13576
-6620.2163	-3.6656	-738.88934	252.11353	22.13576
-6730.757	-3.6656	-760.08264	228.5451	23.21754
-6859.036	-10.24273	-765.57886	252.97266	23.21754
-6828.4565	-10.24273	-761.6588	238.03351	23.21754
-6624.2607	-15.33938	-744.9394	267.72595	23.21754
-6546.6885	-15.33938	-738.75244	262.66113	23.21754
-6596.948	-15.33938	-722.19104	255.66162	23.21754
-6575.942	-15.33938	-715.95514	279.22382	20.82905
-6532.988	-16.55372	-673.001	307.9079	19.70974
-6299.9277	-17.29279	-653.19586	316.93445	18.24545
-6345.6445	-12.69145	-664.72064	367.07733	17.51422
-6371.997	-11.83952	-663.53265	319.48297	18.24545
-6530.916	-11.83952	-663.7169	380.65234	18.24545
-6609.419	-16.55372	-673.4168	381.29047	18.75478
-6552.9463	-12.91739	-673.0597	390.9048	18.24545
-6471.652	-19.99211	-674.1916	482.21307	26.21495
-6667.0376	-18.37289	-711.75104	383.69342	24.15528
-6596.459	-18.37289	-716.66364	340.50214	24.19617
-6442.7656	-19.25949	-696.40717	400.19916	30.21963
-6578.0728	-19.25949	-690.73083	450.62537	29.2118
-6435.158	-19.12933	-677.89075	412.44238	24.32971
-6355.3184	-19.12933	-670.0583	325.76782	23.03474
-6473.5825	-18.78206	-693.65027	305.26562	23.21754
-6844.4634	-16.64856	-730.6868	333.8448	30.40059
-6922.7754	-16.64856	-738.7679	336.7464	30.40059
-6842.6787	-16.64856	-732.50183	346.56042	22.63494
-6829.094	-16.64856	-733.7407	390.15186	24.54395
-7001.781	-16.55372	-768.65125	337.9945	26.35776
-6989.451	-16.55372	-779.03687	297.23157	24.19617
-6700.193	-15.33938	-734.88885	290.7326	24.19617
-6708.7476	-15.33938	-747.0884	282.54785	25.99143
-6719.3027	-15.33938	-742.8811	289.9281	25.99143
-6652.2817	-16.55372	-727.2515	266.70245	24.15528
-6578.4688	-15.49201	-725.3362	256.69183	24.65902
-6356.282	-15.49201	-728.00415	224.69672	23.21754
-6400.535	-9.45388	-731.05896	224.33008	23.21754
-6425.471	-16.55372	-725.4081	242.31476	23.21754
-6581.3726	-11.83952	-744.5216	228.72308	23.21754
-6516.5547	-16.55372	-727.93164	252.60284	24.15528
-6714.252	-16.55372	-718.36444	332.2293	23.61153
-6852.078	-16.55372	-757.9399	305.51434	24.15528
-6757.423	-14.55034	-766.1047	293.89752	24.15528
-6739.9116	-12.62948	-765.62	226.10107	24.15528
-6791.5884	-8.4868	-766.39246	231.64941	24.65902
-6724.602	-12.62948	-758.5984	235.64789	23.21754
-6766.6353	-12.62948	-763.3875	253.6961	23.21754
-7126.332	-4.3254	-770.5756	294.6845	23.21754
-7114.7085	-12.62948	-774.869	288.4884	23.21754
-7171.1987	-12.62948	-780.5978	267.5869	30.2279
-6899.8726	-15.83616	-737.1194	318.8142	23.21754
-6621.8945	-15.3043	-692.7762	346.8908	19.99211
-6824.3945	-16.55372	-725.1071	423.1136	21.51581
-6694.868	-16.55372	-679.6722	402.9135	19.99211
-6620.8906	-16.64856	-673.2358	402.898	19.99211
-6777.2554	-13.81957	-720.7772	376.26257	19.99211
-6669.9907	-12.62948	-711.7501	321.97742	19.99211
-6432.6606	-13.81957	-689.1304	328.97504	19.99211
-6574.8584	-13.81957	-702.2611	354.23682	19.99211
-6651.694	-13.81957	-692.50256	427.95386	19.26933
-6616.088	-13.2049	-705.89233	374.37244	20.65559
-6839.8896	-11.44046	-725.1203	364.75153	20.65559
-6699.549	-10.98809	-725.1316	317.6432	20.64232
-6557.0474	-8.25139	-712.1869	303.83777	19.26933
-6297.9497	-12.69145	-671.02014	307.5907	17.37529
-6578.9546	-12.69145	-699.6301	358.0459	19.26933
-6416.804	-16.64856	-656.6643	374.41138	19.99211
-6156.4004	-15.54405	-668.7068	311.2721	19.26933
-6177.806	-15.36034	-656.7986	309.32697	19.26933
-6530.8447	-13.81957	-700.1135	403.1859	19.26933
-6002.7725	-18.78206	-605.557	340.20258	20.79233
-6063.6416	-18.78206	-610.72687	340.72076	18.43085
-6219.2715	-19.07155	-645.4278	344.9353	19.70974
-6408.5635	-16.64856	-665.52826	377.51056	19.70974
-6428.394	-18.43085	-688.0796	371.00574	23.03474
-6183.805	-18.43085	-653.97186	282.85498	18.78206
-6188.9443	-17.37529	-650.9941	297.03027	26.88716
-6189.528	-14.88415	-659.6469	277.46527	18.75478
-6345.574	-10.47395	-686.58795	259.7221	18.75478
-6538.544	-8.4868	-703.88434	262.9135	18.78206
-6522.6816	-8.4868	-703.4523	258.62634	18.78206
-6315.4785	-13.25628	-679.7387	256.3775	18.78206
-6170.66	-13.25628	-671.0266	247.16888	18.78206
-6137.8403	-13.2049	-668.41656	248.03717	18.75478
-6162.4683	-12.56759	-670.0556	255.25708	18.75478
-6148.991	-12.56759	-665.36316	253.62598	18.75478
-6149.7188	-12.56759	-669.4887	254.61267	18.75478
-6508.2173	-10.47395	-705.1043	401.63763	18.24545
-6490.8247	-9.09407	-675.2914	340.26245	18.24545
-6372.6187	-16.94896	-675.5949	355.08344	18.43085
-6611.8896	-7.04364	-703.6372	380.98816	18.43085
-6517.8896	-18.75478	-688.1731	378.11646	18.24545
-6520.8735	-18.75478	-687.87103	378.85724	29.36699
-6650.8853	-18.75478	-699.1368	379.53107	29.36699
-6565.699	-17.51422	-687.612	405.25568	19.99211
-6577.166	-16.68589	-692.35864	407.13574	18.24545
-6661.4683	-10.93273	-687.10645	394.16418	18.24545
-6771.78	-9.04912	-721.61957	385.16705	18.24545
-6825.1445	-16.53516	-704.15344	388.9807	19.99211
-6803.1987	-14.09013	-696.4038	379.34106	20.64232
-6800.5654	-13.81957	-716.4697	379.8036	20.64232
-6584.7773	-13.81957	-700.96857	284.32483	20.64232
-6711.26	-7.04364	-722.9019	287.9984	18.53034
-6686.485	-7.04364	-724.56244	269.36584	18.53034
-6784.15	-7.04364	-730.97406	281.71936	19.26933
-6585.7466	-12.62948	-710.66675	294.81384	19.26933
-6415.41	-14.09013	-693.3882	318.96423	18.43085
-6389.0293	-14.09013	-691.381	294.5912	18.43085
-6464.1235	-10.47395	-700.4182	287.57385	18.24545
-6767.4487	-10.47395	-726.84796	386.74994	19.26933
-6922.3926	-9.09407	-740.9017	308.50458	19.26933
-6784.3857	-8.79305	-729.8755	337.46252	18.78206
-6795.6836	-8.79305	-731.67993	350.78625	18.78206
-6570.168	-8.79305	-681.1741	349.0819	18.70247
-6597.7036	-8.79305	-688.9406	350.34833	18.43085
-6469.9805	-19.70974	-657.498	474.34308	24.83813
-6780.2314	-16.64856	-745.51135	348.719	26.7055
-6820.489	-16.64856	-746.58057	349.43713	30.2279
-6756.3877	-16.64856	-742.14624	339.58435	30.2279
-6676.07	-18.37289	-739.6227	344.50513	30.2279
-6635.5	-18.37289	-731.5373	344.32233	23.21754
-6871.8496	-16.55372	-750.1653	349.72705	24.15528
-6526.6577	-16.55372	-724.3599	268.59235	23.21754
-6452.7075	-15.49201	-721.3922	267.50134	23.21754
-6520.065	-15.49201	-720.0432	264.4082	23.21754
-6500.223	-15.49201	-700.20123	285.93347	20.47737
-6526.104	-13.81957	-702.76196	271.82196	23.03474
-6487.7827	-13.81957	-700.2955	271.12018	23.03474
-6646.4775	-13.81957	-773.37976	235.12714	30.40059
-6711.811	-13.81957	-797.76227	249.95807	33.09188
-6667.889	-13.81957	-779.5526	253.28552	30.0373
-7001.127	-10.47395	-820.21405	281.80353	30.0373
-6939.867	-10.47395	-806.98883	261.59882	30.0373
-7025.5522	-12.62948	-787.2741	244.26276	30.0373
-7016.1055	-10.19582	-815.9132	253.37463	30.0373
-6912.3022	-10.19582	-806.0387	214.98431	30.0373
-6913.794	-9.45388	-812.27795	204.36548	30.22584
-7006.102	-9.45388	-807.62146	239.25989	30.0373
-6997.8667	-9.04912	-812.08185	240.10858	30.0373
-7038.7734	-9.45388	-815.87524	240.14014	30.0373
-7058.4175	-9.45388	-835.51886	222.20819	30.77288
-7066.0205	-9.45388	-828.01465	207.4961	30.77288
-7043.4077	-10.19582	-806.0091	226.1142	30.40059
-7238.1016	-9.09407	-824.8355	264.5517	30.40059
-7208.426	-6.82983	-866.5554	282.46594	30.40059
-7272.494	-9.09407	-824.5471	266.42798	30.40059
-7295.1157	-9.09407	-847.1685	239.46906	30.77288
-7297.502	-5.80426	-865.8696	235.34375	30.79455
-7496.31	-5.80426	-931.6019	169.81189	38.01073
-7442.53	-8.4868	-864.427	228.0332	30.0373
-7324.467	-9.09407	-828.533	279.96686	30.3828
-7172.65	-9.09407	-816.902	267.5863	30.0373
-7298.6333	-8.66173	-840.27765	239.94415	30.0373
-7366.296	-9.09407	-822.5348	306.6781	30.0373
-7226.9814	-9.09407	-801.1825	275.18884	30.0373
-7303.71	-9.09407	-823.6698	282.5869	30.2362
-7192.5576	-9.09407	-824.0255	275.77356	30.0373
-7066.206	-10.19582	-800.4221	242.52698	30.0373
-7357.9463	-9.09407	-906.6816	188.28412	35.22947
-7283.4805	-9.09407	-874.3604	222.12897	33.09188
-7198.5283	-10.24273	-875.5211	173.39832	39.98011
-7208.9473	-5.27439	-877.7073	162.60559	33.09188
-7202.263	-5.27439	-879.8943	165.32397	33.09188
-7148.53	-10.24273	-846.1159	211.49762	33.09188
-7084.2207	-10.47395	-828.7387	216.52557	33.09188
-7148.6636	-10.47395	-842.6068	213.90308	38.50505
-7142.115	-10.98809	-848.095	200.16736	38.50505
-6967.4683	-11.44046	-818.3492	213.46783	30.40059
-6866.982	-11.44046	-811.0037	210.78113	30.40059
-7116.524	-11.44046	-822.2901	256.10736	30.40059
-6932.405	-11.44046	-791.28174	278.43066	30.2279
-7132.3984	-11.44046	-823.8511	273.29163	30.40059
-7196.1133	-11.44046	-808.3307	279.67236	30.77288
-7136.914	-11.44046	-822.6625	274.22595	30.40059
-7158.28	-11.44046	-825.0708	277.5559	30.40059
-6889.1455	-10.47395	-828.2584	236.06763	30.79455
-7073.9395	-10.47395	-840.0507	253.80829	30.40059
-6967.8447	-10.19582	-825.9787	243.47113	30.40059
-7160.863	-9.09407	-796.80225	256.24683	30.40059
-6998.7246	-9.09407	-773.61694	264.32935	26.7055
-7010.5977	-9.09407	-785.4894	255.56067	27.54886
-7070.9634	-9.09407	-791.0993	255.71234	27.54886
-7192.5044	-9.09407	-801.7735	272.10602	27.54886
-7130.3145	-9.09407	-791.1947	294.10742	23.61153
-7121.7363	-9.09407	-800.90894	294.31616	23.61153
-6982.58	-8.79305	-794.4845	291.98914	23.61153
-7105.692	-10.98809	-780.65796	348.05188	24.15528
-7081.6304	-10.98809	-781.4526	338.2243	26.31472
-7058.6875	-10.98809	-776.9307	344.91498	25.99143
-6961.2603	-11.44046	-779.2689	300.36646	25.99143
-6915.366	-11.44046	-777.69366	285.2354	25.99143
-7117.867	-10.98809	-789.45526	319.7895	27.26857
-6962.3545	-10.98809	-779.90796	285.9845	27.26857
-7024.9897	-10.98809	-797.8841	336.93207	30.21963
-7059.7593	-11.83952	-790.66064	286.6162	27.26857
-7043.569	-10.19582	-799.0348	264.271	27.26857
-6941.5337	-10.19582	-784.47314	260.6787	27.26857
-6990.279	-11.83952	-776.2894	279.37097	27.26857
-6735.598	-11.83952	-765.4725	226.04608	27.26857
-6801.383	-11.83952	-769.6359	254.7829	27.26857
-6809.4463	-11.83952	-777.69995	255.68579	27.62561
-6749.4497	-11.83952	-779.3221	221.16327	27.62561
-6856.4565	-10.98809	-793.94574	207.33276	30.2279
-6922.4365	-10.98809	-804.0997	233.55463	30.2279
-7055.9097	-10.47395	-830.6129	211.92346	35.67205
-7018.993	-10.47395	-853.3971	179.90479	34.64907
-7052.6313	-5.80426	-864.9463	166.49805	34.64907
-7164.636	-5.80426	-876.0577	174.49445	34.64907
-7205.339	-5.80426	-869.8317	169.43939	34.64907
-7180.559	-5.80426	-873.82227	169.22351	38.01073
-7103.6465	-5.80426	-871.2368	166.69568	38.01073
-7090.4033	-5.80426	-852.0849	165.01398	38.01073
-7080.359	-3.6656	-861.25555	160.04846	38.01073
-6945.097	-3.6656	-855.67175	157.20148	38.01073
-6808.1196	-3.6656	-804.1323	153.68866	33.09188
-6771.682	-3.41494	-820.6043	149.40631	33.09188
-6773.2197	-3.41494	-818.42474	150.09772	33.09188
-6732.2837	-3.41494	-835.50494	148.62848	33.09188
