-9133.768	-173.78304	-1770.2621	115.007935	170.16382
-8918.499	-173.2176	-1697.2872	221.42725	168.0409
-9035.879	-172.5982	-1767.4381	92.224	178.33012
-9331.0625	-163.93184	-1768.9102	143.17334	190.13547
-8339.02	-156.64426	-1621.6561	102.60547	163.93184
-8593.441	-152.81467	-1689.1415	54.464966	170.06197
-7993.2646	-128.60052	-1518.994	125.79968	159.73465
-8227.03	-151.70576	-1492.9174	285.9779	159.38411
-8341.776	-160.62572	-1569.1392	186.69177	162.26248
-8214.377	-154.4671	-1576.3625	161.15149	161.9281
-8389.221	-150.54033	-1599.8978	147.14001	161.9281
-8345.737	-146.04237	-1590.19	131.57642	161.9281
-8182.56	-146.04237	-1563.3152	105.62378	162.26248
-8043.5586	-125.76082	-1567.4324	71.55029	163.91571
-8039.7114	-125.76082	-1576.1772	72.26575	163.19127
-8091.4707	-125.76082	-1595.1208	42.026978	172.7754
-8139.368	-125.76082	-1595.9712	63.513306	164.93689
-8145.0674	-125.76082	-1607.0916	73.07727	163.19127
-8450.929	-152.98006	-1659.9736	52.79895	186.89644
-8313.108	-157.73245	-1598.7416	112.46509	163.24161
-8214.184	-157.93887	-1623.8257	59.19287	168.88826
-8221.4795	-157.93887	-1616.91	57.175415	173.61813
-8491.18	-150.82468	-1658.5634	81.304565	164.6754
-8381.812	-161.0252	-1634.8607	74.46692	166.94402
-8383.807	-154.29424	-1642.4232	53.90454	172.69817
-8377.84	-155.28241	-1655.2819	58.377808	166.94402
-8406.461	-157.9567	-1646.9263	59.61328	173.65796
-8664.242	-159.42813	-1697.1648	80.36963	173.7842
-8699.203	-162.36902	-1669.362	158.08533	165.72655
-8690.883	-134.4078	-1690.9359	101.202515	165.72655
-8796.738	-134.4078	-1693.5662	108.17078	165.72655
-8179.4883	-135.90439	-1533.5486	201.53162	158.66147
-8094.727	-135.68265	-1561.7278	97.00159	161.4
-8021.5645	-128.60052	-1565.6011	83.4729	161.4
-8082.2812	-140.82065	-1566.3579	83.89746	161.4
-8090.6143	-140.82065	-1572.8392	85.749146	159.7569
-8095.248	-140.82065	-1594.517	89.474976	161.9281
-8151.88	-140.82065	-1588.4563	79.96338	161.9281
-8228.679	-140.82065	-1590.6616	118.85901	161.4
-8187.1836	-133.08179	-1580.8756	117.85901	161.4
-8192.421	-143.05045	-1576.0458	107.31299	161.4
-8031.5776	-151.62141	-1560.24	131.26953	161.45923
-8007.9653	-149.40105	-1574.5061	71.63037	159.80432
-8124.9395	-148.53622	-1560.5454	151.14905	159.80432
-8047.4263	-151.62141	-1555.5422	125.71875	161.45923
-8015.14	-151.62141	-1574.025	118.05615	161.45923
-8108.4194	-151.62141	-1556.4269	133.4596	161.45923
-8361.525	-151.62141	-1549.1395	186.04651	161.45923
-8204.877	-135.68265	-1577.4506	137.36597	157.83769
-8162.2793	-154.20782	-1562.1827	154.46252	157.83769
-8272.737	-144.72139	-1555.0264	149.4989	161.4
-8099.0127	-144.04008	-1566.4509	118.02698	161.4
-8197.579	-154.4908	-1578.6912	139.92773	161.4
-8239.906	-156.0503	-1566.3685	173.16809	159.80432
-7975.6953	-136.088	-1421.2756	277.16016	157.41553
-7693.046	-103.63505	-1403.5792	255.23462	156.9105
-7720.823	-103.63505	-1385.0637	284.12073	156.9105
-7647.8105	-103.63505	-1396.7871	251.25098	156.9105
-7458.562	-103.63505	-1368.9963	245.19055	154.77966
-7630.917	-103.63505	-1408.5261	255.85425	156.9105
-7538.8916	-103.63505	-1377.1167	244.32751	156.9105
-7419.411	-121.00607	-1363.882	217.50403	157.25954
-7371.754	-87.04281	-1396.273	173.56091	157.25954
-7764.496	-110.24934	-1434.5338	216.05212	157.77501
-7714.1724	-110.24934	-1426.8983	206.54602	157.25954
-7821.2983	-110.24934	-1450.2368	239.22644	157.77501
-7738.631	-110.24934	-1436.8855	219.89966	157.77501
-7544.896	-121.38473	-1429.6245	206.88477	157.77501
-7817.4824	-128.60052	-1457.0432	245.16736	157.77501
-7928.382	-128.60052	-1462.7317	265.9602	157.77501
-7924.0015	-128.60052	-1440.8054	284.01965	157.48769
-7994.0293	-128.60052	-1458.9569	269.54553	157.77501
-7762.4688	-128.60052	-1448.1268	241.99536	157.77501
-7682.768	-128.60052	-1452.1213	213.95886	157.43614
-7428.2466	-103.63505	-1411.378	191.68591	157.43614
-7390.0625	-103.63505	-1384.5334	186.72424	157.43614
-7204.5103	-103.63505	-1385.7054	156.28357	157.43614
-7221.8086	-103.63505	-1373.202	158.1532	157.43614
-7357.8765	-103.63505	-1397.07	160.73572	157.06432
-7367.036	-103.63505	-1401.7213	168.47778	157.43614
-7502.933	-103.63505	-1390.2162	245.9436	156.58636
-7612.635	-103.63505	-1384.3162	265.80444	156.58636
-7626.2505	-103.63505	-1370.1106	272.89685	156.58636
-7948.8623	-103.63505	-1392.2998	368.4032	157.06868
-7846.6025	-103.63505	-1391.969	319.42053	157.3032
-7816.7627	-103.63505	-1382.5247	360.7456	157.06868
-7775.682	-123.38213	-1364.4358	378.59546	157.06868
-8103.6865	-123.38213	-1407.241	401.2865	157.8263
-8748.355	-153.56113	-1683.3457	191.09985	161.46465
-8765.372	-160.33003	-1655.2507	176.23975	165.72655
-8725.641	-144.32188	-1692.8215	113.89331	164.84428
-8754.569	-144.32188	-1683.6996	120.9314	166.77203
-8822.741	-157.31168	-1691.774	154.62512	165.93634
-8394.918	-146.37903	-1511.188	233.04431	160.12071
-8555.461	-152.98418	-1681.2937	64.987305	169.26762
-8730.395	-148.5648	-1650.5955	187.39526	162.49982
-8545.068	-144.49411	-1670.2184	132.3097	159.57126
-8571.117	-144.49411	-1650.9259	167.60876	161.24028
-8284.821	-151.39291	-1572.1473	151.11584	161.24028
-8249.844	-151.39291	-1567.9323	136.61316	161.24028
-8373.196	-151.39291	-1578.6993	162.98047	161.24028
-8558.354	-157.8263	-1589.8289	189.59375	161.24028
-8651.141	-156.64426	-1662.5583	128.1626	165.88908
-8512.033	-129.57938	-1665.8041	80.703	164.8346
-8519.061	-157.25954	-1640.8837	166.68323	162.37631
-8425.144	-152.6803	-1641.3645	79.68103	162.8344
-8392.454	-160.56216	-1593.2605	161.36475	164.52861
-8453.992	-160.56216	-1608.8472	188.37256	164.12337
-8408.218	-158.28462	-1606.042	132.72852	164.52861
-8528.405	-159.9382	-1628.593	179.30933	164.52861
-8502.099	-158.23817	-1602.2844	157.13733	162.03156
-8357.707	-157.59842	-1600.9672	143.15259	162.03156
-8445.634	-157.59842	-1613.3842	171.63232	163.12764
-8488.979	-157.59842	-1635.651	128.67322	163.39345
-8585.098	-152.47911	-1588.949	206.54187	161.24152
-8591.801	-133.08179	-1664.6858	102.10913	162.37631
-8643.666	-133.08179	-1647.8848	126.24707	162.37631
-8629.567	-140.82065	-1664.204	107.00256	162.37631
-8598.646	-149.40105	-1654.4626	122.66406	162.37631
-8604.024	-156.93901	-1651.9484	110.94812	162.37631
-8582.175	-157.14642	-1641.7604	138.62048	163.39345
-8510.187	-157.14642	-1673.5952	61.69568	165.17175
-8392.747	-150.09505	-1610.4417	130.29126	162.28741
-8315.5205	-148.98611	-1612.0826	107.505615	162.28741
-8327.734	-144.02876	-1624.2957	99.66138	162.67523
-8462.816	-156.83546	-1618.187	136.04285	162.03156
-8346.258	-152.11798	-1601.6735	134.85461	162.03156
-8355.901	-147.01302	-1604.1556	126.75818	162.03156
-8374.487	-150.53212	-1621.7517	135.87305	162.03156
-8645.987	-138.06628	-1672.2825	136.39783	163.12764
-8624.729	-138.06628	-1688.0549	95.584595	163.12764
-8562.197	-156.64426	-1667.0634	112.29321	163.12764
-8503.247	-145.86531	-1679.3666	40.631226	179.65231
-8536.688	-145.86531	-1684.7106	40.79431	175.95915
-8452.212	-158.41406	-1571.8285	190.0636	163.31447
-8414.605	-161.67987	-1575.7145	196.77466	163.93184
-8426.992	-162.03156	-1586.5875	202.78052	163.93184
-8696.868	-150.61937	-1679.7046	130.9657	164.19875
-8569.545	-159.9382	-1581.2114	188.7992	164.19875
-8654.71	-154.45143	-1674.1467	109.36328	166.22816
-8564.433	-160.25041	-1655.1183	123.40173	165.2001
-8548.634	-157.25954	-1671.3984	87.43225	165.2001
-8681.294	-160.3636	-1658.381	143.8153	165.35995
-8794.508	-158.54541	-1688.6984	133.76184	164.34167
-8662.021	-157.82957	-1606.9316	229.23584	163.93184
-8510.824	-157.82957	-1618.6183	243.63452	162.90704
-8620.581	-157.82957	-1623.0333	231.35913	163.33229
-8493.182	-157.82957	-1610.7854	205.82251	163.33229
-8579.749	-160.86064	-1615.9161	183.40845	165.35995
-8637.137	-158.41406	-1657.4863	148.82898	163.52359
-8791.61	-148.5648	-1673.7539	184.54285	163.93184
-8789.511	-148.5648	-1663.5765	184.78247	162.55424
-8703.945	-148.5648	-1660.5575	171.59302	162.55424
-8721.549	-148.5648	-1670.3534	160.14233	163.52359
-8711.018	-148.5648	-1657.26	160.71057	162.49982
-8613.0	-148.5648	-1654.1003	134.36023	162.3002
-8993.941	-149.38101	-1710.636	194.19873	166.09207
-8918.541	-149.38101	-1695.9818	169.94336	166.09207
-8974.274	-149.38101	-1699.7762	202.31433	165.6998
-8948.883	-154.77966	-1709.3364	167.93335	167.18549
-8915.43	-157.14688	-1713.4614	163.54297	165.6998
-9081.53	-149.38101	-1685.5522	207.02625	165.6998
-9036.685	-142.16643	-1708.7955	182.42114	166.09207
-9018.9	-149.38101	-1706.0669	210.67139	166.09207
-9064.332	-149.38101	-1701.9614	197.82495	165.72655
-8539.872	-165.72655	-1658.5446	94.58484	164.8346
-8543.3125	-158.23817	-1661.9847	115.757324	164.8346
-8554.465	-157.32475	-1685.7416	59.888306	175.58713
-8546.116	-157.32475	-1669.3964	70.32739	170.55502
-8604.221	-160.55135	-1692.6934	76.26001	165.36847
-8571.935	-148.39711	-1688.1272	60.870605	167.31726
-8575.285	-152.24823	-1686.6357	71.07922	169.12161
-8707.088	-156.64426	-1707.4702	63.695312	173.68011
-8645.558	-158.73848	-1680.7283	84.83801	172.61366
-8583.773	-129.57938	-1684.8158	55.269043	167.49327
-8589.233	-129.57938	-1701.2375	38.158447	182.19127
-8638.591	-129.57938	-1691.1389	79.34314	167.31726
-8559.115	-127.77573	-1682.8083	49.680664	167.49327
-8556.787	-129.57938	-1688.679	51.781128	167.49327
-8620.466	-129.57938	-1684.852	71.90967	167.31726
-8611.661	-129.57938	-1703.5975	46.390625	172.96335
-8784.186	-160.63477	-1704.4639	84.466675	174.04405
-8733.123	-158.54541	-1706.3394	67.94653	171.16081
-8782.813	-158.54541	-1717.2079	81.500854	170.60704
-8870.334	-163.70033	-1681.372	198.51685	166.55363
-8761.716	-154.48308	-1682.5299	133.40332	167.20268
-8661.652	-164.84428	-1682.2853	106.63257	167.20268
-8718.118	-166.22816	-1643.1945	161.88379	166.55363
-8657.245	-164.73611	-1662.4425	157.05188	166.55363
-8713.21	-164.73611	-1661.6788	156.37439	166.55363
-8772.787	-167.09227	-1712.5035	138.45276	167.20268
-8859.44	-167.20268	-1663.1318	239.44714	166.55363
-8896.172	-150.89505	-1710.8291	151.15332	167.20268
-8883.131	-163.70033	-1719.1558	169.42188	167.20268
-8884.339	-163.51688	-1706.8604	187.1753	167.20268
-8960.731	-158.90211	-1739.9585	158.1836	167.20268
-8751.243	-162.24649	-1701.254	117.49365	167.20268
-8845.08	-162.24649	-1702.5942	158.06567	167.09227
-8816.848	-167.20268	-1701.544	151.5044	167.09227
-8835.885	-167.20268	-1682.6663	214.47241	164.77652
-8561.463	-156.11343	-1613.9895	198.08691	160.29054
-8569.836	-156.11343	-1613.5815	204.62415	160.29054
-8594.18	-151.85176	-1609.0835	223.93115	161.25354
-8599.294	-151.85176	-1602.1292	258.05493	161.25354
-8934.303	-145.01468	-1685.1755	182.50684	165.31558
-8914.306	-155.21843	-1685.8049	194.4602	162.90945
-8953.718	-161.25354	-1700.5562	189.77344	165.31558
-8900.565	-154.48308	-1682.6095	186.85034	165.31558
-8955.701	-154.36682	-1691.5059	195.8927	165.31558
-8962.078	-163.70033	-1661.4033	220.40356	165.44508
-8959.288	-161.25354	-1676.7839	225.36816	166.22246
-8923.963	-133.36829	-1682.6534	201.84851	161.25354
-8859.568	-138.98996	-1642.654	242.74072	161.30936
-8762.75	-138.98996	-1671.9419	153.37769	161.30936
-8638.945	-145.57388	-1588.6478	282.61438	160.32843
-8651.148	-145.57388	-1627.3618	186.46313	161.3898
-8291.097	-133.36829	-1538.5598	221.49048	158.97382
-8340.953	-133.36829	-1512.7157	302.0426	158.53456
-8235.001	-133.36829	-1532.3822	195.7367	158.97382
-8294.143	-132.57597	-1564.0875	185.70886	158.97382
-8335.99	-119.51914	-1584.4681	150.04785	158.97382
-8365.299	-119.51914	-1562.7123	202.0968	158.97382
-8391.144	-119.51914	-1564.8018	266.81934	158.90211
-8416.214	-119.51914	-1534.1088	332.15308	158.90211
-8374.518	-133.90701	-1512.6288	345.92908	158.90211
-8448.456	-135.01726	-1529.3352	294.95386	159.42813
-8447.914	-135.01726	-1528.7067	325.91858	158.97382
-8438.262	-147.23756	-1560.7341	246.45776	158.97382
-8455.565	-147.23756	-1579.4904	168.76965	162.02931
-8445.722	-147.23756	-1554.5488	247.62646	158.97382
-8474.683	-147.06693	-1578.625	185.073	162.02931
-9376.693	-156.64426	-1784.2628	195.65881	186.23871
-9372.212	-156.64426	-1798.2139	215.3667	181.34158
-9404.528	-152.80214	-1817.3171	148.07617	181.34158
-9399.733	-142.17139	-1826.5182	133.7284	174.36157
-9399.188	-152.80214	-1817.1841	113.491455	181.21349
-9351.201	-157.32475	-1797.905	150.61841	181.21349
-9370.099	-157.32475	-1816.8024	161.85889	181.21349
-9138.956	-173.84338	-1729.6946	173.17358	169.70892
-8808.457	-163.58565	-1689.1772	181.15991	166.88687
-8531.614	-163.12079	-1653.8715	84.52026	168.24643
-8611.445	-164.73611	-1697.1565	75.46289	170.06197
-8431.7295	-160.08427	-1667.4784	50.41992	175.5294
-8427.915	-162.08296	-1636.0774	83.91968	168.03444
-8405.406	-160.32843	-1656.3173	72.78906	173.99953
-8410.506	-158.29262	-1657.8633	54.976562	174.99023
-8459.671	-158.29262	-1661.2002	58.35974	179.61664
-8418.797	-153.62689	-1657.1064	49.521484	189.02109
-8432.165	-151.33278	-1658.4255	49.951538	189.02109
-8438.94	-151.33278	-1667.9786	41.592773	198.82289
-8436.132	-151.33278	-1666.7098	44.65503	197.62585
-8460.694	-151.33278	-1665.7877	54.382324	175.19937
-8423.795	-151.33278	-1657.7135	50.417236	175.19937
-8984.922	-170.60664	-1752.8605	108.513916	171.41327
-8908.7705	-167.09227	-1745.4427	103.08923	171.41327
-9206.688	-157.93887	-1748.2275	174.06006	173.2176
-9174.003	-158.90211	-1752.7924	153.52698	170.57436
-9166.635	-160.61742	-1762.2405	131.13635	172.61366
-9148.516	-163.93184	-1757.4476	133.4541	172.40428
-9140.656	-168.0409	-1726.9579	183.71204	168.88826
-9090.008	-141.38445	-1726.0789	195.26831	166.60542
-8906.12	-165.29501	-1628.0637	281.0443	166.60542
-8991.938	-158.2815	-1713.8828	229.5221	166.60542
-8795.49	-159.65512	-1683.5736	176.53882	166.60542
-8900.471	-167.263	-1696.0001	203.3573	166.60542
-8843.614	-168.0409	-1700.2969	129.8042	167.263
-8843.371	-167.263	-1711.2227	159.79138	168.0409
-8834.199	-167.263	-1709.7362	112.30408	168.0409
-8717.872	-158.2093	-1681.7257	165.51624	163.96837
-8786.136	-163.31447	-1693.072	140.10632	166.60542
-8817.041	-158.28462	-1685.699	187.63574	166.60542
-8724.286	-150.9423	-1693.4181	148.4524	166.60542
-8893.8125	-150.9423	-1703.3687	160.42163	166.60542
-8841.701	-150.53212	-1700.0765	132.22473	164.16862
-8749.438	-150.53212	-1646.617	178.51465	163.58565
-8827.297	-156.58636	-1652.0392	226.77295	162.90945
-8839.917	-156.58636	-1646.7522	238.39697	163.70543
-8745.09	-150.9819	-1595.651	271.0244	161.27023
-8837.461	-156.58636	-1667.839	181.27173	163.70543
-8793.178	-154.33301	-1698.4675	160.93884	166.55363
-8787.872	-142.16643	-1706.8263	128.3634	166.55363
-8536.807	-130.78815	-1662.7817	117.16687	162.26248
-8529.41	-144.32188	-1647.9043	105.72424	162.26248
-8556.039	-144.32188	-1665.387	118.94751	162.26248
-8643.362	-144.32188	-1651.2238	139.32495	162.26248
-8498.357	-117.95741	-1662.0513	93.76172	161.49022
-8532.51	-117.95741	-1668.6488	117.55701	161.49022
-8593.844	-144.32188	-1675.9242	134.75244	160.22249
-8636.88	-144.32188	-1682.4318	149.95923	160.22249
-8670.323	-144.32188	-1666.4604	179.04236	162.67523
-8568.716	-144.32188	-1667.3354	122.19983	160.46149
-8687.874	-134.9192	-1645.3766	153.63513	160.3118
-8750.782	-144.32188	-1677.1438	179.39368	161.17656
-8756.609	-144.32188	-1673.6996	203.72327	161.17656
-8640.757	-144.32188	-1640.7075	143.07544	160.3118
-8669.869	-144.32188	-1669.8208	156.86914	160.33003
-8703.326	-133.08179	-1669.1271	125.71802	164.36688
-8817.927	-144.32188	-1725.7408	75.63428	168.17484
-8773.0205	-142.17139	-1698.4364	127.14661	166.98439
-8758.831	-141.19151	-1677.3695	127.927	165.36847
-8714.595	-138.71661	-1705.0266	68.691284	169.33543
-8679.837	-138.71661	-1706.9722	66.06909	169.33543
-8668.056	-142.17139	-1700.4844	80.80188	165.36847
-8633.36	-142.17139	-1700.2141	46.376953	167.61499
-8679.789	-153.50403	-1699.2778	86.44531	163.19127
-8774.412	-152.50389	-1714.0712	82.30969	169.41483
-9250.073	-142.60887	-1770.9174	159.73389	171.11673
-8785.114	-142.16643	-1699.8381	106.11682	165.73799
-8690.572	-146.00894	-1694.102	103.46228	165.73799
-8704.285	-142.17139	-1685.8274	111.0072	165.73799
-8852.761	-142.17139	-1697.0348	137.26917	165.72655
-8754.156	-146.00894	-1691.3173	131.81006	164.84428
-8991.677	-146.00894	-1729.9393	161.39575	166.31306
-8993.327	-146.00894	-1722.3668	172.15356	167.02327
-8954.818	-146.00894	-1729.0552	141.95166	167.02327
-8889.648	-146.00894	-1727.1105	146.50171	166.31306
-8868.761	-146.00894	-1723.6357	163.05151	165.93634
-8876.975	-146.00894	-1725.7118	181.30408	165.36847
-8982.531	-146.00894	-1716.9087	169.92847	165.36847
-8920.514	-146.00894	-1721.8076	152.11804	163.91571
-8940.408	-146.00894	-1679.3607	207.90674	163.76953
-8992.911	-146.00894	-1704.749	185.34106	165.36847
-9189.503	-142.60887	-1723.0464	201.72522	169.14557
-9166.963	-157.3032	-1715.8959	198.18884	166.77632
-9203.981	-158.90211	-1734.439	189.67078	170.58655
-8953.7705	-162.67523	-1673.8999	220.72278	167.0847
-9015.86	-162.03156	-1727.4333	170.00195	167.0847
-9076.161	-162.03156	-1706.1438	204.4972	167.0847
-9224.67	-158.90211	-1702.9814	234.30591	170.58655
-9081.5	-162.67523	-1702.6663	228.06287	167.0847
-9030.609	-163.19127	-1736.5299	177.073	167.15172
-8707.296	-154.45143	-1693.5605	78.711426	169.77155
-8724.788	-162.28741	-1706.1255	83.676636	175.68333
-8723.085	-149.40105	-1716.5867	63.13806	177.8483
-8734.791	-149.40105	-1714.8885	54.953125	173.4757
-8701.97	-149.40105	-1706.0481	61.633057	167.45956
-8665.506	-156.64426	-1688.3188	75.69751	167.45956
-8638.188	-156.64426	-1684.5852	70.30676	166.06993
-8783.511	-161.1745	-1673.3627	149.81506	166.06993
-8738.469	-161.1745	-1687.2076	115.23657	166.06993
-8795.735	-161.1745	-1671.7831	134.69751	166.06993
-8875.131	-158.2093	-1731.3986	72.53833	174.36157
-8905.461	-158.41125	-1738.4994	82.14343	178.33012
-8890.176	-169.26762	-1747.7324	55.539917	179.95978
-8967.744	-164.29047	-1761.1489	70.5885	178.80188
-9027.58	-164.29047	-1760.7618	84.1145	184.26668
-9178.326	-155.85728	-1803.3601	83.64331	180.3756
-9151.361	-155.85728	-1793.4005	70.589966	182.22795
-9191.4375	-157.32475	-1790.113	89.50354	178.80188
-9330.621	-155.85728	-1799.307	170.15637	178.80188
-9352.473	-155.85728	-1796.374	190.07019	178.80136
-9205.649	-162.2631	-1746.8307	222.51147	172.61366
-9255.401	-160.10626	-1754.935	197.26343	172.61366
-9221.283	-160.10626	-1753.951	172.55286	173.40654
-9273.757	-133.08179	-1760.5388	171.48193	173.25581
-9330.283	-173.78304	-1817.5707	93.79883	173.68413
-9241.199	-154.96564	-1728.4866	186.03748	173.40654
-9153.668	-164.95471	-1786.4873	141.4336	170.0643
-9192.212	-154.36682	-1791.3065	161.75793	173.25581
-9185.754	-166.819	-1774.7148	165.38245	169.50262
-9177.452	-166.77203	-1792.0938	112.13452	173.25581
-9140.938	-166.77203	-1786.0157	85.31763	167.20894
-9137.54	-173.78304	-1764.1312	114.67041	169.52435
-9147.526	-154.77966	-1798.5996	64.41565	172.69817
-9229.829	-154.77966	-1783.7441	102.962036	172.5982
-9210.575	-157.32475	-1776.3037	128.98254	172.5982
-9199.3545	-157.32475	-1792.1483	122.304565	173.6303
-9201.085	-169.52435	-1739.2175	165.91882	172.5982
-9173.09	-170.55502	-1728.5305	213.14978	169.52435
-9164.53	-161.96129	-1742.1827	155.2102	172.23912
-9190.259	-167.8785	-1749.5079	154.88513	172.5982
-9176.43	-167.8785	-1741.2615	163.42957	168.88826
-9153.78	-167.8785	-1744.6886	163.54907	170.55502
-9188.385	-157.32475	-1796.3453	92.22009	176.64444
-9161.235	-157.32475	-1785.4238	85.14502	175.9513
-9134.87	-157.32475	-1797.3267	77.20276	170.55502
-9017.265	-167.56277	-1687.0759	199.9624	168.30898
-9173.766	-159.30466	-1762.0153	137.00244	169.52435
-9167.094	-159.30466	-1777.2296	110.183716	169.52435
-9183.423	-158.90211	-1780.1787	82.50452	176.17882
-9224.399	-158.90211	-1813.6815	83.297485	183.72461
-9125.68	-158.90211	-1786.5078	83.9043	176.17882
