-16171.0	-0.0	-375.0	72.0	0.0
-16165.0	-0.0	-378.0	63.0	0.0
-16166.0	-0.0	-377.0	69.0	0.0
-16084.0	-0.0	-381.0	50.0	0.0
-16089.0	-0.0	-378.0	48.0	0.0
-16105.0	-0.0	-377.0	49.0	0.0
-16117.0	-0.0	-379.0	53.0	0.0
-16116.0	-0.0	-379.0	50.0	0.0
-16133.0	-0.0	-377.0	53.0	0.0
-16147.0	-0.0	-378.0	55.0	0.0
-16131.0	-0.0	-378.0	52.0	0.0
-16149.0	-0.0	-377.0	55.0	0.0
-16150.0	-0.0	-376.0	56.0	0.0
-16121.0	-0.0	-382.0	61.0	0.0
-16150.0	-0.0	-381.0	61.0	0.0
-16147.0	-0.0	-379.0	56.0	0.0
-16145.0	-0.0	-381.0	54.0	0.0
-16151.0	-0.0	-375.0	62.0	0.0
