17687.492 6.29524 617.47546 192.47247 11.86255
17247.586 4.51442 595.85596 185.92468 10.46757
17866.639 5.03786 647.65125 133.09845 11.01454
17848.072 3.43948 655.77856 129.42767 11.44552
17300.42 5.55878 635.8102 105.49634 11.59957
17664.229 6.71565 658.50586 114.01495 10.60424
18029.518 4.76235 669.88544 129.79053 11.1117
17649.762 4.67226 638.95197 144.58044 10.51142
17900.621 5.70701 668.18036 131.64606 11.16288
15730.985 5.9397 540.44666 191.62512 10.5849
15259.705 5.53534 524.64484 162.65668 10.58017
15716.26 5.82838 525.4032 222.55212 10.18087
16868.879 5.09411 537.88776 237.10669 10.49952
16741.99 5.79483 539.3158 232.49475 10.5622
16771.443 5.47175 530.895 245.07654 10.51951
16810.875 6.38749 539.6545 249.36908 10.32327
16102.133 5.19423 524.2998 247.86572 10.33102
14983.409 4.54753 506.00726 188.56165 10.42689
15866.11 5.18652 547.2725 195.3244 10.36918
