3729.3896 138.49104 1027.0802 110.86487 147.16432
3558.653 129.4343 897.1736 286.25964 142.87265
3617.0674 126.92842 937.28705 165.31757 145.20337
3839.1619 147.03775 1054.0359 90.63855 153.2802
3428.47 133.75209 946.8469 79.2876 140.76094
3412.9033 139.83325 936.6144 81.46985 156.50897
3051.384 89.53388 832.8513 67.08063 153.86644
3808.9275 116.11183 1049.1808 65.23242 156.50897
3588.6963 145.20337 980.07355 86.566956 156.50897
3593.9707 126.92842 965.8008 89.15393 149.21487
3648.5574 139.43135 990.1556 108.21869 152.81738
3501.4868 111.42402 953.0349 92.36536 145.04329
3853.7424 139.43135 1038.1378 155.57324 156.0786
3706.9983 138.8136 1009.705 84.16327 149.62454
3488.514 120.58631 937.3726 109.000916 148.47684
