7493.811 156.74846 1582.2654 135.427 182.50279
7613.718 166.85081 1580.9567 238.31079 174.7367
7397.913 135.31004 1560.6818 146.88269 177.49312
7560.0605 169.2478 1596.8002 146.672 182.50279
7357.6914 172.76732 1561.2462 200.64832 182.50279
7259.281 156.74846 1563.0876 143.25244 174.7367
7604.8813 156.74846 1594.4614 214.8003 171.51328
7528.692 156.74846 1605.5867 180.24121 178.0225
7613.571 166.85081 1580.0828 217.29333 179.77899
7111.3066 164.45074 1541.1598 85.46936 177.49312
7095.1353 166.60326 1505.9369 145.24475 178.1485
7300.782 169.50111 1520.0785 191.90894 169.99121
7331.089 170.07141 1559.4166 217.61926 176.8985
6910.878 149.0019 1455.1963 125.42554 174.63663
7343.5835 155.74196 1555.9257 143.6842 180.18295
7213.355 156.21754 1524.2601 140.54968 181.69229
7512.803 169.91818 1590.1843 143.37305 181.57945
7707.1543 156.74846 1610.8934 159.14636 182.65958
7369.0674 171.51328 1533.3557 200.34021 171.56995
7582.669 169.7106 1604.3785 236.6305 182.50279
7567.891 166.995 1603.9631 159.0028 175.97603
7739.822 156.74846 1627.8718 204.63013 185.04375
7711.9585 156.74846 1599.938 209.36511 178.0225
7535.4917 166.85081 1611.797 187.2135 175.80394
