2557.1538 132.08876 827.5279 41.834717 150.28746
2930.6992 175.56256 927.969 87.79492 162.17918
2611.6594 149.47963 842.7953 55.29651 158.15666
2585.264 114.25928 841.44 40.829712 158.15666
2596.658 149.47963 846.248 64.4892 159.33563
2805.363 152.74002 853.7134 132.37744 151.73593
2607.3484 148.06262 838.504 55.06555 160.6806
2703.461 147.3938 860.83765 63.319824 162.17918
2809.617 154.18167 915.6291 84.29297 158.81538
2721.9766 147.3938 874.3256 65.47241 160.6806
3010.333 148.9879 962.0449 102.33301 175.56256
2966.1443 163.30281 960.7988 68.98901 166.57277
3083.7446 147.01022 946.01636 160.21106 169.55957
3078.5276 151.46977 940.7995 123.35712 171.11234
2605.598 159.09889 857.5364 33.851013 168.37735
2614.7678 151.11108 848.06744 49.08783 162.17918
3113.1033 172.59387 963.6561 142.24316 175.56256
3005.5396 163.30281 960.4716 74.55463 165.63431
2998.4568 165.63431 911.5634 157.29315 170.43655
2982.9194 170.43655 957.14246 82.81384 172.59387
3069.8977 172.59387 937.47034 133.45532 180.44133
2615.9211 143.36017 841.1793 60.505615 154.11949
2664.1968 152.81651 851.93866 82.33124 151.57996
2690.939 143.1314 854.6912 103.20453 151.57996
2704.7988 151.57996 829.28986 158.80621 151.26845
2695.6953 155.03871 834.1978 111.476135 151.46977
2691.912 148.9879 868.6542 71.408325 154.18167
2745.0212 148.9879 867.703 67.284 154.18167
2702.8018 127.88705 871.23315 70.52295 152.81651
2805.0852 148.9879 908.3081 73.51941 156.26208
2777.1484 151.46977 889.0674 80.03424 156.26208
2686.4287 149.47963 835.7283 91.65662 148.9879
2576.875 149.77594 829.6292 74.62396 148.22198
2652.108 149.77594 836.02454 88.85846 148.22198
2941.6514 174.51805 903.15186 122.47168 160.57045
3082.314 139.48946 949.8872 140.18372 170.43655
3105.7502 139.48946 957.0005 153.00317 170.43655
3037.2605 145.06038 920.87 159.30115 159.09889
3131.738 148.9879 982.9878 116.92871 180.10432
2980.8608 167.80708 919.45483 233.5929 162.17918
3123.7297 148.9879 974.283 162.51996 176.18057
2964.8975 146.85654 946.36176 103.821106 158.76811
2906.2896 133.31015 890.6426 152.0227 150.98189
2927.932 133.31015 877.17883 182.65674 150.29782
2897.0308 158.76811 846.27765 196.9289 155.60138
2807.7244 146.85654 872.8424 160.63965 150.98149
2765.7458 156.26208 852.6781 118.25073 151.46977
3014.4277 175.39734 931.1952 159.90808 171.11234
2978.108 151.46977 963.73755 65.783936 176.18057
2898.13 165.63431 946.5962 82.11426 172.59387
3094.608 180.10432 945.85785 144.73236 174.07896
3066.708 170.29402 953.7591 134.22821 175.56256
2591.887 155.56047 855.3372 25.253357 168.37735
2619.213 145.97743 865.42737 15.911072 184.25049
2628.064 145.97743 866.1889 19.807434 175.39734
2633.875 145.08446 870.6365 19.836792 176.79051
2604.763 145.08446 846.87006 52.991394 159.09889
2596.2026 155.60138 842.8255 42.97412 159.09889
2636.3618 147.01022 846.8841 64.734314 160.57045
2671.2002 146.85654 865.6516 61.2594 160.57045
2640.1855 146.85654 843.91046 58.311523 160.57045
2594.8706 146.85654 844.021 50.900757 159.09889
3073.7097 152.81651 967.9088 136.85632 166.57277
3113.103 172.59387 963.65607 142.2431 176.18057
3058.805 175.56256 909.3578 202.55688 172.59387
2867.958 172.16602 938.6598 41.8869 171.11234
2898.9744 171.11234 938.02356 53.308167 175.39734
3078.5273 151.46977 940.79956 123.357056 171.11234
3014.356 159.1573 950.4068 113.19806 174.07896
2989.507 168.37735 925.55804 139.42767 163.04944
3003.0076 151.46977 962.63696 66.674805 171.11234
2862.8364 136.44456 838.64844 190.25195 152.48749
3036.6384 175.56256 933.2563 114.18536 174.07896
3018.0244 151.46977 951.9461 103.56427 163.30281
3087.1423 151.46977 949.4147 140.27112 175.56256
3083.7444 147.01022 946.0163 160.21112 168.37735
2758.6255 154.18167 880.77966 63.71527 168.82925
2930.6995 175.56256 927.969 87.79498 162.17918
2848.8926 171.11234 932.11053 29.371033 176.18057
2595.4915 143.42473 835.55396 62.93982 156.26208
2560.1917 143.36038 830.3739 42.17169 158.69536
2466.085 150.28746 817.11646 13.642029 162.65744
2992.2415 166.57277 933.3641 156.06061 167.80708
2978.2363 166.75435 919.35913 171.44641 162.17918
3074.124 167.80708 961.17487 185.15118 166.57277
3123.7302 148.9879 974.28296 162.52002 175.56256
3032.61 162.65744 919.6614 146.73291 170.29402
2740.4272 152.70178 861.09143 91.08411 154.11949
2691.4695 155.5343 839.87244 99.84271 154.11949
2683.169 148.9879 881.08765 23.828735 162.65744
2715.504 150.98189 882.3485 48.463562 162.65744
2740.1328 139.3843 887.38794 58.578613 162.65744
2815.1921 152.74002 833.6201 152.06274 151.46977
2805.3628 152.74002 853.7134 132.37732 151.46977
2668.9834 151.73593 846.11365 86.254944 151.46977
2583.6946 142.18704 825.3927 78.11731 151.46977
3001.1035 172.59387 947.43726 99.12109 175.56256
2867.2903 156.44406 919.7057 105.54993 153.60292
2836.5122 146.42358 908.81274 90.272644 159.09889
2839.941 151.46977 912.24146 91.89014 153.60292
2906.6768 151.46977 914.32214 97.180725 156.26208
2712.7292 145.34834 884.81683 41.733032 168.82925
3082.8674 168.37735 961.55853 158.9477 174.07896
3073.041 139.48946 943.6599 132.91553 171.11234
2728.6382 148.9879 883.3661 68.489075 156.44406
2678.9443 143.42473 863.79126 46.429565 156.44406
2710.6252 148.9879 892.6221 36.034058 162.88988
2650.6465 143.36017 848.99603 63.008118 156.26208
2644.7742 155.41624 857.5262 42.987915 162.65744
2605.6707 151.57996 828.0284 61.10974 160.57045
2652.3694 147.66594 863.1176 40.49768 162.17918
2582.829 150.98149 827.42285 57.76123 153.60292
2563.1506 150.98149 828.2941 41.791565 159.31747
2568.8203 153.60292 819.38715 71.99121 158.81538
2545.7585 158.69536 825.9045 73.66034 159.09889
2570.8408 158.81538 841.291 42.24164 162.17918
2575.9736 155.03871 839.9696 31.524292 165.63431
2548.6587 155.03871 842.3096 13.734497 148.22198
2567.441 145.08446 830.7372 44.030273 158.81538
2663.5178 145.08446 851.44946 101.920105 151.26845
2798.6948 172.16602 894.8408 79.1189 171.10156
2726.441 162.17918 878.87823 57.90027 168.82925
2716.1367 167.80708 880.7791 56.050476 168.37735
2736.1074 167.80708 871.0183 60.747803 168.23352
2688.122 163.81062 881.65576 34.41754 163.28447
2679.2793 141.7328 877.9265 45.618896 159.09889
2656.651 159.09889 863.8569 50.400208 162.65744
2713.9912 167.80708 865.30237 77.634766 162.65744
2713.9233 159.09889 879.0725 73.94763 157.04668
2971.8374 175.39734 934.23846 125.03998 163.04944
2887.1016 163.04944 905.5295 105.62842 152.65053
2890.6738 165.63431 918.2092 93.17584 161.09023
2982.8784 165.63431 928.5953 154.7652 161.11539
2841.326 165.63431 908.801 63.716064 161.11539
2848.8928 171.11234 932.11053 29.371094 176.18057
2381.4531 136.27853 788.8202 12.918335 164.64369
2765.6497 147.01022 898.68427 56.710327 168.37735
2583.4294 150.98149 831.5324 66.97241 159.08867
2596.9648 150.98149 830.1075 70.58966 159.08867
3008.1274 174.99878 924.8952 173.23004 163.04944
3033.4531 175.56256 920.50433 161.84174 170.29402
2893.871 155.5343 942.7641 49.046875 172.59387
2896.3003 171.11234 946.0617 48.311462 178.6093
2951.5947 175.56256 944.3905 77.99164 172.59387
3005.3574 172.59387 929.524 113.8327 180.44133
2645.0005 142.2209 787.7825 181.54547 148.06262
2656.819 140.0743 780.5235 219.40558 148.06262
3008.1277 174.99878 924.8952 173.23016 163.04944
2833.1816 156.65688 899.774 100.8833 152.65053
2758.5837 143.65761 827.0801 159.59387 149.30775
2773.8132 133.31015 847.1733 154.37604 148.9879
2731.5115 143.65761 816.6687 166.21362 148.9879
2697.1196 153.91612 842.0397 109.23572 150.98189
2725.484 146.36084 823.20886 154.24927 148.9879
2834.8486 152.74002 832.73535 161.17493 151.46977
3005.539 163.30281 960.4716 74.55463 159.1573
2969.1423 171.11234 932.8627 95.11658 156.6483
2887.101 163.04944 905.5295 105.62836 152.65053
2867.1045 148.9879 919.09094 102.18158 154.18167
2969.1428 171.11234 932.8627 95.1167 156.6483
2978.1082 151.46977 963.7375 65.78412 176.18057
3032.6104 162.65744 919.6613 146.73297 170.29402
2717.0867 148.06262 863.706 95.08905 152.65053
2743.1348 148.9879 897.3024 59.43402 169.73242
2717.7 150.98149 860.1158 96.914856 152.81651
2674.7449 152.81651 831.60583 89.42761 152.65053
2708.848 142.96455 865.7085 79.47156 152.81651
2697.4197 142.96455 883.42883 35.65857 168.37735
2726.5308 142.96455 883.9706 56.63849 168.37735
2975.627 156.44406 934.2076 118.8056 158.15666
2664.7393 127.88705 867.09625 40.55371 162.12308
2730.0303 147.01022 881.4679 50.91931 160.6806
2725.751 147.01022 877.1887 49.21112 168.82925
3074.1238 167.80708 961.1749 185.15112 166.57277
2945.8027 139.3843 895.0786 177.77051 156.26208
2806.5303 145.06038 848.74225 138.21362 151.46977
3103.0422 148.9879 956.86646 133.40808 175.56256
3123.7302 148.9879 974.283 162.52008 175.56256
3060.5295 151.46977 965.9414 110.71741 175.56256
2603.526 152.70178 846.272 28.437195 172.59387
2633.4585 152.70178 863.5659 33.2688 172.59387
2606.7522 152.70178 853.99493 33.14044 172.59387
2696.245 151.57996 872.7879 50.27289 168.37735
2675.3528 151.57996 880.93176 21.236572 168.37735
3036.6387 175.56256 933.2562 114.185425 174.07896
2966.1443 163.30281 960.79877 68.98895 175.56256
3005.5396 163.30281 960.4717 74.554565 174.07896
2799.1675 158.52834 828.6543 158.73633 152.48749
2862.8367 136.44456 838.6485 190.25201 152.48749
2658.1614 127.37373 800.2521 155.1734 148.29529
2659.7273 136.44456 801.81824 165.22595 148.06262
2637.53 136.44456 797.8496 164.77606 148.06262
3064.9363 158.15666 915.48914 175.9729 168.23352
3098.2646 146.42358 948.81757 130.91144 175.56256
2935.3582 175.56256 916.82245 101.75336 171.11234
2867.958 172.16602 938.65985 41.88678 175.56256
2798.6948 172.16602 894.8408 79.11896 160.57045
3105.7505 139.48946 957.00037 153.0033 170.43655
3082.315 139.48946 949.88715 140.18378 170.43655
3025.2668 151.46977 963.8607 114.60901 168.37735
3094.013 145.06038 944.5656 133.80011 162.65744
2842.2708 136.44456 826.624 171.68481 148.29529
2906.2893 133.31015 890.6426 152.0227 150.29782
2706.7422 150.98189 842.6107 141.3158 148.9879
3041.9006 167.80708 947.3124 160.16687 167.80708
2914.8289 148.9879 886.56323 181.40198 156.26208
3041.9006 167.80708 947.3123 160.16681 166.57277
2976.1536 166.57277 948.3447 105.38489 167.80708
3062.0781 180.30351 958.69574 126.65607 174.07896
