7073.2285 169.97684 1540.7999 67.71826 171.64255
7162.031 166.23059 1574.206 36.894043 181.57945
7391.477 167.26622 1594.2744 123.729004 170.16061
7593.6416 170.16061 1596.9463 206.4961 169.7106
7234.654 156.74846 1588.9003 51.112183 174.7367
7251.608 167.01422 1562.4105 101.667725 171.56995
7195.1367 167.01422 1537.8333 100.141846 171.51328
7674.726 166.85081 1635.4856 110.04883 182.50279
7464.584 166.85081 1609.2463 107.421265 171.56995
7332.828 170.16061 1555.5491 128.96045 171.56995
7315.502 167.01422 1567.5862 107.689575 171.56995
7296.4214 156.74846 1587.2689 99.32605 174.7367
7315.5024 167.01422 1567.586 107.689575 171.56995
7332.8286 170.16061 1555.549 128.96033 171.56995
7674.7266 166.85081 1635.4856 110.04895 182.50279
7734.345 181.57977 1646.4049 122.19324 175.97603
7644.72 181.57977 1650.9258 82.156494 177.18243
7792.6997 182.50279 1632.8646 176.22803 181.7072
7693.1626 156.74846 1644.0176 110.09827 182.50279
7737.5674 166.85081 1649.6271 122.639404 182.50279
7472.077 173.58748 1563.5646 175.6549 171.51328
7424.174 169.7106 1600.7347 111.80286 171.51328
7627.817 166.85081 1651.4939 100.00696 172.14256
7502.93 174.7367 1609.2032 122.98193 172.14256
7855.671 181.7072 1694.6451 135.22949 182.50279
7693.164 156.74846 1644.0175 110.09839 182.50279
7701.1626 172.76732 1648.1917 117.10266 182.50279
7607.81 156.74846 1621.5579 133.06238 171.63148
7489.5186 171.51328 1592.9578 175.38574 170.16061
7655.133 166.85081 1616.0833 161.92456 171.51328
7621.54 175.97603 1586.7827 180.47852 169.7106
7696.3486 169.7106 1636.0806 197.10474 171.51328
7672.868 166.23059 1628.4124 145.56726 171.51328
7589.0 169.7106 1598.5741 204.29382 170.16061
7786.2266 181.57945 1667.2845 137.90063 171.56995
7779.9497 181.7072 1661.0068 134.40503 190.53282
7792.7 182.50279 1632.8646 176.22815 181.7072
7742.6797 166.85081 1634.4133 133.74622 188.35666
7693.1636 156.74846 1644.0176 110.09839 182.50279
7698.5166 171.51328 1657.2184 111.58972 182.50279
7633.064 164.54955 1618.8058 135.20276 172.76732
7637.373 172.76732 1623.1149 141.92383 171.51328
7698.5156 171.51328 1657.2183 111.58984 181.57945
7686.5317 182.50279 1637.3855 127.37134 177.18243
7156.858 157.265 1513.2335 112.938965 169.97684
7190.245 157.265 1546.6206 115.3562 169.97684
7102.78 157.265 1529.6058 83.838135 169.97684
7132.3467 157.265 1542.3093 90.7887 169.97684
7096.3643 157.265 1538.3469 89.73755 171.51328
7211.129 164.20447 1560.5225 78.614136 181.57977
7198.1377 164.20447 1572.0187 63.177856 181.57945
7162.6313 164.20447 1562.0228 73.47058 179.29912
7211.1284 164.20447 1560.5225 78.61401 181.57945
7124.583 167.01422 1552.5917 76.224365 181.57977
7117.753 167.01422 1547.8796 65.395996 181.57977
7103.886 167.01422 1546.686 58.34082 181.57945
7119.735 169.2478 1560.1359 71.408936 179.29912
7086.727 169.62741 1536.2183 75.43408 185.38005
7734.3457 181.57977 1646.4049 122.19336 182.50279
7674.7256 166.85081 1635.4857 110.04883 182.50279
7645.597 166.85081 1665.4412 68.53259 182.50279
7738.301 156.74846 1654.3062 112.4115 185.58884
7088.3267 167.70311 1551.2595 63.810913 171.63148
7164.626 167.70311 1542.4977 104.92639 173.58748
7149.505 167.70311 1554.7639 77.53906 178.64627
7085.716 164.45074 1543.3604 53.158447 178.64627
7067.5854 164.45074 1527.2593 69.29834 171.51328
7071.4033 167.70311 1512.311 92.92798 171.51328
7185.9795 169.50111 1535.9812 103.52515 170.16061
7125.6787 157.265 1540.85 111.493774 169.91818
7131.5693 157.265 1537.512 93.64819 169.2478
7134.7925 157.265 1545.2981 101.69763 171.51328
7152.952 169.2478 1553.4302 80.551025 178.1485
7096.752 169.97684 1513.3777 112.652954 171.64255
7043.9453 171.64255 1492.0889 159.27246 170.16061
7786.531 156.74846 1659.0682 120.42627 188.35666
7718.8965 156.74846 1644.9268 107.835815 188.35666
7645.596 166.85081 1665.4413 68.53235 182.50279
7361.152 172.14256 1569.0245 180.00867 169.91818
7535.673 166.85081 1616.9646 108.254395 171.51328
7275.296 167.26622 1521.8877 195.42432 169.2478
7294.9097 156.21754 1523.374 211.4961 169.50111
7276.337 169.50111 1530.7258 221.86829 167.70311
7219.7915 158.1165 1524.3545 168.05042 169.50111
7334.8584 141.71907 1513.5817 259.87952 167.70311
7189.164 166.23059 1523.5708 163.1167 169.50111
7196.2305 162.78542 1517.0703 174.0299 169.50111
6820.603 148.48894 1432.694 192.75317 167.63219
6653.247 146.9509 1373.3108 197.34485 167.26622
6615.2017 146.9509 1361.7173 186.58081 167.26622
7233.25 169.50111 1521.3896 198.34009 167.26622
7151.537 165.60847 1530.0481 202.14417 169.50111
7026.456 165.60847 1491.8663 115.243774 169.50111
6964.046 158.1165 1498.6825 120.63098 169.97078
7078.416 158.1165 1506.8596 124.70227 169.97078
6997.107 167.26622 1503.9207 124.382935 169.7106
7694.424 174.13953 1581.427 229.88977 171.51328
7855.67 181.7072 1694.6453 135.22949 182.50279
7855.67 181.7072 1694.6453 135.22937 201.64563
7789.4795 184.04543 1628.4534 206.09302 182.50279
7535.6724 166.85081 1616.9647 108.25415 171.51328
7535.308 169.50111 1618.4056 125.92139 169.7106
7569.4243 169.50111 1608.379 116.78479 173.22226
7289.902 156.74846 1593.2787 81.74829 175.97603
7328.871 155.74196 1566.2167 94.38159 175.97603
7166.3613 164.54955 1539.7606 94.07715 171.51328
7071.7554 164.54955 1532.4359 88.10681 171.51328
7134.7725 164.54955 1515.5957 125.12549 170.07141
7041.0767 164.54955 1530.3286 55.307617 171.51328
7081.436 154.9508 1539.6296 69.05261 171.51328
7173.6562 156.74846 1558.7805 77.533325 171.51328
7204.8774 156.74846 1557.6438 95.680176 174.13953
7153.4463 157.265 1552.4421 71.9541 172.14256
7108.8 169.2478 1539.8892 63.916992 174.15352
7085.1094 169.7106 1547.7672 50.30066 192.734
7138.133 169.7106 1533.8998 77.645386 192.734
7177.896 169.7106 1545.8923 78.45911 192.734
7261.3394 169.7106 1581.6919 89.91821 174.15352
7288.9106 156.74846 1587.0038 80.18799 174.15352
7185.252 156.74846 1554.0142 77.91492 169.7106
7188.721 156.74846 1573.0468 43.32849 181.69229
7250.7017 156.74846 1579.8368 70.29773 175.97603
7264.1675 156.74846 1579.6328 99.14795 169.97684
7289.6035 156.74846 1582.1772 77.61194 180.18295
7287.6846 156.74846 1597.9325 54.39612 181.73256
7284.892 156.74846 1598.6626 61.0802 181.69229
7336.3833 156.74846 1580.7849 77.921265 177.18243
7288.9116 156.74846 1587.0037 80.18799 174.15352
7287.685 156.74846 1597.9323 54.396362 181.73256
7267.1294 156.74846 1578.4612 61.595215 174.7367
7279.949 156.74846 1591.2805 63.426514 177.18243
7220.979 157.265 1569.8085 84.906494 174.7367
7258.554 166.995 1579.5385 78.2124 185.95882
7198.5674 158.1165 1583.6895 39.24707 185.95882
7222.6895 158.1165 1585.4204 54.57141 178.64627
7223.877 158.1165 1571.3923 70.87671 178.64627
7723.6343 166.85081 1661.2739 132.27576 182.50279
7658.4106 166.85081 1660.3031 112.379395 182.50279
7671.858 169.2478 1654.9098 96.30835 180.78838
7734.3447 181.57977 1646.405 122.193115 182.50279
7644.7207 181.57977 1650.9258 82.15662 177.18243
7792.701 182.50279 1632.8646 176.22803 182.50279
7779.95 181.7072 1661.0068 134.40515 182.50279
7800.513 182.50279 1639.4883 199.5448 185.04375
7669.976 169.2478 1653.0284 86.9884 181.7072
7671.858 169.2478 1654.9099 96.30823 182.50279
7789.4785 184.04543 1628.4534 206.09302 180.78838
7739.1074 156.74846 1649.0077 134.04126 185.04375
7693.132 181.7072 1651.8335 110.68909 191.6762
7701.1636 172.76732 1648.1917 117.102905 182.50279
7511.753 171.51328 1583.4153 162.93835 170.41586
7669.9756 169.2478 1653.0286 86.98816 182.50279
7800.5137 182.50279 1639.4883 199.54492 181.7072
