33610.758 65.34835 2589.3745 518.23926 65.69004
33735.46 59.90779 2589.4248 539.37744 78.22947
33680.562 68.89751 2590.0537 564.38745 89.87119
33811.34 59.90779 2595.4092 539.59204 79.29513
33760.93 54.3203 2590.383 528.28955 68.15492
33962.8 59.88533 2612.105 527.75635 74.12405
33626.797 54.3203 2605.0051 519.6196 68.15492
33962.797 59.88533 2612.105 527.7561 74.12405
33811.332 59.90779 2595.4092 539.5923 68.15492
33987.277 54.3203 2611.8762 545.7136 68.15492
33809.168 59.88533 2611.9531 505.13525 74.12405
33561.727 70.75626 2516.5415 638.0554 68.89751
33565.52 68.89751 2537.418 547.2517 82.24304
33718.0 65.69004 2588.939 584.44604 89.72325
33344.23 68.89751 2569.287 544.97974 89.72325
33299.332 65.69004 2588.386 490.8772 71.44061
33344.227 68.89751 2569.2869 544.98 74.12405
33683.508 68.89751 2573.4465 573.78516 74.12405
33369.793 70.75626 2523.1912 618.9204 83.00297
33712.965 65.69004 2582.362 567.8469 80.25228
33744.914 54.3203 2591.8694 521.949 70.75626
33809.17 59.88533 2611.953 505.1355 74.12405
33926.742 59.90779 2590.4282 589.3423 89.87119
33778.492 59.90779 2567.4773 579.05347 65.69004
33689.445 63.7898 2588.9126 559.9038 74.12405
33735.477 59.90779 2589.4243 539.3782 78.22947
33760.918 54.3203 2590.383 528.2893 68.15492
33639.707 54.3203 2576.703 544.90845 65.69004
33763.562 54.3203 2592.146 532.1511 70.75626
33689.387 54.3203 2593.3335 532.89307 70.75626
33585.832 69.34026 2499.809 668.78613 68.89751
33484.23 59.90779 2577.077 508.16577 80.27926
33397.934 68.89751 2577.2146 551.05054 74.12405
33962.81 59.88533 2612.1047 527.75684 74.12405
33735.977 68.89751 2583.2522 577.9783 74.12405
34073.316 59.88533 2622.6863 574.0996 89.72325
33907.004 59.90779 2603.7336 588.1919 89.72325
33855.88 59.90779 2596.106 534.6626 112.87999
33865.844 59.90779 2596.3962 576.5857 80.27926
34051.73 59.88533 2601.1067 587.2544 80.25228
33811.34 59.90779 2595.4087 539.5928 68.15492
33987.28 54.3203 2611.876 545.7141 68.15492
33763.582 54.3203 2592.1455 532.15137 70.75626
33655.734 65.69004 2595.257 516.9712 70.75626
33683.523 68.89751 2573.4468 573.78516 79.81705
33655.74 65.69004 2595.2568 516.9717 71.44061
33719.965 65.34835 2596.4731 536.0066 80.25228
33680.547 68.89751 2590.0535 564.3877 65.69004
33331.99 68.89751 2583.1826 538.29346 79.81705
33683.51 68.89751 2573.447 573.78516 74.16573
33680.547 68.89751 2590.0535 564.38745 76.75111
33712.957 65.69004 2582.3618 567.8467 80.25228
33655.746 65.69004 2595.2566 516.97144 70.75626
33331.977 68.89751 2583.1829 538.29346 85.41811
33811.688 54.3203 2554.806 605.7229 65.69004
33663.566 65.34835 2580.2004 534.20166 74.12405
33926.742 59.90779 2590.428 589.3425 80.25228
33750.855 65.34835 2598.1355 548.3425 80.25228
33697.13 63.7898 2594.6987 561.91675 74.39336
34051.74 59.88533 2601.1067 587.25464 80.25228
33926.74 59.90779 2590.4285 589.34204 80.25228
33887.914 59.90779 2584.6396 581.13257 86.05238
33865.83 59.90779 2596.396 576.5852 80.27926
33689.453 63.7898 2588.9119 559.90454 68.15492
33811.33 59.90779 2595.4092 539.59204 68.15492
33865.836 59.90779 2596.3962 576.5852 89.87119
33689.43 63.7898 2588.9126 559.9038 68.15492
33690.473 63.7898 2581.2393 578.09644 68.15492
33851.72 59.90779 2583.423 562.0974 68.15492
33634.95 65.69004 2588.9504 529.1826 65.34835
33655.734 65.69004 2595.257 516.97095 71.44061
33735.977 68.89751 2583.252 577.9778 74.12405
33585.824 69.34026 2499.8093 668.78564 68.89751
33561.74 70.75626 2516.5415 638.0554 86.05238
33452.58 59.88533 2604.6685 479.45508 85.2095
33626.793 54.3203 2605.0054 519.6194 68.15492
33811.34 59.90779 2595.409 539.5923 68.26019
33855.87 59.90779 2596.106 534.66284 80.25228
33881.02 59.90779 2572.2522 622.27026 74.12405
33723.348 63.7898 2590.8862 576.24854 74.12405
33595.91 68.15492 2512.5698 592.0029 65.41608
34073.324 59.88533 2622.686 574.0996 89.72325
33872.176 59.88533 2616.1116 533.3325 80.25228
33887.91 59.90779 2584.6394 581.1333 80.25228
34073.312 59.88533 2622.6863 574.09937 89.72325
33907.0 59.90779 2603.734 588.1919 89.72325
33855.863 59.90779 2596.1055 534.6626 80.25228
33851.727 59.90779 2583.4236 562.09717 76.75111
33872.168 59.88533 2616.1113 533.3323 80.27926
33683.156 65.34835 2587.266 563.44434 74.12405
33712.332 54.3203 2582.876 585.563 65.69004
33680.55 68.89751 2590.0532 564.38794 79.29513
33344.234 68.89751 2569.2866 544.9802 74.12405
33561.72 70.75626 2516.5417 638.0554 76.75111
33905.9 59.88533 2561.3364 568.6953 72.3639
33821.92 59.88533 2551.8735 557.1599 72.3639
34018.49 59.88533 2614.0315 521.5974 80.25228
34016.715 59.88533 2600.1194 550.2615 74.12405
33879.266 59.88533 2523.09 634.6555 68.89751
33872.164 59.88533 2616.1116 533.3323 80.25228
34051.742 59.88533 2601.1064 587.2549 80.25228
34020.684 54.3203 2627.8354 590.91113 89.72325
33682.59 54.3203 2626.2393 559.542 112.87999
34020.69 54.3203 2627.8354 590.9114 89.72325
33050.88 70.75626 2503.8708 605.27515 68.89751
34016.71 59.88533 2600.1196 550.2612 74.12405
33887.895 59.90779 2584.6394 581.13306 80.25228
33865.84 59.90779 2596.3962 576.58545 80.27926
33331.996 68.89751 2583.1826 538.2937 79.81705
33270.375 54.3203 2589.9045 515.2427 73.06474
33299.34 65.69004 2588.3857 490.8772 70.75626
33191.402 68.89751 2518.0977 533.6072 70.75626
33174.895 68.15492 2509.9824 547.6272 65.41608
33551.258 68.15492 2529.3025 561.2727 65.41608
33565.496 68.89751 2537.4177 547.2522 70.75626
33369.785 70.75626 2523.1914 618.9199 88.3876
33610.754 65.34835 2589.3745 518.239 65.69004
33745.64 54.3203 2575.0913 555.1106 65.69004
33634.938 65.69004 2588.9504 529.1824 65.34835
33276.316 65.69004 2579.2869 505.8811 65.34835
33610.74 65.34835 2589.3745 518.2385 65.69004
33585.83 69.34026 2499.8093 668.7859 68.89751
33735.98 68.89751 2583.2517 577.9785 79.81705
33683.16 65.34835 2587.266 563.4448 74.12405
33712.33 54.3203 2582.8762 585.563 65.69004
33452.566 59.88533 2604.6682 479.45435 74.12405
33344.24 68.89751 2569.2864 544.9807 74.16573
33299.336 65.69004 2588.386 490.8772 78.22947
33050.883 70.75626 2503.871 605.27515 77.67891
33390.445 63.7898 2583.7188 515.3391 80.27926
33760.934 54.3203 2590.383 528.2898 70.75626
33430.18 54.3203 2587.4932 508.73413 68.15492
33680.547 68.89751 2590.0537 564.3872 104.28301
33719.973 65.34835 2596.4731 536.0071 80.25228
33723.336 63.7898 2590.8865 576.2483 74.12405
33735.973 68.89751 2583.2522 577.9778 88.3876
33397.938 68.89751 2577.2144 551.0508 74.12405
33452.58 59.88533 2604.6682 479.45483 89.72325
33377.293 54.3203 2576.3125 504.54077 70.75626
33712.973 65.69004 2582.3618 567.8469 80.25228
33585.84 69.34026 2499.8096 668.78516 74.12405
33191.387 68.89751 2518.0977 533.60693 70.75626
33050.89 70.75626 2503.8708 605.2754 68.89751
33369.758 70.75626 2523.1912 618.92017 68.89751
33565.516 68.89751 2537.4177 547.25244 70.75626
33551.25 68.15492 2529.3022 561.27246 65.41608
33390.434 63.7898 2583.7185 515.33984 74.12405
33174.9 68.15492 2509.982 547.6277 65.41608
33331.98 68.89751 2583.1826 538.2932 65.69004
33634.94 65.69004 2588.9507 529.1821 65.41608
33299.34 65.69004 2588.3862 490.8767 80.27926
33655.73 65.69004 2595.2568 516.97095 70.75626
33744.906 54.3203 2591.8696 521.9485 70.75626
33377.297 54.3203 2576.312 504.54102 70.75626
