8455.118 142.17139 1675.4482 31.197144 169.34273
8551.78 151.84299 1662.438 124.64636 162.67815
8535.35 162.67815 1615.967 232.39417 162.45502
8463.146 160.10626 1628.9237 111.42322 162.45502
8448.916 139.50867 1649.4172 81.53784 161.76584
8408.609 158.12105 1663.9141 57.43506 167.09227
8627.252 158.47075 1701.4213 58.25647 170.5356
8584.221 158.47075 1689.9435 51.525146 171.77121
8836.527 160.10626 1737.3219 68.33093 172.77094
8585.337 148.5648 1611.0007 175.48438 160.25041
9007.3955 147.6021 1763.3417 83.65723 173.322
8675.252 162.90945 1691.2931 103.16797 168.22682
8734.132 162.90945 1654.3827 221.31079 163.31447
8542.842 161.1114 1637.3691 210.18872 163.19127
8772.0205 161.1745 1671.5024 171.76782 164.69258
8789.378 161.1745 1708.5564 121.48694 165.33313
8731.204 161.08527 1696.3823 94.348755 169.34273
9068.842 154.77966 1708.363 210.61328 167.19933
8573.968 156.9105 1622.1968 183.40186 161.13847
8035.1865 148.99454 1554.5017 97.36304 157.83769
8151.31 141.32265 1612.4387 31.220581 165.41318
8188.243 130.51761 1611.2179 41.401855 163.28625
8165.66 141.32265 1589.7861 54.559937 163.19127
8229.11 141.32265 1614.5145 61.149048 163.28625
8208.598 141.32265 1615.1277 61.10486 163.28625
8183.2275 141.32265 1615.6248 46.15027 165.38295
8224.672 141.32265 1625.3046 47.68445 165.38295
8292.616 141.32265 1640.6534 58.01477 164.94165
8306.924 141.32265 1618.5857 63.810303 163.28625
8111.0293 149.03036 1602.5198 45.852295 164.34167
8180.5757 151.40884 1616.9895 57.434814 163.76953
8225.683 149.40105 1618.6255 50.8584 163.76953
8248.884 158.29262 1601.7255 87.70325 161.4
8392.3125 149.40105 1646.2114 74.36255 162.8344
8155.9697 158.97757 1599.8491 77.07495 163.76953
8224.938 159.73465 1604.0753 107.63745 163.76953
8254.156 158.29262 1609.0809 105.08447 164.34167
8234.408 158.29262 1614.591 84.69165 164.34167
7594.5195 130.53159 1453.9487 128.68811 155.94547
7649.2964 130.53159 1466.4675 129.32251 155.94547
7557.668 133.67853 1405.4312 195.29822 155.94547
7790.5127 140.88342 1509.2126 88.444336 156.25668
7807.2197 128.25827 1495.4608 122.065186 156.25668
7756.3457 128.25827 1526.6431 51.568237 162.579
7916.9307 119.81595 1553.7416 64.42139 158.09056
7948.945 119.81595 1554.6886 83.82825 158.09056
7891.766 128.60359 1531.8126 82.50049 156.83092
8061.8936 149.35419 1562.1493 120.56482 156.72108
8083.597 141.94493 1589.5405 67.29529 159.49963
8113.099 154.21461 1582.4999 100.021484 158.29262
8104.36 156.25668 1585.1886 77.95166 159.73465
8232.362 151.40884 1586.624 170.02759 158.29262
8105.2715 151.40884 1583.6392 80.85657 158.29262
8048.354 151.40884 1581.4496 52.047974 161.4
8031.2803 154.26727 1579.3247 62.04895 161.4
8082.7144 154.21461 1582.1531 54.25537 161.4
8083.171 142.23967 1583.1921 63.70056 161.4
8015.3154 146.00894 1550.9712 100.156494 156.72108
8045.3003 137.5356 1520.5201 162.8949 156.25668
8199.739 149.35419 1535.4415 188.27393 156.25668
8190.2144 149.26286 1536.9093 192.54285 156.71829
8343.376 149.12352 1534.4114 235.10193 156.72108
8184.036 149.35419 1562.629 151.69531 156.72108
8202.333 149.35419 1550.701 182.06201 156.72108
8206.508 148.61626 1546.6879 198.95557 156.72108
8177.9546 156.25668 1585.9727 129.92102 159.49963
8306.297 150.61937 1630.2994 83.181274 162.37631
8474.473 160.33003 1618.173 130.75208 162.37631
8481.317 160.33003 1616.6696 132.7284 163.09657
8600.43 152.509 1634.4244 188.80457 160.9745
8705.28 160.56216 1671.4026 185.34631 164.52861
8642.598 160.56216 1653.9646 180.27905 164.52861
8622.268 158.28462 1659.5907 134.46216 164.19875
8170.987 161.67987 1578.2649 124.725586 162.579
8172.387 161.1493 1579.6641 126.06885 162.579
8496.24 160.3636 1594.8107 174.1134 162.3002
8561.797 160.3636 1572.6301 207.11243 162.579
8434.749 158.29262 1628.7496 139.32764 162.3002
8264.068 148.94606 1631.4437 62.216797 162.3002
8351.176 154.77098 1612.1692 137.6753 158.97757
8357.938 147.69113 1626.0577 90.03137 161.1493
8463.423 143.20287 1648.5004 76.77063 163.77089
8431.421 143.20287 1606.6036 136.84558 160.14868
8364.138 150.93602 1599.4409 126.7478 160.14868
8339.502 133.08179 1630.9795 69.1311 161.25354
8603.234 145.86531 1659.0502 119.060425 161.96129
8553.624 150.93602 1657.4674 106.0741 161.96129
8611.973 150.93602 1687.3248 56.26648 168.17484
8562.172 133.08179 1678.8116 60.698364 162.579
8562.79 133.08179 1660.3838 85.893555 162.579
8627.026 133.08179 1677.2614 101.70764 162.579
8606.48 148.1716 1645.681 118.23584 162.579
8612.162 153.92632 1684.7598 104.711426 163.76953
8705.706 153.92632 1694.6055 124.86499 163.76953
8610.916 135.68265 1668.9236 126.85559 162.92406
8672.255 135.68265 1678.7087 114.96472 163.19127
8557.221 141.32265 1674.4199 94.20642 163.19127
8569.818 151.76624 1678.5513 105.7738 162.67815
8734.691 153.92632 1678.8784 136.01782 163.76953
8779.929 152.50389 1702.1244 85.91614 163.76953
8765.322 152.50389 1715.4102 102.73169 163.76953
8840.443 159.80264 1717.4648 83.03821 169.81209
8727.329 159.80264 1635.9847 175.95898 163.17189
8625.954 159.80264 1639.137 157.41162 163.17189
8450.562 160.33003 1654.5134 82.767944 166.55363
8588.566 145.01468 1682.467 61.722534 167.45956
8633.244 161.20546 1692.154 73.66211 171.2783
8645.586 161.20546 1687.5928 70.8009 171.26283
8629.096 161.20546 1703.006 67.059814 172.11137
8483.245 160.97267 1609.981 163.06506 163.39345
8560.395 158.16292 1642.4469 121.829956 163.39345
8568.153 129.57938 1653.4084 95.95459 163.39345
8494.725 156.5635 1638.8971 112.29663 162.03156
8593.787 158.16292 1653.3274 139.71606 163.39345
8417.105 150.09505 1629.953 83.370605 163.2052
8419.391 157.93887 1662.325 49.16797 165.73799
8429.131 148.39711 1655.7522 61.481445 163.39345
8631.164 140.82065 1685.7379 138.51147 162.67523
8593.477 157.93887 1667.3506 105.66626 163.12764
8554.648 141.87831 1673.563 93.67676 163.39345
8554.649 141.87831 1673.5629 93.677 163.39345
8599.289 141.87831 1661.8502 96.492676 163.39345
8615.438 141.87831 1677.0327 97.45801 163.39345
8594.08 157.7258 1641.7727 148.13074 163.39345
8546.69 154.48396 1630.9423 142.64343 162.36902
8863.516 161.30936 1749.7319 96.466064 167.91774
8868.065 162.37631 1730.3558 105.87634 166.74571
9065.62 158.01738 1712.0186 160.81494 166.94402
9154.03 166.819 1677.4669 255.05737 167.263
9356.476 168.0409 1803.0715 107.908936 181.21349
8905.5625 157.41553 1725.5012 82.3064 169.9859
8730.985 133.08179 1720.8678 52.387573 169.23686
8775.364 155.85728 1735.9481 41.274292 171.16081
8844.42 148.61626 1731.9728 58.44873 171.16081
8816.583 148.61626 1743.1462 63.42871 171.16081
9138.05 157.83769 1648.4436 258.89648 163.51988
9065.724 159.16022 1649.7661 254.61682 164.07555
9081.598 152.80214 1672.6865 226.08911 164.07555
8694.893 150.26854 1600.9089 286.55383 161.1099
8746.585 107.69135 1619.022 221.14062 160.32843
8798.588 149.72372 1623.1896 229.66516 160.12071
8893.578 158.29262 1649.3182 221.38904 163.4979
8758.653 158.29262 1641.0824 217.14844 163.4979
8679.332 158.28462 1634.9291 241.75818 160.12071
8632.137 151.13805 1617.7898 204.21948 160.12071
8574.512 151.13805 1621.4071 205.51929 160.12071
8557.515 151.13805 1632.3226 217.68665 160.12071
8645.357 146.37903 1646.8033 159.15747 160.33362
8668.06 146.37903 1632.6011 186.9851 160.33362
8622.398 146.37903 1639.0004 186.52478 160.12071
8578.264 147.23756 1576.6635 208.26733 158.90211
8595.761 151.39291 1559.6337 333.0973 158.97757
8385.7295 150.3483 1618.5562 175.70007 159.19576
8385.35 154.77098 1603.7157 159.19897 159.19576
8429.48 154.77098 1591.2987 165.72278 159.42813
8483.347 154.77098 1591.0706 194.06152 159.42813
8469.989 154.77098 1605.2136 204.24414 158.97757
8638.527 149.40105 1606.4252 282.79504 158.97757
8545.276 147.23756 1615.5339 199.61707 158.97757
8572.778 149.40105 1625.2623 213.31055 158.97757
8599.8 149.40105 1604.6727 202.52576 158.97757
8611.913 149.40105 1625.169 225.79614 158.97757
8611.252 149.40105 1608.6445 267.464 158.90211
8609.712 149.40105 1630.8322 217.1958 158.97757
8606.748 142.85687 1650.2106 209.20215 160.88118
8636.042 142.85687 1649.2985 213.05139 160.88118
8605.331 142.85687 1648.3948 195.4779 160.88118
8644.784 142.85687 1648.1256 216.7124 158.90211
8714.485 142.17139 1616.9432 249.8523 159.42813
8674.113 146.27359 1632.1715 231.86292 158.90211
8460.921 156.64426 1614.1461 141.09058 161.67987
8439.928 157.40158 1638.9707 98.282104 162.38547
8401.359 157.40158 1631.8185 91.21692 160.3636
8371.506 157.40158 1647.4502 67.19226 162.38547
8259.943 147.69113 1571.2958 141.32312 158.90211
8210.725 147.69113 1583.6475 109.35254 158.90211
8228.089 147.69113 1577.9388 135.32715 158.90211
8311.835 150.9903 1599.7808 169.85059 158.90211
8204.199 150.1226 1575.3306 148.75049 158.90211
8336.319 152.24823 1584.1904 165.89563 158.90211
8481.214 145.28113 1654.8058 129.98865 160.34648
8406.259 145.28113 1625.6936 95.650635 160.34648
8468.641 144.49411 1589.9458 237.05139 158.53456
8532.175 138.97258 1611.523 236.09009 158.53456
8515.423 138.97258 1595.2603 252.76416 158.23817
8363.921 145.28113 1565.1733 228.94543 157.57544
8455.912 145.28113 1573.6575 228.43176 157.93507
8224.803 144.89458 1546.2546 240.46948 156.64426
8419.06 145.28113 1561.7958 277.9829 156.69604
8269.156 119.51914 1567.3104 230.81287 156.69604
8315.3545 145.28113 1562.6318 228.05237 156.69604
8566.329 145.28113 1581.7794 263.21167 158.50627
8382.954 145.28113 1586.4779 260.9823 156.64426
8451.02 145.28113 1587.1034 253.73145 157.50085
8213.182 145.28113 1524.9733 253.06567 156.64426
8464.846 145.28113 1600.4462 215.38794 158.50627
8488.458 145.28113 1625.6282 161.04272 159.44897
8322.238 145.28113 1585.1832 149.9364 158.50627
8363.622 145.28113 1587.6864 153.4248 158.90211
8501.708 145.28113 1612.1958 163.25366 158.90211
8536.005 145.28113 1601.1346 214.69751 158.90211
8609.411 148.48541 1615.092 200.58997 160.14868
8474.823 148.48541 1655.1431 142.57153 161.1099
8439.046 148.48541 1599.9104 135.90356 160.14868
8402.742 150.9819 1594.9211 168.24927 159.44897
8340.935 153.56113 1608.6407 110.669556 159.44897
8548.233 128.30498 1634.086 144.47473 161.25354
8532.888 154.66356 1633.9425 151.36487 160.10626
8466.282 144.02876 1621.0348 176.1023 158.90211
8428.259 154.66356 1608.5833 169.95532 158.69907
8428.26 154.66356 1608.5833 169.95544 158.41406
8429.4 133.08179 1635.9645 158.90674 158.90211
8430.413 151.84299 1615.3491 183.93823 158.69907
8450.563 123.79109 1634.9277 173.0365 158.90211
8373.102 141.981 1590.3721 193.09302 158.23817
8523.716 154.66356 1644.1573 176.40845 158.90211
8760.258 155.21843 1662.4828 161.77063 162.28741
8618.513 148.22536 1633.668 177.46436 161.1099
8755.296 144.89458 1668.3625 156.08057 162.28741
8764.242 128.30498 1612.8074 207.82666 162.36902
8932.62 155.90303 1687.1454 172.33545 162.60805
8626.697 161.10934 1674.7454 102.46362 165.72655
8513.9795 161.08527 1662.1165 83.9895 165.72655
8510.274 155.50461 1672.8545 55.64795 167.57007
8474.09 155.50461 1671.7313 51.412964 167.57007
8456.294 147.6021 1666.5593 56.25476 165.6998
8427.924 152.36444 1626.3499 91.41211 162.03041
8533.52 152.36444 1663.8854 88.28186 162.28741
8584.196 152.10008 1652.6754 125.79773 162.28741
8547.776 152.36444 1667.1364 109.54138 162.28741
8519.845 138.71661 1683.1643 48.048462 168.11316
8473.029 138.71661 1657.3221 64.11377 166.09207
8430.934 138.71661 1671.7568 41.34131 166.09207
8441.112 138.71661 1658.2914 55.161377 165.73799
8423.131 150.09505 1665.1106 35.504517 170.60664
8972.401 167.45956 1763.6141 64.660645 178.43755
8923.109 155.21843 1739.5583 85.87854 171.20544
8925.688 155.21843 1742.7874 98.250854 168.43683
8888.831 154.77966 1730.1012 93.32898 168.43683
8857.728 154.77966 1729.77 71.682495 168.43683
8830.608 154.77966 1737.6635 66.52612 171.23703
8654.189 154.84732 1707.4248 41.848633 168.30898
8707.3955 162.90945 1701.3018 76.82312 168.88826
8694.489 162.90945 1692.7229 77.19556 168.30898
8636.04 162.90945 1683.1516 92.26611 168.22682
8762.437 155.21843 1718.6688 63.585815 168.88826
8723.814 158.2093 1721.6599 60.171875 168.88826
8655.733 158.2093 1713.25 46.580566 173.36784
8668.263 157.41553 1704.6525 58.712524 173.72415
8790.45 160.10626 1724.6069 64.84656 164.6754
8794.794 160.10626 1723.3387 84.41736 167.8785
8799.618 160.86064 1711.4421 93.343994 167.91774
8733.396 166.77632 1681.3566 155.13745 166.55363
8805.555 166.77632 1694.1058 178.77356 166.55363
9043.59 166.55363 1734.374 132.35034 168.03444
8936.997 160.3118 1738.552 127.7168 165.35995
8944.178 166.75119 1740.6155 115.43921 165.36847
9238.905 169.31198 1794.195 146.30457 169.52435
9078.5205 155.94547 1696.1317 196.7655 166.74571
8763.882 138.16656 1672.3274 164.59277 163.70543
8811.243 158.90211 1683.6549 176.60803 163.70543
8705.261 160.29056 1667.0344 190.32422 163.70543
8747.349 159.97377 1653.7057 202.51746 163.70543
8729.332 160.29056 1670.8402 160.30945 164.52861
8640.981 160.29056 1641.331 189.65234 163.70543
9480.841 156.64426 1835.779 96.37622 174.50981
9246.792 164.95471 1809.6511 94.40454 178.92998
9380.002 168.0409 1818.3856 141.41418 178.43755
9191.243 168.30898 1783.1273 141.22131 170.29216
9253.687 168.30898 1806.5754 80.45032 174.62762
9212.043 172.96335 1786.3171 122.66089 174.62762
9028.238 170.2111 1759.8008 113.61621 167.263
9115.454 167.263 1771.13 113.625 170.2111
8977.564 167.263 1726.0756 172.39636 166.819
9062.141 165.33313 1751.1122 138.28967 164.80792
8908.0625 157.93507 1735.3232 107.75647 163.96837
8774.047 157.93507 1709.0641 134.719 163.80307
8920.004 143.94014 1738.384 122.166626 163.80307
9216.254 173.78304 1759.1771 151.54944 173.68413
9302.295 173.78304 1793.7175 127.989136 174.62762
9280.442 163.93184 1823.4913 77.07886 174.62762
9249.789 174.36157 1817.0718 96.35022 181.08952
9267.422 173.68413 1812.8138 79.34473 182.16669
9248.227 173.69032 1817.0198 71.10901 181.08952
9173.78 173.69032 1777.7422 116.14746 175.30458
9204.706 173.69032 1774.8486 107.87158 178.41022
9252.124 166.48952 1808.133 85.218994 175.8405
9238.075 149.40105 1804.9849 100.08545 171.11673
9255.32 160.12071 1811.3281 109.4884 169.14557
9192.496 169.14557 1748.5044 140.9292 168.30898
9225.553 168.30898 1781.5615 95.90112 170.58655
9268.886 158.90211 1773.2196 147.25586 170.58655
9299.496 165.38295 1749.1432 194.92004 173.4336
9424.086 158.90211 1848.0496 124.20154 176.84186
9252.055 173.69032 1773.6874 158.19617 168.03444
9238.542 174.52417 1764.7639 176.5979 169.63405
9250.568 175.07686 1722.9086 239.37329 184.39275
9173.826 175.07686 1739.1519 196.36743 168.12646
9200.049 175.07686 1745.2302 185.39893 186.23871
9177.291 177.10144 1727.744 205.14673 176.17882
9072.543 176.17882 1741.1731 130.41809 184.32466
9169.049 176.17882 1754.1259 145.40784 181.08952
9113.164 176.17882 1732.6462 135.25232 172.23912
9159.899 172.5982 1777.543 132.36108 172.69817
9207.086 172.5982 1778.0221 135.23792 172.69817
9130.837 172.69817 1750.3197 139.56396 172.5982
9130.836 172.69817 1750.3197 139.56384 172.5982
9170.064 172.69817 1749.5188 141.729 172.5982
9142.177 172.5982 1780.3767 99.95264 173.6303
9136.79 174.80391 1745.5702 176.97107 172.7427
9105.673 173.42319 1771.7863 139.25696 172.7427
9116.886 173.044 1767.4089 113.85193 172.7427
9057.635 170.58655 1766.4734 118.08484 170.16382
9116.888 173.044 1767.4088 113.85205 172.7427
9140.4 173.42319 1787.6182 92.55188 174.80391
9052.881 172.61366 1737.058 127.61096 172.69817
8965.907 166.62468 1761.7977 67.712524 173.044
9045.925 173.044 1766.6143 91.30188 170.16382
9055.401 167.8785 1773.6777 68.68518 177.35611
9045.266 167.8785 1759.0732 86.43469 173.42319
9055.4 167.8785 1773.6777 68.68506 177.35611
9075.276 161.35983 1748.8208 112.215576 170.57436
9126.825 161.35983 1768.168 116.19678 169.52435
9161.515 151.49017 1735.8555 168.65771 167.83339
9123.206 151.49017 1739.2545 180.75793 167.83339
9262.648 151.49017 1712.9312 201.2019 168.03444
9362.868 168.0409 1823.9817 146.86328 179.50925
9388.161 168.0409 1801.6371 185.95569 174.36157
9354.663 168.0409 1810.065 132.79785 178.43755
9248.384 168.0409 1813.5939 103.223145 178.80188
9289.219 168.0409 1797.2083 101.283936 178.80188
9273.817 168.0409 1805.7869 92.52661 178.80188
9334.528 161.1099 1810.0226 105.71814 173.68413
9314.928 165.38295 1746.3505 188.34717 172.54773
9098.513 172.61366 1751.5349 148.28772 171.41327
9177.517 169.31198 1774.19 136.89417 171.41327
9199.793 165.89938 1771.9221 121.017944 167.91774
9109.434 170.08435 1681.5631 220.7201 167.91774
9268.28 158.90211 1772.4846 153.21704 170.55502
9296.73 158.90211 1775.4993 179.5664 168.0409
9254.76 161.0865 1754.4784 192.42883 168.0409
9337.997 161.0865 1775.3358 190.24182 172.89442
9333.575 161.0865 1765.5206 163.07312 172.89442
9297.571 168.0409 1793.3555 123.69092 171.8137
9260.99 165.89938 1788.1921 145.55542 169.34273
9298.864 172.61366 1820.032 104.100586 178.80188
9313.349 172.61366 1810.1409 120.52649 177.35191
9186.843 173.40654 1791.9941 95.60242 174.36157
9174.461 165.36847 1801.6296 81.16113 174.36157
9152.421 173.40654 1785.732 78.60852 175.30458
9187.331 173.40654 1804.6503 69.70532 176.88963
9238.529 171.58456 1792.3207 136.00769 173.68413
9187.668 173.68413 1805.2029 69.4303 180.81493
9185.581 173.78304 1790.732 86.20801 176.93517
9178.151 172.11137 1793.9971 90.08118 173.40654
9175.816 163.93184 1783.7269 90.02075 173.68413
9154.84 174.10564 1775.6278 114.71826 174.59618
9042.937 174.10564 1763.4073 98.83142 176.88963
9037.232 174.10564 1749.7205 112.96289 176.67302
9266.802 174.36157 1800.6656 118.12756 186.23871
9296.821 174.36157 1809.4714 129.06372 181.98518
9221.622 174.36157 1785.4946 123.540405 174.55391
9157.543 174.36157 1765.3282 152.35095 172.17154
9280.622 174.36157 1809.7744 135.68286 179.18004
9280.623 174.36157 1809.7743 135.68298 179.18004
9335.829 174.36157 1799.0726 126.51099 176.64444
9246.726 174.81317 1770.5553 124.83154 176.84186
9148.263 176.84186 1740.4326 142.3916 174.81317
9201.47 176.84186 1737.8857 149.62842 173.78304
9264.754 167.61499 1801.1692 97.99121 176.84186
9264.776 168.0409 1801.1906 101.26807 176.84186
9240.606 168.0409 1806.0177 78.57837 179.50925
9269.399 168.0409 1807.7032 82.11902 179.50925
9336.463 168.0409 1807.5239 93.543945 179.50925
9417.409 168.0409 1784.1855 146.34778 181.98518
9277.662 162.60805 1803.4915 130.29968 173.68413
9382.812 168.0409 1807.6465 115.117676 173.99953
9393.326 168.0409 1818.1594 118.66443 180.79916
9393.391 159.43317 1824.9816 93.14795 185.39194
9420.846 166.74571 1832.5864 105.91919 174.36157
9479.467 156.64426 1856.8154 87.33569 183.39262
9436.995 158.90211 1830.8092 106.52954 181.21349
9375.279 169.31198 1826.4084 89.89624 181.34158
9366.908 173.78304 1799.6829 135.63037 174.36157
9273.2295 167.263 1758.1565 144.8435 169.63405
9229.057 167.263 1777.3416 136.90161 170.2111
8665.054 165.93634 1675.551 168.12842 164.84428
8625.838 162.2631 1698.1149 89.6499 164.61855
8665.486 162.2631 1691.1027 122.48633 164.61855
8596.962 162.2631 1659.6981 112.97485 163.76953
8640.0205 156.11343 1673.845 99.527954 163.76953
8593.853 156.11343 1648.8007 128.34924 163.69595
8539.863 156.11343 1644.5322 123.46826 160.22249
8472.868 156.11343 1642.0579 100.59155 160.22249
8413.464 149.89877 1644.3562 98.42676 160.22249
8275.913 138.97258 1588.1271 153.52783 157.3032
8323.956 138.97258 1618.1709 125.138916 158.41125
8270.796 138.97258 1612.2747 96.729614 158.48166
8221.8125 138.97258 1602.478 101.039795 157.25197
8268.485 138.97258 1588.9432 140.71606 157.25197
8267.062 138.97258 1618.7977 112.891846 157.85036
8236.699 138.97258 1612.4216 90.46814 157.85036
8323.373 137.03423 1572.9302 157.54944 157.25197
8317.9795 138.97258 1581.7518 173.29846 157.85036
8254.716 138.97258 1595.9714 148.20093 157.25197
8330.691 138.97258 1617.3192 116.77173 158.41406
8387.656 138.97258 1596.1788 159.20715 158.48166
8347.068 138.97258 1578.3448 145.66418 158.48166
8351.493 156.24907 1598.7899 139.73291 158.97382
8332.744 150.82468 1613.1887 137.14148 158.97382
8361.41 152.69621 1611.4022 105.768555 158.97382
8322.166 154.65073 1596.1887 127.16565 158.97382
8249.237 146.15662 1585.8683 152.66089 158.48166
8395.357 150.71533 1617.394 139.71399 158.97382
8322.137 154.48308 1628.421 72.39795 158.97382
8328.812 156.24907 1611.551 128.02673 158.97382
8288.826 158.48166 1599.8658 153.13647 158.97382
8325.882 157.25197 1593.4323 158.5155 158.97382
8351.494 156.24907 1598.7898 139.73315 158.97382
8427.26 156.24907 1594.6304 194.74133 158.97382
8328.459 156.24907 1594.7738 127.05652 158.97382
8322.138 154.48308 1628.4209 72.39819 158.97382
8486.582 156.24907 1588.4971 235.74829 158.48166
8408.823 150.82468 1616.2825 141.3794 158.97382
8422.38 147.6021 1628.3337 113.48889 158.97382
8388.932 157.06868 1602.7131 144.36914 158.97382
8509.505 157.06868 1622.1417 141.10083 161.23367
8532.706 147.6021 1665.5367 112.785645 161.23367
8464.308 157.25197 1616.1149 129.73962 162.39507
8537.771 158.41125 1639.5492 158.91089 161.1099
8496.541 153.2409 1651.2408 107.65369 161.23367
8645.05 158.77122 1663.7402 137.55823 163.93184
8843.806 158.77122 1668.4514 230.47815 163.93184
8656.633 158.2416 1667.7192 138.9032 163.93184
8732.624 158.77122 1677.1348 150.69836 161.45923
8612.067 158.48166 1658.2523 170.6355 161.23367
8746.566 154.48308 1678.9199 144.38062 161.45923
8717.339 154.48308 1681.0425 129.28467 161.45923
8671.18 154.48308 1691.6028 89.468994 163.93184
8670.109 154.48308 1683.896 137.81409 161.45923
8599.563 152.50389 1644.7047 121.5094 161.45923
8497.681 156.25668 1638.4852 144.3385 162.96307
8424.332 158.77122 1617.541 140.19958 160.69627
8406.961 142.17139 1637.9841 83.12659 163.24161
8400.903 156.93901 1632.9874 84.95935 163.24161
8424.108 156.93901 1647.7146 75.096924 164.19875
8461.695 156.93901 1663.1182 54.58606 168.17484
8467.789 160.3636 1644.2753 73.87451 165.22179
8680.906 160.3636 1680.7454 184.87012 164.07555
8718.964 158.90211 1675.1344 169.71814 164.19875
8749.466 158.90211 1669.4235 166.14343 164.19875
8715.619 160.69627 1657.6761 186.63452 164.19875
8740.312 165.22179 1674.1003 187.61365 164.19875
8787.408 159.16022 1652.8032 209.97229 164.19875
8800.812 159.16022 1643.0787 218.04712 164.61855
8782.684 158.99997 1650.3855 200.39331 164.61855
8766.682 158.99997 1652.6428 199.78552 164.19875
8757.592 158.99997 1636.2186 198.80652 164.19875
8641.083 158.99997 1637.088 182.36755 164.07555
8576.961 154.86362 1618.0231 206.90259 160.9745
8562.71 158.99997 1625.6145 187.18799 161.45923
8526.464 162.02931 1631.1425 164.7561 163.74802
8598.351 159.80432 1617.5355 174.26282 163.74802
8569.654 159.31575 1645.0706 135.844 163.74802
8564.109 161.45923 1631.8575 174.65527 163.74802
8600.19 161.45923 1628.379 176.48413 163.74802
8537.787 162.08296 1615.4958 187.11975 162.3758
8425.59 162.08296 1632.6567 160.84827 162.3758
8380.618 160.9745 1589.0704 161.31958 162.08296
8469.884 158.99997 1621.6387 152.56555 162.45502
8467.771 158.99997 1619.1917 144.09937 163.17189
8353.746 160.9745 1599.6791 139.07788 163.74802
8454.458 163.69595 1625.6521 166.79333 162.3758
8418.959 163.69595 1628.9967 134.94385 164.6202
8450.432 163.69595 1635.9302 100.86633 167.45956
8468.684 165.91383 1626.0874 112.26282 166.54428
8410.228 163.74802 1633.1887 112.107666 168.28944
8469.011 163.17189 1638.8479 94.03052 168.28944
8428.153 163.17189 1644.8519 81.94446 168.28944
8471.542 164.94165 1663.4822 55.03125 172.61366
8483.268 161.45923 1674.8096 34.90503 175.5294
8525.199 161.45923 1678.5767 58.187378 170.60664
8549.037 161.45923 1674.2992 74.2572 170.60664
8451.94 160.3118 1651.458 67.695435 169.34273
8421.189 158.4357 1658.4137 60.744385 169.34273
8490.593 160.3118 1653.4259 76.71399 169.34273
8494.912 162.39507 1675.4277 53.45923 169.52435
8549.162 162.26248 1670.5118 67.00476 171.26283
8471.154 166.94402 1647.9354 98.16345 169.63405
8571.76 164.54842 1689.4993 85.851074 169.34273
8645.554 164.54842 1693.4485 109.26013 169.34273
8666.418 164.54842 1691.5054 103.555176 169.34273
8777.945 177.50423 1720.8457 131.70093 172.17154
8829.035 166.78963 1722.14 84.726685 172.17154
8770.595 160.62572 1713.7517 86.166504 170.06451
8967.106 174.36157 1740.092 116.750854 174.52417
9067.988 173.68413 1765.905 103.68518 174.52417
9113.35 173.68413 1747.0115 127.37158 174.38966
9429.755 158.90211 1848.2598 113.00159 181.34158
9304.639 156.64426 1685.2401 231.58069 172.33156
9298.296 165.67262 1681.7152 265.9557 172.33156
9014.239 165.67262 1656.2554 224.6753 166.62468
9085.946 161.1099 1678.4146 252.61987 164.93689
8883.602 159.25531 1669.8445 252.62427 164.69258
9266.962 172.7754 1799.064 108.69861 174.62762
9251.046 172.7754 1783.1466 111.11438 174.59618
9307.572 172.7754 1803.5543 125.29883 174.59618
9272.91 173.2176 1802.3716 90.35083 178.41022
9229.025 173.2176 1767.7107 113.703 174.59618
9183.271 174.62762 1777.7292 103.5918 181.21349
9109.673 174.62762 1759.2257 97.667114 177.50423
9196.616 174.62762 1754.0237 134.56519 176.64444
9143.418 174.59618 1749.2072 123.42493 174.55391
9188.355 174.55391 1787.8383 123.84729 174.62762
9263.701 172.4946 1802.3866 88.18323 173.78304
9174.781 172.4946 1785.7189 127.10608 170.69711
9219.793 158.90211 1800.864 91.202515 170.69711
9186.757 168.0409 1789.1703 117.013306 172.17154
9189.5625 161.20546 1793.6478 111.107666 172.7754
9357.514 161.1099 1833.146 74.24072 173.99953
9364.967 168.0409 1830.4742 75.72229 186.23871
9399.594 168.0409 1794.6486 140.70947 173.99953
9298.458 168.0409 1799.1786 103.15527 174.48071
9237.286 138.87321 1805.2483 74.93652 173.68413
9254.404 162.60805 1795.5273 97.13342 173.68413
9264.317 163.93184 1797.9724 131.2826 173.68413
9329.224 163.93184 1822.2433 90.73096 173.78304
9275.512 163.93184 1819.6626 70.65405 173.78304
9331.267 163.93184 1815.6322 84.4801 176.17882
9248.634 157.32475 1817.4806 51.953125 179.57294
9240.858 163.93184 1830.7778 39.869385 173.78304
9302.147 163.93184 1810.1428 150.74316 173.68413
9272.331 173.78304 1780.3274 156.23242 172.54773
9167.688 172.11137 1750.7087 157.77051 170.66316
9115.003 171.41327 1769.0491 141.91833 170.66316
9195.613 171.41327 1762.6046 150.828 172.61366
9318.2705 171.41327 1800.157 137.60168 174.59618
9318.227 173.78304 1800.1104 133.02649 180.07396
9276.578 173.78304 1813.1559 95.984985 181.21349
9219.17 174.59618 1783.8398 139.32324 173.78304
9202.194 161.20546 1787.7117 121.93616 172.61366
9171.608 161.20546 1794.2329 105.06787 172.17154
9175.893 158.90211 1803.0723 100.59888 169.52435
9184.828 150.9903 1793.3907 103.179565 169.52435
9175.894 158.90211 1803.0724 100.598755 170.57436
9034.138 158.90211 1761.9152 100.5564 169.52435
9029.281 168.0409 1772.2112 88.66699 172.17154
9006.637 168.0409 1749.5673 98.52844 169.52435
8946.29 160.20432 1746.9205 88.37756 170.06451
8938.488 142.16643 1734.849 83.06445 171.8137
8865.471 160.20432 1732.6073 69.6438 170.06451
8798.232 160.20432 1721.5891 83.45593 168.0409
8850.397 160.20432 1731.6772 90.7511 168.0409
8847.419 160.20432 1714.5543 104.573975 167.45956
8804.885 160.20432 1709.377 98.06592 167.45956
8694.283 160.20432 1699.9911 61.842285 168.28944
8767.814 160.20432 1718.501 83.43408 167.45956
8849.479 160.20432 1708.4646 104.28967 167.45956
8858.081 160.20432 1733.5587 72.736206 171.8137
8799.189 161.1099 1711.4243 92.36597 169.76923
8772.851 161.1099 1713.4559 102.35535 167.45956
8681.19 161.1099 1703.6963 89.66992 167.45956
8626.364 160.07138 1706.9064 42.529663 173.2176
8676.653 160.07138 1697.1282 61.046387 173.2176
8651.328 160.07138 1698.2338 61.06665 173.2176
9076.873 154.96448 1714.3368 227.26917 167.25055
9108.885 162.66907 1693.5579 208.54175 167.65732
9075.443 149.78938 1706.0846 178.17188 167.65732
9100.374 137.57477 1723.3549 183.21411 167.65732
9082.553 137.57477 1726.7853 166.1322 167.65732
9307.525 174.36157 1780.4773 130.05493 174.50981
9268.387 173.68413 1787.1597 115.943726 177.10144
9185.964 173.68413 1797.6942 99.54224 174.95355
9190.399 174.36157 1771.9271 113.92456 174.95355
