129108.1 123.17925 6683.1855 707.13086 147.45378
129327.02 122.43136 6689.063 641.72217 147.21472
129142.49 106.63748 6752.4536 644.95215 146.59882
129434.484 122.43136 6787.394 542.2173 154.63593
128767.95 132.53271 6604.5522 686.63574 147.03877
125622.97 142.50319 6321.5815 858.7837 151.5482
125646.586 142.99063 6231.249 950.12744 141.46008
125732.305 142.50319 6277.167 972.68066 140.39607
126876.54 138.50993 6461.389 829.6948 149.82169
126494.13 140.39607 6255.0537 975.6167 140.37236
129329.13 122.43136 6727.7427 660.2456 146.59882
128922.77 123.81409 6703.2856 685.8794 146.59882
129134.89 123.81409 6682.7295 664.72754 146.59882
128711.51 122.43136 6682.005 633.0449 146.3265
128741.82 123.81409 6652.066 631.2744 148.15761
129368.59 122.43136 6721.518 647.5664 147.45378
129009.82 106.63748 6619.764 746.24316 146.3265
128716.9 123.81409 6678.537 642.43555 146.90823
129279.0 122.43136 6704.781 646.8999 149.67123
128567.83 123.81409 6669.027 612.7666 148.15761
129147.66 123.81409 6635.3247 756.1987 149.67123
129314.29 123.81409 6726.0586 651.7925 153.41919
129149.63 123.81409 6588.211 780.2173 148.11597
128908.45 106.63748 6636.5723 724.46484 146.3265
128468.96 123.81409 6658.308 651.772 146.3265
126304.7 142.50319 6330.3804 911.1748 151.5482
129209.23 122.43136 6706.7993 631.6748 149.67123
126175.46 142.50319 6330.5034 907.7451 151.5482
128713.13 132.53271 6658.577 689.81396 146.3265
126557.21 140.73134 6316.96 888.44824 151.5482
126366.73 140.47026 6320.042 882.2114 162.33377
128527.76 132.58537 6606.0586 743.5029 146.38173
126619.4 140.37236 6330.2363 879.2832 162.33377
128213.85 132.58537 6623.378 682.14355 156.30699
127027.59 138.50993 6504.5664 768.5078 151.77692
126845.34 140.37236 6249.6343 985.44336 141.48924
127205.05 138.50993 6520.8994 759.01953 162.33377
127163.72 139.69392 6218.891 1028.5166 148.78528
126549.79 140.37236 6356.074 874.27734 159.5413
127076.805 138.94272 6249.102 1010.9966 150.68959
128835.695 107.81284 6603.2236 736.2388 145.10898
127389.945 138.50993 6521.1445 783.95264 162.33377
127531.47 138.6243 6246.8228 1013.105 153.41919
128012.4 138.50993 6518.3955 786.9634 162.33377
128154.25 123.81409 6687.1455 603.77686 148.15761
126299.375 141.46008 6243.6494 1021.87646 145.10898
126935.56 139.69392 6253.206 1038.3037 145.10898
127493.72 138.17288 6466.9653 842.5029 145.10898
128995.96 122.43136 6717.8896 586.95557 149.67123
128861.72 122.43136 6709.9214 581.22314 149.67123
129012.73 123.81409 6664.012 646.36426 148.11597
128770.27 123.81409 6647.2573 629.49023 148.11597
128412.625 123.81409 6598.4824 611.0591 149.91234
128150.82 130.84593 6582.509 645.0781 160.89525
127832.11 130.84593 6564.8354 679.5552 149.91234
126580.2 140.37236 6342.351 902.60645 151.5482
127720.03 130.84593 6592.5205 616.82715 149.25032
128535.336 113.14942 6614.5454 693.8965 145.10898
128302.84 113.14942 6590.4126 684.4004 145.10898
127538.64 130.84593 6584.766 612.18555 149.25032
128711.484 122.43136 6716.1855 583.5454 149.67123
126400.09 132.53271 6241.4023 952.36914 143.8741
127695.79 113.14942 6141.7207 1121.085 144.65913
128011.1 123.81409 6662.9927 617.64746 147.89226
127517.33 138.17288 6488.99 762.45264 153.41919
127486.36 138.17288 6500.607 783.1333 153.41919
127503.97 130.84593 6574.381 634.49854 147.03877
128811.766 132.53271 6541.9014 783.38135 148.11597
128710.52 122.43136 6692.5405 630.96533 148.78528
128652.25 122.43136 6668.8955 622.53564 148.78528
128232.37 135.19296 6425.1772 877.0615 149.33054
128736.01 106.63748 6683.9434 632.56494 148.78528
128104.05 135.19296 6446.771 849.063 148.11597
127848.14 138.17288 6483.3823 817.6572 153.41919
127997.11 134.96974 6463.7246 839.4492 148.11597
127558.87 129.3894 6566.7715 651.2012 148.10788
127319.88 113.14942 6658.229 588.5879 147.89226
126507.54 140.37236 6384.8936 849.5796 148.81927
126484.05 140.37236 6407.467 824.74756 148.81927
127010.14 129.3894 6555.382 634.2422 148.10788
126812.74 138.7607 6516.0127 687.6655 148.81927
127513.055 138.17288 6505.152 801.34033 146.48795
127169.69 134.58107 6498.489 773.0054 146.48795
126904.6 113.14942 6647.375 577.9238 146.3265
127316.555 126.97676 5840.4077 1481.2778 143.92137
126944.21 129.3894 6582.227 597.2495 146.90823
127574.92 134.96974 6471.559 819.9082 148.11597
126974.9 129.3894 6566.865 614.2329 146.90823
126937.32 138.7607 6515.6494 696.2466 151.5482
127207.78 113.14942 6612.05 662.65625 145.10898
126912.086 113.14942 6596.248 653.2456 145.10898
126788.68 138.7607 6518.4634 681.46045 151.5482
128296.83 106.63748 6690.784 584.0737 148.78528
126373.96 138.7607 6506.7915 681.3926 151.5482
127115.87 129.3894 6552.6016 624.1758 148.81175
126812.17 129.3894 6595.113 576.8628 152.07114
127212.13 134.58107 6496.7666 717.0747 147.21472
127944.7 128.13597 6462.611 786.4956 145.10898
128600.47 113.86264 6698.1455 585.8535 148.78528
126677.56 129.3894 6596.8467 591.7207 152.07114
127027.7 129.3894 6590.4404 615.291 152.07114
127647.32 130.71074 6531.8433 699.0449 144.175
127469.75 130.71074 6547.5283 702.81055 144.175
126306.26 113.86264 6556.7515 625.1831 145.10898
128417.05 113.14942 6672.11 584.249 148.78528
127793.39 130.71074 6511.7007 748.9287 145.10898
126390.68 128.13597 6494.2104 630.9424 145.21666
126485.25 128.13597 6559.5454 592.52 146.48795
126238.77 128.13597 6570.0938 577.7881 145.21666
127070.516 131.75862 6603.481 605.90674 154.28375
126708.086 131.75862 6583.1294 638.0073 152.07114
127727.54 134.19667 6498.4956 766.2207 146.3265
127545.195 134.19667 6528.5864 766.48486 146.3265
128468.15 113.86264 6704.054 596.5913 146.3265
127176.875 134.19667 6513.1167 757.7007 146.3265
126760.016 131.75862 6582.0474 608.81104 149.70216
127258.87 126.97676 6557.8096 672.2446 146.3265
127243.84 126.97676 6563.384 657.11084 146.48795
127258.91 126.9536 6518.7017 698.7949 145.33604
128032.305 113.86264 6474.7964 886.5371 146.2289
126641.4 131.75862 6597.818 624.96045 148.81927
126993.25 130.84593 6609.2524 642.69434 153.79124
128020.5 123.17925 6495.8794 871.3213 145.27196
126271.81 113.86264 6543.8 576.7456 146.5862
127632.664 132.53271 6469.933 779.14746 144.99773
126359.01 131.75862 6590.8438 620.8198 153.79124
127347.07 119.00577 6469.551 808.33203 143.92137
127048.914 106.63748 6593.4185 621.6411 145.33604
127178.42 106.63748 6551.2256 651.9209 145.33604
126249.445 131.75862 6565.853 607.13916 153.79124
127648.89 123.17925 6516.171 775.1367 145.10898
127307.64 106.63748 6590.3613 622.43555 146.21553
127612.15 106.63748 6593.131 683.22363 145.33604
127628.43 106.63748 6586.883 674.70703 145.33604
127603.38 123.17925 6535.7437 783.3364 145.10898
128139.5 137.78804 6252.247 1048.2534 153.01363
127570.27 126.97676 6535.917 739.5503 145.35521
128019.625 129.55254 6248.5586 1081.5322 145.23488
127226.9 123.17925 6234.382 1055.6865 144.14264
128109.44 138.17288 6259.2285 1026.4956 149.67123
128038.15 106.63748 6685.4185 570.0708 153.41919
128061.36 129.55254 6269.1895 1093.5469 145.23488
127885.68 106.63748 6635.297 536.8154 153.41919
127587.88 113.86264 6576.622 735.03955 145.33604
127815.45 106.63748 6645.1636 548.1621 153.41919
127377.36 106.63748 6640.848 514.8491 153.41919
128356.19 137.68944 6442.8125 888.7827 149.67123
127871.41 137.68944 6441.1987 836.74023 146.3265
127656.89 137.68944 6402.712 833.55225 146.90823
124626.734 130.71074 6263.19 791.4346 142.82094
127227.85 113.86264 6573.3413 690.8047 145.10898
127235.06 106.63748 6656.3013 495.63086 153.41919
127513.836 138.6243 6450.451 810.5674 146.90823
127555.54 138.6243 6492.2275 726.6958 153.84805
127622.836 138.6243 6490.1436 744.0386 153.84805
127096.586 107.81284 6569.387 563.7656 153.41919
127192.45 113.86264 6623.403 734.6196 145.14844
126817.01 107.81284 6578.924 570.87695 148.78528
127839.97 129.3894 6479.3105 815.8721 145.10898
128002.76 129.3894 6494.6914 826.7329 145.23488
127933.445 129.3894 6520.3545 802.2905 145.23488
127823.914 129.3894 6560.347 766.72266 145.23488
126141.01 135.20143 6555.557 630.45264 145.14844
126390.234 113.86264 6565.171 585.7637 146.59882
127984.664 129.3894 6542.4224 821.85596 145.27196
126352.22 107.81284 6609.807 554.0303 149.33054
127375.29 114.90903 6000.8823 1318.6836 143.50587
125379.33 111.52749 6537.61 520.6074 149.15945
126648.29 123.17925 6608.1484 540.3335 149.33054
126753.805 123.17925 6590.7725 579.03613 149.33054
126751.9 123.17925 6593.4297 571.17285 149.33054
126776.22 121.98328 6609.002 528.5737 149.33054
126381.0 121.98328 6579.178 583.208 147.03877
125801.97 121.98328 6553.861 576.5122 147.03877
125739.2 118.35303 6567.4614 526.4927 146.46162
125793.336 107.81284 6548.889 530.51025 146.46162
125826.664 107.81284 6585.902 519.68555 152.07114
126342.28 107.81284 6594.021 531.59863 146.46162
126166.57 118.35303 6541.4697 555.5376 146.46162
125202.234 123.52054 6479.9385 576.2549 145.23488
125928.51 118.35303 6564.4097 538.5459 146.46162
125171.734 113.14942 6512.582 554.2461 145.23488
126069.27 118.86035 6541.3926 565.5464 146.3265
126040.234 118.86035 6545.3687 573.56836 146.3265
124931.93 113.14942 6468.7695 538.4541 144.74106
125912.2 118.86035 6542.33 558.98535 149.25032
124847.06 111.52749 6476.2617 557.2798 142.99063
127400.37 111.51144 5880.9756 1445.5903 142.9814
125921.7 118.86035 6556.0728 574.4043 149.25032
125374.36 113.14942 6531.6274 582.7505 143.15266
125171.55 113.14942 6534.4688 551.5322 143.15266
126022.75 118.86035 6526.2637 608.25635 144.175
126307.016 97.73918 6520.3857 618.0073 144.175
125405.55 113.86842 6530.271 555.6338 143.15266
125338.68 113.86842 6531.7144 618.2495 143.15266
125084.734 113.86842 6487.1123 642.34766 142.99063
124049.15 114.52965 6383.0156 711.01904 142.50319
125039.8 113.86842 6478.9937 586.0161 142.99063
124869.98 113.86842 6460.553 596.8345 142.87886
124728.266 118.86035 6476.347 579.24365 142.87886
124268.53 113.14942 6481.0825 549.7295 143.99704
125268.39 118.86035 6489.1997 652.60254 143.99704
125799.4 118.86035 6491.2563 691.19727 142.87886
126122.64 121.98328 6541.8394 720.82275 142.87886
127245.945 107.81284 5984.9697 1327.81 142.9814
127529.586 107.81284 5980.0723 1352.2603 143.50587
125194.805 123.81409 6432.3066 655.1987 143.92137
127432.5 107.81284 5987.659 1325.3472 143.50587
127432.65 107.81284 5939.7246 1369.4019 142.9814
127414.43 107.81284 5963.7983 1339.834 142.9814
124674.33 107.81284 6489.9355 502.0835 146.6534
127399.23 107.81284 6040.362 1244.5542 143.78625
124979.07 107.81284 6507.344 506.9536 143.99704
125012.414 88.37653 6521.7676 520.3491 143.99704
125078.89 88.37653 6530.229 504.4131 145.14844
124786.95 88.37653 6516.7783 487.00537 168.02017
125154.32 88.37653 6547.2544 508.68213 147.21472
125273.34 88.37653 6536.3535 559.3872 145.14844
124309.87 134.58107 6296.351 822.8638 143.8741
127253.61 120.07763 5942.5273 1268.9087 142.99063
125061.01 134.58107 6334.6167 825.67725 143.8741
127399.87 123.17925 5978.904 1336.8696 143.50587
125370.09 88.37653 6524.792 548.0962 145.14844
125351.46 88.37653 6523.265 528.8794 145.14844
126396.79 121.98328 6512.511 818.3428 142.98274
126231.92 121.98328 6513.4897 842.3076 142.98274
124593.54 129.5067 6309.881 800.19727 140.73134
124500.984 123.24324 6299.827 798.1416 140.73134
125859.23 119.00577 6515.1323 576.93115 145.14844
125749.945 119.00577 6523.652 598.1279 145.14844
127197.54 106.63748 6023.8433 1265.5425 143.50587
127205.16 106.63748 6021.0405 1265.3584 143.50587
125768.24 119.00577 6504.2163 624.9995 145.10898
127188.055 106.63748 6048.1123 1213.0942 143.50587
126110.1 106.63748 6537.279 586.17676 145.10898
126246.82 97.73918 6554.141 571.9199 145.10898
125449.266 130.71074 6282.926 899.8345 142.19142
126298.33 106.63748 6458.4927 703.55566 142.87886
126875.54 106.63748 6012.7256 1246.2241 141.41927
126799.8 106.63748 6025.8 1264.8633 141.0754
126585.62 106.63748 6006.953 1258.2437 141.0754
126208.375 95.74289 6497.7896 639.43164 142.98274
125759.266 106.63748 5952.9175 1317.3472 140.00764
126198.32 114.52965 6429.1206 832.22363 140.73134
125984.85 123.03139 6282.9595 988.666 140.73134
125823.22 123.81409 6378.0664 805.5581 142.58266
125881.09 123.81409 6358.7354 806.4531 142.58266
125611.18 123.81409 6349.18 820.2427 142.46227
125694.44 117.71117 6374.545 810.0342 142.46227
126192.18 123.81409 6363.4614 843.1323 142.46227
125908.38 130.71074 6442.446 743.6826 143.4619
125803.7 107.81284 6523.004 538.5962 142.98274
126058.92 130.71074 6461.572 773.7031 143.83733
127340.21 113.86264 6006.5674 1253.5322 143.50587
126216.945 97.73918 6495.0337 749.88965 142.85373
126568.586 97.73918 6344.4146 864.77246 142.46227
126030.47 107.81284 6533.904 565.3999 142.50557
126111.055 107.81284 6527.511 603.5176 142.50557
126095.72 107.81284 6545.2246 573.6553 144.79984
127280.88 113.86264 5975.96 1361.4712 142.9814
125877.58 125.08518 6394.4966 798.20654 142.9661
127286.94 113.86264 5977.428 1255.8867 143.30919
125419.04 125.08518 6407.872 847.74414 141.71442
126140.56 125.08518 6328.1753 890.2324 141.53712
124986.19 127.09281 6400.175 800.4072 141.71442
126411.375 123.81409 6346.344 871.0083 141.49333
124673.73 127.09281 6350.982 761.80225 141.71442
124913.5 118.35303 6383.9297 751.2285 141.8037
125939.19 123.81409 6296.452 915.7471 141.0754
125994.05 125.08518 6326.989 899.60156 141.46008
125988.695 129.77016 6302.1704 906.1909 141.46008
126349.0 128.22133 6303.113 888.10254 142.23004
125868.46 128.22133 6302.124 853.5493 141.46008
125482.29 122.43136 6364.133 738.563 140.78745
125406.14 126.97676 6378.953 753.5825 141.8037
125516.914 126.97676 6370.9775 836.07324 141.8037
125739.695 107.81284 6398.713 814.7041 141.8037
125700.375 107.81284 6400.6714 777.55225 141.8037
124751.92 88.37653 6357.3784 730.5747 140.37236
125681.53 107.81284 6392.0024 725.05664 141.8037
124399.84 88.37653 6364.606 765.6709 140.37236
126249.17 107.81284 6408.2334 872.8071 141.8037
124974.93 126.21887 5949.994 1186.7886 138.67992
124941.44 124.8185 5964.7896 1186.3062 138.67992
124719.49 110.83502 6024.0835 1101.3921 138.67992
126238.586 107.81284 6365.9717 929.24854 141.71442
126203.25 122.43136 6383.8467 859.2075 141.41927
125653.51 123.81409 6353.4717 958.0718 141.41927
124589.836 129.5067 6341.055 741.8574 142.50557
125333.15 110.83502 6022.7827 1157.3721 138.67992
125061.55 110.83502 6040.1934 1171.1743 138.67992
124541.945 129.5067 6337.6265 755.45996 141.44652
124892.266 118.27908 5993.1797 1244.0518 138.67992
125366.88 121.98328 5948.6934 1305.1436 138.67992
125040.41 121.98328 5949.519 1318.9414 138.67992
124265.82 128.25 6364.4937 637.7456 142.50557
124310.19 126.97676 6333.2974 730.9795 142.50557
124654.92 126.97676 6337.9287 789.0742 141.44652
123541.08 113.86842 6355.1562 713.0327 141.0754
123742.19 113.86842 6329.714 708.36084 141.0754
123878.6 123.81409 6321.4375 729.3579 141.0754
124528.164 118.86035 6352.458 708.12695 141.44652
124494.52 127.1286 6280.668 883.94775 140.37236
124676.03 118.86035 6345.184 696.0449 141.44652
124445.14 127.1286 6298.749 876.3408 140.37236
123391.1 123.17925 6329.6426 709.7754 141.0754
124456.54 127.1286 6245.9585 1010.64014 140.00764
124664.79 122.56346 6218.0312 1011.1094 140.00764
124715.48 123.81409 6410.5503 747.4404 141.41927
124419.57 123.81409 6403.262 725.81836 141.41927
124132.02 123.81409 6358.2075 757.8262 140.77843
124379.69 127.1286 6257.5957 946.9385 140.00764
125043.414 106.63748 6369.6704 767.7407 140.78745
124999.5 118.86035 6391.2476 677.78906 142.50557
125091.06 125.77295 6403.3433 659.27734 143.31035
124857.02 106.63748 6363.364 780.9541 140.37236
124913.1 125.77295 6401.4253 655.2324 142.50557
124944.86 123.52054 6414.88 648.42773 142.82094
124996.31 123.52054 6410.832 664.0928 142.50557
124893.8 106.63748 6336.6665 770.3999 140.37236
125419.78 113.86842 6447.278 642.1533 142.50557
125475.47 113.86842 6388.6426 668.2046 142.50557
125216.99 106.63748 6330.1724 784.6875 140.37236
124444.484 121.07661 6280.7495 925.8594 140.00764
124234.71 123.81409 6382.6724 720.2803 141.41927
125269.08 106.63748 6337.558 784.1929 140.73134
123902.32 123.81409 6346.4004 719.2612 141.41927
125009.086 106.63748 6327.527 769.8877 140.73134
125698.46 113.86842 6401.5654 723.2842 142.50557
125913.99 113.14942 6401.8115 693.4707 142.50557
126120.53 107.81284 6397.4375 728.8657 142.50557
126236.61 107.81284 6394.114 727.2407 142.50557
124671.67 126.15767 6289.3457 889.3052 140.37236
124763.26 126.15767 6277.206 927.93066 140.47026
126808.16 106.63748 6429.869 752.3535 142.50557
125201.66 123.91787 6358.5337 859.4497 141.41927
127251.805 120.07763 5976.133 1367.541 142.61728
125353.04 123.91787 6331.712 799.48145 141.41927
124730.89 126.53001 6259.83 938.7495 140.47026
125578.08 123.91787 6324.988 794.85596 141.46008
126509.85 107.81284 6404.989 784.105 142.50557
124471.03 112.21345 6350.2817 715.48047 140.47026
125429.48 123.91787 6340.093 793.1914 141.46008
126657.266 107.81284 6387.6 810.1719 142.50557
124613.83 112.21345 6353.645 716.63574 140.47026
125453.695 125.91344 6323.5957 843.2964 141.46008
127024.766 107.81284 6374.172 833.2002 142.50557
126523.02 107.81284 6403.4604 831.9038 142.50557
126849.875 107.81284 6408.7847 845.68115 142.50557
124227.95 112.21345 6353.092 703.8784 140.37236
125136.62 130.84593 6257.7837 920.36865 140.47026
124311.28 112.21345 6350.0156 677.6743 140.73134
126641.805 97.73918 6413.578 716.8071 143.02838
123888.234 111.27056 6296.918 762.8374 140.00764
124185.875 111.27056 6291.0767 819.10254 140.00764
125702.984 125.91344 6353.315 863.3086 141.41927
125779.47 125.91344 6345.6377 882.43555 141.41927
125607.125 128.7408 6340.2856 900.4209 141.41927
124421.125 112.21345 6347.9106 677.48926 140.73134
123992.58 114.53787 6328.3745 836.0762 140.00764
124615.47 112.21345 6367.756 687.08887 140.73134
125494.336 128.7408 6289.6685 890.6748 142.46227
125324.695 106.63748 6374.3184 791.94336 140.73134
125554.15 106.63748 6356.3125 822.4673 140.73134
125559.89 106.63748 6346.455 799.6494 140.73134
125256.79 131.48608 6336.192 851.7256 141.41927
125383.73 106.63748 6332.0415 824.40625 140.47026
125102.625 133.49161 6355.8643 893.6533 141.41927
125156.58 133.49161 6352.13 948.41406 141.41927
124348.37 123.52054 6323.532 772.39014 140.47026
124843.35 113.86264 6368.808 718.5679 140.47026
124973.45 113.86264 6400.213 726.05273 140.73134
124717.08 113.86264 6391.992 709.06934 140.73134
124439.9 113.86264 6364.302 685.50195 140.73134
124735.94 113.86264 6372.5547 694.19336 141.71442
124806.82 113.86264 6396.9375 813.33203 140.37236
124503.73 121.98328 6362.366 842.6113 140.37236
124924.77 123.52054 6315.9946 873.56104 140.37236
124583.234 124.8185 6333.5737 808.98145 140.37236
123838.875 121.07661 6298.219 797.63916 140.37236
125067.57 133.49161 6338.3564 810.37646 142.46227
125474.05 133.49161 6377.4854 842.6572 142.50319
125720.43 123.24324 6434.836 750.3511 142.50557
126487.52 97.73918 6477.8247 653.83154 143.19392
125195.414 123.24324 6457.134 723.79297 142.50557
125213.4 123.24324 6436.938 742.2041 142.50557
126544.73 107.81284 6481.0767 669.2446 143.19392
125232.805 123.24324 6431.5747 723.07666 142.50557
126137.67 107.81284 6501.872 619.4868 143.19392
123361.61 123.17925 6296.401 727.9717 140.00764
125878.484 132.77963 6304.666 894.2583 142.50557
126315.7 107.81284 6495.41 630.084 143.19392
125499.5 123.24324 6455.1953 750.2705 142.50319
126417.945 107.81284 6503.6924 643.39844 144.175
126203.836 107.81284 6482.57 659.7075 143.02838
126210.22 107.81284 6528.992 627.0698 144.175
123048.08 126.53001 6203.056 844.83154 140.00764
125208.81 123.91787 6370.9204 903.77344 140.73134
124974.12 123.91787 6392.5747 806.01855 140.73134
122377.984 126.53001 6172.508 841.9375 140.00764
122641.78 126.53001 6163.89 834.7085 140.00764
126665.74 107.81284 6503.9146 670.7612 143.19392
122811.08 126.53001 6150.787 844.5054 140.00764
125179.9 123.91787 6390.172 783.5576 140.77843
126930.22 107.81284 6503.796 698.67773 143.19392
123246.23 126.53001 6097.2354 906.83496 140.00764
127225.6 120.07763 6006.2085 1255.1079 142.99063
127401.78 118.4433 5978.256 1285.5488 142.99063
126553.625 107.81284 6515.8354 673.59717 144.14264
126992.89 107.81284 6508.2944 818.8833 144.14264
127239.77 118.4433 5996.0923 1270.9131 142.99063
124859.61 123.91787 6318.4424 864.0127 140.37236
124888.78 123.91787 6297.267 938.87354 140.47026
126863.63 107.81284 6497.0205 799.7329 142.82094
126530.57 122.43136 6444.879 795.0991 142.82094
124422.14 128.25 6346.8364 885.9956 140.47026
126018.97 122.43136 6446.31 785.7412 142.82094
126044.22 123.91787 6459.913 839.97656 142.50319
123725.18 125.77295 6338.603 842.2461 140.00764
123503.76 125.77295 6334.284 819.1572 140.31827
123374.72 126.53001 6129.3613 913.4678 140.00764
125731.266 123.91787 6442.3574 807.647 142.50319
125814.85 123.91787 6438.934 797.0957 142.50319
126079.82 123.91787 6427.338 836.96533 142.50319
125890.98 123.91787 6431.0005 813.5298 142.50319
123375.18 126.53001 6146.9727 920.9551 140.00764
126057.29 123.91787 6415.4463 822.9033 142.82094
123573.54 126.53001 6152.526 925.5342 140.00764
123328.516 126.53001 6164.803 913.35596 140.00764
123115.25 126.53001 6217.394 850.45557 140.00764
125729.76 123.91787 6378.786 859.8208 141.54433
125553.2 123.91787 6377.5605 844.562 141.54433
123310.336 128.22133 6303.403 798.7012 140.31827
125584.68 123.91787 6377.0337 858.6709 141.54433
123145.586 128.25 6248.3115 785.08594 141.4447
123664.766 128.13597 6311.3906 812.66943 140.78745
125186.08 123.91787 6340.424 818.6582 141.54433
125304.195 123.24324 6366.7725 799.6582 141.54433
125381.06 123.24324 6394.731 851.6455 141.54433
123441.24 128.13597 6331.888 814.30566 141.41927
122424.125 128.32639 6175.577 886.7085 140.37236
125571.93 123.91787 6398.0054 915.4463 141.54433
122568.85 128.32639 6128.2783 935.063 140.37236
125513.51 123.91787 6406.9795 864.2041 141.54433
126632.66 126.11225 6351.405 821.1914 142.50557
124968.125 112.21345 5874.8027 1361.9058 137.78804
125563.86 123.91787 6383.6772 906.0659 141.54433
125721.05 126.9536 6382.893 892.5908 142.46227
126768.08 130.84593 6375.317 796.3926 142.9814
125305.555 126.9536 6363.626 917.81934 141.41927
125410.27 126.9536 6355.3833 941.56494 141.41927
122181.92 128.32098 6195.1807 857.605 140.37236
122334.35 128.32098 6188.249 851.5737 140.37236
122720.57 128.25 6223.1016 809.4492 140.37236
122724.29 128.25 6219.0996 818.82324 140.37236
124131.44 123.24324 6273.948 892.97754 140.37057
126594.125 130.84593 6389.697 910.9546 142.50319
126493.86 130.84593 6380.7036 851.07666 142.50319
125390.4 131.60988 6324.196 825.60547 141.46008
124012.0 123.24324 6293.3804 855.89404 140.37057
124088.43 125.58012 6282.267 879.3467 140.37057
124239.04 125.58012 6260.267 878.22314 140.37057
123463.44 123.81409 6221.354 769.43994 140.37236
125482.8 129.56282 6293.295 959.7251 141.41927
123945.84 121.07661 6253.531 784.0303 140.37236
123830.15 125.58012 6277.509 963.9009 139.85257
125505.266 129.56282 6267.328 951.7388 141.41927
123772.96 125.58012 6281.628 932.5713 138.50993
125573.43 129.56282 6257.8853 969.51074 141.41927
123839.55 125.58012 6274.1216 903.8013 138.50993
125674.51 126.97676 6290.3994 926.22363 141.41927
123677.24 125.58012 6309.8403 899.3784 136.92401
124052.266 97.73918 6311.8228 820.5449 140.00764
124127.98 97.73918 6311.2744 854.87744 140.00764
124162.28 125.77295 6305.7095 948.0908 140.00764
125725.516 126.97676 6342.9814 868.7388 142.46227
124178.55 123.91787 6318.2837 916.48 140.00764
123965.65 123.91787 6343.9927 831.7788 140.00764
124010.055 106.63748 6322.855 842.8706 140.00764
124049.32 106.63748 6354.308 890.75146 136.92401
126126.664 125.91344 6397.9424 837.29346 142.46227
125836.484 125.91344 6400.9966 856.13965 142.46227
125415.0 125.91344 6412.87 849.77344 142.46227
125182.73 125.91344 6432.2427 878.9092 142.46227
125228.75 125.91344 6431.844 905.28906 142.46227
125084.25 125.91344 6427.009 824.8623 142.94437
125119.805 125.91344 6423.911 793.8081 142.94437
125105.09 125.91344 6414.2744 751.8013 142.94437
123469.7 120.36837 6269.585 766.3701 140.37236
123631.82 120.36837 6250.139 775.50635 140.37236
126360.54 134.19667 6345.276 869.16797 144.175
126405.31 137.19519 6371.7344 898.1328 143.99704
123365.836 120.36837 6274.838 776.7676 140.37057
126286.664 135.50793 6400.085 822.4463 143.99704
124028.87 120.36837 6255.019 798.23926 140.37057
126351.914 137.19519 6331.673 876.07764 144.175
126603.21 137.19519 6327.34 892.3843 144.175
126818.86 137.19519 6358.6455 928.20605 144.175
126673.81 137.19519 6352.4214 958.0674 142.50319
126329.36 137.19519 6340.926 934.8301 142.50319
126159.695 137.19519 6369.905 867.71924 142.9814
125859.6 135.96637 6351.6504 864.46875 142.9814
124845.33 125.91344 6433.9873 831.8887 142.94437
125164.32 125.91344 6418.272 766.4746 142.50557
124512.44 125.77295 6262.8916 888.6343 140.37057
124121.97 125.77295 6263.9346 878.563 140.37057
125612.39 125.91344 6408.0693 768.46826 142.50557
125689.34 123.91787 6422.1436 769.95996 142.50557
125773.766 125.08518 6341.2495 917.3032 141.0754
125795.98 125.08518 6343.279 917.5737 141.46008
124020.73 125.77295 6273.3857 896.56445 140.00764
123337.43 125.77295 6286.164 754.12305 140.00764
123856.23 125.77295 6283.5513 782.9175 140.00764
125725.56 131.51402 6287.1562 971.2041 141.0754
124098.69 125.77295 6272.2954 833.501 140.00764
124276.07 125.60949 6259.591 829.0088 140.00764
124701.54 118.86035 6246.375 867.93066 140.00764
125512.49 131.51402 6311.1836 926.2197 141.46008
124642.57 106.63748 6277.8643 865.4082 140.00764
125225.29 106.63748 6260.5674 905.3633 140.00764
125441.37 131.51402 6316.3467 924.2075 141.0754
125292.4 130.71074 6334.6396 913.90674 141.0754
125388.1 106.63748 6259.86 932.3496 140.00764
125230.62 106.63748 6250.4966 928.0552 139.69392
124951.06 125.60949 6418.6704 769.6997 142.74059
125534.32 106.63748 6259.756 933.9375 139.69392
124875.625 118.86035 6262.676 906.0156 139.69392
125128.22 131.51402 6307.1016 952.2329 140.77843
124640.17 131.51402 6264.201 950.0044 140.77843
124002.66 117.11209 6295.726 720.99414 139.69392
124439.695 115.48722 6273.747 757.99414 139.69392
124201.64 125.91344 6450.9263 799.77686 142.74059
124347.35 118.86035 6280.3257 751.6499 139.69392
124158.04 118.86035 6267.5767 722.5405 139.69392
124791.45 125.91344 6433.465 738.68506 142.74059
124159.28 118.86035 6265.269 713.95557 139.69392
124640.914 125.91344 6428.496 733.124 142.74059
124520.78 125.77295 6250.3306 782.5283 138.50993
123545.28 125.77295 5941.8906 1080.1582 137.06001
123952.08 123.81409 5957.9736 1040.3354 137.06001
124978.55 125.91344 6393.6045 778.4487 142.04971
123936.86 123.81409 5957.977 1108.5835 137.06001
124790.09 125.91344 6403.318 803.0137 142.04971
124808.62 125.91344 6402.3223 742.96924 140.78745
124125.77 126.97676 5966.413 1127.3428 136.55138
123420.36 89.28175 5972.017 1097.2485 136.55138
124354.84 125.91344 6407.762 775.76416 140.78745
124681.15 125.91344 6404.9443 788.0327 140.78745
125137.54 125.91344 6335.3306 799.6138 140.78745
122909.68 89.28175 5940.651 1094.1367 136.55138
124818.016 125.91344 6329.6514 790.33594 140.78745
124234.125 125.91344 6343.123 752.6885 140.70325
124387.53 125.91344 6357.271 761.2041 140.70325
124910.3 125.91344 6329.5435 823.59863 140.70325
124471.336 113.14942 6369.214 789.3169 140.70325
122390.69 89.28175 5911.824 1141.0464 136.16515
124736.72 125.91344 6341.927 829.04004 140.70325
124437.6 119.58932 6332.6504 789.1577 140.70325
124490.01 131.94112 6264.206 917.3423 140.77843
121883.39 110.80491 5876.3364 1180.146 136.16515
122005.47 110.80491 5874.6973 1162.6567 136.16515
122475.445 110.80491 5896.144 1185.854 136.16515
124852.8 125.91344 6339.4814 811.855 140.37236
122896.31 107.80138 5894.443 1162.3647 135.91469
122635.02 107.80138 5917.6855 1138.3833 136.4968
122118.234 113.86842 5934.7334 1110.6343 136.4968
121961.62 118.35303 5915.527 1130.9531 136.4968
122070.71 118.35303 5893.5435 1136.522 136.16826
122486.09 118.35303 5912.8022 1141.0596 136.16826
122338.305 118.35303 5874.5796 1136.898 136.16826
121498.42 118.35303 5834.289 1149.8813 135.81477
124358.1 125.91344 6343.529 799.31836 140.37236
124380.445 125.91344 6361.7524 800.7803 140.47026
120957.73 119.14341 5860.85 1101.3896 135.81477
124686.37 125.91344 6347.0703 801.38135 140.47026
121421.266 107.80138 5892.462 1068.8525 135.81477
124136.086 131.94112 6266.3755 832.667 140.77843
121195.95 107.80138 5905.201 1066.3071 135.81477
121274.43 107.80138 5903.515 1081.7041 135.81477
124232.414 131.94112 6288.1895 833.7529 140.77843
121079.37 121.44351 5908.841 1150.106 135.81477
124058.9 130.84593 6311.083 786.77246 142.50319
123277.766 130.84593 6313.943 762.5659 142.82094
125214.734 113.14942 6329.3887 833.11523 140.47026
122012.61 121.44351 5875.2983 1197.1826 135.81477
125194.914 122.03947 6391.872 810.08154 140.47026
122395.375 120.36837 5881.977 1203.1543 135.81477
121280.586 120.36837 5835.545 1195.3726 135.81477
121240.65 121.44351 5853.0664 1143.874 135.81477
121551.08 106.63748 5867.5737 1182.81 135.50793
121514.92 121.44351 5858.3423 1213.2305 135.50793
124758.53 113.14942 6420.598 809.6035 141.74757
121608.5 114.52965 5869.43 1212.4126 135.50793
121739.88 109.3632 5868.1914 1208.0605 135.50793
121579.62 105.57594 5885.525 1200.1963 135.50793
121630.74 105.57594 5911.577 1227.9458 135.50793
124764.1 113.14942 6420.5796 811.9209 141.74757
121892.85 109.85083 5951.222 1114.4287 135.81477
124689.47 113.14942 6399.232 858.1113 140.47026
123317.016 132.77963 6315.114 762.0259 142.99063
124565.59 122.56346 6407.1963 820.9834 140.47026
121582.28 104.85193 5748.8726 1212.4487 134.77567
121811.88 104.85193 5735.289 1225.3071 134.77567
122336.836 109.85083 5953.5474 1146.7666 135.81477
124393.83 122.56346 6413.303 792.1299 140.70325
121565.516 113.86264 5728.841 1225.4111 134.77567
121295.39 109.8703 5735.806 1245.5659 134.77567
123386.35 132.77963 6313.9194 714.4253 142.82094
124630.99 109.85083 6414.254 780.7788 140.70325
124852.91 109.85083 6396.701 768.26025 140.70325
122741.24 109.85083 5974.6323 1150.6035 135.81477
124962.6 109.85083 6363.471 807.8633 140.70325
123457.35 131.51402 6273.631 759.9878 142.99063
124916.34 109.85083 6369.487 835.105 140.37236
125025.56 109.85083 6398.215 808.4712 140.47026
124848.625 123.91787 6359.382 843.40137 140.47026
124860.19 122.43136 6322.0483 874.897 140.47026
124976.19 122.43136 6352.073 792.0376 140.70325
123697.06 130.84593 6261.321 755.29395 142.99063
124872.99 122.43136 6320.3696 789.7407 140.70325
123823.92 130.84593 6284.516 773.1655 142.99063
125201.06 118.98245 6299.926 839.8203 140.70325
125636.71 122.43136 6333.4956 855.4429 140.70325
123701.836 130.84593 6282.4907 772.84863 142.99063
125798.234 126.82869 6336.7036 827.6836 141.64827
125947.06 126.82869 6339.2715 865.88965 141.64827
125883.72 126.82869 6330.052 922.94727 141.0754
125641.63 126.82869 6335.6426 886.23975 141.0754
124214.59 130.84593 6298.3813 726.8325 143.4619
125838.15 122.03947 6359.455 811.9087 142.50557
124654.016 130.84593 6316.591 733.95264 143.4619
125751.12 122.03947 6359.001 794.16406 142.50557
125699.86 128.32639 6379.533 786.09033 142.50557
126034.87 118.01648 6472.1475 717.6792 142.9814
126410.22 118.01648 6438.67 724.29346 142.87886
126369.17 123.81409 6472.719 653.9673 145.09714
126147.8 123.81409 6474.9736 655.85205 142.99063
126350.66 123.81409 6489.337 663.2759 142.99063
126102.91 118.01648 6438.1445 729.9951 142.50557
126162.24 118.01648 6441.5547 753.5073 142.50319
126387.25 118.01648 6461.1646 765.49756 142.50319
119769.58 112.49861 5354.203 1751.331 133.13885
119302.516 112.49861 5322.2095 1729.6206 133.13885
120396.79 112.49861 5293.374 1729.1064 133.13885
119493.6 112.49861 5281.679 1709.1348 133.13885
119597.16 119.10334 5730.64 1317.0747 134.19667
119395.12 119.10334 5701.6387 1305.3252 134.19667
119346.89 119.10334 5727.4463 1314.9775 134.19667
117202.25 94.063 5549.6562 1370.4692 132.23616
117250.32 94.063 5515.376 1386.439 132.23616
117368.77 89.28175 5539.0684 1379.0801 132.26207
126337.016 118.01648 6514.2803 700.56006 143.4619
126450.0 118.01648 6506.4946 704.2754 143.4619
118451.09 94.063 5552.1626 1387.2051 132.26207
119535.15 94.063 5609.3857 1392.8794 132.26207
126213.75 118.01648 6503.5312 690.4077 143.4619
120137.75 94.063 5596.1616 1412.0337 132.26207
126397.266 118.01648 6506.8994 710.59375 143.4619
126559.15 118.01648 6501.639 709.99316 143.4619
127128.414 129.5067 6502.3784 719.0835 142.9814
126968.766 129.5067 6505.267 722.667 142.9814
126967.484 129.5067 6513.2456 684.4531 143.92137
127145.586 95.74289 6479.454 734.729 143.92137
127360.42 95.74289 6492.5654 761.02 143.92137
127039.555 95.74289 6511.9004 696.87256 143.92137
127666.44 122.43136 6570.59 662.8281 144.175
127318.59 132.58537 6399.9097 822.11084 144.175
121835.87 104.36113 5404.0327 1795.3511 132.15886
126758.086 132.26207 6440.879 788.1865 142.99063
126543.23 132.58537 6515.7974 696.68506 145.09714
126670.055 132.58537 6489.55 731.4365 145.09714
126665.88 132.58537 6507.692 737.1699 145.09714
117510.984 84.32993 5357.8174 1521.3374 131.5253
126467.195 132.58537 6528.6357 678.1177 145.09714
126810.01 131.12895 6516.1123 690.93506 145.09714
127263.78 132.58537 6476.3257 758.7583 145.09714
120382.25 122.75108 5724.0703 1340.0479 134.61526
121099.2 122.75108 5692.7856 1351.5991 134.61526
127225.37 132.58537 6490.1147 812.88965 145.09714
117951.94 119.10334 5652.956 1329.0806 133.46701
127087.96 132.58537 6451.879 829.1304 143.92137
126938.625 132.58537 6467.0073 783.13184 143.92137
117692.16 119.10334 5677.0215 1320.8018 133.46701
126627.06 132.58537 6479.2227 748.52783 144.92934
120526.31 122.75108 5690.672 1333.541 134.70337
126241.86 132.58537 6480.497 742.8828 144.92934
126329.25 132.58537 6457.541 773.9072 143.92137
126427.38 131.12895 6498.493 710.47266 143.92137
126869.2 129.5067 6523.2217 623.23193 148.78528
121247.14 114.71565 5690.636 1292.5 134.38724
127090.31 131.12895 6552.9917 634.3125 165.1422
127224.19 134.58107 6508.264 690.91113 148.02708
127336.0 135.50793 6553.947 701.4795 155.33942
127147.78 135.50793 6584.1104 647.42236 145.10898
127159.49 129.3894 6595.6973 635.68994 145.10898
127208.555 135.50793 6597.927 647.9082 150.38174
126871.18 137.49902 6553.504 685.7529 150.38174
118024.54 84.32993 5279.683 1603.2471 131.44972
126801.86 137.49902 6549.801 676.5415 148.81175
120084.414 109.91685 5734.5376 1216.2827 134.19667
126662.82 137.49902 6541.6743 674.2959 150.38174
120323.67 110.83502 5762.8486 1210.436 134.68268
126637.414 137.49902 6552.7554 677.90625 154.63593
126589.37 137.49902 6554.9746 662.6743 154.63593
119913.73 109.85083 5787.94 1165.1855 134.68268
126271.63 137.49902 6543.9067 651.167 150.38174
126021.445 137.49902 6543.1704 617.57666 150.57047
125995.984 138.7607 6517.718 624.3169 162.33377
120075.945 110.83502 5746.5254 1205.5371 134.68268
125933.67 138.50993 6504.9067 674.67285 150.38174
126347.79 138.50993 6542.773 642.9531 153.41919
126748.52 138.50993 6519.2275 706.96533 153.41919
126427.586 138.50993 6434.4185 768.93945 147.03877
126243.49 138.50993 6426.052 800.7417 146.00975
120319.27 115.4727 5676.3286 1247.0156 134.68268
125916.94 138.50993 6382.5415 773.0552 143.92137
120262.94 121.44351 5683.6123 1253.2065 135.1779
120363.08 122.75108 5667.95 1248.2739 135.1779
120221.305 122.75108 5685.6587 1255.8843 135.1779
126009.95 137.49902 6381.815 758.25635 143.92137
118685.84 109.8703 5808.647 1237.1714 135.11949
125512.12 137.49902 6359.9053 713.32715 143.92137
125427.11 137.70534 6368.306 716.4282 143.92137
125608.32 140.47026 6400.7334 721.37744 143.92137
125860.28 140.47026 6404.57 741.2168 143.92137
119750.625 122.75108 5693.708 1214.416 135.1779
126303.945 138.7607 6383.2124 820.1987 146.00975
125989.68 138.7607 6407.067 767.813 147.56624
125253.29 137.70534 6423.857 717.1665 148.15761
119009.96 84.32993 5420.2783 1511.6841 131.90567
119357.36 84.32993 5393.6055 1511.8711 131.90567
125215.99 137.70534 6425.0327 707.8911 147.56624
125605.555 137.70534 6447.499 700.9634 148.4634
119573.03 84.32993 5355.333 1546.0552 131.90567
126458.72 137.70534 6457.958 722.584 146.32124
126840.23 137.70534 6439.434 783.605 146.32124
126918.93 137.70534 6432.8022 807.8882 146.32124
120466.79 122.75108 5628.3525 1287.69 134.61526
126498.37 137.70534 6446.346 788.00635 145.10898
126485.914 138.50993 6431.774 801.105 145.10898
127211.21 138.50993 6490.4517 770.6509 152.35272
126963.15 139.38202 6444.324 780.1074 152.35272
126729.836 131.62291 6310.9224 902.98145 142.46227
119958.4 122.75108 5685.502 1237.2168 134.19667
126775.9 128.13597 6302.7705 927.3462 142.50319
127178.76 126.97676 6344.289 930.583 142.50319
127166.05 125.08518 6354.431 968.04736 142.50319
126421.0 125.08518 6362.752 927.69434 142.46227
126386.52 114.52965 6365.5684 883.49414 142.46227
126339.91 114.52965 6368.1543 871.1968 142.46227
118371.31 84.32993 5261.54 1604.0112 131.0948
126530.0 128.25 6341.959 858.2246 142.46227
126846.445 123.81409 6316.0054 902.7344 142.50319
126991.47 123.81409 6316.1006 926.52246 142.50319
126769.836 123.81409 6350.3965 878.18066 142.46227
118204.63 84.32993 5334.816 1606.3633 131.0948
126101.7 126.97676 6285.576 922.55225 141.49333
118659.016 84.32993 5305.658 1604.0518 131.0948
118216.14 84.32993 5275.438 1600.896 131.0948
118004.96 84.32993 5275.219 1599.3286 131.0948
125846.46 126.53001 6325.723 870.6499 141.49333
117799.4 84.32993 5294.8315 1599.8809 131.0948
126251.65 106.63748 6376.314 819.1948 142.46227
126473.766 106.63748 6360.9756 844.0703 142.46227
125926.43 126.53001 6396.3506 820.72363 142.46227
125943.266 125.77295 6398.1665 819.4321 142.50319
125994.87 125.77295 6404.3335 829.8833 142.50319
125742.52 125.77295 6393.6714 781.9121 142.50319
117796.07 84.32993 5279.1694 1624.2349 130.72249
121285.58 115.08005 5702.998 1340.4028 134.19667
121501.19 112.88219 5733.83 1328.9912 134.19667
120496.914 110.83502 5739.3623 1244.8369 134.19667
120260.18 120.29431 5691.1377 1267.4092 134.19667
125586.79 126.53001 6364.86 783.5005 142.50319
120071.69 120.29431 5675.7715 1245.169 134.19667
116857.85 84.32993 5273.2085 1551.3237 130.72249
125542.49 126.53001 6367.733 775.13135 142.50319
117612.58 84.32993 5280.694 1587.4673 130.72249
125192.555 126.53001 6383.705 723.291 142.50319
124872.57 126.53001 6384.201 750.73926 142.87886
121386.16 107.80138 5755.467 1187.4795 134.19667
124360.45 126.53001 6386.235 737.3882 142.87886
121294.195 107.80138 5763.6123 1210.96 134.19667
124318.83 126.53001 6378.877 717.2876 142.87886
118031.945 109.92133 5729.2734 1119.8945 134.61526
118609.54 109.92133 5723.8057 1136.5278 134.61526
121590.0 107.80138 5758.5576 1250.936 134.19667
124145.516 126.53001 6389.023 727.3257 142.87886
116921.83 84.32993 5283.663 1583.271 130.72249
116271.67 84.32993 5292.256 1557.581 130.72249
116163.72 84.32993 5305.824 1569.5449 130.72249
121896.39 107.80138 5768.0015 1268.686 134.19667
118179.49 109.92133 5709.1636 1174.4844 133.76689
116309.164 84.32993 5292.5493 1589.5112 130.72249
124508.38 126.53001 6406.124 776.9829 142.87886
116623.266 84.32993 5273.4785 1575.7808 130.72249
124942.38 126.53001 6421.703 779.42773 142.50319
118377.55 88.37653 5773.121 1137.8604 134.41359
125293.19 126.97676 6400.662 782.71436 142.50319
118439.53 122.75108 5752.013 1178.4102 134.41359
125303.734 132.68353 6399.7007 827.1001 142.50319
124858.234 132.68353 6409.0967 793.03613 142.50319
124795.85 128.25 6405.47 763.4033 142.50319
118747.71 122.75108 5701.6094 1283.9629 134.41359
125594.82 128.25 6357.3237 801.0161 142.50319
121224.63 107.80138 5794.971 1179.1777 135.20143
125281.74 128.25 6387.1924 795.521 142.50319
120314.234 106.63748 5796.059 1114.5518 135.20143
120023.24 106.63748 5800.9004 1102.0679 135.20143
125430.25 128.25 6370.941 829.3423 142.50319
119437.47 107.80138 5761.7603 1141.9868 135.20143
119554.66 107.80138 5765.7666 1147.3613 135.20143
119770.3 107.80138 5770.394 1147.5947 135.20143
119057.77 122.75108 5732.0044 1308.3384 134.41359
118236.64 121.52893 5717.6313 1295.2764 133.87474
125590.234 126.97676 6398.4937 841.0659 142.50319
116799.48 84.32993 5268.9956 1579.4316 130.42287
116504.87 84.32993 5261.8784 1572.2046 130.42287
125637.95 126.97676 6393.8657 816.9658 142.50319
117466.53 84.32993 5250.212 1622.6885 130.20256
125870.2 132.68353 6364.2783 822.35205 142.50319
117452.88 84.32993 5271.9604 1609.1562 130.20256
118028.72 84.32993 5294.7764 1642.9385 130.20256
117639.01 84.32993 5336.087 1628.5791 130.42287
125619.84 132.77963 6408.9307 811.04395 142.61728
117621.85 84.32993 5323.0073 1622.6968 130.42287
125423.48 132.77963 6405.814 802.188 143.99704
117767.234 84.32993 5304.96 1590.999 130.42287
118134.914 84.32993 5323.8154 1627.3306 130.71074
117880.42 84.32993 5309.699 1644.6333 130.42287
117135.23 84.32993 5326.9717 1603.273 130.42287
119684.586 119.58932 5772.9336 1160.0557 135.20143
116955.766 84.32993 5305.185 1551.2529 130.85526
116860.07 84.32993 5300.914 1500.2393 130.85526
117096.875 84.32993 5272.565 1570.7866 130.85526
125714.87 132.77963 6439.8433 792.459 144.92934
119758.914 122.75108 5694.692 1347.3198 134.6087
118679.21 122.75108 5717.682 1294.4668 134.6087
117559.0 84.32993 5289.16 1572.7661 131.26195
125877.81 132.77963 6427.056 779.87305 144.92934
118553.49 84.32993 5331.4634 1718.3003 130.20256
118223.12 84.32993 5329.41 1712.6064 130.20256
119356.95 122.75108 5723.5874 1320.69 133.903
120814.65 122.07463 5790.965 1192.0947 135.91469
125183.11 132.77963 6430.3022 701.38965 144.92934
118837.59 122.75108 5713.3325 1280.0781 134.6087
118749.86 122.75108 5686.3506 1272.0186 134.90018
125233.19 132.77963 6398.8066 716.9536 144.92934
121521.91 113.86264 5787.3857 1193.5674 135.91469
125299.68 132.77963 6401.0483 731.2129 144.32138
119420.95 122.75108 5688.095 1302.2676 135.11168
121405.49 107.81284 5783.4097 1214.294 135.11949
120620.914 113.27183 5716.962 1257.5444 134.6087
120045.19 84.32993 5338.182 1686.5771 130.42287
120030.445 84.32993 5365.7856 1652.9321 130.42287
118902.95 121.16368 5771.861 1204.0391 134.9013
120248.67 84.32993 5368.6216 1686.7134 130.71074
118568.695 122.56346 5728.5234 1190.4639 135.4358
118966.51 122.56346 5723.966 1175.4614 135.4358
120786.71 84.32993 5379.5933 1722.9077 130.42287
121513.57 84.32993 5403.638 1621.7988 131.90567
118700.02 122.51272 5711.587 1275.4062 134.6087
120854.45 111.27056 5757.785 1268.1143 134.6087
122069.14 84.32993 5444.0957 1639.1904 131.90567
120772.32 111.27056 5766.282 1212.1426 135.11949
122521.44 84.32993 5433.681 1665.1934 133.51483
120320.95 111.27056 5724.2153 1239.7539 134.6087
121469.43 115.48722 5805.1143 1245.6895 135.20143
120888.66 122.07463 5792.625 1237.1138 135.20143
120443.11 109.91685 5741.746 1194.2046 135.4358
120132.91 109.91685 5763.79 1155.5581 135.4358
120175.59 109.91685 5712.997 1192.4292 135.4358
121363.664 113.86264 5793.444 1214.644 135.11949
120339.46 109.91685 5709.6064 1188.4248 135.4358
121157.05 113.86264 5766.4893 1221.2656 134.70337
119346.055 122.03947 5719.8486 1141.3213 135.4358
120724.46 119.58932 5719.5317 1263.6206 134.6087
120861.03 109.85083 5788.091 1166.8965 134.6087
120498.54 110.31514 5765.815 1207.19 134.6087
118911.914 109.91685 5726.3564 1129.0107 135.4358
120282.57 110.31514 5728.859 1205.5107 134.19667
119686.79 110.31514 5728.538 1186.1631 134.19667
119261.836 110.31514 5748.0615 1171.2705 134.19667
120037.62 110.31514 5763.469 1186.3208 134.19667
120006.24 110.31514 5754.872 1178.0137 134.6087
119527.46 110.31514 5772.7026 1180.9409 134.6087
120058.484 122.07463 5753.96 1142.8926 134.6087
119973.73 104.13647 5750.977 1170.7788 134.38234
119853.945 104.13647 5774.3438 1146.8511 134.38234
120026.766 104.13647 5783.858 1179.8799 134.38234
120064.26 117.71117 5761.4727 1195.69 133.46701
120451.29 117.71117 5777.0312 1247.3325 133.46701
120191.625 117.71117 5789.695 1256.0161 133.46701
119978.92 117.71117 5797.614 1192.8921 133.46701
119163.85 117.71117 5764.192 1174.6333 133.46701
119158.234 122.07463 5766.421 1191.8838 135.92345
119378.91 122.07463 5764.1953 1169.4048 136.16515
119251.11 122.07463 5777.905 1169.315 136.16515
119195.82 122.60525 5766.2 1191.9609 136.16515
119677.58 122.60525 5777.059 1219.9365 136.16515
121586.66 123.75858 5757.541 1233.1553 135.92345
122348.734 122.75108 5681.244 1377.3608 135.11949
122298.74 122.75108 5701.4155 1352.7485 135.11949
124823.234 84.32993 5505.285 1644.7646 134.6087
123877.22 103.90179 5658.9033 1417.7881 134.68268
122768.87 113.86264 5787.017 1268.833 135.92345
122846.45 118.01648 5774.202 1273.2085 135.20143
122555.03 118.01648 5774.496 1264.3389 135.20143
122019.35 118.01648 5760.7837 1237.2739 135.20143
121666.85 122.75108 5775.9355 1201.9238 135.20143
121876.234 119.73382 5766.6494 1206.373 135.20143
122253.26 119.73382 5750.892 1225.667 135.20143
122118.2 119.73382 5743.2046 1262.1929 135.11949
122273.0 124.60318 5725.415 1295.9492 135.11949
121767.35 124.60318 5742.5815 1321.0605 135.11949
121611.71 124.60318 5781.5835 1263.2812 135.11949
125725.68 119.00577 5565.245 1631.8164 136.38297
120571.234 113.32322 5795.2505 1255.6772 135.11949
120781.84 112.21345 5807.6226 1290.48 135.11949
121549.69 107.81284 5814.5776 1310.8604 135.11949
125201.62 129.3894 5591.2173 1602.3164 138.50993
121985.234 107.81284 5802.9097 1229.3022 135.20143
121211.945 112.21345 5790.203 1200.6855 135.20143
125305.53 129.3894 5561.6396 1637.73 138.50993
121580.53 112.21345 5803.5205 1209.0864 135.20143
121749.96 112.21345 5782.9766 1217.6646 135.20143
122238.93 109.45183 5768.2983 1250.6748 135.20143
121809.414 109.45183 5749.534 1267.1133 134.61526
121074.39 109.45183 5793.317 1223.0972 134.61526
120925.83 112.21345 5761.818 1207.4775 134.61526
124736.92 129.3894 5543.9966 1574.7954 136.38297
121782.33 106.63748 5759.514 1247.1211 134.61526
121376.2 112.21345 5741.5312 1258.6001 133.87474
121474.375 112.21345 5789.591 1280.2617 133.87474
121591.79 112.21345 5783.5635 1318.5337 133.87474
121666.125 106.13816 5774.2124 1259.9204 134.61526
122036.5 106.13816 5769.7764 1276.1733 134.61526
122024.83 104.81479 5732.8286 1253.6382 134.61526
122489.14 104.81479 5742.7227 1269.9248 134.61526
121429.49 104.81479 5740.276 1240.2397 133.87474
121547.95 104.81479 5727.052 1270.5444 133.76689
121768.44 104.81479 5718.698 1351.1577 133.668
121404.92 104.81479 5711.059 1327.4058 133.668
123966.516 127.46905 5492.832 1691.1006 135.50793
122117.89 107.80138 5735.9443 1449.8184 133.668
123641.984 126.77582 5469.6597 1671.6343 135.50793
121871.17 107.80138 5739.0645 1442.7368 133.87474
122149.516 105.57594 5722.8125 1437.0024 133.87474
121548.42 105.57594 5734.27 1454.5171 132.53271
120378.35 105.57594 5710.224 1334.5137 132.53271
123823.125 126.77582 5471.856 1681.2466 135.50793
122737.14 125.9208 5627.8926 1420.2041 135.1675
123086.625 126.7506 5661.879 1446.3862 135.1675
120443.63 105.57594 5471.727 1552.854 132.18361
119513.48 105.57594 5498.2915 1504.5625 132.18361
123611.375 120.54459 5610.082 1536.4072 135.1675
119610.29 105.57594 5496.8174 1500.5693 132.18361
119810.29 105.57594 5489.589 1534.8428 132.18361
119958.86 105.57594 5477.6855 1531.7417 132.18361
123997.47 113.86842 5652.247 1515.7739 135.1675
124043.95 113.86842 5628.8105 1517.1001 135.1675
120037.74 94.063 5508.95 1474.668 132.18361
123981.31 117.00102 5653.505 1445.6152 135.1675
124648.76 97.73918 5696.1787 1467.6768 135.48152
124662.516 109.85083 5667.9717 1507.2876 135.48152
124636.61 109.85083 5716.291 1453.6265 135.48152
122165.39 94.063 5741.5986 1520.4956 133.46701
122035.234 94.063 5734.9624 1495.0103 133.46701
123440.41 117.00102 5697.848 1438.5498 134.6087
123662.266 97.73918 5684.7534 1410.7617 135.11168
120870.78 94.063 5704.836 1313.4038 132.53271
120489.25 94.063 5704.2173 1286.522 132.53271
120469.81 94.063 5727.408 1268.5674 132.53271
124543.914 88.37653 5787.101 1330.5659 136.65492
119425.73 94.063 5742.1055 1244.1401 132.83609
123450.01 123.6777 5706.814 1501.9937 135.11404
122762.88 123.6777 5737.015 1420.8594 135.11168
123355.23 123.6777 5704.6777 1444.0352 135.11404
120871.38 94.063 5801.9155 1220.4478 134.70337
120885.49 94.063 5794.7095 1228.2051 132.89174
121536.72 94.063 5790.924 1219.6631 133.46701
124082.625 110.26398 5644.5107 1483.605 135.11949
122015.49 102.26893 5802.5146 1232.6646 134.61526
123922.65 119.95502 5677.117 1449.6709 135.11949
121957.74 102.26893 5803.3965 1249.1768 134.61526
122223.46 102.26893 5787.791 1254.3477 134.6087
123604.14 119.95502 5657.884 1464.8018 134.70337
122373.445 102.26893 5778.284 1247.812 134.6087
123520.29 115.48722 5323.857 1802.3882 134.6087
123566.305 115.48722 5324.0767 1840.0674 134.6087
120964.016 102.26893 5829.4404 1174.6455 134.77567
123610.7 116.01066 5314.5083 1823.8115 134.19667
121919.17 109.85083 5650.6978 1362.2065 134.19667
121666.81 116.01066 5316.3994 1759.1318 133.76689
123532.56 107.80138 5708.6147 1396.6328 134.6087
125294.32 113.14942 5480.0425 1698.9434 135.33318
125015.29 113.14942 5491.035 1692.6338 135.33318
125112.11 113.86842 5484.306 1717.4473 135.33318
120836.25 102.26893 5846.909 1159.8228 135.20143
120854.47 102.26893 5837.946 1182.6816 135.20143
125141.72 113.86842 5475.2393 1729.9873 135.33318
119908.64 102.26893 5830.482 1113.4502 135.20143
119917.48 89.28175 5841.208 1121.8604 135.20143
121684.22 108.63297 5287.2173 1803.791 133.05498
120518.23 89.28175 5820.881 1138.56 135.6303
121504.46 108.63297 5279.173 1826.0493 132.58537
121898.62 108.63297 5291.697 1839.1357 132.58537
121950.55 108.63297 5268.1323 1848.56 132.58537
125017.59 113.86842 5436.176 1713.9536 135.33318
120362.0 89.28175 5825.576 1144.687 135.6303
124908.164 113.86842 5455.0396 1686.5654 135.33318
120477.21 108.63297 5341.8486 1752.8916 132.58537
121025.664 108.63297 5343.545 1790.7744 132.58537
120144.836 89.28175 5840.715 1137.8818 135.20143
121044.984 108.63297 5305.165 1837.7793 132.58537
121608.56 108.63297 5299.391 1827.2266 132.58537
120874.164 102.26893 5835.838 1195.7832 135.20143
121224.055 108.63297 5283.6147 1820.5581 132.2244
120594.01 102.26893 5851.627 1158.4922 135.20143
121036.26 108.63297 5289.607 1809.7559 132.2244
119792.75 89.28175 5832.1816 1113.898 135.20143
124980.05 113.86842 5440.4106 1704.0278 135.01994
119252.42 89.28175 5822.277 1092.7603 135.20143
119859.3 89.28175 5812.6294 1108.8169 135.6303
120020.3 89.28175 5821.4443 1117.1992 135.6303
120716.85 102.26893 5794.1973 1149.7783 135.6303
120939.71 102.26893 5817.659 1159.355 135.6303
121355.95 102.26893 5825.0713 1167.0215 135.6303
121878.8 102.26893 5806.042 1189.8823 135.6303
122006.695 102.26893 5785.672 1198.3213 135.6303
121421.39 89.28175 5804.6704 1172.0396 135.6303
121149.46 89.28175 5826.8145 1160.5791 135.6303
122406.81 127.69407 5676.8413 1423.9395 135.11949
121180.05 89.28175 5848.901 1162.1187 135.20143
120832.44 94.063 5272.964 1883.2817 131.44972
120609.2 94.063 5252.69 1863.9136 131.44972
120953.54 94.063 5214.6377 1886.7896 131.44972
121427.7 123.13239 5722.9507 1348.8633 134.70337
121496.69 94.063 5283.538 1831.6562 132.01035
120984.87 102.26893 5811.459 1176.8174 135.20143
120488.25 102.26893 5828.299 1147.6245 135.20143
121671.766 94.063 5303.8115 1851.0234 132.01035
120370.31 102.26893 5820.9395 1143.5415 135.20143
120294.39 126.82869 5746.5967 1388.5542 134.19667
120805.37 102.26893 5827.292 1150.1611 135.20143
121317.34 102.26893 5819.0957 1186.3579 135.20143
121483.57 94.063 5376.9414 1685.0366 131.5253
121554.39 94.063 5391.4775 1669.7773 132.04634
121622.64 94.063 5392.949 1665.4268 133.05498
121658.41 102.26893 5815.458 1205.919 135.20143
121760.31 94.063 5365.4478 1712.4912 133.05498
121661.85 94.063 5339.386 1787.5259 132.04634
121620.945 94.063 5346.8047 1747.1675 132.04634
122340.64 126.82869 5744.8677 1387.7378 135.4358
121862.68 94.063 5362.0063 1686.7573 133.05498
121656.93 102.26893 5818.0557 1239.7334 134.77567
122393.38 102.26893 5810.35 1210.5762 135.11949
121659.83 94.063 5378.7676 1676.6348 133.05498
121547.89 108.63297 5400.9487 1650.5825 133.05498
121634.54 106.63748 5392.3677 1624.1475 133.05498
121521.47 106.63748 5363.655 1654.3486 132.23616
122622.836 102.26893 5850.2554 1211.9492 135.11949
121566.86 106.63748 5343.095 1681.4619 132.45303
121442.75 106.63748 5383.806 1666.5698 132.04634
120901.53 107.81284 5387.089 1620.228 132.04634
123160.84 102.26893 5866.3984 1242.231 135.11949
120272.336 107.81284 5376.149 1604.4814 132.04634
123384.68 102.26893 5818.179 1252.1235 136.16515
118909.32 105.06393 5314.5654 1583.9004 131.5253
123296.016 102.26893 5824.8315 1247.9731 134.77567
123082.59 102.26893 5806.5815 1237.8076 135.20143
123311.44 102.26893 5819.6313 1264.7793 135.20143
123634.016 102.26893 5861.03 1270.5308 136.16515
123665.64 102.26893 5856.9272 1269.1069 136.16515
123762.984 102.26893 5829.871 1314.1812 136.16515
121816.13 129.37442 5721.8037 1368.4316 134.68268
121568.72 129.37442 5730.464 1364.9878 133.76689
121335.39 128.94336 5784.0464 1302.6406 137.43243
120586.55 105.06393 5315.715 1764.9243 131.5253
120415.89 105.06393 5338.862 1734.666 131.5253
120154.16 105.06393 5363.0894 1653.3711 131.5253
124492.77 104.36113 5393.158 1827.7979 134.19667
124711.6 104.36113 5387.1875 1820.856 134.19667
120496.06 105.06393 5329.33 1700.8037 131.5253
120217.984 105.06393 5367.602 1680.7163 131.5253
120007.016 105.06393 5373.8306 1669.7231 131.5253
119873.02 105.06393 5375.269 1600.81 131.5253
120131.16 105.06393 5373.1533 1611.709 131.5253
120307.625 105.06393 5334.343 1662.269 131.5253
120243.27 105.06393 5339.789 1646.042 131.5253
120189.46 105.06393 5342.032 1640.4814 131.5253
119307.26 105.06393 5335.2227 1590.4648 131.5253
119142.516 101.39183 5327.2817 1584.3643 131.5253
119096.68 101.39183 5297.0703 1628.1455 131.44972
119429.32 105.06393 5271.975 1632.3833 131.1541
119248.53 105.06393 5231.4907 1696.4258 131.12895
118220.56 91.38908 5182.2627 1728.6631 130.42287
118856.984 91.38908 5183.066 1738.6997 130.42287
118863.77 91.38908 5205.504 1740.3525 130.42287
122009.64 129.72295 5660.8022 1445.5298 135.91469
122574.01 128.94336 5728.2114 1381.1865 135.91469
122865.6 129.67426 5687.2993 1468.187 135.91469
123434.21 128.32098 5698.8726 1404.5386 135.91469
123124.38 128.32098 5669.585 1396.8931 135.91469
126115.61 112.21345 5854.156 1327.9014 140.00764
126109.53 112.21345 5856.3467 1321.8828 140.00764
125607.29 112.21345 5939.9194 1249.1714 140.00764
125860.95 112.95292 5912.8257 1259.0981 140.00764
125588.78 112.95292 5916.8154 1243.4717 140.00764
125553.22 112.95292 5897.5747 1248.3438 139.80556
125659.71 112.95292 5916.341 1253.2637 139.80556
125371.37 118.98245 5961.4443 1229.189 139.80556
125587.9 118.98245 5937.1323 1261.2759 139.69392
123394.67 115.12469 5470.275 1685.1694 134.19667
125025.51 118.98245 5927.778 1242.7793 139.69392
123116.72 115.12469 5428.17 1722.4194 133.51483
125017.53 119.00577 5904.5044 1249.1211 139.69392
125043.6 122.43136 5892.098 1302.041 139.69392
123121.734 115.12469 5427.7183 1734.5835 133.51483
122758.94 97.73918 5348.2593 1772.8091 133.49161
125611.38 113.86264 5925.8535 1334.2139 139.80556
122971.08 105.06393 5368.575 1795.8965 132.26207
122452.27 105.06393 5334.907 1773.6978 132.89174
125842.35 113.86264 5924.622 1332.4404 140.00764
122612.66 105.06393 5328.3945 1782.3608 132.34746
122063.86 105.06393 5297.8477 1775.5898 132.34746
125897.07 113.86264 5886.8125 1384.2241 140.00764
125904.8 128.7408 5873.3467 1387.3857 140.00764
121525.45 105.06393 5323.3423 1723.435 132.34746
125466.51 128.7408 5880.9277 1389.7583 140.00764
125719.37 128.7408 5843.364 1362.9507 140.00764
125276.05 128.7408 5873.4326 1308.6675 140.00764
121226.086 91.38908 5409.664 1693.3066 130.89606
121567.34 91.38908 5431.0903 1676.7588 131.60197
121814.945 105.06393 5335.561 1778.0176 132.34746
121079.24 91.38908 5407.7915 1612.52 132.04634
121682.914 105.06393 5356.621 1790.5059 132.26207
120987.63 91.38908 5426.156 1660.6704 132.04634
121944.71 91.38908 5426.3354 1679.9126 132.04634
121679.14 105.06393 5364.2314 1746.3789 132.34746
122458.945 91.38908 5403.3623 1688.8394 132.04634
121642.51 91.38908 5422.1973 1653.394 131.60197
122285.55 115.12469 5414.826 1693.4888 133.51483
123567.68 122.56346 5773.114 1327.3687 135.11168
123571.16 119.95502 5812.0605 1303.2134 135.11168
120567.82 91.38908 5370.158 1671.3447 131.1541
123579.26 119.95502 5786.86 1361.7578 135.11168
121735.234 113.86264 5411.929 1581.7632 133.76689
123808.33 119.95502 5766.955 1364.4727 135.11949
123607.57 119.95502 5762.4746 1357.2739 135.11949
123135.04 122.56346 5747.8027 1373.6958 134.19667
120129.734 91.38908 5415.7207 1698.7817 131.5253
119434.38 91.38908 5412.192 1594.4395 131.5253
123439.98 122.56346 5803.325 1282.3486 134.41359
122559.77 113.86264 5414.5005 1640.3706 133.76689
122457.84 113.86264 5430.3013 1661.0063 133.76689
123496.52 109.91685 5805.7793 1296.814 135.11168
122280.01 113.86264 5414.7803 1632.3857 133.76689
120326.984 91.38908 5378.8174 1656.7427 130.85526
120465.39 91.38908 5365.9946 1633.459 130.85526
123594.54 109.91685 5797.8115 1398.457 135.28949
119993.67 91.38908 5341.768 1677.0249 130.84593
119900.484 91.38908 5354.8477 1643.0503 130.84593
120510.25 91.38908 5322.2173 1771.5688 130.84593
123638.09 109.85083 5800.635 1365.3848 135.28949
120744.6 91.38908 5298.502 1735.1865 130.84593
122688.17 106.63748 5399.5806 1666.8613 133.76689
123279.43 109.85083 5810.9937 1290.8638 135.55713
120228.62 91.38908 5314.666 1664.8638 130.84593
123133.17 109.91685 5816.7417 1298.8091 135.55713
120100.74 91.38908 5327.7456 1670.7451 130.84593
123343.625 109.91685 5810.8853 1284.7944 135.55713
123613.016 109.91685 5800.2183 1311.0991 135.55713
121796.734 115.12469 5426.866 1673.0488 133.51483
122995.01 109.91685 5796.785 1274.8203 135.55713
122013.87 113.86264 5444.27 1638.9668 133.51483
122354.35 113.86264 5446.115 1654.6006 133.51483
122340.14 113.86264 5439.121 1639.5039 133.76689
122235.42 115.12469 5436.9023 1636.958 133.76689
122161.53 115.12469 5451.033 1636.3984 133.76689
121744.95 115.12469 5463.3413 1621.543 133.76689
121917.51 115.12469 5446.2847 1630.0425 133.76689
119896.24 91.38908 5355.0327 1629.5552 130.84593
120096.22 91.38908 5330.6484 1635.2822 130.84593
122443.64 115.12469 5454.675 1645.7163 133.76689
122439.12 115.12469 5441.1973 1641.5762 133.76689
122567.15 115.12469 5412.338 1705.9414 133.76689
119426.266 89.28175 5381.83 1551.5146 131.5253
119567.08 91.38908 5387.715 1577.4326 131.5253
123192.07 109.85083 5795.674 1264.0679 135.55713
124083.94 109.85083 5804.0103 1309.7129 135.55713
123642.7 109.85083 5833.65 1337.9453 135.55713
120030.914 91.38908 5380.269 1571.7026 131.5253
120270.9 91.38908 5373.458 1581.0298 131.5253
122828.9 115.12469 5389.2534 1696.4141 133.76689
120491.35 91.38908 5350.221 1611.1167 131.5253
123146.164 109.85083 5826.3022 1334.0469 135.55713
123172.09 109.85083 5822.0586 1354.0283 134.61526
122860.055 109.85083 5822.887 1360.9341 134.41359
122842.445 109.85083 5758.7275 1412.4629 134.19667
122708.266 107.80138 5767.303 1368.519 134.19667
122064.695 107.80138 5779.0083 1312.7051 134.19667
123714.78 115.12469 5411.699 1707.3892 133.51483
122096.92 107.80138 5753.808 1358.4829 134.19667
122307.234 105.42913 5724.2656 1334.501 134.19667
121310.01 91.38908 5353.3496 1683.7051 131.5253
121507.01 91.38908 5339.2183 1657.7422 131.5253
121144.32 91.38908 5336.2646 1651.0645 131.5253
120549.59 91.38908 5359.6177 1634.479 131.5253
122625.93 107.80138 5734.7725 1367.1616 134.19667
122707.984 107.80138 5716.2627 1347.5161 134.19667
120656.41 91.38908 5348.6235 1633.752 131.5253
120368.125 91.38908 5361.5386 1618.4858 131.5253
122368.96 107.80138 5729.5117 1353.7681 134.19667
121119.195 91.38908 5397.451 1640.2446 131.5253
121059.27 91.38908 5402.06 1650.0312 131.5253
122182.73 107.80138 5714.959 1347.3447 134.19667
120613.24 89.28175 5412.1523 1651.9951 131.60197
120812.84 89.28175 5424.435 1657.6357 131.60197
121280.54 89.28175 5432.2095 1657.75 131.60197
123577.55 115.12469 5434.6255 1641.4487 134.5176
122286.73 107.80138 5706.2476 1406.3818 133.87474
122269.195 107.80138 5698.0996 1400.7642 133.87474
122049.695 91.38908 5428.7065 1680.813 131.60197
122350.61 107.80138 5665.3496 1406.3916 133.87474
122629.84 91.38908 5403.212 1717.6094 131.60197
122702.55 91.38908 5363.422 1796.4775 131.60197
122630.445 107.80138 5698.015 1432.979 133.87474
122583.805 107.80138 5669.242 1427.9092 133.87474
123051.17 91.38908 5357.979 1754.0078 131.60197
122642.21 91.38908 5350.6934 1738.4497 131.60197
123109.21 91.38908 5327.5244 1815.189 131.90567
122933.7 107.80138 5682.9697 1431.7466 133.87474
123211.22 91.38908 5347.8394 1838.2759 131.60197
122416.734 99.06207 5660.8306 1422.9263 133.87474
123027.0 91.38908 5385.553 1840.7041 131.60197
122762.96 91.38908 5365.1807 1845.9868 131.5253
122396.8 91.38908 5333.258 1802.3105 131.5253
122742.08 99.06207 5640.0522 1411.3823 133.87474
122622.08 107.80138 5619.2207 1421.3794 133.87474
124203.38 115.12469 5465.012 1669.4443 134.5176
121518.26 91.38908 5314.3203 1756.5078 130.89606
122433.37 91.38908 5305.617 1844.5552 131.5253
122963.56 107.80138 5641.388 1440.7856 133.87474
122849.266 91.38908 5313.697 1861.4126 131.5253
122458.805 91.38908 5304.142 1801.8477 131.5253
124674.46 128.13597 5936.767 1406.1055 140.00764
122122.86 91.38908 5316.6123 1794.0562 131.5253
123881.74 128.13597 5961.7603 1181.5967 140.00764
123664.484 128.13597 5942.425 1172.9297 140.00764
123350.16 107.80138 5636.041 1533.396 134.19667
122236.74 91.38908 5307.6987 1775.9878 131.5253
121996.2 91.38908 5312.206 1779.5156 131.5253
123537.85 107.80138 5634.872 1538.9058 134.19667
121913.63 91.38908 5351.996 1739.6284 131.5253
123845.44 129.70087 5922.679 1229.6934 139.79381
121669.89 91.38908 5333.1406 1690.585 131.5253
123300.2 107.80138 5677.2026 1494.0327 134.19667
121559.01 91.38908 5358.339 1641.5762 131.60197
123439.83 107.80138 5644.8154 1542.9282 134.19667
123340.31 107.80138 5635.354 1522.9893 134.19667
123107.34 123.17925 5629.804 1544.9307 134.61526
122437.12 123.17925 5622.9663 1469.8188 134.61526
122855.58 123.17925 5612.237 1461.9619 134.61526
122623.36 123.17925 5598.222 1451.8623 134.68268
122372.02 123.17925 5610.9233 1457.6489 134.68268
122064.44 125.60949 5622.897 1402.9795 134.68268
122259.98 125.60949 5662.683 1411.2139 134.68268
122176.21 125.60949 5672.0435 1430.2539 134.68268
121407.1 91.38908 5391.883 1617.7759 131.60197
122379.65 123.81409 5677.845 1458.5308 134.68268
122354.53 123.63644 5660.3267 1449.5171 134.68268
121166.57 91.38908 5413.365 1622.5342 132.04634
120456.25 91.38908 5385.5776 1605.2637 131.60197
120474.05 91.38908 5359.9927 1595.5962 131.5253
120533.31 91.38908 5351.808 1612.0479 131.5253
122140.77 123.63644 5660.019 1396.8545 134.68268
120184.586 91.38908 5373.794 1591.019 131.90567
122299.766 123.63644 5678.4277 1386.8306 134.80179
120388.22 91.38908 5376.803 1550.8247 132.04634
121073.46 91.38908 5412.4736 1589.3857 132.04634
120850.78 91.38908 5394.2085 1579.8345 132.04634
121106.06 91.38908 5369.981 1575.7153 132.04634
121246.59 91.38908 5368.8735 1588.3589 131.60197
122258.81 123.63644 5674.594 1366.2754 134.80179
120699.01 91.38908 5388.7676 1606.4878 131.90567
121876.63 113.27183 5662.2827 1375.5376 133.87474
120320.555 91.38908 5410.023 1648.7837 131.60197
121896.68 113.27183 5639.203 1387.127 133.87474
122317.76 123.63644 5646.367 1405.0991 134.80179
120125.96 91.38908 5401.9546 1626.8506 131.60197
120778.29 91.38908 5426.1943 1660.9893 131.60197
121303.695 91.38908 5440.662 1662.8799 131.60197
120821.3 91.38908 5411.099 1651.7593 131.60197
120413.22 91.38908 5389.695 1602.1553 131.60197
122628.96 123.63644 5666.5913 1407.395 134.80179
118861.34 91.38908 5344.7656 1569.5327 131.60197
124473.914 113.14942 5535.0215 1754.0674 134.61526
122659.44 123.63644 5640.163 1456.376 134.80179
124786.484 113.14942 5495.354 1718.0049 135.48152
123135.516 123.7683 5689.551 1409.5879 135.11949
122963.02 123.7683 5696.294 1398.0796 135.11949
122574.15 125.08518 5715.6533 1395.2539 135.11949
122785.95 125.60949 5728.9243 1405.6216 135.11949
125047.26 115.12469 5490.091 1745.8706 135.48152
123431.234 126.82869 5692.782 1488.8394 135.83044
122903.81 128.25 5712.566 1418.9448 135.83044
122312.55 128.25 5778.72 1338.1445 135.1779
122170.92 128.13597 5896.923 1115.2124 140.00764
122347.11 126.11076 5737.6074 1355.584 135.1779
121614.625 128.13597 5890.52 1111.5068 140.00764
122465.125 128.13597 5889.5576 1111.1631 139.80556
122654.95 126.11076 5747.1973 1376.6001 135.1779
122582.48 128.13597 5888.931 1142.4263 139.80556
122117.81 128.13597 5912.9233 1126.1777 139.80556
122135.84 128.13597 5895.008 1144.1504 139.80556
124518.15 123.7683 5724.712 1446.7661 136.16515
122826.734 128.13597 5883.786 1149.6802 139.80556
122684.945 128.13597 5881.7656 1142.873 139.80556
123945.8 113.14942 5515.894 1716.6382 134.19667
123620.9 115.12469 5490.295 1698.3843 134.19667
124099.984 115.12469 5472.6426 1695.7295 134.19667
124060.414 115.12469 5457.6074 1690.0645 134.19667
123802.016 115.12469 5452.6655 1659.2705 134.19667
123808.57 114.52965 5458.1187 1660.8066 134.19667
123879.71 114.52965 5456.416 1679.2422 134.19667
123841.34 113.14942 5528.3965 1610.3672 134.19667
123837.34 113.14942 5555.276 1612.8882 134.19667
124162.91 88.37653 5800.497 1329.2334 136.16515
123781.516 114.52965 5540.961 1606.6924 134.19667
123836.52 114.52965 5528.494 1667.6519 133.51483
124223.24 106.63748 5541.149 1695.0908 134.19667
124275.48 109.85083 5818.0464 1346.4858 136.65492
123923.71 106.63748 5808.2153 1308.9404 136.16515
123663.78 106.63748 5786.4106 1304.3154 136.16515
123291.234 106.63748 5816.2925 1247.0933 136.16515
122078.14 109.85083 5794.362 1253.7148 135.4358
124230.33 115.12469 5443.249 1715.5293 134.19667
122510.7 109.85083 5809.012 1255.669 135.4358
125051.68 115.12469 5457.9614 1745.5312 135.11404
124973.54 115.12469 5464.4863 1788.7773 135.11404
124259.06 107.6083 5477.2524 1714.2368 134.19667
123167.11 109.85083 5828.968 1244.2969 136.16515
122449.375 109.85083 5806.2485 1276.1592 135.28949
121884.14 109.85083 5805.678 1271.5801 135.28949
121397.46 109.85083 5802.808 1236.1592 135.11949
123899.42 107.6083 5504.0967 1694.854 134.19667
124405.41 113.14942 5494.489 1742.9971 134.19667
123878.54 113.14942 5530.055 1630.0791 134.5176
124217.38 115.12469 5496.699 1671.3975 134.5176
124095.63 115.12469 5524.8286 1641.8672 134.5176
124498.9 115.12469 5497.9053 1728.457 134.5176
124561.34 130.71074 5888.2085 1207.9229 140.00764
121946.13 109.85083 5770.969 1267.835 135.11949
124564.18 130.71074 5873.2363 1224.8994 140.00764
124486.336 115.12469 5473.1597 1738.2173 134.19667
121370.375 109.85083 5784.829 1230.3018 135.11949
121565.37 109.85083 5805.8247 1267.2622 135.28949
123988.3 130.71074 5895.725 1210.0107 139.80556
121600.18 109.85083 5787.4023 1264.9453 135.28949
124274.27 130.71074 5885.782 1207.8027 139.80556
124223.65 130.71074 5895.289 1184.293 139.80556
121227.516 109.85083 5827.3184 1258.6367 135.28949
124277.34 128.85912 5897.8223 1213.3643 139.80556
120833.67 109.85083 5805.4336 1237.1924 134.41359
121085.22 109.85083 5814.749 1226.9902 134.61526
124361.49 128.85912 5896.592 1201.9438 140.00764
124417.08 128.85912 5915.7817 1203.9761 140.00764
121103.88 109.85083 5788.7266 1255.4629 134.90018
121410.21 109.85083 5741.3965 1275.9883 134.61526
124511.516 115.12469 5473.847 1703.728 134.5176
124934.28 115.12469 5443.9556 1776.8623 134.5176
120892.55 121.98328 5723.028 1271.8203 134.61526
124913.664 115.12469 5457.5786 1729.5933 134.5176
124747.9 115.12469 5463.406 1729.0972 134.5176
124455.414 115.12469 5487.027 1684.9033 134.5176
121568.94 128.32098 5723.718 1307.9824 135.03815
121594.195 128.32098 5707.7705 1320.6572 135.14772
124351.61 115.12469 5496.529 1682.7402 134.5176
121729.13 128.32098 5697.5376 1330.8037 135.48152
124108.04 130.71074 5904.7603 1225.354 139.80556
124330.49 115.12469 5510.6606 1686.689 134.5176
124407.86 113.14942 5517.981 1675.4429 134.5176
122558.695 128.22133 5723.82 1356.4814 136.16515
124645.02 115.12469 5480.5386 1741.9028 134.5176
123789.64 130.71074 5913.8896 1167.7231 140.00764
124748.484 115.48722 5520.199 1613.4673 134.61526
124189.164 115.48722 5531.8877 1569.084 134.61526
123852.3 115.48722 5508.187 1565.873 134.61526
122653.75 128.22133 5719.8086 1336.1963 135.50793
122735.516 125.58733 5715.5366 1349.7368 135.50793
122760.1 125.58733 5697.8276 1375.4204 135.50793
123104.055 125.58733 5706.2656 1400.5669 135.50793
123574.22 125.58733 5721.6675 1508.2134 135.50793
123380.445 125.58733 5726.6465 1508.9609 135.50793
123293.7 125.58733 5709.292 1493.4956 135.50793
123272.87 128.13597 5720.0894 1425.4106 135.50793
123484.93 128.25 5724.57 1432.6094 136.16515
123136.3 128.25 5756.833 1386.6436 136.16515
122984.34 123.7683 5743.3125 1322.1782 136.16515
123667.15 129.9001 5935.5835 1170.0278 140.00764
123986.164 115.48722 5538.3613 1599.2896 134.61526
124017.875 115.48722 5545.672 1609.9253 134.61526
123439.57 123.7683 5750.1064 1331.6475 136.16515
124126.41 130.71074 5942.453 1191.936 140.00764
124328.84 115.48722 5532.942 1611.6055 134.61526
124388.56 130.71074 5923.082 1202.331 140.00764
123215.07 122.75108 5771.7983 1327.4546 135.50793
122962.5 126.82869 5749.828 1344.4087 136.16515
125208.15 126.9536 5536.2134 1627.79 136.38297
125333.17 107.81284 5533.352 1649.645 134.61526
123054.805 126.82869 5758.235 1362.522 136.16515
125048.32 107.81284 5559.8945 1586.6162 134.61526
124647.67 107.81284 5589.0547 1588.9277 134.5176
123193.14 126.82869 5749.664 1347.4043 136.16515
124184.805 89.28175 5576.5063 1583.2441 134.5176
124716.26 107.81284 5567.927 1595.4502 134.5176
124325.17 118.98245 5577.397 1578.3765 134.96974
123924.3 123.7683 5747.887 1334.5254 136.16515
124178.81 123.81409 5553.251 1617.6758 134.96974
124378.984 123.13703 5535.7695 1624.5347 135.33318
124314.04 126.82869 5752.791 1394.4009 136.16515
123701.625 126.82869 5742.253 1363.252 136.16515
123326.59 126.82869 5770.972 1377.8301 136.16515
123074.516 126.82869 5750.8203 1368.2686 136.16515
122328.52 126.82869 5750.5527 1308.6626 135.50793
122255.94 128.22133 5768.5884 1305.3218 135.50793
122408.64 128.22133 5729.5347 1362.8857 135.50793
123064.195 128.22133 5718.392 1375.8354 135.50793
122597.3 122.96712 5736.1626 1322.1699 135.50793
122884.67 123.81409 5770.6816 1338.1587 135.50793
122567.99 128.25 5753.8286 1364.127 135.50793
122518.14 128.3837 5692.761 1454.3477 135.50793
122410.93 128.3837 5693.286 1442.4546 135.50793
123068.61 131.52065 5910.945 1156.1636 140.00764
121840.6 129.5067 5701.436 1380.9014 135.50793
122195.734 128.94336 5763.353 1306.669 135.50793
126730.62 123.91177 5479.1777 1743.5107 140.61736
122074.18 128.94336 5774.4766 1297.331 135.50793
122291.91 128.94336 5761.1514 1391.8364 135.50793
126771.04 123.91177 5487.903 1763.0986 140.61736
122271.01 128.94336 5758.555 1385.7114 135.50793
121814.99 128.94336 5732.044 1279.0874 135.50793
126862.53 123.81409 5505.9243 1828.7773 140.61736
127128.35 123.81409 5495.984 1820.7578 140.61736
126810.53 107.81284 5505.651 1796.7705 140.61736
122964.89 128.94336 5769.9194 1244.376 136.65492
123876.17 128.94336 5781.463 1363.5815 136.65492
126799.984 107.81284 5520.2114 1760.5996 141.41927
124046.26 128.94336 5804.479 1376.8286 136.65492
123641.46 128.25 5816.5947 1312.9341 136.65492
124066.125 128.25 5823.944 1316.8296 136.65492
123909.85 123.17925 5826.756 1333.5547 135.91469
123930.6 116.27291 5767.3545 1355.4893 135.14772
126703.734 107.81284 5538.588 1758.4878 141.41927
124059.92 125.03923 5776.1206 1346.9463 135.4358
124512.016 123.7683 5804.2915 1339.9077 135.4358
125428.7 123.17925 5810.7207 1358.1162 136.16515
125439.805 107.81284 5780.061 1382.0322 136.16515
123446.305 131.52065 5911.4023 1180.4639 140.00764
123411.08 131.52065 5899.9277 1184.6255 139.80556
123060.65 128.85912 5902.9395 1178.7871 139.80556
125119.664 120.54459 5740.658 1414.3667 135.50793
125170.1 120.54459 5759.774 1370.3975 135.91469
124702.13 114.00703 5760.494 1351.8174 136.65492
125081.56 120.54459 5769.9795 1353.4663 136.65492
125014.086 109.8703 5773.1514 1345.1553 136.65492
124187.66 109.8703 5794.5225 1320.0112 136.65492
123389.19 128.85912 5919.0547 1179.7773 139.80556
123711.64 131.52065 5916.8345 1198.6675 139.80556
123729.38 131.52065 5903.6494 1250.5566 139.80556
124379.57 128.13597 5901.959 1223.4951 139.80556
124707.625 128.13597 5896.384 1220.2236 139.80556
124103.85 131.52065 5879.307 1211.1167 139.80556
124594.02 105.42913 5750.6846 1341.8203 136.65492
123720.586 131.52065 5885.429 1157.1987 139.80556
124503.336 119.84846 5743.472 1334.9604 136.65492
123305.375 129.9001 5896.477 1178.2656 139.80556
123178.016 132.53271 5879.1396 1225.2734 139.80556
124385.734 119.84846 5778.013 1321.4302 136.65492
124471.32 119.95502 5757.546 1321.2983 136.65492
124803.17 129.03609 5755.912 1350.1802 136.65492
126753.06 122.43136 5495.1455 1792.9438 140.61736
122961.36 132.53271 5893.0093 1247.0244 139.80556
122960.01 132.53271 5903.676 1237.6626 139.80556
125014.95 123.71482 5775.334 1388.7529 136.65492
125599.36 123.71482 5751.263 1412.166 136.65492
125330.43 123.71482 5707.905 1405.4136 136.65492
125612.945 123.71482 5746.9473 1408.27 136.65492
126534.664 123.24324 5741.572 1447.023 139.69392
126569.164 107.81284 5730.9033 1468.727 139.69392
123393.37 130.84593 5932.948 1224.1172 139.80556
123361.055 129.9001 5953.4863 1207.8721 139.80556
123737.47 129.9001 5936.646 1214.7773 139.80556
123606.54 127.75874 5919.55 1206.6802 139.80556
123356.66 127.75874 5938.6104 1197.2104 139.80556
123387.04 127.75874 5921.4375 1270.9258 138.50993
122905.266 127.75874 5941.5317 1160.9277 139.80556
123775.2 127.75874 5918.115 1224.2236 139.80556
123466.64 132.53271 5912.1353 1292.0015 139.80556
123372.3 132.53271 5923.38 1281.6235 140.00764
122984.55 132.53271 5949.198 1242.8589 140.00764
123004.86 132.18361 5931.535 1282.0449 140.00764
123280.45 132.18361 5911.3926 1273.2402 140.00764
123193.13 132.53271 5929.897 1242.4106 140.00764
122961.2 132.53271 5946.2974 1227.5234 140.00764
122976.375 132.53271 5934.6235 1198.6875 140.00764
122708.305 132.53271 5951.2617 1207.4888 140.00764
122737.125 132.53271 5945.602 1209.854 140.00764
123101.33 132.53271 5905.2812 1194.8228 140.00764
122447.98 132.53271 5922.0996 1176.0737 140.00764
121621.07 132.53271 5913.482 1161.0132 139.80556
122297.266 132.53271 5912.447 1191.9873 139.80556
122440.99 132.53271 5954.499 1229.0386 139.80556
122302.89 132.53271 5948.8774 1140.5786 140.00764
122413.336 131.52065 5956.537 1127.6484 140.00764
122400.38 131.52065 5928.8447 1127.4946 140.00764
122974.84 130.71074 5957.8286 1130.8208 140.00764
122586.055 130.71074 5943.831 1123.6104 140.00764
123034.95 130.71074 5956.755 1149.4468 140.00764
123081.805 130.71074 5910.9517 1183.544 139.80556
123103.53 130.71074 5913.349 1190.6104 139.80556
123022.734 130.71074 5927.6855 1160.9922 139.80556
123710.836 130.71074 5912.7773 1194.8145 139.80556
123745.17 130.71074 5909.464 1219.9922 139.80556
122916.79 131.5253 5930.4336 1196.5146 139.80556
122497.22 131.5253 5911.343 1194.0083 139.80556
122440.15 131.5253 5937.0776 1156.5386 139.80556
121988.39 128.98743 5915.0356 1155.3354 139.80556
121243.984 128.98743 5906.519 1125.3789 139.80556
121456.766 128.98743 5904.793 1147.2148 139.80556
121454.555 128.98743 5930.872 1144.6602 139.80556
121033.82 126.15767 5917.3364 1124.9507 139.80556
120598.94 126.15767 5901.4053 1116.2441 139.80556
121250.32 128.13597 5895.8496 1159.4355 138.50993
125509.516 113.86264 5794.6006 1424.3789 137.04274
125624.67 128.32098 5775.423 1439.0264 138.17288
125500.85 113.86264 5833.096 1394.2217 137.49902
125972.18 105.74832 5782.5054 1485.6504 137.43243
121386.54 130.96783 5853.9717 1273.4858 138.17288
125700.75 126.11076 5745.489 1449.6855 137.43243
125300.695 126.11076 5760.464 1441.9087 137.43243
124203.02 130.71074 5808.737 1315.5146 139.40508
124881.24 129.69917 5751.315 1452.8677 138.7607
123688.5 131.52065 5775.6123 1420.564 138.7607
126703.33 126.11076 5772.8037 1440.852 140.00764
123716.27 130.80698 5800.0312 1384.2734 138.7607
124262.95 130.71074 5802.1777 1345.9839 138.7607
123660.39 130.80698 5799.38 1371.8711 138.7607
125527.49 123.63644 5764.1035 1356.5459 138.17288
125490.69 123.63644 5745.5957 1370.3735 137.49902
123483.42 129.56282 5830.668 1370.6909 138.7607
125589.33 124.8185 5755.71 1352.727 138.70277
125867.47 123.71482 5750.4565 1374.9009 138.17288
123392.38 128.13597 5852.911 1304.4878 138.7607
125980.09 113.86264 5883.5967 1325.2983 138.70277
126203.77 113.86264 5857.2725 1415.2788 138.17288
125621.16 123.13904 5781.8384 1503.1953 136.65492
125773.59 111.52749 5778.467 1442.4565 136.65492
125892.06 123.13904 5763.8945 1433.1943 136.65492
125529.92 123.13904 5779.7085 1421.5039 136.65492
123363.555 131.5253 5841.392 1317.8081 138.7607
123188.88 128.94336 5833.483 1295.2915 138.17288
123044.03 128.94336 5837.3193 1300.6685 137.70534
126439.28 126.97676 5828.383 1375.1748 137.49902
122139.1 130.85526 5834.8438 1229.0474 138.50993
126440.555 126.97676 5854.1553 1377.2007 138.70277
121970.086 130.85526 5805.9766 1228.6611 138.50993
126478.82 126.97676 5848.376 1416.2388 138.70277
126454.99 120.36837 5844.5576 1388.6646 138.70277
126530.29 120.36837 5833.9775 1366.2695 138.70277
126141.02 120.36837 5833.41 1321.3779 138.70277
126156.016 120.36837 5816.72 1364.6787 138.70277
125988.74 128.25 5820.688 1375.2075 138.70277
124683.2 126.26455 5804.4873 1317.8965 138.17288
122886.51 130.85526 5783.5312 1303.6807 138.17288
122775.38 130.85526 5816.485 1267.0112 138.17288
122103.63 130.85526 5818.987 1277.6299 138.17288
121377.32 130.85526 5850.653 1241.1943 138.50993
121210.02 128.94336 5894.293 1144.8936 138.7607
121513.766 130.85526 5885.181 1177.332 138.7607
121741.03 130.85526 5874.618 1235.1533 138.7607
123217.14 131.26195 5866.007 1218.1572 138.7607
125878.016 123.13904 5787.7686 1483.835 137.43243
125073.22 123.13904 5822.726 1416.791 137.43243
122546.945 131.26195 5868.509 1229.7817 138.7607
124916.98 113.86264 5907.325 1356.3203 138.17288
124745.66 113.86264 5897.1294 1339.7627 138.17288
122256.4 129.88559 5888.127 1181.0913 138.7607
124606.5 121.16368 5906.8115 1358.708 138.17288
124438.766 99.06207 5917.9355 1309.3433 138.17288
124545.38 88.37653 5896.0044 1308.4878 138.17288
125439.484 88.37653 5895.5806 1315.3213 138.17288
125763.26 126.97676 5897.9478 1360.06 138.17288
125426.81 119.95502 5894.309 1343.7534 138.17288
124594.25 119.95502 5910.295 1321.565 138.17288
124130.53 119.95502 5883.4194 1317.1904 138.17288
124727.63 119.95502 5875.6753 1310.5132 138.17288
124194.27 119.95502 5848.7134 1296.728 138.17288
124153.586 124.80716 5836.968 1312.5815 138.17288
122759.31 129.56282 5845.2617 1197.7622 138.50993
122544.4 129.56282 5864.2593 1191.8037 138.50993
123776.664 128.94336 5891.875 1182.5913 139.68665
123372.88 129.88559 5867.0557 1208.8584 139.68665
123223.62 129.88559 5853.698 1186.6367 139.68665
122300.13 130.71074 5795.684 1221.0342 138.50993
122055.07 130.71074 5813.5527 1199.436 139.69392
125153.75 107.81284 5874.084 1270.5103 138.17288
124407.12 113.14942 5878.3438 1277.3589 138.17288
124827.625 113.14942 5858.0737 1271.5977 138.17288
121895.35 130.71074 5848.958 1198.0532 139.69392
120978.9 131.26195 5863.24 1175.7188 139.69392
121351.49 131.26195 5864.0347 1187.3774 139.69392
121011.445 130.96783 5868.0234 1192.2871 139.69392
121442.336 130.96783 5865.571 1176.6777 139.69392
124215.32 122.44172 5828.809 1308.7246 138.17288
121570.69 130.96783 5872.7983 1195.7295 139.69392
121654.72 130.96783 5854.2954 1201.9565 139.69392
125252.52 113.86264 5867.924 1299.3247 138.17288
125634.2 122.43136 5834.715 1337.2988 138.17288
125651.76 122.43136 5837.312 1342.623 138.17288
125807.8 122.43136 5811.8623 1374.7705 138.17288
125932.54 106.63748 5838.7036 1330.5796 138.17288
125260.77 122.43136 5802.1436 1335.4746 138.17288
122538.9 131.26195 5842.7305 1244.7163 138.50993
122229.28 131.26195 5810.7495 1236.9282 138.17288
122677.234 130.71074 5822.0234 1245.3687 138.17288
122967.055 130.71074 5821.842 1246.7026 138.17288
122424.195 130.71074 5820.287 1237.8623 138.50993
123373.09 130.71074 5837.41 1262.8921 138.50993
123643.02 129.69917 5827.592 1409.9639 138.50993
124645.43 114.53787 5811.2017 1257.0581 138.17288
124025.99 128.94336 5850.0444 1361.1699 138.50993
124295.22 121.98328 5825.7905 1254.3379 138.17288
123161.55 128.13597 5889.677 1171.2437 138.50993
124991.4 121.98328 5822.2583 1284.2451 138.17288
122663.766 128.94336 5887.5293 1188.3423 138.50993
124778.32 121.98328 5798.1436 1281.6123 138.17288
121863.125 129.88559 5901.439 1189.145 138.50993
122310.77 129.88559 5882.943 1164.4385 138.17288
124880.29 128.2972 5755.1035 1325.3535 138.17288
122671.67 128.94336 5850.26 1190.8286 138.17288
125376.5 123.81409 5749.0293 1353.5908 138.17288
122490.93 129.9001 5861.223 1182.6143 138.17288
122240.305 129.9001 5856.908 1181.708 138.17288
122797.74 129.9001 5870.2783 1212.4458 138.17288
122719.7 129.88559 5886.2324 1207.5615 138.43167
122475.016 129.88559 5919.6016 1212.2461 139.69392
124154.664 123.13904 5747.2446 1307.085 136.65492
122370.41 129.9001 5912.5166 1153.0386 139.69392
124974.945 123.81409 5802.531 1287.2427 138.17288
124763.65 122.03947 5848.691 1260.2466 138.17288
125422.08 122.03947 5842.012 1292.0698 138.17288
125095.71 123.81409 5802.6895 1322.7769 138.17288
122725.31 129.9001 5907.6323 1210.2227 139.69392
124917.64 123.81409 5812.204 1290.5674 138.17288
125056.94 123.81409 5820.9175 1307.7305 138.17288
122890.766 130.12119 5908.2065 1212.1392 139.69392
125889.484 123.81409 5821.8384 1326.8306 140.26231
125382.086 123.81409 5823.9883 1299.8828 140.26231
125597.44 123.81409 5815.0366 1322.104 140.26231
125165.87 129.5067 5816.558 1317.498 140.26231
125561.39 128.2972 5795.078 1324.0723 140.26231
125743.695 128.2972 5783.8105 1361.1362 140.26231
125052.266 128.2972 5804.7812 1333.0845 137.43243
122905.8 128.13597 5900.865 1220.8433 139.69392
124855.75 117.11209 5788.7627 1319.4224 137.43243
123640.664 130.89606 5903.076 1263.123 139.69392
123686.06 130.89606 5881.8135 1284.5366 139.69392
123552.96 130.89606 5884.5723 1247.4346 139.69392
123466.414 132.45303 5894.2065 1202.3794 139.69392
122744.516 130.12119 5871.675 1188.7202 139.77237
124272.66 128.13597 5798.87 1291.585 137.78804
125057.91 106.63748 5827.086 1301.4102 137.78804
122600.586 130.12119 5871.5776 1187.8057 139.69392
122233.9 130.12119 5848.2246 1194.6494 138.50993
122242.28 130.12119 5853.425 1217.6875 138.70277
122210.875 130.12119 5896.892 1171.7808 138.70277
121641.16 130.12119 5906.046 1162.2681 139.69392
122047.305 130.12119 5912.1636 1183.6699 139.69392
122031.99 130.12119 5928.1655 1178.1289 139.69392
122111.02 130.12119 5885.4863 1234.4419 138.50993
121978.27 130.12119 5864.0083 1215.2217 138.50993
125915.11 106.63748 5845.787 1316.2515 137.43243
125745.805 106.63748 5849.2837 1315.6255 137.49902
124583.95 129.88559 5814.785 1341.9414 137.49902
125070.5 128.25 5858.04 1324.1216 137.49902
125429.31 128.25 5828.2285 1332.9248 139.68665
123145.305 131.9989 5903.6196 1263.2046 138.50993
125610.97 130.71074 5806.813 1361.6177 139.68665
125744.59 130.71074 5812.0874 1433.1763 140.26231
122855.02 131.9989 5922.6807 1255.3115 138.50993
122597.445 130.71074 5891.4595 1236.2295 138.70277
126013.37 130.71074 5794.4307 1444.4683 140.26231
125661.17 130.71074 5781.412 1414.3408 140.26231
124764.3 129.88559 5777.8345 1431.1885 138.17288
122783.4 129.56282 5916.585 1185.2578 138.7607
124822.54 129.88559 5812.516 1474.021 138.17288
125080.02 129.88559 5790.854 1461.3154 138.17288
123061.984 130.80698 5891.435 1204.2539 138.7607
123256.836 131.9989 5900.5 1236.8281 138.70277
124819.59 129.88559 5784.895 1433.8086 139.36003
123257.77 131.9989 5941.947 1176.396 140.00764
124619.195 129.88559 5790.3555 1418.939 139.36003
123239.984 131.9989 5959.6104 1181.0005 140.00764
124526.266 130.71074 5790.544 1341.1455 138.17288
123388.49 131.9989 5939.2397 1214.5542 140.00764
123230.1 132.89174 5782.832 1251.5244 136.65492
123774.23 131.26195 5783.4014 1387.0942 136.65492
124008.055 132.05266 5920.0566 1198.4805 140.00764
123698.46 132.05266 5894.663 1191.3921 140.00764
123872.18 131.26195 5783.3306 1363.667 136.65492
123659.086 131.26195 5770.5054 1341.0273 137.49902
122875.19 131.9989 5915.5522 1155.8804 140.00764
123436.79 131.9989 5929.4956 1156.168 140.00764
123366.016 131.26195 5754.4873 1340.227 137.49902
123271.31 130.84593 5936.7676 1139.835 140.00764
122990.81 128.85912 5913.6987 1133.916 140.00764
123594.42 128.85912 5910.1284 1161.917 140.00764
123962.56 129.66628 5768.3774 1309.0942 137.49902
123378.234 129.66628 5769.0547 1276.6123 137.49902
123979.41 130.84593 5907.1675 1168.9629 140.00764
123511.83 128.99745 5776.5034 1269.4253 139.68665
124259.86 130.84593 5893.8315 1212.2051 140.00764
123962.27 128.13597 5805.683 1291.9746 137.49902
124679.664 128.99745 5823.6587 1304.0732 137.49902
125329.7 128.99745 5824.6055 1360.2173 140.26231
124806.05 128.99745 5810.065 1348.5762 137.49902
124838.92 128.99745 5769.9106 1404.4878 138.7607
125017.98 130.84593 5887.7554 1302.8428 140.00764
125051.04 129.66628 5752.764 1450.8394 138.7607
124250.65 132.53271 5896.047 1228.3335 140.00764
124543.234 134.58107 5891.322 1206.7402 140.00764
124024.86 134.58107 5863.631 1201.9502 140.00764
124672.81 134.58107 5865.292 1239.9155 140.00764
124845.17 130.84593 5930.493 1230.981 140.00764
124625.766 125.60949 5963.85 1210.9209 140.00764
124945.45 129.66628 5762.244 1414.5117 138.7607
124971.2 129.66628 5755.3022 1408.4102 138.7607
125123.664 125.60949 5925.6074 1339.31 140.00764
124776.96 129.66628 5747.3374 1427.9463 138.50993
124604.15 129.66628 5730.955 1419.2305 138.42888
124782.83 129.66628 5733.153 1425.8799 138.42888
124076.4 130.84593 5914.253 1202.7593 140.00764
123891.99 130.84593 5947.424 1179.0806 140.00764
124067.586 130.84593 5941.5464 1184.6445 140.00764
124501.14 130.84593 5931.6045 1216.4229 140.00764
124995.766 130.84593 5922.249 1243.4727 139.69392
124810.09 130.84593 5935.7466 1229.8418 139.69392
124512.875 130.71074 5918.5635 1227.3057 140.00764
124669.1 126.97676 5946.9897 1236.9541 140.00764
124502.27 126.97676 5948.962 1275.6606 139.69392
125079.85 126.97676 5929.959 1400.2568 140.00764
125228.61 129.69917 5919.45 1367.9844 140.00764
124924.18 129.69917 5925.3257 1330.1094 140.00764
125109.336 129.69917 5912.6206 1328.6348 140.00764
125201.58 125.60949 5921.5986 1317.206 140.00764
124981.68 125.60949 5928.314 1308.7378 140.00764
124663.32 123.17925 5971.9604 1235.669 140.00764
124617.35 123.17925 5983.4795 1202.3799 140.00764
