3734.5012 142.98242 991.702 174.13159 147.04594
3873.5122 142.87265 1087.6736 59.97473 151.80461
3639.48 138.8136 1025.401 23.34314 151.80461
3748.395 147.34499 1025.8971 79.92334 149.62454
3829.3535 142.87265 1067.2294 60.77002 149.62454
3767.3037 151.80461 1025.8767 134.62659 152.81738
3736.431 152.81738 1015.5254 81.521484 163.48923
3633.875 154.6745 983.0947 93.14661 157.1538
3737.299 149.62454 991.9749 179.26678 146.81595
3456.1416 140.6333 933.2251 104.68201 140.76094
3356.45 120.58631 934.53064 63.314697 142.98242
3598.57 147.03775 995.6026 64.218445 151.80461
3495.5747 139.22101 959.0347 84.09894 142.87265
3652.2168 146.81595 1014.49536 69.25354 154.6745
3470.0474 143.8985 943.49036 119.880615 140.76094
3849.7686 116.11183 1064.8932 81.59631 149.62454
3811.7551 142.87265 1064.3394 59.764282 156.50897
3817.6711 142.87265 1055.052 59.09546 145.20337
3767.4329 147.16432 999.1759 118.627075 151.80461
3239.1602 120.58631 897.0769 50.55835 146.76599
3772.7898 142.87265 1055.2819 55.26111 149.62454
3862.8057 116.11183 1064.7433 82.03296 149.62454
3667.5942 137.67381 942.2552 140.37567 142.87265
3853.1475 117.03864 1077.7528 46.427002 159.20638
3844.7495 116.11183 1066.39 109.86426 149.62454
3756.7822 146.81595 1008.7202 127.58179 149.62454
3723.2595 145.20337 1019.5646 98.2301 145.62318
3678.593 145.20337 1018.5289 68.552795 159.20638
3733.988 142.87265 1047.6469 37.79419 172.15527
3741.1777 140.63513 1054.8359 35.539185 173.70906
3748.395 147.34499 1025.8972 79.92322 152.81738
3691.933 137.67381 929.8092 205.51611 145.04329
3583.343 144.1652 936.30066 146.66138 143.31894
3700.6357 152.403 1020.83234 82.01459 145.20337
3603.3438 147.16432 964.2756 115.676575 144.08519
3460.199 140.6333 949.56494 92.39978 142.29216
3529.215 146.76599 978.1686 75.33203 145.20337
3521.9028 139.22101 988.5148 38.749023 148.52585
3524.411 128.50882 930.1753 108.67761 142.29216
3506.7366 139.43135 954.66223 71.02649 142.29216
3569.112 137.53717 982.5143 79.59338 144.08519
3552.4497 137.53717 954.85046 110.907715 142.87265
3693.8652 140.63513 1034.5532 54.929565 151.80461
3507.5442 144.64003 992.20215 33.842407 156.50897
3479.5142 128.50882 933.0442 121.89209 140.76094
3713.805 146.81595 1020.0771 77.30292 156.50897
3308.645 109.2596 914.5838 50.931824 148.16591
3531.7747 126.97279 926.5397 124.36548 140.76094
3486.3062 146.695 955.5004 55.09149 145.20337
3547.4858 144.64003 1000.3104 39.376953 167.25354
3549.1313 144.64003 977.96094 59.941772 159.20638
3576.0278 139.43135 923.68 165.65631 142.87265
3520.5393 144.64003 975.8619 61.03412 156.50897
3530.266 148.66559 979.53485 63.600037 157.1538
3558.2737 145.04329 985.42346 71.690796 149.62454
3599.9656 145.04329 983.8818 69.08063 156.50897
3744.0698 154.6745 999.11505 155.66888 154.6745
3787.1536 151.80461 1018.8965 132.39941 156.50897
3332.193 120.58631 928.2966 61.81378 140.76094
3447.789 132.29478 951.6695 92.22235 140.76094
3736.4307 152.81738 1015.52545 81.52142 150.77475
3727.8945 152.81738 1022.00684 77.733765 152.81738
3759.0254 151.80461 1003.6865 133.07104 151.80461
3839.1619 147.03775 1054.0359 90.63855 151.80461
3745.1252 149.62454 1006.6251 109.700195 151.80461
3475.9194 109.15797 942.56024 108.93109 140.6333
3528.283 129.4343 939.7989 125.35834 140.6333
3526.006 133.75209 937.3816 125.498535 140.6333
3514.5354 149.62454 975.8237 60.521484 156.50897
3515.108 147.03775 978.78064 58.13672 156.50897
3499.176 148.47684 969.3274 79.26697 148.16591
3555.6665 147.03775 973.42957 72.59424 151.28058
3587.7317 145.20337 990.0885 70.71936 151.28058
3724.1494 146.81595 1013.0764 77.58325 149.62454
3849.7678 116.11183 1064.8933 81.59619 149.62454
3770.7056 149.62454 1011.7863 136.16095 151.80461
3390.7432 127.53617 916.23004 116.307556 140.6333
3475.2976 125.74078 949.51337 75.01752 138.8136
3756.8213 147.03775 995.19104 129.51941 149.62454
3770.7053 149.62454 1011.7864 136.16077 151.80461
3754.4207 147.04594 1011.62134 143.61414 148.66559
3767.7363 145.62318 1005.6124 173.99548 149.62454
3764.3328 142.87265 1049.273 50.72705 163.9469
3575.2834 133.75209 950.64136 159.05054 142.98242
3597.9165 129.10553 968.161 117.746826 142.98242
3586.705 131.62566 940.88043 131.9223 142.98242
3586.0562 144.1652 935.1515 170.0763 143.31894
3571.2744 144.1652 959.34644 137.47778 142.87265
3514.5454 144.1652 948.45306 124.611145 137.67381
