6955.0474 45.48005 1040.1078 192.87549 63.20228
7089.074 19.55452 1116.458 139.26343 66.80471
7073.498 26.33491 1112.9407 103.07031 68.02489
6957.6255 41.46089 1073.8811 202.99353 64.62117
7125.3457 24.83442 1124.5989 127.11157 76.21087
7122.936 43.02202 1130.1093 138.83289 68.80523
7010.344 28.56982 1098.3517 160.41968 64.62117
7090.99 43.27327 1124.8246 131.82056 68.72882
6462.048 63.11359 999.057 167.27124 61.31929
6697.5107 60.84615 984.7238 212.36993 60.73545
6221.315 55.44438 957.58435 192.03491 50.85543
6601.6787 65.00466 974.567 214.20117 56.81541
6330.1533 58.5337 899.96594 247.04419 55.91177
6989.655 47.74063 1028.3579 198.73438 64.97086
7010.4224 26.33491 1125.8907 116.66638 68.02489
6973.6157 34.6991 1077.8485 137.64221 66.28608
6986.635 47.74063 1079.4438 120.80835 68.80523
6722.35 63.11359 828.09094 385.0204 59.23911
6982.9653 47.76096 1083.4808 150.2135 64.66654
6987.023 26.33491 1129.0386 78.867676 68.02489
6958.563 34.6991 1062.797 164.05835 64.62117
6996.5024 26.33491 1124.6853 108.3728 71.01897
6865.672 32.67483 1053.9261 155.85571 61.66467
6891.2075 61.09666 1063.1107 211.79578 63.29283
6790.1157 61.09666 1018.58966 224.67352 58.57526
6584.0557 61.09666 1008.4856 211.41113 58.57526
7023.625 28.56982 1116.4475 140.04944 68.02489
6958.117 43.29747 1100.2207 164.39941 68.02489
7097.0264 26.33491 1111.554 149.92676 68.72882
7097.905 26.33491 1092.4902 195.2782 65.6203
7075.3506 43.02202 1069.937 203.0586 65.28843
7020.8657 44.4066 1079.1376 161.66089 64.97086
7037.009 35.6964 1095.2803 146.95361 64.66654
6950.663 35.6964 1079.3022 160.62268 63.20523
7078.544 24.83442 1125.7133 104.61047 83.81018
6571.4253 52.61756 919.32404 276.5312 55.56605
6952.773 28.56982 1086.3212 165.85168 64.47437
6976.1064 43.27327 1107.171 106.148315 78.68224
6361.9424 52.25391 1010.8904 90.38049 60.73545
7066.965 24.83442 1143.9624 98.164795 69.7771
6941.7017 58.57526 1065.0698 141.67639 63.11359
6878.253 56.81541 1071.4569 144.09436 76.21087
6781.5986 43.27327 1092.1174 109.8656 66.93954
6704.74 43.27327 1062.4563 107.1322 61.58285
7065.139 24.83442 1118.273 128.94214 68.02489
6640.0537 32.89952 966.0948 218.86407 55.77814
7022.986 24.83442 1095.3687 129.99243 65.74827
6729.07 24.83442 1090.729 69.52637 84.87213
6391.475 30.41162 1037.925 47.09436 63.18133
6457.4053 50.50341 1028.9019 102.34949 59.25884
6396.2476 51.52621 1018.48206 99.25415 60.73545
6417.784 61.63964 967.1513 166.74957 61.31929
5982.045 44.84552 934.49036 149.6748 53.15207
6269.6685 61.63964 970.1355 149.06982 63.05764
6116.751 50.3951 970.77136 112.93652 55.73018
6683.7783 52.79583 1060.511 109.791016 60.03948
6747.844 52.79583 1062.6913 121.55615 61.46766
6687.1143 34.6991 1086.5139 65.2937 80.01286
6833.8506 52.79583 1057.6998 158.74487 61.46766
6574.637 33.14244 1028.5078 108.021484 56.04556
6552.958 55.6672 1038.0616 105.0188 56.04556
6626.4614 51.52621 1033.8756 251.81995 57.37252
6719.0093 63.87067 1017.8759 181.52081 73.96162
6609.313 63.87067 1005.48425 171.80835 63.11359
6078.154 54.06131 945.9509 127.14758 55.75961
6637.146 61.88343 1040.9875 170.25476 78.78204
6274.786 51.05185 987.48846 131.29474 55.64872
6674.5303 62.70852 1035.5758 195.77551 59.17234
6611.668 33.14244 1065.5388 83.61841 69.69477
6674.398 34.6991 1049.0104 92.35791 60.84615
6494.7344 62.62568 1032.969 126.7229 73.54153
6952.287 52.79583 1107.6692 114.85217 63.51992
6816.0356 39.4376 1089.993 101.57129 65.74827
6586.073 33.14244 1067.9293 60.79187 67.2597
6656.87 43.29747 1065.4727 85.52258 65.91482
6163.626 58.55163 950.32367 134.33868 55.75961
6528.2095 63.11359 1020.9745 122.78015 63.87067
6818.8574 39.4376 1096.6619 108.025635 67.87547
6442.396 63.67736 1015.9176 126.716064 63.87067
6459.5537 63.07981 1018.03845 117.37427 64.95645
6626.461 51.52621 1033.8757 251.81982 57.37252
6362.206 51.05185 1013.63806 83.76196 58.19852
6662.922 39.63217 1064.1824 83.00391 69.25024
6313.7744 47.54001 957.84937 188.89014 53.14362
6713.268 55.6672 1043.738 129.87915 76.21087
6618.8745 33.14244 1064.989 69.049805 67.2597
6545.2686 63.07981 1019.5638 138.08002 63.87067
6235.971 59.06736 983.39905 125.19287 60.23899
6565.991 63.11359 1026.6324 159.13892 71.01897
6619.021 51.52621 1034.2814 245.66418 57.37252
6224.9395 54.37498 953.6318 150.41693 55.75961
6251.1816 58.5337 913.4111 235.26483 55.5852
6615.9077 34.6991 1076.0009 86.51941 79.94439
6154.8506 51.70642 946.733 156.9754 54.44818
6597.104 63.07981 1025.2218 154.25354 71.01897
5966.3267 51.70642 915.18365 143.24017 53.49093
6398.6733 50.50341 1029.1909 70.4209 64.00818
6024.8013 47.77325 917.21735 145.28436 53.49093
6706.7085 39.63217 1052.504 118.290405 57.84421
6333.3027 46.34853 936.6352 195.30975 53.53671
5896.925 51.1053 900.9092 161.42566 53.25053
6991.4785 47.74063 1018.8633 289.28052 68.72882
6968.435 51.52621 1064.4095 200.59192 80.01286
6511.1353 55.90015 968.9806 196.65979 55.6672
6615.918 49.1285 976.9207 220.3758 56.06667
6318.673 50.63661 937.7684 195.92682 53.27499
6331.9473 57.64715 985.19214 171.79333 54.40948
6323.9297 57.64715 972.5685 210.75964 54.32402
6565.9917 63.11359 1026.6324 159.13904 71.01897
6568.3433 47.62929 1003.94 145.62042 55.64872
6474.066 32.08496 1025.188 146.13843 55.64872
6571.174 48.75454 1065.5974 82.61401 68.14945
6564.1846 50.50341 1058.915 73.39258 62.40581
6334.1436 39.4376 986.69617 130.406 54.36641
6374.189 57.64715 978.5552 165.34204 56.04556
6967.5503 55.90015 1052.0911 187.12512 64.66654
6914.8213 61.82011 999.36365 218.21375 65.06538
6812.661 61.82011 989.0084 221.0741 64.66654
6497.505 61.69827 963.7109 179.91913 61.88343
6595.0776 42.42118 1061.7347 87.28284 62.40581
6823.2456 61.88343 999.593 230.79236 63.11359
6227.9033 32.08496 977.04767 104.58783 55.90015
6179.4556 32.08496 986.5664 78.55029 55.90015
6781.632 63.67736 1015.79156 184.12225 62.40524
6582.428 61.88343 1024.9099 180.29858 63.87067
5793.6357 46.93965 890.2013 145.95544 52.87331
6194.755 36.02155 973.6594 91.82959 55.90015
6711.228 61.28479 963.0683 214.17743 58.966
6471.8516 61.28479 949.9234 211.37079 56.04411
6649.2837 28.56982 1042.9867 167.88757 57.75995
6790.738 39.29473 1074.3937 105.98877 61.0541
5703.4697 46.93965 886.2586 121.66681 53.48249
6717.271 26.16173 1059.9792 116.30994 59.97424
6420.3174 55.90015 998.4671 158.62762 56.04556
5720.5825 53.49093 879.0889 159.65839 52.87331
6851.5034 49.1285 1070.2322 131.23206 59.84526
6807.484 37.02857 1036.6763 161.6145 59.25884
6760.799 44.4066 1025.2273 191.9198 58.53434
6707.7266 39.2277 1036.0386 187.50879 58.53434
5772.261 52.77489 891.1743 136.44421 52.87331
6596.884 42.42118 1070.2494 70.21692 63.87067
6468.812 50.63661 997.7909 147.8103 53.93039
6605.291 33.14244 1069.5146 83.14844 65.32388
6464.783 47.74063 1019.9759 140.35199 55.90015
6172.2197 43.29747 995.2191 105.6095 55.73018
6582.4272 61.88343 1024.91 180.29846 63.87067
6401.0605 49.1305 1018.89514 101.54639 59.19932
6612.6245 64.62117 1000.487 185.01776 68.72882
6968.7905 47.74063 1083.8441 178.9049 66.99919
6615.025 38.39145 963.8013 222.4563 55.6672
6226.8516 26.22766 980.15015 105.829346 55.73018
6575.016 64.28958 991.42224 199.00513 64.62117
6519.1567 50.63661 999.2145 161.6853 54.52553
6689.282 51.07157 1023.32477 175.2016 58.53434
6578.18 28.56982 1075.9247 73.94812 70.8221
6443.722 64.28958 985.4199 193.68018 64.62117
6403.216 37.30496 997.8326 157.94672 54.52553
6350.5835 37.30496 1005.5563 141.06934 54.52553
6607.426 51.07157 1028.4822 173.91211 58.53434
6596.7114 34.6991 1076.9358 42.498657 79.94439
6484.2607 38.39145 947.40594 217.90253 53.49115
6611.108 43.29747 1067.3042 66.52759 79.94439
6463.3906 55.90015 955.1749 223.56152 53.49115
6978.043 37.02857 1098.4985 123.5697 66.99919
6411.618 56.39807 992.8747 148.80536 56.81541
6639.073 36.02155 1056.5786 78.53467 78.68224
6362.6084 37.30496 1011.8376 123.24078 55.09618
5757.731 44.90975 892.6016 174.3211 52.39294
6375.2983 36.5253 1015.7218 98.64465 58.35139
6469.6265 55.90015 961.4123 202.44806 53.56702
6302.324 50.63661 983.0984 145.81775 55.66837
7010.743 37.02857 1071.3275 142.3175 64.97086
6977.9746 24.83442 1097.8873 108.11902 64.97086
6577.6016 28.56982 1078.3868 70.90735 72.18826
6974.919 26.33491 1112.7491 122.269775 64.97086
6288.861 49.1285 981.8055 145.23431 55.09618
6630.2725 28.56982 1063.4823 79.37598 70.59364
6361.9917 64.28958 957.2791 213.98236 62.25949
6306.558 42.42118 987.3965 146.57532 55.09618
6677.004 55.90015 981.78156 203.62726 57.20359
6128.3574 26.22766 966.06635 101.316345 55.65229
6903.182 26.33491 1108.676 118.728516 66.71399
6694.6807 32.67483 1081.1792 97.93445 62.40581
6804.708 32.67483 1093.0402 109.069336 63.87067
6892.193 26.33491 1115.2434 106.41089 66.71399
6885.556 39.63217 1092.7518 109.0105 66.71399
6348.0244 53.50289 1010.25684 91.44104 57.42746
6970.386 39.63217 1091.6776 133.1886 66.71399
6244.9414 39.90556 981.88074 120.99487 55.09618
6107.272 36.02155 968.64764 94.75409 55.65229
6106.8584 43.29747 958.1593 103.93921 55.65229
6070.1733 51.07157 949.51886 138.15216 55.65229
6127.536 39.90556 976.07043 110.57019 54.52553
6202.1064 53.6649 979.1659 171.08301 54.08098
6611.1084 43.29747 1067.3042 66.52771 79.94439
6369.676 53.6649 996.24536 180.24341 55.07693
6793.885 32.67483 1070.7196 128.96082 63.18133
6357.895 53.6649 992.64746 176.12122 55.07693
5759.8223 38.04028 857.11426 182.01807 52.25391
6590.2656 44.4066 1062.093 64.68457 79.32166
6567.8584 43.29747 1015.61206 157.78418 55.90015
6617.724 44.4066 1072.9103 71.59436 70.59364
6621.9087 43.02202 1059.9683 84.999146 70.59364
6935.2695 47.74063 1116.1897 114.37671 76.21087
5673.3867 40.29301 874.6674 130.6341 52.25391
6872.8916 52.61756 1095.5868 114.21106 70.59364
6945.222 43.02202 1114.7272 115.84717 76.21087
6766.2334 39.63217 1061.4823 116.87891 60.23899
6729.967 34.6991 1051.8937 115.13843 60.23899
6263.2876 47.74063 974.30316 134.57306 54.52553
6575.9053 47.54001 1001.7246 167.36597 56.60441
6039.809 50.50341 963.91046 88.72565 55.65229
6079.4014 50.50341 959.28864 114.167175 55.65229
6666.079 34.6991 1050.2275 109.46704 60.73545
6671.402 39.63217 1041.1702 109.63989 60.73545
5709.647 24.20142 905.44995 111.06946 53.32561
6676.1353 64.00818 1015.39795 188.3269 64.62117
6369.6753 53.6649 996.2455 180.24329 55.07693
6520.9053 64.00818 1002.632 192.71246 58.89356
6566.212 52.25391 1035.2772 147.56592 57.20359
6833.5137 46.58046 1038.9202 167.6416 59.17234
5733.257 34.8284 893.4576 123.347595 53.478
6334.0195 53.6649 997.71234 169.24347 55.07693
6375.919 53.6649 989.89716 176.35529 55.07693
5770.404 37.41382 919.48425 74.69043 54.66814
6852.9463 24.83442 1028.3639 196.84985 59.24962
6039.8086 50.50341 963.9105 88.725586 55.65229
6356.3896 53.6649 986.2993 172.53503 55.07693
6550.9487 52.25391 1020.01373 149.91278 54.9494
6608.492 64.00818 1003.45703 194.10156 58.89356
6432.649 64.00818 1006.73486 198.05054 55.98789
6808.4004 34.0967 1046.8151 160.85071 58.57526
6515.6626 60.73545 999.609 190.80408 58.89356
6191.182 49.1305 963.88495 133.4068 54.52553
6732.6978 46.58046 978.8385 232.48462 55.75961
6638.24 45.36795 1061.1377 85.70325 66.71399
6306.0156 44.31553 995.1113 113.04663 55.44438
5982.917 50.50341 952.44525 87.120544 55.44438
5966.312 50.50341 935.8388 108.27142 54.94085
6395.181 43.02202 1017.0957 155.44922 54.08098
6598.6177 52.25391 1009.5739 182.5711 54.9494
6701.2007 39.63217 1068.0397 110.30493 61.53574
6737.6387 36.91188 999.1212 211.3385 56.99657
5672.7905 37.41382 890.47095 123.4613 53.48249
6438.9106 53.53115 975.0456 212.74591 55.07693
6700.15 46.74719 1074.1729 91.35657 74.24146
6660.9966 47.18692 1023.89514 147.13806 57.37252
6226.476 44.31553 976.44934 123.53711 53.9199
6166.824 44.31553 945.4592 148.11206 53.23863
6811.2705 43.02202 1074.1033 94.15454 68.33952
6670.567 46.74719 1069.7064 91.22229 71.01897
6030.2856 47.77325 970.7 102.11041 55.45074
6021.3438 44.31553 922.0281 147.22363 53.23863
6823.7993 48.9174 1085.2976 113.86755 65.77544
6769.0044 46.74719 1076.5627 105.02051 65.2499
6284.0503 43.29747 966.6929 145.36548 54.52553
6235.411 43.29747 974.4167 109.46576 55.66837
6842.3555 48.9174 1090.7051 114.48291 68.79864
5582.9365 33.51945 869.8066 144.95593 52.20088
5989.0557 44.31553 921.2025 142.91443 52.29298
6656.0405 55.90015 1017.79156 173.56573 56.60441
6432.65 64.00818 1006.73486 198.05066 55.98789
6830.2705 32.67483 1093.1039 93.59912 79.32166
6716.9316 48.75454 1070.4523 108.781494 68.79864
5600.5254 37.41382 889.63635 86.5564 53.79684
6607.8633 44.31553 1057.1638 82.73291 65.77544
6584.1294 46.74719 1059.0958 80.13196 61.54085
5594.3154 37.41382 896.6665 63.95404 53.79684
6068.168 50.50341 950.44116 122.184814 55.45074
6236.3486 49.1305 980.8589 128.78491 55.66837
6470.549 54.04918 1009.6381 209.315 55.98789
6067.2646 44.91833 955.5366 93.263916 55.00199
5542.462 37.41382 879.76044 92.279175 52.87331
5968.1084 50.21677 902.06067 175.76782 53.14362
6283.6616 49.1305 969.74945 141.10565 54.52553
6525.6953 53.50289 986.73737 199.8316 55.90015
6739.1055 47.18692 1068.1733 124.08887 60.03695
6442.619 59.51725 987.9912 170.55432 57.47692
6708.9985 39.63217 1058.5244 100.30493 61.53574
6771.3203 32.67483 1090.068 89.35144 79.32166
5494.0854 37.41382 873.4421 77.83124 52.62043
6762.3223 49.1285 1070.3186 100.11438 65.09881
6252.116 39.29473 975.87335 128.92169 54.52553
6661.8384 36.72607 1068.5084 84.59216 63.87067
5532.197 37.41382 904.99524 39.969788 66.71399
6042.209 51.07157 944.77637 124.52026 55.73018
5506.413 40.29301 860.8451 97.57672 52.20088
6804.195 39.29473 1074.5441 94.39221 67.2597
6131.6587 51.07157 931.8077 144.67548 55.00199
6754.9185 39.29473 1081.7687 90.40173 79.94439
5645.618 37.90934 893.4035 106.645996 53.48249
5616.303 37.90934 868.07654 140.95532 52.20088
5642.04 42.87463 893.81537 111.78992 53.34857
6490.81 59.51725 1009.91974 142.12054 57.50591
5909.873 55.83525 929.2465 126.84149 55.79691
6668.339 47.87917 1037.8971 130.80823 57.84421
6704.4795 49.1285 1066.3206 101.05798 61.58285
6728.296 49.1285 1083.1816 91.582275 73.79449
6789.049 47.74063 1067.7661 101.96936 72.15764
6504.931 59.51725 986.76654 177.33258 58.57526
5619.6343 38.71996 897.14404 133.42664 52.62043
6718.622 39.29473 1070.2012 87.4845 63.99561
6731.434 39.4376 1093.4313 97.12329 73.79449
5465.873 38.71996 870.66296 82.27472 52.45424
6190.061 49.1305 969.55927 134.3277 54.52553
6283.6606 49.1305 969.74945 141.10553 54.52553
6494.513 49.63159 1046.2291 83.35156 61.53574
6735.75 39.29473 1065.156 100.06995 63.99561
6224.557 49.1285 979.566 131.51483 54.52553
6584.118 26.22766 1029.2014 152.00854 55.98789
6663.811 39.2277 1071.2584 83.96777 68.14945
5589.8306 38.71996 895.41656 60.40442 57.84421
6657.253 47.87917 1026.8102 148.2616 57.75995
6752.1997 53.32561 1022.3952 191.64447 58.53434
5619.278 38.71996 895.66345 75.85596 57.84421
6688.023 49.1285 1062.3542 97.65735 64.62984
5584.1416 38.71996 905.6234 47.77771 57.84421
6718.621 39.29473 1070.2013 87.48425 63.99561
6192.9287 47.74063 984.1197 112.288025 54.52553
6624.7764 50.52188 1037.25 127.74292 57.75995
6661.652 37.41382 1024.0417 175.70667 57.20359
6648.009 36.5253 1017.82056 154.98975 57.20359
6155.833 47.74063 967.81635 134.83698 53.79684
6534.135 57.37252 984.7888 179.48682 55.90015
6641.3193 57.42746 1062.3251 89.00964 61.29035
6157.659 37.44438 964.0621 112.36041 53.86747
6070.1025 50.30205 969.9534 116.151306 54.44818
6704.0728 34.0967 1026.6897 156.9624 57.20359
6643.488 47.87917 1052.9222 110.772095 57.96272
6564.2114 57.37252 992.31305 202.039 55.90015
6636.4995 50.52188 1051.7941 127.27478 58.57526
6621.935 34.0967 1029.3094 173.71777 57.20359
5623.4814 37.30496 911.502 59.991455 55.42178
5640.5337 37.30496 913.5869 68.94397 56.99657
5677.0254 37.30496 912.71606 66.513855 56.99657
5935.168 54.3587 947.13745 84.571045 67.12321
5985.268 53.3777 925.94434 141.69421 54.79739
6563.3164 52.79583 1054.6876 71.05078 61.54085
5653.356 37.30496 914.0477 78.98535 53.49115
5716.4844 32.4696 898.07874 105.72876 53.49115
6378.1387 57.37252 969.3084 170.85822 55.90015
6668.437 58.57526 1059.5674 131.40991 58.68788
6629.508 50.52188 1018.86914 144.52625 57.75995
6645.5415 58.57526 1066.2174 117.43787 60.84615
6697.5044 58.57526 1064.5568 136.84973 61.46766
6609.248 49.63159 1062.8938 84.11182 67.2597
6612.4106 58.57526 1045.3058 112.00708 59.6766
6155.8325 47.74063 967.8164 134.83679 53.38543
6767.034 39.29473 1076.9404 106.91919 63.99561
6601.982 57.42746 1064.7163 107.78308 57.96272
5712.685 36.91188 881.89825 114.53192 53.48249
6232.9775 23.2702 974.59656 135.01318 53.93039
5730.823 32.52272 897.8862 101.217834 52.87331
6185.9263 20.00563 965.71686 125.23358 53.38543
6819.891 39.63217 1080.7017 129.12476 63.16225
6251.4863 23.2702 967.73724 127.39252 53.38543
5702.6777 36.91188 909.2475 123.28949 53.79684
6217.6143 49.1285 958.0175 148.3581 53.38543
5828.3887 36.91188 911.1025 130.46295 53.79684
6723.3677 56.60441 1059.8586 130.20154 60.84615
5803.82 38.04028 892.3878 121.69281 53.79684
5708.6606 38.04028 876.2661 120.236206 53.79684
6839.3564 28.56982 1097.2706 81.91748 76.21087
6238.217 49.1285 964.8368 142.18628 53.79684
5735.006 30.08806 914.22363 93.03912 53.48249
6219.18 50.63661 963.9888 152.63843 53.3777
6300.185 57.37252 969.96106 150.24805 55.90015
6796.7886 56.60441 1069.8643 130.56104 60.84615
6687.471 56.60441 1026.6443 160.8435 57.37252
6471.272 42.86266 934.90924 219.22675 54.37498
6659.93 51.52621 1029.0278 192.36084 57.37252
6699.6265 47.18692 1013.77594 168.81671 57.37252
5692.6245 30.08806 900.3581 101.35327 52.39294
6602.7974 57.42746 1062.5834 105.49939 57.75848
6686.0396 47.18692 1032.3292 190.44824 58.57526
6485.276 46.93965 948.91364 220.92572 54.37498
5952.7197 47.77325 907.538 158.44427 53.19848
6700.037 54.04918 1067.7535 107.46643 61.88343
6132.8467 56.46195 954.31134 153.768 53.56702
6699.7847 41.46089 1069.8865 92.74524 61.88343
6147.6055 56.46195 944.75214 183.5805 53.56702
6056.203 47.77325 918.88403 161.78577 53.14362
5685.329 30.08806 899.2298 93.05365 52.20088
5644.322 24.20142 914.9152 63.933838 57.84421
6693.01 47.18692 1041.6279 218.06006 57.37252
6284.1597 56.46195 971.6855 160.91986 56.06667
6259.368 54.52553 946.8948 188.15186 53.77057
6601.279 29.70826 1025.0382 154.20178 55.92247
6743.547 52.79583 1066.3477 118.68616 59.06736
6785.285 32.67483 1040.4473 146.00427 59.20862
6562.7847 29.70826 1032.9233 138.91101 55.92247
6523.2603 33.14244 1020.95044 134.58472 55.6672
6378.137 57.37252 969.3084 170.8581 55.90015
6735.96 39.4376 1084.7764 121.02612 61.88343
6206.298 52.77524 929.75305 182.18152 53.77057
6673.311 39.4376 1074.5618 96.90674 61.08266
6419.3647 33.14244 1016.4675 119.70776 55.6672
6749.268 52.79583 1032.3912 163.70215 59.20862
6609.2466 49.63159 1062.8938 84.111694 67.2597
6831.788 32.08496 1094.9708 127.19507 61.66467
6375.137 50.52188 998.9437 130.55261 55.6672
6666.1226 47.18692 1040.5258 204.99463 57.37252
6673.589 34.6991 1077.7738 89.277954 61.0541
6447.5273 38.0459 1013.1008 134.16638 55.6672
5579.733 30.08806 879.24585 92.77728 53.48249
6683.7993 32.67483 1021.02045 156.79828 56.81541
6754.056 32.08496 1077.0125 123.08862 60.03695
6380.602 55.44438 975.7011 174.86627 55.90015
6404.8657 55.44438 985.5711 186.01666 55.90015
6685.723 34.6991 1068.5183 104.59314 61.0541
6614.841 52.79583 1064.5251 88.073 67.2597
6708.7344 32.08496 1079.1727 101.40393 60.03695
6710.2827 43.02202 1018.3096 187.75012 57.20359
6597.8413 47.62929 1011.0766 161.65265 56.81541
5774.1323 30.08806 902.20807 120.72156 52.20088
6086.319 52.95623 933.93176 141.05078 53.53671
6386.9194 38.0459 1001.67596 126.96771 55.6672
6600.2534 32.08496 1072.0964 74.873535 60.03695
6157.1597 53.86747 935.31824 159.71643 53.53671
6614.3936 52.79583 1050.7343 85.32422 65.04
6189.6187 55.73018 925.8664 189.6214 53.53671
5719.479 46.93594 890.7669 155.24506 52.5117
6275.141 38.0459 993.1723 98.727234 56.04556
6678.789 34.6991 1075.9106 135.06763 60.84615
6211.4204 55.73018 927.8751 204.7832 53.53671
6616.543 47.62929 1002.7689 176.1106 56.00075
6554.47 34.6991 1022.87866 178.2732 56.52375
6588.3735 26.64654 1067.6793 71.70447 60.03695
6644.852 57.51766 1057.6182 108.63257 61.31929
5801.9346 34.0967 917.9867 120.40198 53.79684
6762.8003 38.63698 1062.9116 180.693 58.66405
6705.677 47.87917 1072.9856 93.77319 61.63964
6211.1167 38.0459 977.9601 92.5553 56.04556
6769.422 38.0459 1055.1992 162.85864 58.66405
6797.86 57.51766 1054.3558 132.85437 63.16225
6296.767 38.0459 997.2486 90.06195 56.79358
6808.369 52.61756 1066.872 112.90161 63.16225
6801.2397 26.64654 1067.0334 117.72131 63.16225
6494.8794 32.08496 1036.4877 96.45618 58.57526
6693.4688 34.6991 1063.6757 102.37305 61.0541
6728.815 24.83442 1075.7637 88.39575 61.31929
6673.5874 38.0459 985.50903 239.54431 55.56605
6718.7974 38.0459 1030.7185 216.26721 57.20359
6624.5557 61.09666 985.43195 267.2348 57.44123
5827.4204 34.0967 906.85803 132.87317 52.79583
6702.9243 61.09666 1005.9745 267.62366 57.20359
6616.5425 47.62929 1002.7691 176.11029 56.00075
6714.341 24.83442 1078.3165 91.30786 61.0541
6729.2554 60.73545 1019.9111 216.77655 56.81541
6700.6875 39.4376 1025.6552 200.67627 56.81541
6531.218 48.15001 936.2431 241.85944 54.79729
6340.8027 44.34787 997.3839 103.96387 56.04556
6403.0815 35.6964 1019.7048 74.03558 56.04556
6898.676 37.02857 1076.6868 157.3783 63.16225
6897.3438 28.56982 1085.1724 127.29602 63.16225
6460.789 35.6964 1037.8469 67.21289 60.84615
6690.2803 56.81541 1022.33704 163.06628 58.57526
6392.3447 46.74719 1020.11163 97.14325 60.84615
6312.517 48.15001 897.92914 261.39948 52.91439
6728.8164 24.83442 1075.7635 88.395874 61.31929
6295.341 52.79583 903.7404 266.15875 52.91439
6842.318 34.6991 1083.8612 137.29773 63.16225
6225.727 45.36795 942.5244 203.69751 52.91439
6258.278 52.91439 916.9735 216.06738 52.79583
6291.3315 38.04028 917.9562 232.20264 52.79583
6651.949 55.98789 994.3385 178.45593 56.48773
6866.645 34.6991 1076.0195 144.3385 63.16225
6599.5825 55.90015 976.0345 211.37897 55.98789
6211.42 55.73018 927.8752 204.78302 53.53671
6758.8916 24.83442 1074.811 104.2417 61.66431
6622.0317 43.27327 973.56915 222.01324 55.90015
6550.4824 38.04028 984.2959 192.81116 54.79729
6460.791 35.6964 1037.8469 67.21277 64.77438
6472.235 35.6964 1031.6167 79.38318 59.25884
5797.596 51.45622 879.89856 176.8966 52.33474
6070.14 54.79739 928.0408 168.13513 53.53671
6326.712 33.15945 853.20764 314.6183 52.79583
6929.161 32.08496 1067.649 176.92285 61.09666
6924.02 32.08496 1082.8586 129.3717 61.66467
6446.6533 24.83442 1046.2085 73.0979 59.25884
5965.2734 54.79739 918.5966 162.89203 53.19848
6897.6245 24.83442 1109.3627 92.47473 63.99561
6482.3164 43.27327 1012.7107 136.0957 55.90015
6886.2573 32.08496 1084.1516 153.83203 61.66467
6858.763 48.9174 1067.948 167.2273 61.66467
5872.9014 52.39294 926.22107 139.4591 52.88475
5782.2573 52.39294 910.0544 126.07318 52.77489
5620.5693 53.79684 859.5337 159.49738 52.77489
5816.5723 54.79739 908.6269 166.10004 53.14362
5616.9595 53.79684 891.72815 133.28772 53.79684
6483.4185 24.83442 1042.7028 75.12097 59.25884
6755.1763 50.63661 991.36725 211.66437 59.20862
5962.497 55.73018 908.46136 225.26703 53.14362
5924.3027 55.73018 921.7587 173.77655 53.14362
5712.82 53.79684 894.3898 143.99377 53.3777
6028.5513 55.73018 930.98834 175.01532 53.53671
5839.533 56.04556 900.04236 164.20203 53.53671
6692.877 47.74063 1029.1375 200.63855 57.20359
6888.25 44.4066 1097.781 112.77637 63.99561
5817.2803 53.79684 902.7449 141.64905 55.66837
5888.844 52.66116 893.3876 168.08618 52.77489
5863.515 56.04556 900.0268 185.28253 53.53671
6874.3447 44.4066 1083.8755 110.19324 64.28429
6002.7363 53.79684 910.02344 190.26575 52.77489
6634.107 46.74719 1034.1488 186.58948 57.20359
5950.181 56.04556 889.9197 193.46265 53.53671
6000.178 33.05769 921.8974 188.26666 52.77489
6586.631 38.63698 1021.0387 174.25098 55.98789
6642.536 38.63698 1029.908 170.1792 57.75995
5869.571 54.07999 892.5157 147.97552 53.53671
6687.253 60.73545 999.9599 201.0766 57.51766
6888.2515 44.4066 1097.7809 112.77637 63.99561
5790.2354 56.04556 901.18164 140.73486 53.53671
5973.951 33.05769 925.5167 154.41125 52.77489
6045.091 30.08806 926.1316 184.94934 52.67038
6779.5283 44.4066 1075.4773 152.03821 61.66467
5817.566 40.06399 904.9724 127.7074 53.53671
6490.308 53.89002 916.35596 272.1941 55.65229
6660.159 46.74719 1028.5194 188.46973 57.75995
5973.9507 33.05769 925.5168 154.41132 52.77489
6783.3496 43.29747 1077.7535 130.1283 61.89501
6027.391 41.62048 919.40216 169.74066 52.77489
6687.2515 60.73545 999.96 201.07648 58.23563
6610.149 46.74719 1012.8882 196.33508 56.56695
6788.1343 43.29747 1090.8282 92.26318 65.00466
6094.8687 32.08496 953.7764 145.11688 52.84802
6617.072 32.08496 1021.14905 172.87195 56.56695
6512.731 57.42746 989.4326 198.4065 56.56695
6618.507 57.42746 1017.41016 174.05066 58.57526
6670.424 59.31536 1016.0536 185.51062 61.0541
6627.4614 60.73545 998.1417 200.46729 57.51766
6568.7534 59.31536 998.2214 199.72125 56.56695
6343.162 32.08496 982.30884 182.51807 52.84802
6108.544 32.08496 930.209 182.14465 52.84802
6765.217 43.29747 1084.6388 101.20361 61.66467
6753.3477 60.73545 1024.2432 195.51758 58.65578
6793.361 37.02857 1053.243 124.710815 61.66467
6779.6445 43.29747 1083.6885 136.5039 61.66467
6745.811 26.64654 1078.4031 115.96228 60.82906
6653.517 26.64654 1065.9824 82.838135 60.03695
6240.0146 24.83442 959.43713 159.3634 52.84802
6148.191 24.83442 913.0854 181.19855 52.79583
6670.4224 59.31536 1016.05365 185.51056 59.3513
6381.458 24.83442 960.23865 186.11438 52.84802
6896.474 60.73545 1060.0977 178.70007 63.29283
6228.3535 24.83442 914.01184 210.38501 52.79583
6559.073 59.31536 999.43604 183.35779 58.57526
6777.581 60.73545 1059.5807 156.6643 64.62984
6766.151 61.09666 1063.6119 195.8241 64.62984
6665.0117 57.20359 999.25494 170.86713 56.56695
6775.7466 61.88343 1053.5336 178.32788 64.62984
6626.7534 55.13396 1077.8136 103.97217 71.01897
6680.273 43.29747 1062.6937 100.06604 60.84615
6605.5903 45.36795 1060.7833 85.99658 59.25884
6673.2915 53.64393 1011.17706 176.0877 56.56695
6614.1055 37.85031 1012.53345 180.79285 56.56695
6672.464 45.36795 1051.5815 114.94043 59.25884
6622.1924 52.61756 1067.9275 103.787476 71.01897
6524.7515 52.61756 1058.4604 76.8855 73.54153
6533.0176 52.25391 1067.425 92.004395 73.54153
6729.727 37.02857 1069.2753 182.28076 59.25884
6745.7007 37.02857 1079.2604 184.56714 59.25884
6564.0835 52.25391 1071.4819 81.44238 77.13995
6609.823 52.25391 1062.5542 96.09595 61.63964
6708.2554 55.6672 1047.2882 142.33997 60.73545
