53621.3 36.33923 3403.0945 679.4866 77.49073
53634.543 36.33923 3416.3333 598.36743 78.19034
53584.7 43.66964 3384.1416 666.49146 77.49073
53583.137 43.66964 3397.254 612.8301 77.49073
53607.758 36.33923 3397.2683 610.2837 77.61024
53553.37 36.33923 3369.8008 596.4956 81.26832
53379.367 43.66964 3337.667 587.3113 78.3992
51561.94 66.52797 2833.6577 1181.5259 66.74016
51467.016 66.10358 3048.6733 926.9087 66.74016
51107.723 68.42986 2749.446 1306.1768 67.40623
50851.613 68.56447 2773.4758 1216.0701 67.64246
50825.547 66.52797 3096.0747 561.13306 68.37698
51625.062 70.50049 3082.4607 897.81885 68.56447
51903.08 67.84315 3043.4902 946.4807 77.61024
53460.33 36.33923 3410.5217 615.29395 77.49073
53131.32 50.28931 3198.4312 815.4995 71.9291
53147.883 48.57425 3084.4124 909.1858 77.49073
52969.836 50.28931 3211.758 831.10254 78.79844
52767.258 59.1056 3169.126 882.9734 79.27297
53340.844 43.66964 3271.8696 730.13306 73.00068
53438.242 43.66964 3331.3613 599.6011 77.49073
53444.977 36.33923 3340.7014 717.2278 72.82789
52310.27 60.26007 3146.2927 870.00806 79.27297
53112.72 45.73336 3232.092 708.74414 77.49073
52792.906 43.66964 3258.831 522.0332 86.2778
52754.883 43.66964 3299.489 471.96338 86.2778
53395.664 43.66964 3326.6946 628.38306 77.12408
53245.227 45.73336 3355.6091 648.3823 78.79844
53009.605 45.73336 3338.9597 617.68677 73.40472
52795.38 45.73336 3348.8337 611.21924 75.55608
52682.73 50.28931 3265.0793 707.8225 75.55608
52529.906 45.73336 3215.671 543.0613 77.49073
52321.957 48.57425 3176.2117 569.1853 80.52892
52420.125 50.28931 3127.9258 818.0259 69.93009
53163.297 36.33923 3344.6382 634.57104 71.9291
52912.76 36.33923 3336.3484 564.5713 81.45436
52660.746 36.33923 3331.593 542.2959 81.45436
52751.03 33.19054 3325.9683 517.4397 77.49073
52577.344 33.19054 3320.6516 464.77124 77.49073
53522.44 36.33923 3347.5764 610.15137 77.61024
53171.56 48.57425 3108.1135 929.23413 77.12408
52853.086 36.33923 3305.6843 551.4033 81.45436
53426.9 36.33923 3398.562 607.4949 77.61024
53383.445 36.33923 3397.686 598.42114 77.49073
53308.184 45.92375 3244.756 792.50366 79.3163
53037.23 45.92375 3204.5881 784.53784 77.49073
52698.62 33.19054 3316.8025 480.25928 82.48898
52890.57 45.92375 3228.9954 779.9734 77.49073
53225.098 36.33923 3359.5288 575.9785 77.49073
53465.766 36.33923 3358.8408 580.9133 77.61024
52704.465 36.33923 3315.213 469.29126 84.67525
53432.45 43.66964 3379.8464 600.0471 77.49073
52647.54 36.33923 3258.2812 541.48364 77.49073
52595.605 36.33923 3278.4832 559.6177 75.52695
53146.27 45.73336 3182.8345 827.70166 77.49073
53071.945 33.19054 3344.9536 561.3098 91.67604
53142.42 33.19054 3364.5332 562.5957 91.67604
53246.473 43.66964 3172.7603 856.3772 72.33989
52904.92 37.42426 3200.101 860.7522 72.7438
53202.94 33.19054 3360.7087 577.68896 78.3992
53087.67 45.73336 3245.4917 746.36206 77.49073
53263.227 45.73336 3288.31 655.9641 82.01817
53080.207 45.73336 3244.4158 727.9138 77.49073
53148.38 36.33923 3331.6047 573.07007 84.54578
52340.254 36.33923 3251.9563 494.41968 77.61024
51830.86 68.42986 3143.4824 941.4353 78.79844
51273.125 50.28931 3138.6914 505.09375 68.53938
50561.598 52.85518 3107.5396 533.6394 68.21146
51375.5 48.57425 3190.7112 479.00317 78.3992
50235.92 45.73336 3112.75 556.5647 68.15876
51740.066 54.99712 3153.1055 726.84033 75.00603
50575.43 50.55514 3132.431 507.52246 76.92278
50052.58 55.37424 3099.9277 555.0559 68.4972
51897.28 38.22171 3219.703 469.77905 73.06075
50753.15 50.55514 3130.4028 500.95825 76.92278
50937.4 48.57425 3130.202 561.8369 67.50425
51938.76 53.57693 3169.0588 696.7815 77.49073
51701.742 52.85518 3158.0059 669.65015 81.6928
51944.473 43.66964 3132.413 701.25854 67.75017
52427.23 43.66964 3157.8047 674.5591 72.1282
51250.215 38.22171 3161.4578 469.89087 69.88184
51780.516 54.99712 3186.653 729.9209 78.50802
50928.824 66.52797 3086.6448 628.6052 78.79844
51145.336 66.96457 3034.9524 728.28613 78.79844
51092.387 66.96457 3031.8027 727.3545 78.79844
51066.59 66.4807 3036.588 734.1023 78.79844
52324.92 46.11847 3189.4277 773.25903 67.75017
51813.57 48.57425 3193.9368 483.7444 77.49073
52047.043 45.73336 3206.669 492.5454 77.49073
52052.418 39.04208 3242.1404 466.67993 92.76247
51948.453 33.19054 3253.6775 450.6599 78.3992
52457.098 46.11847 3196.543 705.6548 77.49073
52037.3 33.19054 3277.3755 460.44775 79.27297
51242.86 45.92375 3149.9683 443.42383 74.55746
51843.855 39.04208 3271.4243 416.37598 77.49073
52431.27 46.11847 3212.4128 699.3938 77.49073
51896.594 39.04208 3283.7593 431.32666 77.49073
51729.746 38.22171 3271.6455 501.68506 74.85582
51535.68 43.66964 3159.7434 461.92896 74.55746
51882.195 43.66964 3163.5073 506.364 73.32973
48521.88 59.08652 3041.2173 521.30225 73.00068
51836.207 39.04208 3255.8406 479.56738 77.22223
51678.66 39.04208 3253.0964 469.9607 77.22223
52180.83 36.42438 3202.4966 527.3176 73.6228
51334.527 58.47256 3187.8064 739.07886 78.79844
49046.418 59.34003 3022.228 527.90576 76.08959
51485.34 57.45044 3159.3972 721.9907 72.7438
49381.984 59.34003 3059.6375 493.4983 94.12742
51428.64 65.29282 3131.7686 764.1472 79.0268
51597.375 60.38768 3096.5562 790.02295 81.81037
51066.56 45.51318 3181.8267 458.64014 77.22223
50615.223 45.51318 3152.3306 446.46265 77.22223
50559.824 45.51318 3154.441 453.3562 77.22223
51465.07 65.29282 3119.7173 756.32715 81.81037
51470.656 66.74837 3123.2522 728.6804 82.01817
50906.316 68.16541 3037.8813 815.562 82.01817
50974.41 68.16541 3040.7888 890.08936 82.01817
50039.617 50.28931 3102.2043 755.4402 67.12448
52138.695 48.75191 3197.0642 671.24805 84.67525
50253.184 54.18109 3099.4648 757.9592 67.12448
50981.586 68.16541 3035.973 836.1526 71.9291
52701.574 48.57425 3233.7354 736.583 84.67525
51041.39 45.51318 3171.1487 462.43774 71.9291
50895.582 45.51318 3187.5808 465.7395 78.79844
52736.445 48.57425 3255.747 776.32886 76.92278
52655.348 48.57425 3239.0918 829.5747 73.32973
52542.414 43.92947 3242.2363 753.5974 73.32973
52260.645 51.41588 3205.3296 815.17334 77.61024
50726.816 46.11847 3125.189 725.0823 67.12448
52233.72 51.41588 3243.0378 736.553 77.49073
50846.246 64.27379 3081.425 778.7129 78.50802
50422.14 50.28931 3160.0063 450.43506 78.79844
51224.656 50.28931 3195.1738 508.92993 80.93449
50797.535 50.28931 3176.0283 459.9944 78.79844
50469.082 45.51318 3155.176 453.354 78.79844
50221.348 54.99712 3123.3916 511.4956 76.76252
50438.04 45.51318 3174.2632 442.03467 80.59652
51568.117 48.75191 3214.13 628.5923 87.80127
51894.824 67.84315 3051.9546 937.1328 68.42986
51802.78 48.75191 3220.9001 657.5178 77.49073
52102.895 67.50425 3178.3813 798.2422 67.84315
52293.33 59.1056 3180.0667 766.46606 72.7438
50548.652 45.51318 3177.824 456.52783 80.59652
52101.03 56.55434 3185.887 742.43384 92.76247
50881.73 60.55045 3095.9744 758.05786 78.19034
51252.016 50.55514 3142.3682 541.54175 72.33989
50688.203 46.11847 3066.4248 868.687 66.39945
50433.91 46.11847 3052.3188 830.0459 66.39945
50256.21 46.11847 3010.0847 810.2788 64.66542
51698.547 50.28931 3024.766 697.58545 68.04924
50177.434 48.75191 2947.934 885.3955 63.56308
51276.902 68.15876 3006.712 998.2842 67.64246
51602.55 48.75191 3212.647 642.4739 81.8745
50918.055 50.28931 3090.0664 607.43774 68.15876
51868.1 48.75191 3215.727 660.79224 81.8745
50896.953 50.28931 3098.0447 609.7041 68.15876
50712.99 50.28931 3131.6465 574.4248 68.15876
49439.008 54.18109 2644.2437 1255.3301 61.89565
49106.445 54.18109 2627.8816 1253.8308 61.69585
48944.19 55.43587 2633.109 1251.7837 61.69585
50402.598 52.85518 3124.0579 566.7776 68.15876
48532.414 55.43587 2627.7507 1233.1033 61.69585
48510.46 51.91515 2632.144 1208.635 61.69585
48918.195 51.91515 2639.2156 1215.6143 61.69585
51279.56 53.57693 3059.9102 685.3252 69.93009
51111.91 52.85518 3154.2263 708.92285 68.15876
50695.145 45.73336 3173.919 450.13257 81.6928
48972.35 51.91515 2630.4646 1252.342 61.69585
51692.01 54.99712 2982.795 683.9968 72.58862
50570.89 45.51318 3161.3967 432.90625 80.59652
50262.906 45.51318 3144.607 426.81104 80.59652
49411.516 63.5536 3055.0369 505.5171 77.43744
51270.496 46.11847 3162.188 742.28613 68.15876
49087.906 51.05334 2639.043 1210.5554 61.69585
52380.52 46.11847 3224.3015 653.58765 88.88264
50836.918 60.26007 3056.6301 603.6472 68.04924
51217.81 46.11847 3160.753 698.5488 68.15876
48594.37 42.50214 2778.2808 982.4187 61.55918
52189.78 46.11847 3255.256 633.60693 77.49073
52202.46 46.11847 3267.3772 673.5132 77.49073
51065.445 46.11847 3147.8757 701.72974 68.04924
49319.676 43.92947 2818.9077 1014.08496 61.04222
49572.64 43.92947 2801.5576 1050.3208 61.55918
49491.0 43.92947 2809.9014 991.6282 61.55918
49420.27 39.04208 2849.0947 992.448 61.55918
48937.527 39.04208 2863.1772 966.35156 61.55918
51489.01 67.1209 3020.031 976.2988 67.64246
52569.914 48.57425 3264.14 676.89307 80.93449
48734.17 43.92947 2826.9626 1036.5642 61.55918
52707.188 48.57425 3226.5664 698.0144 80.93449
48197.24 43.66964 3049.9402 355.75146 77.77138
48666.168 43.92947 2821.3826 1000.4419 61.55918
48221.254 38.22171 3066.485 356.40234 76.83287
50572.133 45.51318 3139.3948 441.93677 80.59652
52978.816 48.57425 3233.249 732.31616 77.61024
50346.41 43.92947 3069.8157 641.9961 65.36468
52745.695 48.75191 3210.8247 710.9441 82.01817
52165.066 48.75191 3207.4373 677.9502 81.68899
51867.793 48.75191 3208.416 642.19653 81.68899
48016.62 38.22171 2788.7712 735.76904 61.55918
48060.96 38.22171 2811.0942 740.0571 61.55918
51399.004 46.11847 3166.4006 746.3352 67.75017
48089.676 38.01183 2844.8823 709.2363 61.55918
48538.72 38.01183 2823.271 794.72046 61.55918
48636.19 38.01183 2795.0198 835.8938 61.55918
48998.523 38.01183 2799.4626 838.4133 61.55918
48967.523 38.22171 3056.0166 391.1089 79.27297
48853.35 38.22171 3091.1345 353.47998 84.31255
48501.207 43.92947 2772.3044 884.1572 61.55918
48398.715 43.92947 2811.4978 792.0896 61.55918
48378.17 45.11984 2822.4438 741.22046 61.55918
51576.02 48.75191 3205.5952 641.5498 81.68899
48757.918 36.33923 3080.536 329.74365 84.31255
48682.336 36.33923 3084.0205 308.20874 84.31255
51480.184 52.85518 3194.649 784.7566 71.60074
52101.074 48.75191 3190.2996 670.4346 77.49073
48750.77 36.33923 3116.5195 330.04028 84.31255
51388.586 59.1056 3178.0676 754.47437 68.15876
48576.812 38.22171 3098.5146 351.85205 79.27297
48440.05 39.04208 3064.036 344.90625 79.27297
48158.188 39.04208 3074.7585 368.68628 79.27297
48449.09 39.04208 3079.809 366.5454 84.31255
51210.93 60.55045 3081.0686 795.95264 71.37268
51256.02 60.55045 3073.8428 799.92505 66.96457
48702.28 39.04208 3108.5984 317.71118 92.76247
49085.37 39.04208 3136.9358 370.6665 92.76247
50528.023 56.55434 3138.7063 498.83105 86.2778
50252.22 56.55434 3115.976 497.49048 86.2778
50520.234 45.51318 3145.1377 429.32422 80.59652
48809.215 39.04208 3090.5054 333.62256 91.67604
50883.344 45.73336 3161.3308 459.76807 80.59652
51327.895 45.73336 3181.4104 455.16846 80.93449
48649.54 39.04208 3110.06 296.20972 91.67604
50431.234 56.998 3103.0972 508.38086 70.55095
51341.758 45.73336 3177.97 461.01147 80.93449
49804.285 56.55434 3101.9678 490.83936 86.2778
50906.23 67.1209 2983.348 709.7815 86.2778
50072.684 54.99712 3105.3037 482.21826 76.44973
48637.805 39.04208 3096.6753 318.0559 84.67525
50365.3 67.1209 2978.2712 688.16406 86.2778
51196.938 43.66964 3209.6104 434.42188 80.93449
50034.387 49.84605 3094.2761 473.57837 70.55095
50980.79 56.55434 3144.5513 463.92188 93.82481
50249.152 45.73336 3047.715 647.6719 66.96457
50916.137 45.73336 3070.5735 761.97144 66.96457
47482.645 49.76005 2680.5898 882.4656 61.98651
51274.695 57.73047 3140.9321 537.4492 70.05326
47553.176 49.76005 2665.4268 901.2617 61.98651
51182.867 57.73047 3160.8577 513.7063 70.05326
51255.434 57.73047 3148.657 557.8135 81.45436
47818.27 50.04414 2686.5261 914.42285 61.98651
47555.24 50.04414 2665.5784 901.60645 61.98651
49506.996 33.19054 3138.081 389.4121 84.67525
47440.297 50.04414 2664.693 890.9009 61.98651
50122.797 52.53377 3099.7046 444.90503 79.81155
50298.062 52.53377 3097.0916 447.3318 77.49073
48413.09 50.5156 2994.3933 497.46362 70.95745
49699.547 36.33923 3128.9146 355.43115 84.67525
49578.09 36.33923 3086.6184 399.1228 82.28423
49505.004 36.33923 3120.4397 369.50586 82.28423
50378.074 66.74837 3039.881 586.3176 86.2778
51955.668 54.99712 3184.985 736.0415 71.9291
51998.16 52.85518 3179.7148 749.41187 71.9291
51715.258 52.85518 3186.0605 740.6841 72.7438
48227.06 54.99712 3008.1792 463.4065 77.43744
50423.496 52.53377 3104.5073 483.42993 77.8105
51607.668 52.85518 3162.9233 708.37744 72.7438
51206.12 52.85518 3124.8977 492.83838 86.2778
49178.17 36.33923 3118.9 365.76807 74.60427
49359.883 36.33923 3111.6514 388.65015 77.34038
50221.945 66.74837 3045.8936 553.11865 67.75017
50364.832 66.74837 3042.9233 560.5996 67.75017
49851.27 36.42438 3118.3152 427.18628 74.60427
50937.406 56.55434 3138.3145 509.49585 86.2778
48559.266 54.99712 3014.0696 487.9995 72.7438
49750.492 36.42438 3102.7761 408.8213 74.60427
49408.69 36.42438 3087.6658 404.26904 74.60427
50351.38 66.52797 3048.44 564.92456 67.75017
50225.4 64.16719 3061.6672 541.5698 67.75017
49469.13 38.22171 3119.7056 393.15454 77.08528
50347.63 64.16719 3076.2454 530.0552 87.48284
50146.527 64.16719 3071.5442 531.7422 68.42986
49431.16 45.73336 3091.6826 436.07764 76.58974
51183.34 38.22171 3138.6262 502.57446 68.04924
50047.72 61.55918 3077.1755 557.0051 72.1282
48970.973 49.84605 3091.2234 443.07056 94.12742
51313.316 33.19054 3139.1782 547.07275 68.04924
50904.137 48.75191 3087.128 642.5515 67.75017
48910.81 33.19054 3098.8608 406.36865 72.18954
50520.82 60.26007 3096.2158 519.90283 77.49073
51263.383 36.33923 3145.1943 512.6919 68.04924
51597.37 51.41588 3190.9863 505.83984 86.2778
51282.492 36.33923 3119.1885 547.3086 68.04924
51330.633 36.33923 3167.3022 509.6411 68.15876
51880.9 51.41588 3190.786 516.68774 92.5754
49082.066 49.84605 3088.7568 453.81763 77.43744
51043.95 38.22171 3151.0198 508.32373 68.15876
51207.887 43.92947 3062.2268 652.17065 66.74016
49377.88 33.19054 3124.3647 377.41724 72.82789
51500.54 38.22171 3133.7117 557.1726 68.15876
49506.57 33.19054 3141.932 379.75757 76.58974
49510.58 45.59028 2974.5483 662.38086 64.66542
50873.61 60.55045 2972.8252 675.3672 70.55095
51035.28 60.55045 2981.3945 672.52344 72.7438
51229.098 59.1056 3124.8945 545.35547 76.92278
49496.035 38.22171 3112.7659 404.60962 76.58974
49153.5 46.07086 2955.2288 630.94336 64.36086
51902.496 43.66964 3163.1677 563.6809 68.42986
48940.31 46.07086 2894.8328 693.53467 64.09615
49028.215 48.57425 2925.3174 689.6848 64.13892
50981.598 59.1056 3134.0295 549.697 71.27214
51533.594 50.28931 3074.3547 621.0049 68.42986
51028.03 38.22171 3190.176 506.10278 69.88184
49437.11 38.22171 3119.5708 391.5056 81.8745
49469.35 39.04208 3118.677 401.8335 81.8745
51319.16 59.08652 3100.8486 555.1643 72.58862
49259.957 39.04208 3120.5322 373.54395 81.8745
51428.977 59.08652 3144.6333 569.26953 73.00068
50027.758 56.998 3099.2922 489.0432 84.67525
49365.86 43.92947 3091.0327 409.5183 81.8745
49726.695 43.92947 3123.482 403.56177 83.44421
49186.473 48.57425 2881.867 669.91284 64.13892
49748.355 48.57425 2968.632 621.36597 64.54325
51276.363 38.22171 3190.0425 498.11157 69.88184
49876.18 50.28931 3011.661 605.9988 65.77201
51494.008 59.08652 3136.903 569.93994 73.32973
49537.234 45.51318 3107.1587 416.73608 77.77138
51918.633 57.45044 3145.4534 748.4314 73.32973
49544.855 45.51318 3112.4688 430.5415 77.77138
51257.535 36.42438 3202.2888 505.77466 69.88184
50079.03 56.998 3085.9082 479.86694 84.67525
49817.18 56.998 3079.0393 472.27832 84.67525
49495.812 54.99712 2999.1372 570.13525 66.55065
51687.652 57.45044 3133.2095 723.16675 82.01817
51283.992 57.45044 3150.433 697.06885 82.01817
50879.332 60.26007 3101.0764 545.0718 77.43421
49466.62 45.51318 3108.927 423.10254 76.58974
50677.875 60.26007 3090.6414 537.1738 77.49073
51008.934 60.26007 3112.925 521.0149 94.14609
50865.44 61.55918 3111.499 521.6865 83.18227
50616.258 61.55918 3111.1833 497.53247 83.18227
50522.086 61.55918 3095.2903 504.19214 80.93449
50056.93 49.84605 3042.5671 863.75757 66.39945
49401.754 45.51318 3112.2083 442.7644 76.58974
49483.44 45.73336 3105.3933 443.3706 76.58974
49636.38 56.998 3080.1765 469.1997 84.67525
52036.418 38.22171 3231.8364 473.64673 72.7438
49539.06 33.19054 3118.8213 416.77148 76.58974
49732.324 52.85518 3051.8965 525.17065 67.08014
50442.363 59.1056 3085.469 520.7241 77.43421
51700.805 45.73336 3208.874 492.68677 77.8105
52001.66 45.73336 3238.7488 487.48486 87.80127
49629.574 33.19054 3114.9084 418.2378 76.58974
49673.94 33.19054 3081.3784 408.64038 76.58974
49569.297 33.19054 3084.9614 403.90747 76.58974
51581.273 50.28931 3179.84 499.91113 86.2778
52045.92 38.22171 3221.4387 480.62524 72.7438
52733.426 38.22171 3226.0896 775.91675 72.7438
49524.69 33.19054 3094.56 407.854 76.58974
52051.55 54.99712 3192.1902 759.47925 76.40815
49528.812 33.19054 3076.384 413.96484 72.16763
51970.3 54.99712 3176.9153 787.8862 68.98244
52679.363 38.22171 3262.8218 756.76196 72.7438
52106.332 46.6412 3217.5747 764.7361 68.98244
52369.77 43.66964 3233.6838 721.22876 68.98244
52554.094 43.66964 3208.9841 787.0249 70.05326
52753.55 43.66964 3208.6138 810.03174 70.55095
52506.63 51.41588 3187.5173 840.8899 70.55095
49432.83 59.8137 2890.445 714.7029 65.36468
52599.496 51.41588 3156.2097 865.29956 78.19034
52485.516 51.41588 3153.4177 829.6489 78.79844
49544.457 59.8137 2947.7422 673.43945 66.39945
49385.277 36.33923 3100.1833 393.90723 75.27856
49172.703 56.998 2934.1304 649.8037 66.39945
52311.723 51.41588 3230.4456 761.156 78.79844
52311.277 43.66964 3279.4446 636.80493 69.29471
52294.453 54.99712 3193.9287 786.1157 73.32973
52378.207 54.99712 3216.317 756.48193 78.59705
49373.41 38.22171 3086.993 397.52246 72.16763
52161.117 56.55434 3195.634 785.8821 78.59705
52138.07 60.26007 3159.1313 838.1821 78.59705
49497.145 38.22171 3096.033 412.16504 72.16763
49234.43 39.04208 3067.0325 431.8728 72.16763
49097.816 43.92947 3077.826 420.74 72.16763
48825.246 50.28931 3022.3804 454.40894 75.4522
52506.18 43.66964 3297.9053 625.7886 72.7438
51223.375 60.26007 3098.7563 608.53345 90.17908
51127.71 61.04222 3080.1523 573.82837 90.17908
48758.934 50.28931 2999.3464 452.5713 75.4522
52546.375 36.33923 3271.8608 606.3462 74.01904
48738.324 50.28931 3025.0686 423.87036 75.4522
48793.168 50.28931 2995.2876 445.04102 74.01904
48810.664 50.28931 2999.14 443.063 74.16102
50903.434 61.04222 3014.511 663.4939 77.43421
51644.43 57.45044 3154.2207 715.2251 77.49073
50853.15 61.04222 3033.117 629.02734 77.43421
48822.062 50.28931 2986.9358 435.57275 76.58974
51593.016 57.45044 3158.0793 697.2156 77.49073
50805.508 50.28931 3134.041 453.87793 77.43744
51127.91 61.04222 3090.0828 575.1575 77.49073
51515.367 56.998 3091.2607 592.0491 77.49073
51385.805 55.34689 3178.9558 694.4783 77.49073
51019.277 61.04222 2997.4062 697.82153 77.43421
49330.72 45.73336 3070.737 410.08984 91.98291
50854.79 51.91515 3112.348 511.6936 68.04924
50447.113 51.91515 3127.344 498.73975 77.43744
52073.9 50.28931 3174.058 562.9136 76.44973
50710.875 51.91515 3130.9421 510.60498 72.7438
50476.473 51.91515 3111.9167 473.98218 72.7438
50446.816 51.91515 3116.818 463.6526 94.12742
49681.457 45.73336 3071.1616 439.2671 81.83658
49703.855 45.73336 3069.0522 430.3794 76.58974
49622.77 45.73336 3085.7344 433.67944 82.48898
51684.56 55.34689 3152.5254 749.42676 77.34038
49539.082 45.73336 3077.9595 420.03027 84.67525
51495.49 57.45044 3151.764 732.30054 77.34038
51901.793 57.45044 3186.2966 725.0215 77.49073
51980.75 59.1056 3184.82 787.2739 77.49073
51828.3 59.1056 3169.9336 757.11646 77.49073
50369.777 51.41588 3094.3682 769.3679 67.64246
49878.004 45.73336 3088.2 423.74878 84.67525
51381.723 59.37528 3168.59 787.59937 77.49073
51645.9 60.26007 3021.9065 743.7615 78.79844
51516.5 60.26007 3023.1172 749.25464 78.79844
51647.66 59.77117 3178.7456 790.2588 77.49073
51516.934 60.26007 3110.5698 626.4658 81.45436
50697.008 55.43587 3088.3699 720.5957 67.55704
51958.08 48.75191 3195.7905 574.9321 77.49073
49644.977 45.73336 3078.8167 420.95435 87.19223
50568.82 55.43587 3094.1423 738.98804 67.1209
51254.44 60.26007 3110.905 646.74 81.45436
49236.14 43.59718 3058.3403 403.3252 87.19223
51401.156 46.11847 3188.2717 542.10767 71.27214
49180.52 43.59718 3048.6196 393.7339 87.19223
50161.15 55.43587 3068.1313 789.21826 66.96457
48959.42 43.59718 3061.915 376.09888 92.76247
48642.387 43.59718 3034.697 392.68506 87.19223
51592.81 59.1056 3065.6377 679.1953 77.49073
51818.812 59.1056 3120.8093 641.4131 77.61024
51478.21 59.1056 3111.5999 626.0066 77.49073
48762.117 43.59718 3034.3276 399.54346 83.31369
51298.945 59.1056 3106.7148 595.9817 81.83658
50891.137 61.73053 3091.1443 585.6199 77.49073
51556.336 60.26007 3162.5115 785.62695 77.49073
51055.57 62.66764 3074.905 560.9409 79.51257
48741.145 43.59718 3032.5864 393.13818 83.31369
50995.17 62.66764 3104.7446 554.9375 78.79844
51080.426 61.55918 3102.566 557.86084 78.79844
51317.914 60.26007 3074.6968 589.5669 78.79844
51752.234 48.75191 2948.629 967.1987 67.50425
51335.367 60.26007 3089.8623 601.4839 78.79844
51368.023 59.1056 3163.3506 715.90845 80.93449
51569.875 59.1056 3080.0283 631.2998 77.49073
51634.44 59.1056 3092.6753 593.2905 87.79668
50219.676 50.2865 3014.8345 796.521 66.55065
51880.812 43.92947 3206.5315 690.1399 69.93009
50789.89 45.59028 2908.6973 816.0896 66.52797
51304.625 59.1056 3141.211 714.24243 80.93449
51334.97 59.1056 3079.4448 632.2339 73.61608
51045.344 60.26007 3123.4219 761.54517 76.76252
51187.227 60.26007 3084.2483 623.86914 77.49073
51166.22 60.26007 3115.9077 564.41284 77.49073
51444.914 60.26007 3109.2668 641.3196 77.61024
51694.32 50.28931 3149.1907 506.31445 77.49073
50637.09 55.18182 3036.825 837.6482 66.55663
51641.367 50.28931 3158.7837 493.51294 81.6928
51620.258 50.28931 3166.005 494.7378 77.43421
49529.79 45.73336 3059.4536 424.6211 78.79844
50075.3 49.84605 3042.7666 773.6863 66.55663
50954.715 50.04607 3039.382 861.9426 66.55663
50309.92 50.28931 3060.4998 538.9075 67.08014
50344.848 52.53377 3027.808 600.5696 67.08014
51766.938 50.28931 3153.8064 496.5437 81.6928
50858.92 51.05334 3036.478 886.7744 66.55663
51834.07 43.66964 3193.5735 634.71216 69.88184
51384.363 50.28931 3163.8071 480.03174 77.8105
52130.94 43.66964 3231.3022 447.4441 90.40947
51300.336 48.57425 3072.4023 869.26587 66.55663
50567.266 57.45044 3049.7073 784.5388 66.55663
50972.12 48.57425 3067.718 817.9988 66.55663
50961.812 50.28931 3161.1997 465.93823 81.81037
51948.54 43.66964 3229.7446 441.5542 86.2778
49434.31 45.73336 3060.0493 410.6482 76.58974
51998.78 43.66964 3218.7883 470.93896 86.2778
50299.41 45.73336 3020.908 763.44556 66.55663
49370.35 45.73336 3059.9812 408.7224 76.58974
49439.54 45.73336 3054.7385 417.35596 77.49073
50935.15 50.28931 3148.5295 460.43433 77.8105
49203.94 50.28931 3034.057 439.33765 76.58974
49347.08 50.28931 3036.4993 441.6931 84.67525
49238.67 50.28931 3047.8716 405.75977 84.67525
50432.793 52.87941 2970.287 681.2446 67.08014
49011.312 50.28931 3042.4 397.79565 84.67525
50505.94 60.32148 3040.7751 820.0298 65.00814
50498.145 55.18182 3042.863 781.5547 66.55663
50368.93 52.87941 2981.5286 673.2395 67.08014
50503.414 54.05095 2880.0417 1018.4199 64.68629
50964.645 47.06613 2887.7463 1044.9617 64.68629
50651.18 54.05095 2891.8318 1026.0935 64.68629
49898.832 60.32148 2653.6392 1190.5854 64.68629
51523.49 48.57425 3092.1523 632.6521 67.75017
51173.074 50.5156 3074.671 620.1052 68.53938
51759.29 43.92947 3188.1653 656.4839 69.14
51035.18 45.73336 2880.734 999.9697 66.52797
51733.777 43.92947 3175.8481 697.97754 67.84315
51789.62 33.19054 3195.1277 746.5786 68.04924
52092.72 50.28931 3184.5742 522.8264 86.2778
49906.99 52.85518 3042.775 578.95654 67.08014
51699.188 33.19054 3181.068 739.77295 68.04924
51329.09 33.19054 3151.1387 757.6045 67.50425
51291.926 43.92947 3151.963 768.0896 67.50425
51819.38 50.28931 3188.1636 510.57837 86.2778
51813.812 50.28931 3172.3584 512.23145 80.93449
50020.504 61.45918 3102.4558 759.90454 71.04974
50192.863 52.85518 2886.591 740.739 66.52797
51653.926 48.57425 3200.4211 477.14966 82.48898
51653.344 50.04607 3116.089 574.12036 71.54915
51595.71 36.42438 3160.3123 697.7024 67.75017
51605.797 50.04607 3116.738 581.5891 71.54915
51569.05 50.04607 3092.6453 565.2261 71.54915
51343.79 50.04607 3129.1067 527.10986 71.54915
51577.66 48.57425 3229.2078 492.94336 82.17273
48728.008 50.5156 3039.252 429.7954 87.79668
51583.316 43.92947 3147.3342 711.8667 67.75017
51428.38 39.04208 3186.5725 704.4016 68.4972
51016.742 39.04208 3179.6267 504.95923 68.4972
50799.707 39.04208 3160.939 498.14868 68.4972
50090.51 61.73053 3107.6704 762.25 71.04974
51826.51 48.57425 3212.8357 467.09302 90.40947
51697.91 50.28931 3195.6597 502.3169 86.2778
51435.19 50.28931 3182.0732 476.3047 86.2778
50345.1 60.26007 3107.8965 771.90454 71.04974
50582.703 60.26007 3113.2002 775.68823 71.04974
48875.75 50.5156 3016.34 442.76172 84.67525
50655.953 60.26007 3132.0283 743.72485 77.08528
50107.242 54.05095 2861.533 790.0349 65.28069
52121.625 50.28931 3192.2166 694.1006 75.27856
51076.504 50.5156 3098.146 606.5825 68.4972
51328.875 37.42426 3088.8643 538.21313 68.04924
51214.6 37.42426 3083.7256 536.8635 67.75017
51359.414 48.57425 3146.5808 539.75854 68.4972
48861.086 50.5156 3019.7659 441.61865 84.67525
50282.41 59.51882 3109.3774 767.93115 74.60427
50288.816 61.45918 3097.8909 756.0381 74.60427
48802.547 50.5156 3025.9114 436.60498 84.67525
50030.594 59.34003 2995.3486 615.9712 66.4807
50560.977 61.45918 3097.5781 781.64233 68.21146
51242.316 50.28931 3167.9421 462.72534 86.2778
49811.93 59.77117 2921.3325 678.9304 66.4807
50543.438 61.45918 3104.4487 773.2473 68.21146
48951.793 50.5156 3037.674 417.69727 87.79668
50010.33 46.89605 3047.004 659.93066 66.39945
49547.71 46.89605 3031.3872 658.4138 66.39945
50613.234 60.55045 3114.5664 773.928 72.82789
50888.836 59.37528 3119.658 791.0498 73.97758
48575.914 51.41588 3016.0283 433.21143 84.67525
49455.605 46.89605 3042.882 647.5774 66.39945
48686.902 51.41588 3009.2725 436.03198 84.67525
48612.527 51.41588 3019.772 421.06348 87.79668
48678.27 51.41588 3007.272 435.17505 84.67525
49083.676 46.07086 3033.2485 645.2283 66.39945
51053.5 59.37528 3117.3525 754.9929 78.74215
51261.848 59.37528 3136.1775 742.93677 81.45436
51233.277 50.28931 3147.74 510.88672 68.4972
50919.04 54.99712 3132.4927 547.5449 68.4972
49425.363 46.07086 3027.3699 644.02686 66.39945
50086.3 59.1056 2967.6008 666.20435 67.08014
51012.953 54.99712 3153.8713 496.1045 77.61024
51136.742 54.99712 3164.6667 482.72974 78.79844
51025.527 54.99712 3053.4297 562.5193 68.4972
51297.305 59.1056 3138.588 709.35474 81.45436
51524.28 38.22171 3187.5984 538.8452 70.50957
51479.836 59.1056 3145.1147 723.17676 81.6928
51306.453 38.22171 3153.8018 536.53687 69.8792
51638.254 59.34003 3184.6165 735.5884 68.37698
51247.824 51.41588 3124.3557 630.2844 69.74838
49156.484 46.07086 3005.5415 641.522 65.68388
49624.094 45.73336 3013.6118 783.91626 65.28069
51323.73 45.73336 3175.155 537.9238 69.8792
51059.09 45.73336 3176.2654 555.99097 69.8792
51463.89 54.99712 3163.392 689.90894 75.98563
48586.543 55.297 2818.0627 768.6775 64.35159
48717.168 55.297 2827.9932 776.03735 64.35159
51350.715 54.99712 3160.2673 699.61304 74.16102
48648.438 55.297 2839.4788 787.23926 64.35159
51425.105 50.28931 3176.3557 465.49658 86.2778
48723.824 55.297 2823.9307 831.5698 64.35159
51164.773 43.66964 3177.9155 536.6233 69.8792
49036.95 55.297 2813.8713 841.1638 64.35159
51375.43 50.28931 3174.4072 510.84814 77.49073
49689.312 59.77117 2931.3198 672.34424 67.08014
51432.66 43.66964 3176.805 536.6775 69.8792
51404.7 51.41588 3165.0654 534.2976 77.60874
51873.19 45.73336 3198.7854 677.38477 69.8792
51893.523 51.41588 3147.5557 604.396 77.49073
52149.414 50.28931 3183.685 535.45337 77.49073
52037.125 51.41588 3170.281 605.6604 80.12437
51804.418 58.16115 3138.7888 724.4358 81.6928
51852.234 54.99712 3119.7131 568.8801 77.61024
51775.64 54.99712 3110.9382 561.7937 77.49073
52446.914 50.28931 3204.4753 704.18604 71.9291
52559.633 50.28931 3208.3755 703.3894 79.0268
51677.61 58.16115 3149.5325 718.53467 81.6928
51981.566 48.75191 3185.6738 740.01025 69.8792
51977.113 46.11847 3195.954 726.78784 68.98244
52052.414 46.11847 3225.0688 676.0215 71.37268
52129.703 50.28931 3190.7908 671.50415 81.6928
51622.297 52.85518 3172.3245 687.6953 81.6928
52151.492 46.11847 3216.7664 700.6008 71.37268
52209.36 46.11847 3229.326 715.50854 71.27214
52154.89 47.06613 3174.862 792.43604 71.27214
51670.145 52.85518 3164.6135 720.39307 73.21133
52005.68 52.85518 3189.6667 692.584 81.6928
49962.43 45.73336 3018.5095 783.0095 66.3578
51959.61 52.85518 3175.609 735.81836 76.92278
52087.797 52.85518 3176.74 744.8406 77.34038
51792.14 47.06613 3205.883 711.9446 71.27214
51533.22 58.16115 3152.266 713.57153 87.80127
52180.215 52.85518 3173.949 719.0327 77.49073
52159.9 52.85518 3189.4526 723.4409 77.49073
52167.137 52.85518 3195.4565 747.25 77.49073
49130.39 61.10706 2864.4502 756.17456 67.08014
52294.85 52.85518 3172.2114 766.7285 77.49073
51218.766 45.73336 3218.7576 505.38354 72.82789
51183.484 45.73336 3211.5962 504.15967 71.27214
51149.14 38.22171 3205.9202 482.76172 71.27214
52357.965 55.34689 3170.512 791.9895 77.49073
50036.52 45.73336 3012.3792 809.45386 66.3578
51783.574 51.41588 3155.804 709.70654 74.01904
51901.945 55.34689 3176.7163 745.6836 84.28317
51509.203 51.41588 3131.8364 573.6035 71.94036
51687.227 51.41588 3123.341 648.8999 71.94036
51888.438 51.41588 3171.4587 732.8247 73.6228
51619.773 51.41588 3126.9666 668.5488 68.42986
51988.414 55.34689 3174.54 748.50195 84.28317
51620.35 51.41588 3127.5803 637.99 68.53938
51930.285 52.85518 3204.4382 710.271 79.90965
51929.48 52.85518 3216.2422 678.2407 84.67525
47573.023 45.68967 2661.6106 925.56055 61.55918
51805.14 51.41588 3152.8228 716.9309 73.6228
51435.363 52.85518 3179.2263 681.0432 82.54768
51550.594 54.99712 3177.8474 657.6001 82.54768
51618.555 50.28931 3213.4492 605.81616 82.54768
50920.152 45.73336 3194.5713 468.47095 71.27214
50820.668 45.73336 3178.1262 503.01294 70.95745
51614.83 54.99712 3163.0483 714.9263 73.47451
51827.88 50.28931 3204.9424 687.6946 76.76252
52031.375 50.28931 3197.5955 668.65405 78.3992
47456.836 56.55434 2929.649 410.9099 84.67525
47300.918 56.55434 2951.218 389.7859 84.67525
51739.332 50.28931 3198.9673 632.979 76.76252
51868.31 48.57425 3174.3982 551.31714 68.42986
52079.84 50.28931 3169.0657 685.4573 76.6985
52021.344 50.28931 3180.3499 690.0078 76.6985
47240.387 56.55434 2955.597 382.73096 84.67525
52246.914 50.28931 3206.1438 688.20874 77.49073
51093.105 38.22171 3240.0544 443.3037 71.27214
51393.992 38.22171 3250.5906 428.3479 72.69491
49660.848 45.73336 3035.3328 603.4519 66.3578
47218.758 56.80115 2943.0508 397.18335 84.67525
47329.656 57.73047 2953.8257 415.73218 84.67525
51428.676 43.66964 3218.7678 455.97803 72.69491
51946.566 43.92947 3236.0723 473.52734 77.34038
51768.9 43.92947 3197.2961 490.37305 76.82097
51761.516 43.92947 3189.8906 490.2849 76.82097
52069.188 50.28931 3199.4531 675.36255 77.49073
52102.875 54.99712 3167.2346 692.82983 76.40815
47273.72 56.22593 2956.7249 395.8772 84.31255
52366.133 50.28931 3186.9585 666.9238 78.3992
52449.332 50.28931 3199.5073 692.4153 78.3992
52720.574 50.28931 3168.626 737.354 82.01817
52461.363 53.57693 3142.7917 803.4824 78.3992
52619.81 51.41588 3152.7705 833.8154 78.3992
52495.53 51.41588 3171.6626 835.5764 81.26832
49210.535 61.10706 2855.6663 774.3008 67.08014
52109.652 51.41588 3197.7861 749.4817 72.7438
52205.19 50.28931 3228.6794 681.38086 77.49073
52395.746 51.41588 3188.599 810.73315 84.67525
52258.465 50.28931 3220.3867 697.77344 79.90965
51514.312 50.28931 3170.2014 558.13257 70.95745
52361.44 51.41588 3175.9932 813.8015 72.7438
51365.867 48.57425 3184.0781 477.30005 78.67049
51548.48 48.57425 3163.0027 496.2063 76.40815
51549.445 48.57425 3162.6602 496.0459 72.7438
52318.09 48.57425 3222.9314 702.2395 79.90965
49580.844 60.26007 2895.9226 770.3247 67.08014
52583.52 45.73336 3222.9272 702.853 72.7438
52365.496 57.45044 3141.9602 834.85547 72.7438
52333.22 55.34689 3166.3687 788.0488 73.32973
51865.13 55.34689 3133.1262 623.91235 73.32973
51695.95 55.34689 3162.659 556.61743 83.18227
51457.625 55.34689 3139.7083 549.00464 83.18227
51877.746 48.57425 3150.659 504.68066 68.53938
50821.21 50.28931 3160.79 461.87744 73.21133
51226.05 55.34689 3154.0735 546.9695 83.18227
51152.26 59.1056 3156.9714 542.5303 77.8105
51130.105 59.1056 3160.8992 547.60693 77.8105
51357.64 50.28931 3185.367 469.21045 72.58862
51008.695 59.32408 3149.0886 550.9133 77.8105
52662.723 48.57425 3206.5679 811.10254 68.53938
52853.113 36.33923 3253.455 748.355 68.53938
50935.883 59.32408 3140.1807 535.3054 77.8105
51699.895 48.57425 3204.623 489.36768 79.90965
50869.086 60.26007 3117.5 583.0437 77.8105
52659.145 36.33923 3247.0132 684.5071 69.88184
51955.496 48.57425 3177.487 553.23 72.58862
50793.05 66.4807 3126.8264 569.11597 77.43744
50776.51 64.68629 3098.6707 547.94604 77.43744
49265.7 50.28931 2685.853 884.9773 64.13892
52620.383 33.19054 3262.9663 704.4866 69.88184
50535.28 64.68629 3099.9822 551.4038 99.12666
50312.848 64.68629 3091.2034 537.6655 77.43744
49201.816 50.28931 2683.903 881.77954 64.13892
51580.074 48.57425 3200.683 504.9707 72.58862
51365.04 48.57425 3196.7773 483.6665 72.58862
51421.33 48.57425 3196.6719 471.5398 80.93449
48897.055 50.6273 2695.6985 847.37866 64.13892
48866.85 50.6273 2686.2327 908.34033 63.20045
52460.21 43.66964 3213.758 732.73926 69.88184
52156.043 50.28931 3141.1165 823.1426 69.88184
50178.58 64.68629 3088.312 522.1277 78.74215
52194.48 50.28931 3185.7642 777.53564 71.37268
50276.84 63.5536 3083.2913 530.96606 78.74215
50269.234 63.5536 3081.2095 536.46655 77.43744
52096.023 56.55434 3204.2273 786.99316 69.88184
51439.27 48.57425 3202.6528 453.49268 93.87894
50135.027 57.45044 2656.191 1229.0398 64.13892
46989.29 56.22593 2923.8345 442.96875 77.61024
51416.477 43.92947 3234.2104 607.0947 72.16763
49797.266 60.38768 2969.98 634.98486 67.55704
51478.312 50.5156 3097.5945 825.8198 67.50425
51263.57 50.5156 3091.3647 812.3545 67.50425
51527.066 43.92947 3230.6135 631.00635 72.16763
50268.633 52.85518 3121.6548 492.30127 77.43421
47561.785 56.22593 2948.2822 411.5818 78.67049
50066.562 52.85518 3115.5496 490.43823 77.43421
51812.44 43.66964 3223.4358 617.72925 72.16763
50922.242 50.5156 3087.9033 657.73975 67.55704
51301.434 48.57425 3206.657 460.9453 80.93449
51195.195 50.04607 3191.5662 488.06348 82.48898
51734.74 50.28931 3208.6292 662.0134 80.93449
51912.527 50.28931 3214.46 657.03687 84.72825
47503.664 58.15936 2926.1592 447.7256 91.90918
52065.902 43.66964 3275.6064 605.0178 73.69425
51421.977 43.66964 3226.886 575.96265 72.16763
51272.215 39.04208 3224.6116 442.43115 73.40472
49722.938 45.73336 3033.0508 743.6216 66.3578
51684.297 50.28931 3217.8247 665.1909 84.72825
51076.695 50.28931 3193.1965 489.22388 80.93449
48950.05 45.73336 3025.692 567.9873 66.3578
47747.22 57.30748 2942.9353 467.13086 80.20006
50722.492 52.53377 3115.485 493.67725 77.49073
50381.258 61.55918 3109.509 494.8462 77.43421
48172.92 58.15936 2950.8948 468.03394 94.56174
50003.254 55.43587 3113.35 474.79736 79.81155
49804.55 55.43587 3089.4795 490.82178 77.43421
48036.34 56.998 2972.1135 433.60352 88.18596
49423.684 45.73336 3025.5742 568.32275 66.3578
51880.875 46.11847 3162.035 708.2114 68.04924
49675.824 45.73336 3020.9553 604.2759 66.55663
49513.855 55.43587 3081.9355 480.85205 77.43421
51268.297 50.28931 3174.7021 465.51587 84.72825
51521.055 50.28931 3176.0857 493.95923 80.93449
51530.453 50.28931 3185.4731 502.04932 80.52892
51282.26 52.85518 3187.2466 500.0725 80.52892
50107.86 59.34003 3030.2986 623.45996 67.55704
51328.22 52.85518 3157.499 537.1426 76.76252
51364.406 52.85518 3163.0684 528.28516 77.49073
49698.426 45.73336 3015.0583 644.1792 66.3578
51121.223 55.34689 3167.6545 526.4724 77.49073
51758.598 43.66964 3236.0437 478.51123 75.27856
51784.84 44.89612 3033.969 892.01514 67.55704
49354.98 45.73336 3027.129 585.19507 64.36086
49437.68 45.73336 2982.3862 677.85034 64.36086
51177.51 54.99712 3181.9087 500.04053 77.49073
48415.113 56.998 3011.6685 447.54614 84.67525
48357.594 56.998 2984.0186 494.3767 82.48898
49456.25 39.04208 2995.4133 633.9888 64.36086
49331.94 50.55514 3009.06 661.1616 64.36086
51392.99 54.99712 3170.3967 537.86084 79.91135
48129.383 56.998 2964.5623 480.68115 80.20006
51429.176 50.04607 3157.1846 597.2412 69.93009
47994.305 56.998 2968.0122 450.03882 80.20006
51674.195 50.04607 3157.0417 603.70825 70.50957
51528.03 54.99712 3027.7566 724.66846 72.1282
48337.324 56.998 2969.646 485.43066 80.20006
49391.36 50.5156 3073.8623 461.99927 77.43421
51850.645 50.28931 3033.573 886.6008 67.55704
50493.42 52.85518 3063.5408 614.6638 67.2871
51381.23 59.98304 3083.6562 619.09155 75.29173
51587.12 50.28931 3076.3809 856.98926 67.55704
51574.566 50.28931 3091.7834 844.52856 67.55704
51385.71 60.26007 3073.3376 584.6675 77.49073
51173.69 60.26007 3055.0923 650.584 76.08959
51826.984 48.57425 3071.4055 925.5979 67.55704
48128.06 56.998 2970.7854 479.31543 84.31255
51258.426 59.1056 3088.4897 621.23926 69.93009
51024.266 52.85518 3103.3157 572.91675 69.93009
51986.207 48.57425 3059.4983 983.8694 67.55704
50496.195 54.99712 3054.4382 598.4612 67.2871
48120.062 55.95301 2977.7458 453.09204 84.31255
47845.664 55.95301 2958.1748 437.61206 84.31255
52007.47 44.89612 3011.6162 992.50195 67.55704
52447.426 50.28931 3193.9517 835.58887 67.84315
51165.848 52.85518 3100.457 553.9153 69.93009
51461.227 52.85518 3095.7966 577.0718 70.50957
52162.637 50.28931 3208.515 844.13965 69.74838
47672.035 55.95301 2955.9155 428.50513 84.31255
51712.18 50.28931 3085.573 894.74243 67.55704
51421.953 52.85518 3115.5205 583.6919 70.50957
51374.336 52.85518 3115.9832 589.8279 69.93009
51531.008 51.41588 3151.6287 553.0232 83.84343
51517.008 50.28931 3130.7297 826.1682 67.55704
47927.875 56.55434 2974.2947 439.08545 84.31255
47941.16 52.60741 2983.1326 414.82324 84.31255
51580.35 52.85518 3174.805 576.8379 76.92278
50656.473 47.99299 2937.2786 734.2261 66.52797
51554.42 52.85518 3169.5613 576.07666 78.79844
51655.61 58.90252 3113.8232 628.16675 78.79844
49117.293 50.5156 3070.9827 469.364 76.08959
51617.65 58.90252 3135.6128 621.6382 78.79844
51644.08 36.33923 3151.992 738.3042 67.64299
50668.16 45.73336 3027.6665 690.3186 66.74016
51525.56 58.90252 3123.4297 585.31055 84.54578
51316.215 36.33923 3168.9832 712.43774 67.64299
49315.82 50.5156 3069.0806 453.55322 76.08959
51328.34 58.90252 3133.048 539.23096 84.54578
51200.453 36.33923 3154.824 688.3208 67.64299
49400.066 50.5156 3067.825 451.04736 77.43744
49290.074 50.04607 3087.5154 446.57935 77.43744
49488.586 50.04607 3080.9763 439.08398 82.48898
49784.605 50.04607 3082.0056 454.97388 77.34038
50287.254 47.06613 2990.0515 670.48145 66.4807
51514.605 58.90252 3156.8284 557.13745 83.18227
51747.074 50.28931 3099.4863 879.87305 67.64299
50047.473 48.57425 2966.38 673.5261 66.4807
51577.656 50.28931 3155.7034 842.2744 67.64299
51651.723 58.90252 3116.5728 604.9021 83.18227
49875.43 50.04607 3087.029 461.33203 77.43421
51503.996 58.16115 3092.9746 618.4607 72.5087
51106.3 58.16115 3081.0686 598.4817 72.5087
50768.688 58.16115 3113.5032 523.50244 73.21133
50548.875 58.16115 3103.1067 508.6001 81.88377
49627.6 50.5156 3070.3489 464.05176 77.43421
50152.797 58.16115 3073.9573 501.25952 77.34038
51421.406 58.16817 3138.1475 829.42017 67.50425
50396.125 45.73336 2947.94 776.98535 66.39945
50503.63 58.16115 3121.3618 504.60938 73.21133
50782.21 45.73336 3011.588 599.3269 67.1209
50246.15 45.73336 3016.011 588.9995 66.52797
48754.094 53.57693 3031.477 408.2666 94.28151
50633.527 45.73336 3075.62 554.9126 67.1209
50717.734 45.73336 3082.9165 557.16846 67.1209
50232.234 50.5156 3107.2788 470.46973 77.43421
51087.09 48.57425 2955.6877 1015.67773 66.52797
49931.2 50.5156 3107.5952 464.8474 77.43421
51295.746 48.57425 2958.6204 1025.6252 66.52797
48784.484 53.57693 3038.2407 414.4397 96.90445
51221.535 59.34003 3134.287 531.9966 72.59495
51664.516 54.99712 3138.8977 865.09863 67.50425
51664.188 59.34003 3141.6462 561.6907 93.87894
51995.51 50.28931 3193.7253 512.6338 72.59495
51772.586 45.73336 3218.294 499.30542 72.59495
51782.914 45.73336 3226.2576 511.0891 70.55095
48528.82 51.64587 2665.4507 889.6621 62.11547
51810.242 45.73336 3209.1023 530.4514 73.32973
52155.113 45.73336 3267.027 576.751 73.32973
51150.145 51.91515 3112.7979 817.6919 67.50425
48602.77 53.57693 3032.149 439.90405 94.28151
52542.016 45.73336 3299.0696 629.0056 73.32973
50469.086 45.92375 3032.287 570.6223 66.6605
50783.05 48.57425 2923.5454 793.3552 66.52797
50151.74 51.09145 2975.1343 678.97705 66.6605
52677.65 43.66964 3297.1816 569.60645 75.27856
50159.65 50.60658 2995.1226 652.9839 66.6605
52549.05 38.22171 3301.7786 594.3508 76.17896
50364.62 50.60658 2982.8926 700.2632 66.6605
48498.625 54.99712 3024.0088 424.61084 94.28151
50322.227 51.09145 2951.069 725.0703 66.6605
48314.086 54.99712 3027.1506 442.54492 96.90445
48476.51 54.99712 3016.1375 422.6289 96.90445
50426.438 51.09145 2937.7932 729.77466 66.6605
48742.89 50.55514 2892.719 732.36084 64.24272
51935.992 38.22171 3281.9353 485.14893 75.27856
51468.242 38.22171 3271.2354 459.10693 75.27856
51495.953 43.66964 3234.1226 454.77686 77.49073
50428.74 51.09145 2936.323 733.6477 66.6605
50729.24 50.28931 2996.09 657.47314 66.6605
50591.24 48.57425 2996.9595 645.1311 66.6605
48586.08 51.64587 2638.15 936.96216 61.98651
48151.266 54.99712 3016.7607 423.83862 96.90445
51566.957 43.66964 3257.3123 463.26294 77.49073
51569.195 43.66964 3259.5574 462.7434 78.59705
50268.97 50.28931 3029.776 589.79517 66.6605
50329.46 50.28931 3028.3484 594.4585 66.6605
50595.793 50.28931 2978.464 662.7947 66.52797
51883.535 45.73336 3293.8398 516.979 78.59705
51858.277 43.92947 3249.7961 538.9346 73.32973
51492.434 50.28931 2964.2195 1052.0498 66.52797
48043.473 54.99712 2993.298 439.29004 91.90918
51846.027 45.73336 2972.5652 1009.10156 67.1209
51711.977 45.73336 2950.3044 974.38525 67.1209
50172.184 54.85442 2976.1956 682.32495 67.1209
51980.844 43.66964 3272.8938 444.78955 86.2778
51974.727 48.57425 3209.6184 492.24194 86.2778
51712.242 54.99712 3209.6658 526.43726 86.2778
51780.54 54.99712 3212.9783 532.6775 86.2778
51625.234 59.1056 3063.0396 674.27515 77.43421
49955.562 53.57693 3061.27 641.70215 67.1209
51461.32 59.1056 3079.4646 668.8069 77.43421
51458.523 59.1056 3075.6553 664.24243 70.50957
48071.805 58.33273 2470.0662 1423.4421 62.8401
51141.75 59.1056 3081.612 609.3616 67.50425
48672.934 52.60741 3015.3955 458.59106 84.67525
50054.863 53.57693 3012.4185 625.04956 67.1209
50417.367 53.57693 2996.4375 664.31934 67.1209
50108.727 54.85442 2978.8733 660.6118 67.1209
51103.633 39.04208 3108.8916 570.24536 68.04924
48619.504 52.60741 3013.6904 453.93945 84.67525
51205.25 39.04208 3093.498 544.86694 68.04924
50589.746 51.64587 2832.908 1076.6536 64.35159
49320.73 55.18182 2963.6675 882.0425 64.16189
49994.39 56.22593 2991.0754 645.42163 66.05833
51425.0 39.04208 3161.5635 516.18555 69.88184
49498.977 56.22593 2975.458 635.0459 66.05833
49768.297 48.06499 2866.402 782.86694 64.35159
49886.8 48.06499 2856.5386 789.5288 64.35159
49017.9 45.51318 2973.2375 876.69604 62.67162
51517.758 39.04208 3195.8125 484.43164 70.50957
51629.492 43.66964 3175.038 563.16016 70.50957
49836.734 51.64587 2852.601 784.74805 64.35159
48799.375 48.75191 2950.2495 789.1262 64.16189
49715.46 51.64587 2846.1804 778.4697 64.35159
51634.73 38.22171 3169.1667 544.323 70.50957
48824.21 48.75191 2933.2825 873.4656 63.68614
51576.164 38.22171 3155.0256 537.32153 70.50957
51206.11 38.22171 3105.8794 548.90283 68.04924
50059.98 47.99299 2802.039 877.2163 64.35159
48627.332 54.18109 2911.1467 838.93286 64.36086
49067.266 54.18109 2949.4531 849.7612 64.36086
49201.008 56.18236 2948.9817 845.1301 64.36086
48582.695 56.18236 2906.0845 893.41406 64.16189
51247.344 45.92375 2936.4167 1006.09155 66.4807
48823.188 52.87941 2850.3843 771.0703 63.31657
49245.71 56.18236 2936.005 924.4951 64.36086
51298.348 50.28931 2934.4253 1017.4153 66.4807
49661.105 36.42438 3039.9094 869.8967 64.36086
51405.78 38.22171 2948.7578 1030.5344 66.4807
48585.438 52.87941 2802.821 871.8738 62.66416
51311.21 51.64587 2963.265 1030.4236 66.4807
48382.37 52.87941 2791.7722 883.208 62.66256
48646.71 51.91515 3012.1025 441.7705 84.67525
48579.39 51.91515 3009.086 434.65503 84.67525
48182.2 51.91515 3006.4763 406.87354 84.67525
50421.84 50.60658 2958.9814 703.416 66.4807
48406.207 52.87941 2891.5217 778.6487 63.31657
50224.184 48.57425 2974.961 729.0813 66.4807
50376.01 48.57425 2974.4214 721.06055 66.4807
48369.246 51.91515 3004.2007 417.30615 88.18596
50147.863 51.64587 2944.34 735.1145 66.4807
48340.355 51.91515 2993.7488 427.6985 86.2778
49191.355 52.85518 2996.079 919.3054 64.36086
49379.484 52.85518 2981.795 898.9756 64.36086
49878.312 45.59028 3011.6255 895.23047 64.36086
48754.914 50.5156 2959.9841 645.7146 64.68629
48724.59 38.22171 2729.5679 896.6211 61.98651
48706.844 42.50214 2750.815 847.1531 61.98651
50263.86 45.73336 2958.6318 758.01 66.39945
49039.75 46.89605 3025.097 853.2234 64.16189
50453.027 45.73336 2948.056 777.5574 66.39945
49218.273 51.91515 3041.4841 437.4729 86.2778
48716.984 40.95588 2730.6536 871.39233 61.98651
48604.32 40.95588 2750.7861 861.66626 61.55918
50721.99 48.57425 3039.485 597.60864 67.08014
50310.387 51.64587 2933.7642 754.6614 66.4807
49211.66 53.57693 3042.1697 453.36572 86.2778
48249.297 42.50214 2768.9695 881.4971 61.50647
50506.953 50.28931 2949.3982 716.6821 66.4807
49224.65 33.19054 3055.1196 851.0703 64.16189
48832.13 50.5156 2930.0312 689.9204 63.31657
48854.535 53.57693 3022.572 429.64526 86.2778
49168.95 45.73336 3041.4365 779.7678 64.16189
50375.562 50.28931 2961.959 695.8633 66.4807
49224.06 45.73336 3032.9548 775.2488 64.68629
48707.176 49.84605 2937.6804 654.02637 63.68614
50369.39 50.28931 2956.802 679.3694 66.4807
48838.188 53.57693 3009.3313 455.12305 84.67525
48830.6 53.57693 3018.591 467.97485 84.67525
48614.934 53.57693 3013.4282 464.1953 84.67525
50177.76 45.73336 2944.4934 731.16016 64.72212
50349.04 45.73336 2956.0164 722.249 66.39945
48734.492 42.50214 2807.1003 829.55566 62.18792
48536.395 50.5156 2961.092 652.1155 63.68614
48556.48 53.57693 3004.6277 432.48535 84.67525
48897.188 50.5156 2984.4824 595.8081 65.28069
48492.72 53.57693 3023.0112 428.15283 84.67525
50312.055 48.57425 3025.6235 581.1113 67.08014
48279.332 50.5156 2937.9238 584.02686 65.28069
50197.12 45.73336 2949.6501 747.6531 64.72212
50468.97 45.73336 2882.5916 788.8303 64.72212
48281.973 53.57693 2892.6235 715.9043 63.31657
49559.72 50.04414 2821.6653 786.1948 63.02725
49631.94 50.04414 2816.8938 808.8894 64.16719
49628.562 50.04414 2856.7983 783.7344 64.16719
48759.04 48.57425 2940.1013 676.8804 63.31657
48822.41 54.99712 3017.9026 453.72778 87.79668
50484.426 45.73336 2870.0312 844.17993 64.72212
49352.83 37.42426 3038.394 942.64014 64.36086
49618.438 48.06499 2842.8884 775.323 64.16719
48693.035 57.49511 3009.4976 445.75928 84.67525
48713.445 53.57693 3032.0715 422.81982 87.79668
51108.047 47.99299 2878.116 1046.4358 64.72212
48542.13 53.57693 3015.8953 433.42334 84.67525
49250.19 38.22171 3035.1362 894.90576 63.68614
49733.383 48.75191 2865.1006 798.5364 64.16719
50829.77 38.22171 3032.391 962.08374 64.68629
49615.93 39.04208 2874.2637 757.56104 62.66764
49722.7 50.04414 2850.9385 845.3037 62.66764
49743.9 50.04414 2855.2737 834.9641 64.16719
50055.75 50.60658 2930.04 773.4033 66.39945
50450.082 48.57425 3021.4514 579.4907 67.08014
51122.824 45.59028 3033.603 1010.87354 66.39945
49919.492 52.53377 3021.3354 588.30615 67.08014
49113.82 54.18109 2966.364 614.69604 64.93763
48373.48 51.41588 3037.254 407.78833 84.67525
49476.918 54.18109 2993.3452 616.1067 64.93763
48705.535 48.57425 3059.8252 411.9126 84.67525
51408.28 45.73336 3083.5693 851.89087 67.1209
48707.258 48.57425 3027.1838 419.22412 78.67049
49047.957 48.57425 3051.7512 433.46875 82.48898
51534.758 45.59028 3032.3184 969.90356 67.1209
51368.4 45.59028 3044.9392 982.2007 66.52797
48957.176 48.57425 3054.865 431.00903 78.79844
50208.523 43.92947 2890.5413 1071.2751 62.8401
49172.0 48.57425 3055.575 444.93115 78.79844
49356.473 48.57425 3051.0015 444.6372 79.3163
49144.98 48.57425 3042.643 427.91113 79.3163
50693.12 54.18109 3027.8499 880.3264 66.39945
49969.33 43.92947 2896.789 1045.6938 62.54368
49294.094 48.57425 3057.482 445.60083 79.31391
49239.863 46.07086 3028.104 439.15283 79.31391
49102.76 46.07086 3051.2173 403.80835 79.31391
49227.445 46.07086 3024.0042 443.88086 77.49073
48826.08 46.07086 3021.7551 435.0293 78.67049
50722.332 56.998 3008.8674 860.1345 66.39945
50783.742 56.998 2985.5588 868.18555 66.39945
50859.098 57.12516 3009.7803 878.0354 66.39945
50612.02 57.12516 2983.468 877.12646 66.55065
47920.605 41.57807 2836.6282 776.6133 61.55918
49874.906 52.53377 2989.6602 610.16797 66.4807
48926.977 50.28931 3011.7886 434.11426 77.43421
48766.58 45.92375 3028.7883 417.73462 77.43421
50813.63 50.28931 3012.354 857.7412 66.55065
47827.164 41.57807 2831.327 776.323 61.55918
47542.4 41.57807 2843.7087 701.0217 61.55918
50701.67 59.1056 2987.8494 893.6106 66.55065
50526.48 54.99712 3009.5796 833.438 66.55065
47720.9 41.57807 2835.75 759.69727 61.55918
48686.434 50.5156 3006.9624 434.41772 77.43421
48893.797 50.5156 3036.4985 452.25293 77.43421
48203.434 45.92375 2956.7605 560.1804 67.07116
50820.586 48.57425 3015.445 875.1726 66.55065
50735.266 48.57425 3018.3547 861.0449 66.55065
47715.734 41.57807 2805.868 781.7969 61.50647
48681.836 50.5156 3047.1487 414.11572 79.61829
50543.543 48.57425 3042.9124 892.1836 66.55065
48291.145 51.91515 3003.9414 436.83105 79.61829
47619.844 42.50214 2824.1167 779.65356 61.50647
48691.875 50.60658 2983.2666 599.79395 66.39945
50134.918 52.53377 3018.2798 632.95337 66.74016
47432.293 42.50214 2844.8003 753.5525 61.55918
48698.16 50.60658 2957.4485 604.8103 66.39945
50550.562 48.57425 3044.473 916.87354 66.55065
48333.59 51.05334 3041.0505 422.667 79.61829
48392.69 51.05334 3035.1658 425.20605 79.61829
50622.75 48.57425 3040.7844 609.19946 66.74016
48501.133 51.05334 3043.4697 442.88135 93.87894
48733.82 51.91515 2996.6135 468.24976 77.43421
50800.59 52.51959 3024.088 956.69995 65.23774
48605.914 52.85518 3016.231 451.14087 80.59652
48251.195 52.85518 3012.5085 417.93115 77.43744
51551.547 43.92947 3112.1865 777.36865 66.52797
50186.83 50.55514 2996.217 677.395 65.23774
50164.637 50.55514 2996.643 692.50903 65.29282
49638.55 50.55514 2974.9692 649.1738 64.68629
51387.85 43.92947 3126.5195 804.1162 66.52797
48164.652 53.57693 3010.703 415.5686 77.43421
50880.37 43.92947 3074.433 876.4263 65.57835
48325.117 47.06613 3029.1152 427.72168 77.43421
48338.6 53.57693 3025.079 439.74097 77.43421
51033.598 36.33923 3077.9692 895.5271 65.57835
48670.87 53.57693 3017.1174 464.69482 77.49073
48290.03 55.43587 2997.186 477.12866 77.49073
51233.902 43.92947 3027.0566 949.4839 65.57835
51271.105 38.22171 3051.9404 952.0513 66.39945
47984.01 55.43587 2962.6953 451.5918 76.58974
47506.125 51.91515 2975.6655 404.44556 84.31255
51197.98 36.33923 3076.5344 885.3821 66.39945
47225.742 51.91515 2982.7432 400.42017 84.31255
51424.945 48.57425 3029.5935 862.2092 66.74016
48038.832 57.73047 2974.7732 544.88794 66.39945
51458.887 48.57425 3047.7495 908.68066 66.74016
51339.473 48.57425 3057.0303 950.6631 66.74016
48439.08 57.73047 2977.541 564.55444 66.39945
47019.24 55.43587 2964.5862 418.65845 78.34757
48814.195 57.84118 2938.12 645.2505 66.39945
46626.336 55.43587 2939.1719 408.41016 77.61024
48626.793 57.84118 2982.756 564.8784 66.39945
48878.055 52.60741 2935.635 607.07007 66.39945
50804.043 36.33923 3062.5464 889.57227 64.68629
51647.45 50.28931 3037.0132 990.2593 66.74016
51470.004 50.28931 3044.573 972.02563 66.74016
49144.85 48.57425 2982.0903 596.5415 66.39945
49087.246 48.57425 2986.229 589.9131 66.39945
50871.934 50.28931 3001.5093 656.2134 66.74016
48887.31 48.57425 2994.9158 588.20483 66.39945
50384.93 50.2865 2988.9255 650.43677 66.74016
48462.914 45.51318 2988.3774 564.31396 66.39945
50679.41 43.92947 3066.5684 866.2366 64.73588
50804.94 43.92947 3081.2256 879.6836 65.57835
46989.793 55.43587 2971.192 416.36743 77.61024
47265.508 55.43587 2966.0732 421.14722 77.34038
50892.004 43.92947 3018.4846 939.8408 64.68629
48225.227 55.43587 3008.9653 457.15137 82.28423
48171.664 55.43587 2965.2632 464.00732 75.4522
50473.785 50.2865 3003.8154 608.08716 67.08014
50581.426 52.60741 2962.8877 671.9961 67.08014
47884.773 55.43587 3002.3687 424.68213 75.4522
47269.113 42.50214 2856.4268 634.06006 62.48832
47673.863 56.998 2966.6094 472.02344 75.4522
51059.35 45.59028 3017.9412 923.2637 64.68629
47348.555 42.50214 2862.1013 655.72095 62.48832
47931.21 56.998 2976.0361 489.75464 76.44973
47815.062 56.998 2978.204 487.53784 77.34038
47244.52 42.50214 2870.0596 642.56104 62.48832
50956.66 49.84605 2969.8345 1021.3457 64.68629
47618.062 59.08652 2961.748 499.47534 76.44973
50651.582 58.16817 2724.0112 1202.9077 65.28069
47354.37 59.08652 2973.8164 446.0127 77.43421
47573.41 59.08652 2955.5444 481.40015 77.43421
47822.523 59.1056 2928.6145 529.5298 75.27856
49957.59 58.16817 2761.8074 1148.2275 64.54325
48132.29 55.43587 3003.45 476.21826 72.18954
47988.29 55.43587 3000.432 457.88477 72.16763
50023.383 56.55434 3017.0393 884.2009 64.68629
48038.89 55.43587 2978.29 488.3916 72.16763
50476.17 58.16817 3031.3704 904.08276 64.68629
47967.875 55.43587 3015.7463 488.20264 72.18954
47983.977 48.75191 3036.5024 469.52246 72.18954
49878.6 55.18182 2995.2925 843.7849 64.68629
48144.645 48.75191 3004.5427 467.48706 72.18954
48003.832 48.75191 3008.8303 444.3567 72.7438
47587.754 46.89605 2999.5762 428.39697 72.7438
47755.984 46.89605 2992.3555 433.6294 72.7438
49795.758 50.28931 3000.8726 899.2412 64.54325
50219.56 50.28931 3023.1853 900.4392 64.54325
47954.33 45.51318 3010.9604 415.03052 72.7438
49707.86 50.28931 2998.282 859.4883 64.54325
49278.523 53.57693 2979.1978 873.38525 64.54325
47935.055 45.11984 3002.5645 403.8025 72.7438
48383.05 54.24748 2815.126 752.4868 62.8284
47928.855 54.24748 2803.9604 737.7639 62.8284
47834.953 54.24748 2834.069 746.0969 62.8284
48208.688 58.26541 2730.817 866.44775 62.8284
47618.61 58.26541 2713.6233 827.2195 62.8284
49572.945 45.73336 2967.6743 658.26514 62.64811
49187.434 45.73336 2970.4375 617.5176 62.54368
50263.242 59.77117 2916.479 707.3237 67.08014
48641.402 45.73336 2933.3538 660.3562 61.95436
48727.094 46.11847 3046.329 448.20923 74.04159
50099.56 59.77117 2912.9302 707.2991 65.10909
48195.652 50.5156 2907.232 605.50977 64.68629
50051.04 59.1056 2915.4016 722.27124 65.10909
48218.508 50.5156 2905.094 606.83154 64.68629
48200.46 50.5156 2908.587 623.1389 64.73588
49495.93 45.73336 2948.724 868.1184 62.54368
48609.797 46.11847 2984.2957 455.18652 73.32973
49771.508 45.73336 2972.8618 869.2727 62.64811
49885.43 59.1056 2900.0928 750.55396 64.68629
48002.914 50.5156 2913.834 601.12354 64.73588
48562.08 46.11847 3034.3208 413.37964 73.21133
50067.184 37.42426 2990.764 877.3884 62.64811
49778.07 59.77117 2939.833 727.14453 65.10909
50116.184 54.05095 2919.3364 743.1963 66.91781
47937.5 55.43587 2883.318 629.1758 64.73588
47868.652 55.43587 2896.9707 644.37036 64.68629
48493.043 46.11847 3017.6506 429.1587 73.00068
48701.305 46.11847 3037.111 464.5913 73.00068
49522.004 33.19054 3003.8406 643.5244 63.53316
49662.766 33.19054 2987.9246 688.23755 63.53316
48518.234 45.73336 3056.5635 425.2312 73.00068
48640.49 45.92375 3045.5854 419.8308 73.00068
49759.246 38.22171 2978.2717 717.82227 63.53316
49729.19 38.22171 2981.2632 689.32275 63.53316
49557.707 38.22171 2979.8127 645.1389 63.53316
48249.91 45.92375 3036.6372 380.39575 73.00068
48347.375 46.11847 3031.3972 409.0869 75.37029
48011.914 46.11847 2993.8232 401.2849 73.00068
47796.605 46.11847 2998.04 371.50317 73.00068
47503.52 46.11847 3021.05 374.3164 81.83658
47429.062 46.11847 2999.9348 404.7417 75.27856
49331.125 38.22171 2982.449 635.95337 63.53316
47659.324 46.11847 3006.195 377.21948 82.92285
47630.7 46.11847 3002.893 381.75366 81.83658
47930.49 46.89605 2999.1562 399.489 73.00068
47639.016 46.89605 2992.533 383.9375 81.26832
47770.242 46.89605 2993.2285 384.86963 73.05701
49653.625 38.22171 2943.2808 652.19336 63.53316
47908.285 46.89605 3009.744 429.38257 73.05701
49744.19 38.22171 2973.5186 652.9192 63.53316
47985.01 45.51318 3035.0347 365.13647 73.05701
49780.883 45.59028 2948.7634 674.4221 63.53316
49574.668 45.73336 2938.669 655.81274 63.53316
49339.895 39.04208 2936.8113 615.82666 63.53316
49132.523 39.04208 2963.3083 592.8008 63.53316
49259.02 38.22171 2975.927 616.7073 63.53316
48408.34 45.51318 3020.111 419.11597 72.16763
48718.113 48.57425 3002.7463 457.78613 72.16763
48275.69 55.43587 2871.4717 651.62744 65.57835
48249.5 55.43587 2900.453 627.374 65.57835
47780.715 55.43587 2859.933 656.02124 64.28111
47602.87 56.69903 2832.3323 713.9807 63.68614
47436.734 56.69903 2833.9656 723.8042 63.68614
47697.152 56.69903 2831.9622 752.32324 63.68614
48870.246 45.92375 3049.8853 421.55615 72.16763
49320.14 45.92375 3041.2102 469.67676 72.16763
49048.75 45.92375 3052.0813 467.9485 72.18954
47573.453 56.69903 2854.5508 759.88965 63.10883
47462.008 56.69903 2834.0996 776.0332 62.8284
47235.285 56.69903 2831.2612 749.8406 63.10883
48952.14 46.89605 3035.7012 451.3191 73.6228
48503.906 46.89605 3025.232 443.21265 74.63951
48964.523 38.22171 2982.6477 575.5813 63.53316
47916.805 46.89605 3008.5115 436.32227 72.18954
49396.18 38.22171 2974.5403 569.1267 63.53316
49584.355 38.22171 2993.5896 640.8906 63.68614
49316.04 38.22171 2990.7222 585.8291 63.68614
49238.113 38.22171 2989.8125 577.083 63.68614
47518.695 55.43587 2857.4475 732.90234 62.8284
47518.523 54.24748 2873.3376 681.56055 62.8284
48303.402 48.57425 3039.307 439.54834 72.16763
48880.375 48.57425 3054.6443 566.4988 67.07116
47341.945 54.21933 2875.1406 693.8235 62.8284
49469.5 38.22171 2946.4417 617.0227 63.68614
49084.41 45.73336 2965.255 592.6189 63.68614
47367.95 56.4926 2646.4812 914.7285 62.67162
47485.52 56.69903 2764.0369 783.574 62.8284
48879.934 56.998 3042.5864 571.55273 67.07116
49297.28 56.998 3076.0686 615.8613 67.2871
49747.13 56.998 3087.5396 607.68335 68.31635
47971.14 54.99712 2839.4277 758.93555 62.8284
48883.75 39.04208 2964.4258 567.64355 63.68614
47886.63 54.18109 2858.645 747.58887 62.8284
47840.223 54.21933 2888.8384 745.13403 62.8284
49960.285 57.73047 3097.0798 584.3779 69.48818
49005.094 45.73336 2979.5098 588.48975 62.78147
49901.113 57.73047 3086.8562 567.2656 68.31635
49396.543 45.73336 2972.5613 625.79614 62.78147
49946.676 45.73336 3005.7085 835.55347 62.78147
50058.438 59.34003 3123.8982 500.614 80.52892
49952.95 45.73336 2987.402 893.10913 62.78147
49941.082 47.06613 3119.8313 488.4563 69.88184
48244.824 48.57425 2929.045 674.78296 62.8284
49580.18 45.11984 2942.8147 833.44434 62.78147
47513.49 56.55434 2753.2595 814.66626 62.8284
49725.707 43.92947 2985.3362 822.3418 62.78147
50369.055 52.85518 3092.4656 584.9248 68.04924
50401.117 52.85518 3115.5046 527.43945 69.02046
50250.066 52.85518 3103.8816 497.93335 69.02046
49976.49 43.92947 2983.1865 839.8086 62.78147
50587.207 51.05334 3122.8708 514.7749 69.88184
49996.867 43.92947 2935.7546 948.0156 62.66764
50893.023 48.57425 3102.2554 533.5193 68.31635
50686.23 52.85518 3077.012 541.2339 68.53938
50288.082 59.34003 3055.2148 559.1848 69.14
50122.87 43.92947 2943.1057 929.08496 62.8401
50555.676 43.92947 2949.3066 926.5134 63.68614
50256.285 43.92947 2992.3965 834.24805 63.68614
50279.824 43.92947 2994.8918 871.04614 63.68614
50377.56 55.34689 3098.5425 508.9204 69.14
48043.418 52.11852 2818.8 704.1321 62.66256
50345.973 50.28931 3100.0725 489.78882 68.31635
50271.117 36.33923 2977.6758 845.7178 63.68614
50099.113 43.92947 2984.2668 890.4297 62.8401
47503.176 48.06499 2802.6965 667.1814 62.66256
50108.047 50.28931 3066.7046 559.4109 67.2871
50615.754 43.92947 3012.1794 880.31006 63.79536
50960.008 43.92947 3017.0095 861.0293 65.28069
47753.723 52.11852 2880.2202 702.15015 62.48832
50876.266 45.59028 3025.6416 880.62646 66.39945
48423.234 54.51653 2935.1345 670.6765 63.5536
50868.145 45.59028 3017.5974 910.625 66.10358
51135.29 45.59028 3000.9392 900.47144 66.10358
49803.516 56.18236 3025.1772 622.364 66.74016
50918.996 45.59028 3003.308 889.35913 66.10358
49995.64 56.18236 3042.9075 589.75195 66.74837
49819.0 58.16817 3005.04 978.3369 61.98651
49429.027 54.68391 2988.575 945.6677 61.98651
50341.17 54.99712 3104.138 502.06372 68.04924
50454.613 52.85518 3075.6802 569.00244 68.04924
49823.77 54.68391 3018.037 922.6509 63.31657
50287.035 52.85518 3043.8481 628.6963 66.74837
50075.824 56.18236 3034.9521 657.5481 66.74837
50114.21 56.18236 3033.6738 686.16187 66.74016
49890.68 43.92947 3034.8684 885.73315 63.31657
50065.023 59.34003 3030.6755 676.08765 67.2871
49952.52 43.92947 3008.9148 883.92236 63.31657
49909.98 38.01183 3017.0989 816.34937 63.31657
50717.215 36.42438 3057.7388 812.96313 64.54325
50279.805 54.24748 3033.9717 681.92993 67.1209
49691.316 38.01183 3018.0906 831.02905 63.31657
50734.81 47.06613 3029.0376 873.24316 66.39945
50796.207 45.92375 3055.6174 876.50586 64.54325
50097.402 58.16817 3018.1453 651.95776 67.1209
50045.285 52.85518 2953.8623 1003.79956 63.10883
49723.52 58.16817 3010.7864 622.2634 66.4807
49872.9 58.16817 3011.227 654.1267 64.68629
50689.742 52.85518 3040.0835 845.3071 64.66542
50285.863 52.87941 2984.478 915.36304 64.66542
50112.69 46.11847 3012.5752 829.77246 64.54325
50200.48 62.354 3004.781 703.6887 67.2871
50331.254 46.11847 3003.67 823.8987 64.66542
50081.816 52.87941 2980.5706 842.0708 64.54325
50088.477 54.99712 3007.1272 819.3899 65.28069
50267.586 59.21268 3010.1472 692.7388 67.20531
49846.84 54.99712 2776.2312 1040.7356 64.54325
50132.645 38.01183 3042.7349 850.6279 64.66542
50339.977 48.75191 3004.946 801.781 65.28069
50136.707 38.01183 3057.582 875.1399 64.66542
50220.625 48.75191 2923.3818 867.1262 64.54325
50201.684 46.6412 2937.242 875.93677 64.54325
50311.754 46.6412 2893.671 947.37524 64.54325
50071.094 48.75191 2897.7795 937.6743 63.31657
49796.125 46.11847 2910.506 901.93335 63.26168
50113.734 38.01183 3036.8953 853.82715 63.26168
49650.76 52.11852 2929.0198 903.084 63.26168
49591.47 52.11852 2911.7378 927.34985 63.10883
50149.63 43.92947 3026.54 923.5713 63.26168
50639.316 59.1056 3048.123 620.0884 67.20531
50126.086 43.92947 3041.4893 946.8179 63.26168
49379.67 54.99712 2887.7004 915.91504 63.10883
50326.61 45.92375 3058.6472 543.55615 67.2871
50235.383 43.92947 3032.8064 924.44556 63.26168
49659.12 43.92947 3018.6309 885.42847 63.26168
50436.13 45.92375 3040.8247 593.0613 67.20531
49584.176 43.92947 3006.1091 841.29834 63.31657
49550.414 43.92947 3007.5002 854.76733 63.31657
50390.81 57.84118 3035.1501 593.3008 67.20531
49409.88 43.92947 2970.3474 872.70166 62.0617
50475.285 58.16817 3050.6418 602.04175 67.20531
50849.203 58.16817 3052.6438 637.09326 67.20531
49756.14 43.92947 2969.0613 904.3533 62.54368
50155.465 38.22171 3023.1165 869.56323 63.31657
50218.586 38.22171 3019.8738 871.03687 63.26168
51037.746 52.85518 3086.0295 584.7263 67.55704
51143.3 52.85518 3072.8018 611.7605 67.55704
50832.723 52.85518 3109.7925 538.43774 69.14
49692.344 56.18236 2914.3042 933.85547 64.13892
50402.566 52.85518 3086.3855 525.56445 69.14
49545.133 50.60658 2901.6194 889.24756 64.13892
50440.9 38.22171 3061.3887 829.6245 65.28069
50517.082 38.22171 3079.9387 858.353 65.28069
50649.652 38.22171 3076.0537 880.126 65.28069
51006.938 38.22171 3077.2441 888.0842 65.28069
51113.176 38.22171 3046.554 898.51807 65.28069
50449.82 52.85518 3111.5974 494.68237 73.21133
50522.06 38.22171 2822.3977 1120.1802 63.08204
49953.742 38.22171 2812.8271 1131.4702 61.73053
49992.33 38.22171 2794.0264 1166.405 61.73053
50308.133 38.01183 2784.7305 1138.5247 61.73053
50142.24 38.22171 2785.1074 1157.251 61.73053
50368.113 38.22171 2777.5813 1210.0823 61.73053
49809.527 38.22171 2771.1233 1190.3037 61.55918
50022.816 38.22171 2768.7683 1194.9275 61.55918
50527.754 38.22171 2775.2256 1214.7065 61.73053
49902.277 43.91237 2729.7202 1209.4348 61.73053
50804.234 52.85518 3128.4312 505.5288 73.21133
49790.293 43.91237 2728.7002 1182.0837 61.73053
49987.812 48.06499 2740.3706 1174.1533 63.02725
49869.906 50.60658 2909.434 928.6887 62.8284
49919.76 48.06499 2764.7166 1147.6233 63.02725
49837.98 48.06499 2714.4717 1183.2068 61.73053
50390.867 48.06499 2734.3486 1244.533 61.73053
50551.008 45.73336 2774.1655 1124.8535 63.02725
50658.332 38.01183 2777.1648 1128.8538 63.02725
49671.9 54.99712 2906.1587 933.4031 62.8284
50163.91 38.01183 2765.5361 1100.0369 61.73053
50562.996 52.85518 3116.678 496.91162 76.08959
50648.605 51.05334 3111.498 502.49048 75.4522
49580.42 58.16817 2911.0613 955.5647 62.8284
49434.13 37.42426 2731.5962 889.09033 61.73053
49405.98 38.01183 2726.3113 896.5242 61.73053
49500.56 38.01183 2997.4297 614.88525 64.66542
50619.316 51.05334 3111.8523 497.47412 75.4522
49899.477 38.01183 2965.5176 692.46216 63.26168
49782.613 38.01183 2935.9275 668.791 63.26168
49941.58 43.92947 3071.856 514.8103 65.36468
50137.99 43.92947 3038.2446 613.0664 65.36468
50444.156 38.22171 3095.0095 584.218 65.36468
49290.8 50.60658 2885.3516 927.7981 62.8284
51006.047 38.22171 3108.3584 608.07715 65.36468
50823.05 38.22171 3001.5793 695.9126 65.28069
50461.62 43.92947 3051.198 634.69434 65.36468
50233.164 43.92947 3034.987 646.8191 64.27379
49203.38 50.60658 2899.7656 921.7197 62.8284
49144.51 58.16817 2912.4438 948.92285 62.8284
49220.848 56.18236 2903.934 944.0171 63.10883
50493.94 43.92947 3041.1313 628.60474 64.68629
50650.047 39.04208 3070.1758 566.6255 65.36468
50632.582 39.04208 3085.4387 559.2283 65.36468
51133.207 43.92947 3063.7139 638.7395 65.36468
49103.445 56.18236 2904.4065 942.59155 63.10883
49091.5 56.69903 2879.3706 928.749 63.10883
51065.457 43.92947 3131.5146 546.0303 66.05127
51460.336 43.92947 3176.2483 492.04395 70.55095
51426.797 39.04208 3217.889 457.9912 71.37268
51496.137 39.04208 3191.153 474.09424 71.37268
51667.883 43.66964 3198.9072 502.70923 71.37268
51802.723 43.66964 3219.3726 492.91333 71.9291
51706.99 43.66964 3224.5967 485.24414 71.9291
51717.81 43.66964 3223.5967 507.85425 73.69425
51809.152 43.66964 3179.7175 550.57324 71.9291
51824.938 38.22171 3219.5312 519.7102 71.9291
51718.918 38.22171 3228.3098 500.63086 72.16763
49046.42 56.69903 2878.1284 931.82764 62.64811
48744.723 56.69903 2876.4907 955.95825 61.98651
51732.074 36.33923 3271.2964 492.93506 73.6228
48834.754 56.80656 2902.2234 944.0447 63.23935
51703.64 36.33923 3256.686 491.07202 73.6228
49387.723 55.297 2927.635 956.7407 62.64811
51970.715 36.33923 3267.0947 513.2068 73.6228
52175.71 36.33923 3256.917 507.18848 73.6228
52177.74 33.19054 3260.0784 551.71484 73.6228
52189.4 33.19054 3274.877 561.75415 73.6228
52172.766 33.19054 3258.1143 541.32935 73.6228
51752.88 33.19054 3235.9683 515.52686 73.38123
48891.168 48.75191 2871.783 916.6221 62.64811
48902.9 46.11847 2864.4873 920.97534 62.64811
48982.668 46.11847 2876.5186 921.04565 62.64811
48995.156 45.92375 2901.94 929.3733 62.64811
49116.28 58.16817 2884.5884 942.0112 62.64811
51595.2 33.19054 3236.2507 500.23633 73.38123
48970.812 58.16817 2905.996 963.26514 62.64811
51817.11 33.19054 3233.2078 482.64526 73.38123
51636.926 33.19054 3210.103 465.78687 73.38123
51819.19 43.66964 3191.6394 466.14917 73.38123
51708.79 43.66964 3178.4756 465.6172 76.10721
52024.97 43.66964 3187.5173 477.78125 76.10721
52118.094 43.66964 3228.931 510.15063 72.63032
52134.094 43.66964 3219.0583 552.26294 74.01904
52125.805 43.66964 3267.7231 480.82788 74.01904
52235.516 43.66964 3287.6724 514.8948 76.17896
52096.695 43.66964 3272.9993 491.1433 77.34038
51894.812 45.73336 3247.5967 505.92627 74.01904
51887.59 45.73336 3254.6538 513.13477 93.87894
51770.375 45.73336 3215.9868 496.44873 77.34038
51808.527 38.22171 3235.8657 453.93823 77.34038
52085.38 38.22171 3233.3179 471.72217 77.34038
52184.58 38.22171 3242.0776 482.36572 77.34038
52378.28 38.22171 3220.872 537.9297 76.10721
52368.54 38.22171 3283.9048 509.31177 78.19034
52529.465 38.22171 3283.8992 489.23682 78.19034
52309.473 38.22171 3247.8738 543.469 76.50023
52127.336 38.22171 3161.3374 557.03174 72.18954
52154.24 38.22171 3190.142 559.1145 72.18954
52222.76 38.22171 3203.1653 534.5718 74.01904
52299.875 48.57425 3247.2998 501.0066 74.16102
52080.977 50.28931 3143.6428 594.7971 74.16102
52320.906 36.33923 3252.3862 497.09595 74.16102
52014.508 36.33923 3199.266 534.7178 72.16763
51695.215 50.28931 3055.695 624.3889 72.5087
51642.152 54.99712 3086.9307 621.46045 72.5087
51597.42 51.41588 3106.241 611.7031 74.85582
51346.49 51.41588 3150.708 557.65625 74.85582
51336.34 54.99712 3080.4287 569.01294 76.17896
51351.297 54.99712 3147.9023 542.2927 76.92278
51691.516 54.99712 3157.8154 565.04956 76.92278
51758.04 54.99712 3149.4175 565.36035 76.92278
51667.75 52.53377 3100.576 591.1433 74.85582
51431.383 52.53377 3130.642 539.53174 74.85582
51385.176 52.53377 3127.212 507.83008 74.85582
51455.414 51.41588 3130.7358 547.0918 74.85582
51579.78 51.41588 3117.0674 601.8196 73.32973
51503.13 51.41588 3129.396 573.2825 73.32973
51354.42 52.53377 3103.9255 564.12573 73.32973
51516.008 52.53377 3103.7183 530.23804 73.32973
51579.117 52.53377 3103.7104 567.8408 73.32973
51475.547 52.53377 3072.1543 592.30396 70.55095
51442.63 52.53377 3063.6997 619.1367 67.08014
51851.934 36.33923 3167.4504 525.79565 70.55095
51940.523 36.33923 3151.9106 587.6814 72.07375
51834.906 36.33923 3131.105 586.77 68.04924
51599.62 48.57425 3131.6768 575.1553 68.04924
51301.727 48.57425 3117.2827 605.9343 67.08014
51173.62 43.92947 3063.6287 683.66895 66.74016
51848.89 43.92947 3087.8435 818.53394 66.74016
51776.82 43.92947 3090.9333 921.7063 66.74016
52219.945 43.92947 3168.132 769.0603 67.50425
51593.84 43.92947 3128.1611 673.52026 67.50425
51306.05 43.92947 3106.6438 650.80396 67.84315
