9077.794 82.88181 1451.3583 185.4159 103.77537
9050.3 59.5564 1434.383 176.13843 100.28615
9065.289 82.88181 1454.1255 161.42493 101.89092
8931.352 82.88181 1427.8707 159.90259 101.89092
9000.481 88.20019 1440.3303 184.68481 102.20926
8938.767 101.66351 1437.163 162.90393 105.07169
9017.331 100.28615 1431.9867 204.36633 91.96045
8619.594 102.57836 1266.5278 285.55518 97.07841
8754.289 102.20926 1363.8679 222.23389 92.7333
9047.1 100.28615 1433.3215 218.09106 91.96045
9055.099 92.39416 1439.1804 188.01709 91.96045
8992.841 92.39416 1448.19 145.87512 104.26955
9009.926 88.20019 1433.6768 175.00916 102.20926
8927.241 77.65333 1437.8807 119.3689 100.28615
8731.135 77.65333 1361.1443 139.3523 94.49258
8784.829 69.90499 1414.8406 90.172 100.28615
8723.034 79.88229 1371.2755 145.66199 94.49258
8567.057 88.20019 1336.6072 137.81445 97.07841
8999.7 82.88181 1443.4589 154.87207 102.20926
8789.586 101.89092 1266.6924 318.453 114.57986
9080.837 82.88181 1443.0432 187.56665 101.89092
8974.142 101.66351 1447.7534 167.37292 91.96045
8941.629 65.11522 1429.2963 167.0769 101.22527
8911.442 92.39416 1446.3495 138.75159 97.6226
8748.177 82.88181 1394.6145 123.11267 116.14337
8791.261 92.39416 1338.2428 229.14697 91.83954
8567.913 89.32391 1326.4558 157.80518 91.83954
9013.999 59.42687 1432.3856 177.20898 94.49258
8908.034 74.54115 1425.9612 157.63562 91.96045
8852.954 89.65701 1331.0939 286.81677 91.83954
8796.59 59.42687 1348.9984 245.56177 91.83954
8793.1455 101.89092 1235.2119 343.14783 102.20926
8877.781 101.89092 1264.7954 349.8506 105.07169
8633.644 89.32391 1321.6062 186.13354 91.83954
8667.524 74.54115 1386.9346 118.4469 92.39416
8738.925 74.54115 1373.9813 137.50806 92.39416
8676.897 74.54115 1380.4565 116.191284 101.66351
8659.409 77.65333 1373.4927 112.16235 101.66351
8672.94 82.88181 1283.2264 299.0835 89.65701
8487.101 59.5564 1271.7295 238.07727 89.65701
8583.647 91.83954 1211.4989 324.26074 91.08211
8791.452 101.89092 1248.927 308.55127 114.57986
8755.108 101.89092 1277.235 338.23865 103.77537
8618.106 82.88181 1367.4996 136.95789 100.28615
8652.544 82.88181 1362.3374 166.31567 94.49258
8642.234 82.88181 1377.3745 131.50928 116.01334
8009.163 79.35056 1191.8192 266.53845 86.14455
8657.16 82.88181 1380.9993 134.33289 105.24016
7946.9766 79.35056 1180.3701 240.98901 86.14455
8752.581 97.07841 1356.894 190.78369 91.83954
8671.682 82.88181 1374.0065 126.31433 101.22527
8547.256 88.20019 1356.7694 119.89685 101.22527
8585.007 89.32391 1366.4141 121.69714 97.34457
8641.494 82.88181 1380.8071 101.91858 104.55863
8628.811 82.88181 1381.1289 124.060425 104.55863
8695.103 76.00563 1348.9386 169.67297 91.83954
8977.993 102.20926 1420.0571 213.854 116.14337
8974.141 101.66351 1447.7535 167.37292 97.52448
8992.106 82.88181 1430.765 184.68518 101.66351
8995.338 46.09102 1433.9963 170.0094 101.66351
8678.835 82.88181 1286.1572 275.86438 89.90467
8590.994 85.5496 1223.1683 316.14514 91.08211
8789.502 85.5496 1342.7894 245.28967 91.83954
8782.945 88.20019 1368.1165 208.27771 91.83954
8705.792 76.00563 1255.2134 322.98145 89.32391
8513.84 82.88181 1275.6208 238.46936 89.65701
8605.811 79.88229 1332.2019 165.50134 91.83954
8545.759 88.20019 1379.221 118.94141 117.85493
8461.64 91.83954 1293.8947 199.58386 88.20019
8569.371 59.42687 1269.1003 301.2058 89.57136
8573.5205 88.21501 1369.8107 134.79187 117.85493
8594.442 88.20019 1375.8885 115.43787 117.85493
8558.34 88.20019 1358.1907 146.11768 91.83954
8602.895 79.16897 1258.4885 330.57642 89.57136
8553.678 88.20019 1345.4263 144.57886 97.07841
8615.152 82.88181 1350.9789 136.5398 97.07841
8592.959 59.5564 1346.4316 167.94067 91.83954
