16738.0 0.0 381.0 109.0 0.0
16710.0 0.0 384.0 87.0 0.0
16724.0 0.0 383.0 90.0 0.0
16765.0 0.0 375.0 94.0 0.0
16725.0 0.0 388.0 94.0 0.0
16707.0 0.0 387.0 93.0 0.0
16734.0 0.0 376.0 87.0 0.0
16728.0 0.0 377.0 85.0 0.0
16704.0 0.0 378.0 81.0 0.0
16705.0 0.0 378.0 83.0 0.0
16702.0 0.0 376.0 79.0 0.0
16709.0 0.0 374.0 83.0 0.0
16701.0 0.0 386.0 72.0 0.0
16604.0 0.0 390.0 58.0 0.0
16603.0 0.0 391.0 56.0 0.0
16545.0 0.0 391.0 54.0 0.0
16514.0 0.0 392.0 51.0 0.0
16607.0 0.0 388.0 55.0 0.0
16636.0 0.0 388.0 60.0 0.0
16533.0 0.0 391.0 48.0 0.0
16551.0 0.0 390.0 52.0 0.0
16574.0 0.0 390.0 53.0 0.0
16639.0 0.0 390.0 69.0 0.0
16629.0 0.0 388.0 59.0 0.0
16602.0 0.0 390.0 55.0 0.0
16605.0 0.0 391.0 59.0 0.0
16619.0 0.0 389.0 57.0 0.0
16634.0 0.0 390.0 60.0 0.0
16679.0 0.0 389.0 64.0 0.0
16700.0 0.0 386.0 61.0 0.0
16678.0 0.0 388.0 61.0 0.0
16681.0 0.0 388.0 64.0 0.0
16655.0 0.0 387.0 60.0 0.0
16659.0 0.0 385.0 57.0 0.0
16656.0 0.0 386.0 59.0 0.0
16651.0 0.0 387.0 58.0 0.0
16618.0 0.0 387.0 56.0 0.0
