-3064.391	-144.3241	-926.6632	158.43762	163.30281
-3113.1033	-172.59387	-963.6561	142.24316	175.56256
-2914.8289	-148.9879	-886.5632	181.40204	156.26208
-2991.9883	-156.6483	-948.2642	96.49432	175.56256
-3059.4514	-145.06038	-921.7237	174.03986	164.4339
-3001.967	-151.46977	-955.75726	81.15521	176.18057
-2988.3313	-148.9879	-956.5099	107.60132	182.29018
-2822.8787	-160.6806	-861.97845	167.35712	152.8547
-3008.1277	-174.99878	-924.8952	173.23004	163.04944
-2969.1428	-171.11234	-932.8627	95.11658	165.63431
-2941.651	-174.51805	-903.15186	122.47168	162.17918
-3062.078	-180.30351	-958.69574	126.65607	174.07896
-2855.5327	-133.08548	-845.3484	207.54517	155.70305
-3087.1423	-151.46977	-949.4146	140.27118	175.56256
-3131.7375	-148.9879	-982.9878	116.92871	180.10432
-2832.8892	-151.46977	-886.0703	116.71912	159.1573
-2733.165	-155.41624	-879.675	84.395996	159.1573
-2590.4756	-143.42473	-816.0533	132.02643	154.37988
-2487.7014	-151.48897	-789.22	72.63788	153.60292
-2511.9834	-142.98468	-817.3621	52.614075	156.44406
-2732.596	-139.75049	-874.3421	86.58807	156.44406
-2517.0227	-139.75049	-825.88	26.956665	166.068
-2547.417	-147.01022	-828.5768	49.210083	164.64369
-2641.4143	-162.17918	-864.3523	49.18451	168.37735
-2744.3425	-168.23352	-879.6397	59.831543	167.80708
-3058.805	-175.56256	-909.3577	202.55695	172.59387
-3070.8599	-175.56256	-922.1096	152.91846	174.07896
-2646.1438	-132.45357	-819.57275	113.96179	150.98189
-2612.4473	-149.79512	-818.78284	75.4389	156.44406
-2557.3384	-139.75049	-838.1887	28.684082	160.57045
-2578.5007	-139.75049	-838.44556	45.995728	158.81538
-2492.087	-148.06262	-810.5329	49.39337	155.03871
-2522.87	-145.34834	-817.138	43.20288	154.18167
-2599.5542	-145.34834	-837.4874	56.334717	160.57045
-2672.6213	-148.9879	-862.722	60.58539	165.69635
-2654.1396	-148.9879	-863.2856	64.38458	162.65744
-2858.5093	-151.46977	-884.8133	113.85693	156.26208
-2695.6953	-155.03871	-834.1978	111.4762	156.26208
-2637.401	-148.9879	-848.28577	59.98401	156.26208
-2674.9084	-148.9879	-859.7554	61.145752	156.26208
-2564.0962	-151.26845	-810.08875	107.04797	156.26208
-2531.4104	-149.79512	-802.27924	71.33655	150.28746
-2618.903	-145.06038	-782.05206	164.6883	151.46977
-2622.0315	-143.49786	-804.6522	124.49707	152.81651
-2689.468	-144.26968	-809.55664	169.53632	152.81651
-2588.3477	-144.26968	-780.95667	147.98462	152.81651
-2499.6953	-132.08876	-797.8831	70.77716	152.81651
-2572.948	-148.06262	-827.31256	76.76227	151.48897
-2579.3862	-147.01022	-838.8142	32.914978	173.96074
-3000.5205	-148.9879	-955.4529	115.48193	175.56256
-2970.2185	-151.46977	-904.1405	168.18176	167.80708
-2628.1155	-155.60138	-821.9839	117.57959	158.76811
-2695.1543	-151.68239	-840.6451	160.72974	152.8547
-2862.0845	-151.46977	-840.6674	200.57379	158.76811
-2981.562	-151.46977	-843.8342	224.65112	162.45137
-2968.482	-151.46977	-928.1113	119.4751	163.04944
-2879.1257	-151.46977	-838.75494	191.70123	160.6806
-2991.988	-156.6483	-948.26416	96.49426	171.11234
-2952.178	-156.6483	-946.8326	83.52655	162.17918
-2837.6794	-151.57996	-910.6166	75.97461	174.51805
-2764.645	-151.57996	-897.95557	72.46881	168.37735
-2568.2993	-150.07303	-823.0008	68.59326	160.57045
-2586.2886	-155.60138	-822.48236	71.432434	160.57045
-2677.4534	-161.09023	-852.71814	60.928833	163.28447
-2675.046	-145.34834	-846.9054	70.45758	162.17918
-3036.6384	-175.56256	-933.2562	114.185425	174.07896
-2957.5186	-170.43655	-942.20703	88.171875	176.18057
-2851.3335	-165.63431	-921.7334	79.06946	175.56256
-2898.13	-165.63431	-946.5961	82.1142	172.59387
-2975.004	-165.63431	-926.9241	121.12598	170.43655
-2998.457	-165.63431	-911.5635	157.29309	170.43655
-3026.4028	-161.11539	-939.50946	160.30621	170.43655
-3059.9475	-152.81651	-946.99915	162.04626	170.29402
-3066.7073	-170.29402	-953.75903	134.22827	175.56256
-3032.61	-162.65744	-919.6614	146.73291	170.29402
-2897.0308	-158.76811	-846.2776	196.92896	158.87866
-2732.1282	-162.88988	-875.88806	105.092224	162.88988
-2625.3704	-159.1573	-852.953	34.99829	173.66588
-2723.5693	-152.81651	-846.6138	93.78204	158.81538
-2656.3362	-158.87866	-828.83386	114.08539	162.17918
-2638.5137	-156.6483	-832.26373	82.16437	160.6806
-2746.0876	-156.6483	-896.0848	43.75287	168.37735
-2639.4646	-158.87866	-823.6542	102.39343	161.11539
-2601.3672	-158.87866	-825.0967	74.3587	160.6806
-2629.8572	-158.76811	-824.9861	87.80444	160.6806
-2606.1606	-136.8855	-843.1544	47.641724	160.6806
-2615.854	-152.8547	-834.1792	66.04407	160.6806
-2552.7693	-152.8547	-830.60657	50.490967	162.45137
-2744.8528	-136.77075	-820.4176	178.08124	152.81651
-2797.5227	-127.88705	-873.0878	105.957825	152.81651
-2910.748	-168.37735	-913.2917	115.82684	162.88988
-2566.195	-140.68813	-832.3727	51.256653	160.57045
-2571.3652	-140.68813	-838.5768	48.69214	163.08928
-2579.963	-140.68813	-836.54346	43.53833	163.82455
-2592.828	-143.1314	-847.3266	28.845947	170.29402
-2777.311	-148.9879	-914.6861	30.837036	180.44133
-2571.3152	-151.26845	-813.5188	56.43335	165.63431
-2547.3137	-130.75081	-833.51825	26.85382	165.63431
-2531.5251	-143.36017	-817.2891	48.567627	165.63431
-2510.0552	-149.79512	-810.0235	49.772522	158.81538
-2490.2637	-141.10666	-805.4972	72.13556	150.28746
-2617.6594	-139.48946	-838.93317	93.95978	150.28746
-2558.8596	-141.9135	-780.13385	198.94348	148.9879
-2552.574	-130.75081	-809.6829	140.57208	148.22198
-2537.3235	-136.44456	-776.7294	191.09973	148.22198
-2542.729	-136.44456	-772.41846	173.41803	148.22198
-3050.0317	-152.81651	-944.23047	186.26721	167.80708
-3059.9482	-152.81651	-946.99915	162.04639	170.29402
