-129348.984	-106.63748	-6790.1426	573.12744	162.33377
-129347.266	-123.81409	-6761.8867	573.56104	154.63593
-129395.64	-122.43136	-6775.6343	575.27295	148.78528
-126849.3	-141.46008	-6527.3413	704.5947	151.2861
-126868.05	-140.47026	-6430.5967	808.06104	145.14844
-128696.02	-123.81409	-6443.674	946.6753	146.59882
-128512.05	-123.81409	-6458.458	903.8408	146.48795
-128132.586	-88.37653	-6469.589	846.3052	145.10898
-128000.1	-88.37653	-6479.04	786.0386	145.10898
-127770.55	-88.37653	-6487.473	727.2446	145.51094
-118504.33	-104.0638	-5134.2197	1806.8179	132.88147
-118075.445	-104.0638	-5141.0107	1806.1348	132.88147
-117678.164	-104.0638	-5159.036	1818.5938	132.88147
-117691.164	-104.0638	-5143.2275	1799.8882	132.88147
-117023.83	-104.0638	-5141.3457	1798.2583	132.88147
-118486.84	-104.0638	-5165.162	1825.0542	134.19667
-114188.49	-84.32993	-5165.6343	1675.0933	130.89606
-113739.09	-84.32993	-5172.177	1641.8047	130.89606
-116488.86	-84.32993	-5224.332	1762.9448	130.96783
-115711.23	-102.75772	-5171.1875	1765.5317	132.83623
-115514.96	-99.06207	-5149.2256	1756.6445	132.83623
-115841.57	-99.06207	-5146.0215	1762.2256	132.83623
-116319.234	-99.06207	-5103.2134	1785.6738	132.83623
-116230.086	-102.75772	-5092.3667	1780.7036	132.83623
-116114.71	-102.75772	-5126.737	1807.5815	132.83623
-116100.26	-102.75772	-5148.0693	1762.6772	132.83623
-115374.67	-102.75772	-5138.762	1737.0254	132.83623
-114454.07	-94.06451	-5145.614	1732.189	132.01073
-115291.02	-94.06451	-5177.62	1734.3623	132.01073
-115824.22	-94.06451	-5190.982	1745.9277	133.51483
-116066.68	-84.32993	-5171.734	1703.312	132.01073
-116295.52	-84.32993	-5225.519	1553.6665	132.15886
-115746.68	-84.32993	-5217.6006	1556.4131	131.90567
-114942.66	-84.32993	-5138.0757	1625.5029	131.5253
-116347.35	-84.32993	-5130.023	1681.1084	131.5253
-116803.62	-84.32993	-5127.907	1734.1807	131.5253
-116347.19	-84.32993	-5153.313	1703.8423	131.5253
-116704.7	-84.32993	-5151.384	1738.3799	131.1541
-115560.33	-84.32993	-5133.422	1726.7319	131.1541
-116580.45	-84.32993	-5189.2783	1769.9902	131.1541
-116412.96	-84.32993	-5187.296	1739.062	131.1541
-116762.07	-84.32993	-5203.178	1761.9907	131.5253
-117296.55	-84.32993	-5195.5205	1823.6812	131.5253
-117451.29	-84.32993	-5211.369	1840.3921	131.5253
-119101.34	-84.32993	-5323.043	1738.5381	132.15886
-119611.016	-84.32993	-5320.033	1738.4497	132.15886
-118988.7	-84.32993	-5310.478	1678.8853	132.15886
-118589.53	-84.32993	-5330.1313	1642.1543	132.15886
-117606.49	-84.32993	-5337.634	1565.5796	132.15886
-118054.97	-84.32993	-5327.9478	1599.5547	132.15886
-118624.63	-84.32993	-5326.1987	1677.2144	132.15886
-119267.45	-84.32993	-5282.5137	1685.7827	132.15886
-119751.12	-84.32993	-5296.9824	1708.5708	132.15886
-119755.2	-84.32993	-5309.2764	1685.9668	132.53271
-119302.6	-84.32993	-5286.2627	1681.419	132.53271
-118495.13	-84.32993	-5273.555	1629.4282	132.53271
-118999.77	-84.32993	-5286.2397	1655.0903	132.53271
-118485.37	-84.32993	-5392.5005	1528.147	132.58537
-118632.35	-84.32993	-5385.5254	1573.9941	132.58537
-118812.46	-84.32993	-5364.2744	1619.315	132.58537
-119354.125	-84.32993	-5339.012	1660.7876	132.58537
-120120.6	-84.32993	-5357.86	1665.4424	133.01852
-120241.71	-84.32993	-5375.122	1670.106	133.01852
-120076.18	-84.32993	-5341.5615	1658.1113	133.01852
-120068.06	-84.32993	-5346.9023	1618.0498	133.01852
-119257.96	-84.32993	-5340.354	1593.9805	133.01852
-119461.19	-84.32993	-5374.3564	1622.1274	133.01852
-119202.164	-84.32993	-5347.743	1611.5483	133.01852
-119100.98	-84.32993	-5397.1714	1603.1416	133.01852
-118683.555	-84.32993	-5383.143	1600.0112	133.01852
-118749.62	-84.32993	-5368.108	1598.627	133.01852
-120306.42	-84.32993	-5354.88	1669.9883	133.01852
-129278.84	-123.81409	-6707.8384	642.10596	153.41919
-129153.79	-123.81409	-6618.6987	746.7998	148.11597
-129144.805	-123.81409	-6645.631	683.96094	148.78528
-128925.66	-123.81409	-6628.876	667.0879	148.78528
-128415.63	-132.53271	-6345.668	924.1616	151.70119
-127870.766	-132.53271	-6318.804	954.3867	148.78528
-119642.625	-118.98245	-5918.9165	1069.7871	138.11061
-119765.625	-118.98245	-5919.395	1071.3955	138.11061
-119652.29	-118.98245	-5923.824	1104.6182	138.11061
-119764.28	-119.95502	-5940.665	1125.3604	138.11061
-129190.625	-123.81409	-6695.2236	615.15186	153.46114
-128806.14	-123.81409	-6606.553	658.4531	148.78528
-128569.38	-123.81409	-6613.3643	657.0884	148.78528
-128289.83	-130.71074	-6613.3574	686.8784	148.78528
-128323.51	-130.71074	-6606.832	690.21094	148.81927
-127966.63	-129.7271	-6249.9033	1044.6084	145.23488
-127619.24	-129.7271	-6272.371	1006.6909	146.3265
-125841.62	-127.5576	-6214.1797	1038.8931	142.94437
-122627.58	-125.53639	-6065.5854	1023.772	138.70277
-122693.14	-125.53639	-6087.8174	1043.2661	138.70277
-124227.47	-106.63748	-6302.0576	810.30273	140.31827
-124956.46	-129.55328	-6322.3467	801.29346	142.9814
-126091.47	-97.73918	-6540.3516	623.1743	144.175
-125539.45	-97.73918	-6505.045	599.71924	144.175
-124868.51	-113.14942	-6525.485	573.7549	142.99063
-124788.84	-113.14942	-6512.5337	546.86914	143.92137
-125231.016	-106.63748	-6536.1353	547.59766	143.92137
-125349.32	-106.63748	-6509.3384	571.81836	144.92934
-126026.8	-123.91787	-6406.265	796.16504	142.94437
-126218.984	-123.81409	-6413.493	782.23145	142.94437
-126159.66	-123.81409	-6422.586	775.0962	142.94437
-125507.62	-130.84593	-6382.9014	777.6675	144.175
-124983.83	-132.83609	-6315.349	872.5117	142.99063
-124580.27	-132.83609	-6316.057	883.08545	142.99063
-124476.016	-133.49161	-6291.848	927.8076	142.99063
-124301.92	-133.49161	-6304.848	846.4761	142.99063
-125270.12	-130.84593	-6469.778	709.55225	144.92934
-126391.43	-97.73918	-6410.6587	811.9448	142.50319
-125955.52	-97.73918	-6409.714	812.88965	141.71442
-127228.21	-123.81409	-6412.412	834.6006	146.6534
-127212.96	-125.60949	-6412.303	792.01514	146.6534
-127128.75	-125.60949	-6464.043	709.17285	143.19392
-126972.78	-125.60949	-6435.3003	733.6128	142.99063
-126131.734	-107.81284	-6404.414	759.29736	142.50319
-126171.375	-107.81284	-6390.8413	799.0674	142.50319
-126344.51	-107.81284	-6366.211	865.1035	142.50319
-125629.125	-107.81284	-6330.0146	872.5757	141.44652
-125732.29	-107.81284	-6308.201	897.5415	141.44652
-125388.51	-107.81284	-6377.7144	866.9263	142.11165
-123684.57	-97.73918	-6374.2764	744.74414	140.73134
-124200.29	-97.73918	-6394.889	751.82324	140.73134
-124336.375	-97.73918	-6369.8867	821.50244	140.73134
-124316.93	-119.00577	-6382.922	815.87744	140.73134
-125335.34	-121.98328	-6219.8667	1007.2324	142.29396
-124750.27	-130.71074	-6293.665	859.3208	141.74033
-125178.8	-130.71074	-6352.517	858.70654	142.46227
-125289.2	-130.71074	-6363.151	869.33105	142.46227
-125163.71	-115.4727	-6205.196	1037.3936	141.74033
-123990.914	-131.26195	-6076.0327	1066.2466	140.77843
-124098.47	-131.26195	-6065.4375	1074.0088	141.57582
-124086.8	-131.26195	-6089.831	1027.565	141.57582
-123533.07	-131.26195	-6098.2705	1010.10645	141.57582
-123884.68	-128.25	-6098.5005	1048.8047	140.77843
-124671.62	-121.21597	-6142.542	1031.4683	140.47026
-124791.27	-121.21597	-6130.6523	1087.3848	140.47026
-125154.22	-121.21597	-6167.131	1065.749	142.12418
-125166.43	-121.21597	-6176.19	1081.5337	142.12418
-123304.95	-121.21597	-6143.6934	897.10205	138.50993
-122606.23	-118.98245	-5914.4805	1178.7471	138.43167
-122155.52	-114.01379	-5909.822	1130.3818	138.32336
-123039.67	-111.52749	-5908.697	1203.5654	137.49902
-122846.15	-111.52749	-6150.518	877.81445	137.49902
-122765.555	-113.93409	-6096.9517	986.2051	137.49902
-122420.97	-113.93409	-6075.4385	962.67773	137.49902
-122858.086	-113.93409	-6151.7734	831.08203	140.00764
-122472.77	-118.35303	-6149.775	856.8789	140.00764
-122673.62	-116.42385	-6192.2793	794.52686	139.85257
-123068.05	-118.35303	-6142.48	863.1655	139.85257
-123253.484	-118.35303	-6116.951	896.48486	139.85257
-123713.29	-118.35303	-6172.884	867.0288	140.47026
-123940.46	-123.52054	-6192.414	909.895	140.47026
-123190.984	-123.52054	-6159.8877	899.0459	140.47026
-120227.055	-112.8245	-5786.513	1222.0967	135.92345
-120174.87	-109.91685	-5843.0684	1143.9204	137.13072
-119407.94	-109.91685	-5838.3325	1117.8638	137.13072
-119461.84	-109.91685	-5823.3896	1140.5044	137.13072
-119217.25	-101.79288	-5766.653	1162.2637	135.92345
-120091.71	-101.79288	-5856.338	1193.4517	135.92345
-121380.695	-97.73918	-5889.996	1143.709	135.92345
-122143.38	-97.73918	-5860.5044	1170.5122	135.28949
-121482.61	-101.79288	-5836.1562	1172.229	135.28949
-121490.54	-109.91685	-5842.661	1225.6895	135.28949
-121296.7	-104.87549	-5838.7964	1206.8203	135.28949
-117731.06	-106.46885	-5584.529	1338.3423	133.76689
-117914.08	-106.46885	-5575.611	1387.6392	134.15335
-118344.36	-106.46885	-5583.3203	1389.272	134.15335
-122934.695	-95.74289	-5775.011	1301.2739	135.28949
-122619.836	-106.46885	-5673.5356	1464.3472	135.20143
-123346.75	-107.97795	-5702.66	1439.1382	135.28949
-123132.914	-107.97795	-5704.424	1402.1191	135.28949
-123364.016	-118.4433	-5744.9263	1390.7441	137.78804
-122995.69	-114.00703	-5752.1606	1346.375	137.78804
-123064.734	-118.4433	-5786.99	1298.1855	137.84203
-123021.99	-118.4433	-5790.0254	1288.8989	137.84203
-123282.76	-111.51144	-5754.409	1309.9663	137.84203
-123388.3	-116.07635	-5736.9795	1375.9009	137.84203
-123887.734	-117.71117	-5768.2803	1419.3325	138.21902
-124644.266	-117.71117	-5751.99	1534.0566	138.6243
-125081.266	-120.0433	-5753.035	1482.0259	139.4567
-124795.54	-115.48722	-5748.542	1453.4272	139.4567
-123980.484	-115.48722	-5743.043	1454.1709	138.21902
-124298.125	-115.48722	-5743.496	1476.6738	138.06384
-123306.92	-118.4433	-5781.364	1341.5142	138.06384
-123452.58	-118.4433	-5759.5513	1339.915	138.06384
-123716.54	-119.00577	-5769.974	1351.6338	138.06384
-123396.93	-119.00577	-5815.4634	1314.5234	138.17288
-123404.38	-119.00577	-5828.0444	1318.0464	138.17288
-123092.07	-119.00577	-5818.39	1302.4917	138.17288
-123082.36	-119.13123	-5735.3306	1366.6509	137.84203
-123115.414	-119.13123	-5738.731	1383.1436	137.84203
-123244.21	-119.13123	-5740.69	1397.7632	137.84203
-123297.11	-118.98245	-5707.3643	1448.979	137.84203
-123611.33	-114.52965	-5734.4595	1402.498	137.84203
-123332.305	-114.52965	-5766.53	1356.8062	137.84203
-123444.08	-117.00102	-5769.953	1378.8105	137.84203
-123310.9	-117.00102	-5798.4375	1445.9414	137.84203
-123668.67	-117.00102	-5786.349	1460.898	137.84203
-124198.7	-120.0433	-5763.0405	1493.9321	138.17288
-123992.94	-120.0433	-5739.4556	1468.6323	138.17288
-123897.13	-120.0433	-5726.282	1420.6406	138.17288
-123933.586	-120.0433	-5709.375	1450.1367	137.84203
-122974.5	-120.0433	-5695.3354	1449.729	137.84203
-121684.48	-118.4433	-5774.0283	1185.5771	137.55597
-123315.23	-118.4433	-5888.5537	1132.3247	138.43167
-123431.25	-113.86264	-5877.921	1139.5605	138.43167
-122705.84	-118.4433	-5848.592	1131.6079	138.43167
-123549.35	-118.4433	-5863.8916	1163.3481	138.17288
-123711.62	-118.4433	-5879.34	1219.2715	138.17288
-123691.336	-113.86842	-5901.3037	1266.521	138.17288
-124023.06	-109.91685	-5973.767	1169.9839	138.43167
-124009.34	-109.91685	-5980.8496	1181.0044	138.21902
-123433.164	-109.91685	-6009.671	1136.2461	138.21902
-123525.91	-109.91685	-6010.1587	1147.6699	138.21902
-123040.14	-109.91685	-5986.3765	1108.4082	137.78804
-122944.09	-109.91685	-5961.39	1152.5757	137.55597
-122964.164	-109.91685	-5978.447	1164.8184	137.55597
-122858.234	-128.32098	-5967.401	1185.6777	137.55597
-123173.734	-128.98743	-5984.033	1141.8008	139.09906
-123406.11	-128.98743	-5941.2075	1215.0024	138.21902
-122875.41	-125.75332	-5913.0977	1169.7397	138.50993
-122460.68	-125.75332	-5982.831	1080.7559	138.50993
-122838.88	-125.75332	-5944.7686	1163.4883	138.50993
-123205.06	-125.75332	-5917.677	1184.0122	138.50993
-124684.82	-121.98328	-5942.662	1247.8452	140.00764
-124267.38	-123.13239	-6004.8364	1234.3462	140.00764
-122969.64	-123.13239	-5945.2085	1149.0913	138.94272
-122956.0	-123.13239	-5937.043	1144.977	138.94272
-123279.41	-126.89898	-5934.916	1167.188	138.94272
-123585.62	-126.89898	-5921.013	1199.3125	138.94272
-124135.945	-126.89898	-5899.449	1275.6787	140.00764
-124224.17	-124.68573	-5911.203	1285.498	140.00764
-124952.82	-130.89606	-5957.06	1204.0884	141.44652
-125051.625	-130.89606	-5942.996	1224.1494	141.44652
-124076.836	-118.98245	-5905.6294	1267.2422	138.43167
-124819.555	-118.98245	-5950.479	1261.8306	139.85257
-125216.74	-115.48722	-6026.395	1207.0977	139.85257
-125320.36	-115.48722	-6010.5083	1235.459	141.51549
-125361.9	-117.71117	-5997.765	1244.5918	141.44652
-125319.75	-120.07763	-5991.6157	1324.0869	140.73134
-125391.6	-120.07763	-5972.773	1263.3057	141.41927
-125594.91	-120.07763	-5961.9194	1243.2524	141.41927
-125782.7	-118.4433	-5962.2495	1217.8359	141.41927
-125719.56	-118.4433	-5962.3745	1211.8511	141.41927
-125593.07	-113.86264	-6009.3657	1186.2021	140.73134
-125093.5	-113.86264	-6021.868	1197.7837	140.37236
-125176.19	-118.01648	-6027.43	1239.5405	140.37236
-125351.57	-118.4433	-5907.1562	1243.8208	140.73134
-125606.46	-115.48722	-5923.59	1242.71	140.73134
-125329.9	-115.48722	-5933.1562	1234.1133	140.73134
-125457.02	-115.48722	-5920.8247	1247.272	140.72095
-126165.164	-118.4433	-5954.944	1260.8506	140.72095
-126364.3	-118.4433	-6013.331	1254.9175	141.03607
-125361.04	-118.4433	-5975.578	1261.7642	140.72095
-125114.164	-118.4433	-5955.3896	1237.0483	139.69392
-124995.266	-118.4433	-6042.737	1207.3096	140.31827
-124963.51	-113.86264	-6002.5396	1189.2305	140.31827
-125045.24	-113.86264	-5968.9004	1197.7554	140.31827
-125036.35	-118.4433	-5931.754	1219.8408	140.31827
-125039.67	-118.01648	-5968.2446	1222.6035	140.31827
-124874.26	-120.07763	-5990.0117	1153.7373	140.73134
-124856.01	-118.67774	-5995.3486	1164.499	140.73134
-125243.086	-123.24324	-6009.4355	1169.5879	140.37236
-125309.445	-123.24324	-5988.055	1201.3657	140.37236
-125070.79	-125.62673	-5942.58	1248.8599	140.37236
-125653.57	-113.14942	-5950.3823	1237.4565	140.37236
-125699.516	-113.14942	-5892.208	1317.9731	140.37236
-125630.12	-114.90903	-5900.454	1304.6274	140.37236
-125586.49	-114.90903	-5928.5493	1261.209	140.37236
-125768.22	-114.90903	-5909.1084	1347.187	140.47026
-126384.78	-122.43136	-6002.099	1284.3457	142.87886
-125629.86	-123.24324	-6011.516	1257.6016	141.44652
-125299.484	-123.81409	-6006.583	1242.1572	141.44652
-125309.14	-123.81409	-6017.628	1254.2856	140.37236
-125836.76	-123.81409	-5995.6763	1306.813	141.71442
-125636.234	-123.81409	-6003.03	1268.1235	141.71442
-125591.4	-126.97676	-6008.7344	1217.5215	141.71442
-125790.234	-128.13597	-5928.057	1337.5859	141.71442
-125247.234	-131.75862	-5871.415	1343.8687	142.9814
-125337.305	-131.75862	-5881.7734	1344.4751	140.35057
-125343.016	-132.23616	-5908.807	1354.6841	142.74059
-125097.46	-132.23616	-5906.5415	1301.4976	142.74059
-122341.016	-127.1286	-5996.8994	1158.7056	138.43167
-122289.88	-123.17925	-6004.714	1154.5469	138.43167
-122400.74	-123.17925	-6004.657	1110.6782	138.43167
-122262.05	-123.17925	-5987.921	1094.3325	138.43167
-121636.21	-120.65498	-5964.5635	1094.9922	138.21902
-121773.14	-120.65498	-5950.5596	1125.9917	138.06384
-122106.18	-120.65498	-5926.866	1155.44	138.24129
-122206.86	-120.65498	-5906.6104	1170.5679	138.24129
-122080.3	-120.65498	-5930.2573	1136.1206	138.17288
-122014.65	-120.65498	-5947.7583	1087.5068	138.21902
-121880.33	-120.65498	-5931.127	1131.3828	137.78804
-121816.82	-123.04027	-5929.7344	1165.7007	137.78804
-121163.6	-123.04027	-5934.3237	1130.8062	137.78804
-121623.41	-123.7683	-5924.7495	1133.6602	137.78804
-121050.26	-119.14341	-5900.715	1125.5288	137.78804
-120518.89	-119.14341	-5844.5	1209.9937	136.39369
-120699.76	-113.32322	-5863.7446	1192.3579	136.39369
-120326.66	-107.81284	-5862.5176	1164.9717	136.39369
-120949.39	-107.81284	-5881.666	1164.6006	136.90506
-120658.75	-109.85083	-5873.9663	1188.8667	136.90506
-121129.97	-106.11704	-5874.1855	1287.0615	137.30058
-121421.91	-118.4433	-5761.7656	1289.1519	134.44469
-121595.375	-118.4433	-5732.384	1351.396	134.44469
-122596.88	-109.85083	-5800.6235	1308.1523	135.55713
-122672.63	-105.74832	-5775.371	1364.7969	135.55713
-122170.78	-118.4433	-5800.618	1281.269	135.55713
-122259.33	-118.4433	-5801.31	1313.647	135.55713
-121757.64	-118.4433	-5765.1626	1352.3271	135.11949
-121704.33	-118.4433	-5805.183	1242.3813	135.11404
-122005.51	-118.4433	-5810.6294	1216.5542	135.96637
-121279.05	-118.4433	-5770.645	1235.9897	135.50793
-122593.4	-109.85083	-5833.832	1215.9717	135.11404
-122302.09	-109.85083	-5846.6235	1214.1929	134.86601
-121725.04	-109.85083	-5849.3955	1188.3164	135.50793
-121758.88	-109.85083	-5842.079	1204.3086	135.50793
-121358.65	-114.52965	-5808.2124	1223.0483	135.50793
-122020.39	-118.4433	-5828.7686	1251.3804	135.50793
-122226.6	-109.85083	-5862.993	1185.332	136.39369
-122681.96	-109.85083	-5847.276	1239.8389	136.39369
-122912.87	-113.14942	-5835.1377	1249.8579	136.39369
-122614.81	-113.14942	-5800.6055	1265.2915	134.86601
-122463.04	-117.71117	-5767.2266	1307.8662	134.86601
-122242.28	-117.71117	-5791.2163	1335.0371	134.86601
-122092.016	-117.71117	-5841.465	1242.4297	134.86601
-122425.516	-117.71117	-5844.281	1260.7275	135.11949
-122670.336	-120.07763	-5871.3364	1212.4297	136.39369
-122343.555	-108.22147	-5843.924	1205.8901	136.39369
-121723.13	-84.32993	-5462.965	1671.5303	134.19667
-121631.016	-84.32993	-5462.068	1656.082	134.19667
-121616.586	-84.32993	-5459.558	1650.4463	134.19667
-121632.3	-84.32993	-5438.462	1668.065	134.19667
-121953.016	-84.32993	-5411.8022	1663.4043	134.19667
-122261.586	-84.32993	-5392.7637	1698.6162	134.19667
-122283.71	-84.32993	-5365.955	1754.4863	134.19667
-123148.19	-84.32993	-5358.1675	1804.5288	134.90018
-122980.65	-84.32993	-5351.074	1769.5776	134.90018
-123838.375	-122.03947	-5495.9663	1801.085	137.70534
-123572.97	-122.03947	-5530.2505	1730.3086	137.70534
-123231.81	-114.01379	-5496.395	1720.127	136.72815
-123388.445	-106.63748	-5556.664	1706.5767	136.72815
-123409.61	-110.83502	-5523.0557	1646.7188	136.38297
-123267.164	-110.83502	-5516.134	1627.667	136.38297
-123016.48	-110.83502	-5507.8516	1627.2075	136.1402
-123179.695	-113.86842	-5485.324	1605.4844	135.48152
-123457.53	-113.86842	-5492.6104	1621.0405	135.48152
-123092.39	-113.86842	-5498.9976	1642.5205	136.1402
-123977.32	-106.63748	-5502.9043	1728.3174	136.72815
-123468.41	-117.3633	-5471.583	1705.3999	136.1402
-123191.84	-117.3633	-5417.66	1730.8667	135.48152
-122822.195	-123.13703	-5407.731	1774.3438	135.48152
-123058.125	-122.56346	-5408.8228	1746.8682	135.20143
-121020.63	-118.98245	-5476.0586	1595.6074	135.90369
-119203.93	-121.16368	-5441.8335	1433.4214	135.50793
-120358.25	-123.227	-5497.7666	1449.4658	135.50793
-120502.25	-123.227	-5477.067	1522.5493	135.50793
-120507.87	-123.227	-5480.2065	1550.1597	136.72815
-120817.97	-122.96712	-5491.3286	1511.8604	136.72815
-120759.06	-122.96712	-5486.9434	1492.602	136.72815
-120942.28	-121.98328	-5509.837	1470.6357	136.72815
-120854.2	-121.98328	-5500.5327	1461.7188	135.50793
-120474.55	-121.98328	-5512.8745	1475.0068	135.50793
-120609.516	-121.98328	-5472.2363	1459.1484	136.38297
-121251.055	-121.98328	-5462.407	1482.1553	135.50793
-121636.414	-121.98328	-5456.2285	1505.3789	136.72815
-121412.945	-121.98328	-5463.572	1514.1177	136.72815
-121881.49	-121.98328	-5472.271	1662.1909	135.50793
-121163.05	-121.98328	-5478.046	1615.4873	135.50793
-120991.336	-121.98328	-5474.499	1603.8833	135.50793
-121253.91	-121.98328	-5476.403	1510.0098	136.72815
-121100.2	-121.98328	-5466.0356	1489.8896	136.72815
-120825.61	-118.51231	-5462.413	1643.0166	135.11404
-121408.3	-118.51231	-5472.9263	1638.6938	135.24805
-120526.4	-118.51231	-5493.7344	1589.7715	135.24805
-120986.61	-118.51231	-5474.212	1629.0845	135.24805
-121737.68	-118.51231	-5430.3022	1617.3662	135.11404
-121316.625	-118.51231	-5440.94	1613.3862	135.11404
-121064.88	-118.96975	-5412.6553	1650.1191	134.6087
-122154.18	-118.96975	-5446.775	1701.2319	134.6087
-122194.26	-118.96975	-5477.0728	1717.2681	134.86601
-122064.01	-118.96975	-5471.564	1698.1177	134.86601
-121845.586	-118.96975	-5480.4565	1672.9302	135.20143
-120420.56	-118.96975	-5477.1177	1608.023	135.11404
-120512.56	-118.9481	-5464.055	1620.5903	135.11404
-120885.805	-118.9481	-5483.031	1563.229	135.20143
-121987.47	-118.9481	-5449.712	1619.312	134.61526
-122102.664	-122.51748	-5471.2075	1653.4849	134.61526
-122079.8	-108.45291	-5449.997	1635.8389	134.61526
-122812.08	-122.51748	-5437.458	1650.96	134.61526
-122621.98	-109.92133	-5439.841	1666.7622	134.61526
-122329.305	-107.6083	-5423.7773	1644.8433	134.61526
-122287.3	-109.92133	-5446.898	1661.6143	134.5176
-121610.38	-109.92133	-5461.415	1628.5923	134.5176
-122134.55	-109.92133	-5462.034	1613.3325	134.70337
-122652.445	-122.96712	-5467.293	1587.5967	135.20143
-122850.09	-122.96712	-5456.455	1657.998	135.20143
-122555.734	-123.13703	-5440.9927	1681.1831	135.20143
-122642.375	-123.13703	-5429.684	1651.7163	136.03023
-123222.734	-123.13703	-5444.546	1667.522	136.03023
-122501.3	-123.13703	-5440.6816	1662.9941	136.03023
-122072.25	-123.13703	-5466.133	1623.5752	136.03023
-122761.9	-123.13703	-5470.5757	1673.7119	136.03023
-123084.75	-123.13703	-5485.278	1696.356	136.03023
-123480.05	-123.13703	-5459.384	1751.623	136.03023
-123117.22	-123.13703	-5456.773	1686.3511	136.03023
-123367.22	-123.13703	-5445.934	1688.7422	136.03023
-123850.16	-123.13703	-5405.138	1733.6216	136.03023
-123721.88	-107.81284	-5457.737	1713.4385	136.1402
-123485.06	-107.81284	-5468.575	1660.3252	136.03023
-123208.48	-107.81284	-5450.2617	1711.2783	135.20143
-122707.49	-107.81284	-5475.94	1656.5088	135.20143
-122898.23	-107.81284	-5471.6567	1618.9121	135.20143
-122764.195	-122.96712	-5472.184	1619.3818	135.20143
-122193.22	-122.96712	-5472.311	1586.52	135.91469
-123051.77	-122.96712	-5470.799	1604.4058	136.4968
-122351.08	-122.03947	-5476.59	1605.8384	136.4968
-122401.35	-122.03947	-5476.416	1674.0366	135.91469
-122071.375	-122.03947	-5499.431	1618.8022	135.91469
-121795.57	-122.56346	-5498.8037	1641.6631	135.91469
-121965.055	-122.56346	-5488.023	1627.4023	136.4968
-121721.51	-120.19519	-5503.617	1591.355	137.24153
-122159.164	-123.13703	-5497.439	1599.7451	137.24153
-121462.984	-123.13703	-5469.5693	1612.7129	135.91469
-122283.875	-123.13703	-5455.109	1629.2319	135.91469
-122043.0	-125.1552	-5466.3403	1663.9834	135.50793
-122346.46	-127.09281	-5501.5522	1654.0181	137.24153
-122662.33	-127.09281	-5527.5244	1656.4102	137.24153
-122899.06	-122.03947	-5501.954	1609.8027	137.24153
-122329.34	-120.19519	-5477.949	1643.2847	135.50793
-122446.9	-124.06992	-5468.373	1644.8994	135.50793
-123312.445	-124.06992	-5507.2114	1629.686	137.24153
-123624.195	-124.06992	-5503.439	1662.145	138.22917
-123779.36	-124.06992	-5527.9478	1688.8901	137.24153
-123533.33	-124.06992	-5540.279	1633.147	137.24153
-123941.555	-124.06992	-5499.3477	1683.4883	137.85352
-124176.73	-115.50038	-5478.7383	1773.9893	137.85352
-124091.805	-115.50038	-5486.656	1720.8232	136.1402
-123703.02	-107.81284	-5496.765	1674.977	136.1402
-123183.805	-107.81284	-5522.72	1664.5063	135.20143
-123801.18	-97.11159	-5485.6978	1691.8467	135.20143
-124168.125	-97.11159	-5466.689	1721.3726	137.24153
-124216.0	-97.11159	-5464.32	1702.1499	137.24153
-125074.5	-128.94336	-5461.692	1719.5391	137.24153
-124497.26	-120.37168	-5459.7666	1715.7485	137.24153
-124157.38	-118.35303	-5437.4487	1703.9263	137.24153
-123619.66	-118.35303	-5443.4995	1667.5625	135.91469
-123833.85	-118.35303	-5446.906	1677.3984	135.91469
-123451.414	-129.3894	-5455.218	1696.1255	135.91469
-123087.78	-127.46905	-5451.9644	1682.4956	135.91469
-122614.01	-128.94336	-5467.2285	1688.2856	135.91469
-123367.6	-129.3894	-5468.3726	1707.4136	135.91469
-123117.09	-128.99745	-5474.515	1691.8281	135.91469
-123683.34	-129.66374	-5440.531	1724.4746	135.91469
-123729.125	-129.56282	-5443.124	1699.0088	140.33029
-123839.03	-129.56282	-5453.0454	1747.0513	140.33029
-123577.02	-129.3894	-5481.6123	1747.0322	139.85257
-122497.055	-129.66374	-5482.357	1619.815	137.24153
-122562.19	-129.66374	-5483.7485	1649.9585	138.11061
-122279.68	-130.07588	-5478.222	1691.7959	139.85257
-122055.38	-130.07588	-5473.7783	1711.8931	138.7607
-121708.62	-130.07588	-5482.1143	1708.2441	138.7607
-122368.03	-130.07588	-5467.416	1697.2544	138.7607
-121957.086	-130.07588	-5432.398	1644.8994	138.7607
-120493.64	-130.07588	-5418.359	1599.6069	138.7607
-120267.51	-130.07588	-5403.147	1549.8491	140.00764
-121306.195	-130.20256	-5422.272	1629.9116	140.00764
-120819.086	-130.20256	-5448.9893	1554.7168	140.00764
-122453.76	-129.56282	-5418.4966	1586.4438	138.50993
-122731.195	-129.5067	-5439.969	1606.5659	137.85352
-122246.93	-129.5067	-5440.064	1562.4277	137.9603
-122003.836	-129.5067	-5446.756	1572.313	137.85352
-121875.83	-129.66374	-5477.2793	1541.0586	137.85352
-122437.67	-129.56282	-5479.694	1601.7217	137.85352
-122954.01	-129.56282	-5502.032	1609.4106	137.85352
-123031.44	-129.56282	-5501.847	1674.94	138.7607
-123343.19	-129.56282	-5497.5723	1677.8936	138.7607
-122945.57	-129.56282	-5509.88	1705.1401	138.7607
-122333.586	-129.56282	-5515.526	1575.4927	138.6243
-121556.23	-129.66374	-5520.7085	1519.3579	138.22917
-121958.516	-129.66374	-5528.062	1650.2666	138.22917
-122260.12	-129.66374	-5529.224	1657.3091	138.22917
-123139.54	-129.66374	-5499.343	1691.3423	138.22917
-123283.67	-129.56282	-5490.4497	1716.5308	138.22917
-123511.46	-129.56282	-5456.946	1748.6919	138.70277
-123929.13	-128.85912	-5464.368	1759.9995	139.77237
-123692.27	-128.85912	-5462.2793	1721.2461	138.70277
-123805.414	-128.85912	-5493.039	1684.5151	140.00764
-123951.07	-128.85912	-5465.753	1737.9282	140.00764
-123720.51	-129.56282	-5462.1113	1711.3481	140.00764
-123830.3	-129.56282	-5449.6616	1751.3706	140.00764
-124124.96	-129.5067	-5458.885	1726.9487	140.00764
-124116.88	-129.66374	-5434.7437	1762.5386	140.00764
-123847.5	-129.3894	-5470.357	1668.8936	140.00764
-124263.734	-129.3894	-5460.3364	1696.0732	138.50993
-124252.766	-124.45197	-5450.271	1685.3994	138.50993
-123986.34	-124.45197	-5446.971	1671.335	138.50993
-123436.2	-124.45197	-5453.8613	1693.1782	138.50993
-123446.53	-124.45197	-5449.4253	1679.8853	138.50993
-126926.88	-141.46008	-6519.8125	775.41455	151.2861
-127025.06	-141.46008	-6525.5283	761.51807	153.41919
-127379.9	-139.69392	-6560.5054	716.56396	153.41919
-127460.79	-139.69392	-6556.504	731.271	153.41919
-127601.51	-138.50993	-6544.5254	757.50586	153.41919
-127443.4	-137.85352	-6462.784	826.4297	152.35272
-127663.836	-137.85352	-6463.6816	822.2178	153.10536
-127894.14	-135.50793	-6507.5566	755.9321	153.10536
-127875.91	-135.50793	-6509.0024	765.8779	153.10536
-127226.65	-135.50793	-6527.243	747.53613	152.35272
-126217.13	-129.85457	-6460.065	789.1802	143.4619
-126299.62	-129.85457	-6454.5054	827.0366	143.4619
-126628.06	-129.85457	-6452.1196	835.1045	143.4619
-126631.41	-129.85457	-6434.077	856.9219	143.4619
-126767.2	-129.85457	-6445.6597	846.4048	143.92137
-126310.27	-127.09281	-6434.1094	785.0254	143.08812
-126299.62	-127.09281	-6512.666	806.9868	143.99704
-126153.74	-129.85457	-6478.905	765.8198	143.08812
-126132.4	-129.85457	-6494.966	771.3408	144.62007
-126088.67	-129.3894	-6482.41	722.00684	144.62007
-126545.22	-129.85457	-6460.5513	753.1494	144.62007
-126475.99	-129.85457	-6472.3916	751.8252	144.62007
-126205.66	-129.85457	-6292.51	904.9756	142.9814
-125891.13	-125.08518	-6299.242	945.28906	142.94437
-125749.07	-126.97676	-6325.6196	884.8003	142.94437
-124555.85	-113.86264	-6477.8037	619.05664	144.175
-125062.73	-125.08518	-6474.518	721.8003	144.175
-125287.125	-127.75874	-6472.2	749.1167	144.175
-125139.07	-127.75874	-6472.566	700.375	144.175
-124940.414	-127.75874	-6483.9297	725.00635	142.99063
-125720.586	-127.5576	-6352.656	786.7363	142.99063
-125735.92	-128.13597	-6370.217	845.6987	142.46227
-126314.516	-129.56282	-6303.5684	911.4883	142.9814
-126185.766	-131.4633	-6330.931	872.8589	142.9814
-125279.8	-128.13597	-6418.393	659.02686	144.98566
-126925.35	-120.36837	-6595.04	673.7339	145.35521
-126586.18	-113.14942	-6502.6753	708.6279	143.56099
-126313.31	-113.14942	-6469.975	699.55176	142.9814
-126510.07	-113.14942	-6487.0776	677.93066	143.84149
-125963.0	-114.52965	-6459.6724	668.91113	143.08812
-125968.04	-114.52965	-6449.921	675.3135	143.08812
-126108.61	-118.01648	-6541.837	606.4878	144.43617
-125995.695	-130.71074	-6480.3105	717.85547	144.98566
-126712.93	-123.81409	-6541.3833	640.0464	143.99704
-126765.85	-123.81409	-6585.4014	598.36523	145.10898
-127188.06	-123.52054	-6568.1006	714.01074	145.10898
-127221.49	-123.52054	-6533.0884	728.84375	145.10898
-127055.4	-123.52054	-6542.5977	695.2427	145.10898
-126954.43	-123.52054	-6592.684	670.0	145.15428
-127335.51	-123.81409	-6590.3267	740.70654	147.45378
-127864.27	-123.24324	-6559.397	810.5576	147.45378
-127597.56	-123.24324	-6593.0464	690.94336	145.10898
-127628.055	-95.74289	-6623.5605	696.10205	146.59882
-126289.375	-130.84593	-6497.0757	679.2246	145.14844
-126831.67	-130.84593	-6496.125	774.7832	145.14844
-127250.72	-123.81409	-6562.7314	676.2544	147.89226
-127172.03	-118.01648	-6577.4165	649.0088	146.3265
-127770.89	-118.01648	-6543.1826	751.0869	146.3265
-128010.61	-106.63748	-6636.1875	743.6914	146.59882
-127935.76	-106.63748	-6617.907	667.6841	146.3265
-127724.625	-118.01648	-6554.681	742.96094	145.23488
-127466.98	-118.01648	-6564.592	667.2251	145.23488
-127041.82	-126.9536	-6534.7563	733.2031	145.23488
-127417.96	-126.9536	-6539.7144	718.29443	147.03877
-127413.55	-126.9536	-6567.222	741.6123	148.09781
-126752.25	-126.97676	-6495.1167	750.6919	143.92137
-126788.336	-128.32639	-6452.656	766.8052	143.92137
-125376.875	-132.38087	-6444.0015	713.44385	143.92137
-125362.234	-113.86264	-6455.7393	660.5464	143.92137
-125021.56	-132.38087	-6421.4185	701.87354	143.92137
-125582.16	-121.98328	-6454.8354	664.5303	142.99063
-125255.76	-128.13597	-6413.9316	674.9634	144.68129
-125992.35	-126.97676	-6480.348	665.76514	144.68129
-126044.01	-126.97676	-6496.9736	670.2339	144.68129
-126500.67	-126.97676	-6473.207	669.99756	144.62007
-126737.54	-126.97676	-6449.8867	696.9199	142.99063
-126475.12	-126.97676	-6455.148	755.96045	143.19392
-126021.63	-126.97676	-6454.458	718.4629	143.19392
-126500.5	-126.97676	-6450.028	777.6919	142.99063
-125924.805	-111.52749	-6508.276	679.88135	143.12512
-125897.32	-113.86264	-6449.989	775.03955	142.46227
-125757.69	-113.14942	-6456.0854	792.6172	142.46227
-125455.13	-88.37653	-6454.2188	758.6079	142.46227
-125627.586	-88.37653	-6426.5654	763.55225	142.46227
-125915.875	-88.37653	-6407.182	760.4136	142.46227
-126042.984	-88.37653	-6447.365	765.16797	142.46227
-125587.15	-88.37653	-6502.0957	701.2744	142.50557
-125622.625	-88.37653	-6448.1055	740.29004	141.0385
-125768.88	-123.04027	-6428.9307	750.3794	142.50557
-125823.48	-123.04027	-6430.1934	802.1587	142.50557
-125992.57	-123.81409	-6416.5386	812.03955	142.50557
-126239.88	-123.81409	-6439.2305	812.3252	142.50557
-126255.43	-123.81409	-6454.8003	810.71387	143.09921
-125799.93	-123.81409	-6450.23	756.2949	142.74059
-125699.29	-123.81409	-6454.3896	720.73096	142.87886
-125747.25	-123.81409	-6481.819	674.30273	143.57185
-125515.91	-123.81409	-6478.0986	681.9463	142.87886
-125791.664	-123.81409	-6466.548	702.4878	143.4619
-126084.89	-121.98328	-6502.4756	669.0962	143.4619
-126216.41	-121.98328	-6502.8213	684.58936	143.4619
-126506.9	-121.98328	-6514.4307	807.3628	143.4619
-126489.18	-121.98328	-6503.3867	719.4009	143.4619
-127040.84	-121.98328	-6513.3804	792.78613	143.08812
-126630.65	-121.98328	-6490.53	767.9844	142.50557
-126729.414	-121.98328	-6483.376	735.6655	143.12512
-126447.47	-123.04027	-6477.5024	760.1123	143.3425
-127183.195	-126.97676	-6509.9253	767.1831	143.33925
-126472.22	-122.56346	-6532.3535	707.46484	143.33925
-126363.09	-112.21345	-6437.8574	702.5	142.9814
-126747.02	-107.81284	-6540.8164	611.2832	144.74106
-126629.08	-107.81284	-6562.812	592.833	144.74106
-126175.91	-107.81284	-6513.113	661.80176	143.4619
-126443.086	-107.81284	-6507.268	682.3413	143.4619
-126938.97	-107.81284	-6577.0776	575.36865	145.89055
-127145.3	-107.81284	-6560.703	608.4204	145.89055
-126705.7	-107.81284	-6577.298	552.72363	145.89055
-126912.38	-106.63748	-6599.9375	602.2842	144.92934
-126916.84	-106.63748	-6574.821	586.9702	144.92934
-126895.875	-107.81284	-6522.981	693.6709	143.99704
-126949.445	-113.86264	-6566.9106	620.3203	144.74106
-127085.73	-113.14942	-6564.3774	640.0967	144.74106
-126790.93	-111.52749	-6503.4966	643.5005	143.09921
-126393.94	-111.52749	-6459.4365	690.48145	142.9814
-126076.45	-111.52749	-6453.2544	689.20215	142.9814
-126152.56	-111.52749	-6501.808	617.90576	143.15266
-126019.29	-111.52749	-6506.1816	603.7988	143.15266
-125906.56	-111.52749	-6500.6924	654.4971	142.50557
-125790.69	-113.14942	-6460.6543	707.7163	142.50557
-126201.195	-113.14942	-6453.2783	691.7417	142.50557
-126253.99	-113.14942	-6443.132	691.7871	142.9814
-126144.0	-107.81284	-6500.7964	637.2412	142.9814
-125780.81	-107.81284	-6514.305	686.9219	142.9814
-126216.81	-95.74289	-6550.827	583.60156	144.175
-125968.27	-95.74289	-6542.383	624.5254	142.9814
-125737.73	-95.74289	-6520.05	585.2422	142.9814
-126552.58	-95.74289	-6538.363	680.4761	143.71362
-126364.766	-95.74289	-6565.2046	610.9956	143.71362
-126295.56	-95.74289	-6569.468	613.3594	144.76424
-126110.93	-129.3894	-6543.419	635.18115	146.48795
-127427.13	-113.86264	-6589.193	628.88086	146.90823
-127486.445	-113.86264	-6629.0806	652.2178	146.90823
-127464.06	-113.86264	-6617.7266	661.01904	145.10898
-127241.38	-113.86264	-6616.793	611.1372	145.10898
-125396.664	-128.13597	-6451.749	683.0039	144.68129
-125347.92	-126.9536	-6457.773	643.8799	143.99704
-124984.8	-132.58537	-6394.887	739.0259	143.99704
-126157.58	-132.58537	-6508.586	662.5884	145.23488
-126888.51	-120.36837	-6590.614	550.8755	157.94135
-126768.7	-120.36837	-6579.949	568.1675	150.68959
-126686.69	-113.86264	-6569.3374	567.6245	150.68959
-126870.51	-113.86264	-6581.7637	561.50195	154.63593
-126962.39	-113.86264	-6590.9697	547.72754	162.33377
-127180.3	-107.81284	-6586.4404	569.875	154.63593
-126788.125	-107.81284	-6617.114	518.7407	154.63593
-127094.2	-107.81284	-6621.6675	534.5122	154.63593
-127069.38	-107.81284	-6619.0103	546.9487	149.25032
-127126.11	-107.81284	-6616.3354	545.5425	149.25032
-127011.11	-107.81284	-6622.3535	534.11084	149.25032
-127013.56	-107.81284	-6627.0317	544.1343	146.90823
-127032.914	-107.81284	-6615.2803	595.0039	146.38173
-126939.48	-107.81284	-6608.698	575.8511	146.46162
-126766.02	-107.81284	-6608.9136	547.0874	146.46162
-126361.42	-107.81284	-6600.35	527.562	149.11816
-126292.87	-107.81284	-6600.116	545.04346	145.33604
-126864.09	-106.63748	-6581.193	597.7012	145.23488
-126269.49	-113.14942	-6599.0864	498.47266	145.23488
-126527.586	-113.14942	-6573.671	551.4502	145.23488
-126472.24	-122.43136	-6586.216	510.99023	145.10898
-126864.43	-106.63748	-6573.8	551.0054	145.14844
-127093.1	-97.73918	-6537.9326	597.53564	145.10898
-127607.85	-97.73918	-6554.8306	740.4868	145.10898
-127340.81	-97.73918	-6499.2314	815.0249	143.99704
-127373.58	-97.73918	-6481.907	822.0718	143.99704
-126807.375	-97.73918	-6530.483	727.88916	143.99704
-127109.16	-97.73918	-6514.983	726.4414	143.99704
-126983.74	-97.73918	-6524.4976	716.1592	143.99704
-127046.875	-97.73918	-6521.394	721.6802	143.99704
-126980.28	-97.73918	-6508.2	713.3384	143.99704
-126878.51	-97.73918	-6522.1514	670.2163	143.99704
-127044.44	-97.73918	-6494.7207	708.57275	143.99704
-127129.83	-97.73918	-6545.9336	650.6914	144.175
-126953.3	-97.73918	-6515.8096	680.52	143.99704
-127234.6	-97.73918	-6485.6265	734.2407	143.83733
-127168.87	-97.73918	-6517.9785	712.4297	144.175
-127628.016	-106.63748	-6533.4146	727.53125	144.175
-127453.64	-106.63748	-6435.2603	870.30273	143.92137
-126430.76	-130.71074	-6235.933	1043.3042	143.92137
-125354.38	-135.50793	-6113.51	1027.3911	143.33925
-125409.484	-135.50793	-6104.538	1026.2852	143.33925
-123209.31	-129.77016	-6083.1104	1094.7192	139.69392
-122642.94	-128.98743	-6012.778	1132.2275	138.70277
-123083.16	-128.98743	-6012.634	1178.3853	139.27934
-122759.92	-128.98743	-6044.75	1100.7715	139.27934
-122144.85	-128.76915	-6028.7607	1097.1436	139.27934
-121740.06	-128.76915	-6031.4775	1061.7139	139.27934
-121773.35	-129.54466	-6028.4473	1056.4609	138.7607
-121306.164	-129.54466	-6009.483	1089.9185	138.70277
-122743.87	-129.77016	-6004.9526	1095.7769	138.70277
-125209.445	-123.81409	-6092.6787	1064.5522	140.88008
-125976.45	-107.81284	-6168.0444	1015.8203	141.71442
-126388.03	-107.81284	-6184.0605	1033.6641	142.12044
-126060.99	-121.98328	-6158.269	1067.5835	141.71442
-125602.48	-121.98328	-6159.5596	960.24805	141.71442
-123517.61	-126.82869	-6021.4307	1047.9219	139.40508
-122964.445	-126.82869	-6062.2295	1029.2627	140.00764
-124744.2	-115.48722	-6123.7876	1023.21924	140.37236
-124890.17	-115.48722	-6083.847	1086.4917	140.37236
-124905.26	-115.48722	-6047.413	1115.456	140.37236
-124785.195	-128.22133	-6020.8184	1188.6411	140.37236
-124532.74	-126.14536	-6068.065	1085.4502	140.37236
-124601.805	-123.24324	-6063.3345	1118.0303	140.37236
-124299.76	-123.24324	-6093.793	1049.6606	140.37236
-122709.2	-95.74289	-5865.901	1279.499	136.76639
-122053.016	-118.01648	-5815.3745	1296.002	135.92345
-121878.305	-118.01648	-5834.163	1331.1152	135.92345
-122414.984	-118.01648	-5803.496	1367.7026	135.92345
-123200.586	-118.01648	-5824.6714	1391.0669	136.76639
-122997.055	-118.01648	-5787.9478	1391.0015	136.19775
-122758.52	-118.01648	-5833.031	1351.625	136.19775
-122706.4	-123.41142	-5808.4556	1385.0566	137.49902
-122593.25	-123.41142	-5863.6514	1335.8706	137.49902
-123027.58	-122.43136	-5853.6665	1361.9922	138.17288
-123026.02	-123.41142	-5876.729	1304.9761	138.17288
-123003.43	-122.44172	-5844.969	1292.4897	138.17288
-123071.0	-120.29431	-5813.1455	1327.167	138.17288
-123258.95	-120.29431	-5805.758	1304.773	138.17288
-123627.375	-120.29431	-5825.4653	1329.6045	138.17288
-123882.23	-120.29431	-5836.2725	1330.7568	138.17288
-123449.32	-116.87633	-5882.9297	1337.0225	138.17288
-122939.68	-116.87633	-5868.7847	1405.1265	137.70534
-124366.57	-123.41142	-5908.5176	1284.8115	139.24025
-124424.766	-123.41142	-5890.5654	1243.4663	139.24025
-124495.9	-123.24324	-5902.235	1253.3628	139.24025
-124987.234	-123.24324	-5894.144	1351.3901	139.69392
-125398.68	-123.24324	-5885.7827	1400.9248	139.69392
-125195.66	-123.24324	-5876.2686	1364.3955	139.69392
-124861.44	-123.24324	-5890.612	1280.8086	139.69392
-124567.35	-123.91787	-5865.05	1279.1064	139.69392
-124862.69	-123.75858	-5813.7886	1357.4736	139.69392
-124635.13	-123.75858	-5811.3164	1347.1289	139.69392
-124993.1	-123.24324	-5826.788	1306.7222	139.69392
-124973.68	-123.34171	-5836.7705	1275.5181	139.69392
-125110.11	-123.34171	-5830.0195	1331.0508	139.69392
-124706.98	-123.34171	-5849.6543	1317.9971	139.69392
-125575.766	-123.24324	-6141.8125	1100.0405	141.71442
-125402.45	-129.3894	-6154.3354	1039.8413	141.71442
-125508.31	-111.27056	-6177.1562	987.4795	141.71442
-124719.63	-99.06207	-6173.59	1001.12695	139.69392
-124835.46	-111.27056	-6165.713	1052.7744	139.69392
-124717.59	-117.71117	-6131.2383	1101.6362	139.69392
-123671.11	-126.15767	-6132.2334	949.2422	139.24025
-124043.586	-126.97676	-6135.7427	957.2783	140.31827
-123747.83	-126.97676	-6124.528	945.4995	140.31827
-123488.945	-126.97676	-6122.62	939.1465	140.31827
-122995.18	-128.22133	-6103.9014	954.3628	140.31827
-123831.06	-129.55328	-6072.7617	1002.167	141.53712
-123667.13	-129.55328	-6092.281	980.15576	141.53712
-124093.59	-128.22133	-6056.0737	1084.2485	139.24025
-123761.44	-128.22133	-6064.9556	1080.8452	139.24025
-123964.68	-128.22133	-6064.396	1073.7485	139.24025
-124716.58	-113.14942	-6180.2534	983.54736	140.31827
-124837.15	-113.14942	-6140.088	1075.1938	140.31827
-124837.73	-122.03947	-6124.995	1043.3281	140.31827
-125160.91	-107.81284	-6093.482	1035.0195	140.31827
-125081.18	-107.81284	-6148.147	953.9497	140.31827
-124864.41	-107.81284	-6188.929	923.0913	140.31827
-124420.44	-122.32759	-6177.803	912.8335	140.31827
-123801.16	-122.32759	-6166.1543	906.7881	140.31827
-124045.86	-122.32759	-6185.536	925.8125	140.31827
-123245.74	-122.32759	-6171.0015	894.0508	140.31827
-123068.58	-122.32759	-6178.601	877.7744	140.31827
-123163.01	-122.32759	-6166.963	875.87256	140.00764
-123286.664	-122.32759	-6138.843	886.6157	140.00764
-123571.21	-122.03947	-6166.404	867.0708	140.00764
-123661.91	-122.03947	-6130.7456	912.38916	140.00764
-122775.88	-129.77016	-6146.555	840.6621	142.46227
-123506.766	-129.77016	-6204.769	846.8159	142.46227
-123679.18	-130.89606	-6162.3813	930.2095	142.82094
-123343.61	-130.89606	-6156.9004	912.01807	142.46227
-122722.445	-130.89606	-6190.2334	822.813	142.46227
-122986.75	-130.89606	-6190.2295	849.77295	142.07623
-123162.22	-130.89606	-6196.949	875.7114	142.07623
-122611.23	-130.89606	-6211.3267	854.0762	142.07623
-122594.72	-129.85384	-6198.237	850.9888	142.07623
-122823.32	-129.85384	-6239.046	829.8838	142.82094
-122589.26	-129.77016	-6239.385	832.57275	142.82094
-122198.19	-129.77016	-6233.5103	769.43604	142.82094
-122528.125	-129.77016	-6203.974	815.2627	142.82094
-122919.38	-129.77016	-6220.534	852.0293	142.82094
-122653.41	-129.77016	-6140.1436	876.73	141.64827
-123647.195	-129.77016	-6168.1343	918.48193	140.37236
-123609.19	-126.9536	-6202.37	901.7549	140.37236
-123960.42	-113.86842	-6248.84	887.24023	140.37236
-124060.016	-113.86842	-6252.9453	883.1079	140.72095
-123603.14	-113.86842	-6298.0415	815.84326	140.72095
-123713.14	-113.86842	-6293.187	822.35596	140.72095
-123573.08	-113.86842	-6291.4966	837.0845	140.37236
-123902.31	-113.86842	-6272.644	857.70605	140.37236
-124045.69	-113.86842	-6245.312	893.2754	140.37236
-123871.414	-113.86842	-6264.741	856.68994	140.37236
-123867.984	-113.86842	-6254.783	884.041	139.85257
-123593.22	-113.86842	-6278.882	876.1377	139.85257
-124022.83	-113.86842	-6247.835	859.5874	139.85257
-123926.56	-113.86264	-6287.4575	797.3838	139.85257
-123605.23	-113.86842	-6264.5537	816.0996	139.85257
-123049.67	-113.86842	-6245.544	812.12744	139.85257
-121856.83	-113.86842	-6273.3936	635.9248	142.07623
-125340.695	-113.86842	-6236.1406	866.7661	142.07623
-124286.32	-106.63748	-6262.326	921.0552	140.31827
-124085.94	-111.52749	-6263.878	852.4131	140.31827
-123849.48	-111.52749	-6292.3867	825.0322	139.38202
-123954.36	-115.48722	-6253.883	992.76416	140.47026
-123689.63	-115.48722	-6290.785	922.77246	140.47026
-123176.25	-124.8185	-6227.8726	985.4536	140.47026
-123000.414	-124.8185	-6233.728	911.69824	140.47026
-123224.19	-124.8185	-6222.8364	1010.3076	140.47026
-122310.49	-124.8185	-6194.5327	896.9072	140.47026
-121793.805	-107.81284	-6260.0474	729.76807	140.31827
-121742.23	-113.14942	-6261.555	717.3662	140.31827
-122129.2	-113.93409	-6240.8545	715.97217	140.31827
-122702.11	-113.93409	-6278.5137	732.86475	140.31827
-122666.17	-113.93409	-6286.023	731.1909	140.31827
-122916.47	-109.85083	-6253.767	785.4336	140.31827
-123338.28	-111.52749	-6313.137	855.4326	140.31827
-122981.75	-111.52749	-6300.6064	852.75195	140.31827
-122953.84	-111.52749	-6322.017	814.85254	140.31827
-122919.805	-106.63748	-6346.868	741.5117	140.31827
-122996.484	-106.63748	-6300.1616	755.1157	140.31827
-123042.15	-106.63748	-6332.1753	720.85693	140.73134
-122688.805	-111.52749	-6284.9585	729.94727	140.73134
-122940.266	-111.52749	-6293.769	744.88477	140.73134
-122825.06	-111.52749	-6312.661	756.8745	140.73134
-122733.71	-111.52749	-6305.5117	740.21826	140.73134
-122052.82	-114.52965	-6240.967	755.94385	140.37236
-122356.45	-114.52965	-6240.4976	769.76807	139.8532
-122654.375	-107.81284	-6272.4517	764.1846	139.8532
-122859.85	-107.81284	-6270.031	787.7803	139.8532
-123083.31	-106.63748	-6284.8457	776.8257	140.00764
-123059.92	-106.63748	-6293.5522	781.4829	140.00764
-123267.266	-106.63748	-6283.0215	750.7666	140.00764
-122960.85	-107.81284	-6273.7314	745.13135	140.37236
-124070.79	-115.48722	-6319.315	726.0679	140.77843
-124107.914	-115.48722	-6309.161	749.18994	140.73134
-123381.07	-117.11209	-6252.652	834.542	140.37236
-122938.24	-117.11209	-6215.7197	808.11035	140.37236
-122246.05	-117.11209	-6205.2036	797.31396	140.37236
-122324.766	-117.11209	-6201.6997	804.6406	140.37236
-122540.75	-119.58932	-6195.6294	815.61035	140.37236
-122616.16	-119.58932	-6198.915	835.51025	140.37236
-122838.43	-119.58932	-6178.909	843.83154	140.37236
-122785.44	-119.58932	-6169.1245	839.9038	140.37236
-121236.76	-113.93409	-6249.862	587.84375	143.99704
-121077.85	-113.93409	-6234.348	576.33984	143.99704
-121502.99	-113.93409	-6246.9077	621.18115	143.99704
-121782.99	-113.93409	-6250.809	625.1616	143.99704
-121960.87	-113.93409	-6229.614	639.65137	143.99704
-124231.19	-113.86842	-6226.852	869.2217	140.37236
-124685.46	-113.86842	-6242.184	893.1089	140.37236
-124693.44	-111.52749	-6270.478	855.77295	140.37236
-124642.836	-111.52749	-6347.9556	762.3628	140.37236
-124350.984	-111.52749	-6356.8696	788.1367	140.73134
-124553.71	-119.84846	-6294.9956	880.4946	140.73134
-124586.08	-124.39952	-6289.6465	839.77	140.73134
-124222.586	-124.39952	-6310.9727	793.4458	140.73134
-123824.24	-107.6083	-6297.43	737.8467	140.73134
-125335.49	-113.86842	-6377.4194	841.9751	140.78745
-125233.0	-113.86842	-6405.49	788.2095	140.78745
-125147.59	-123.17925	-6349.5938	782.0156	140.78745
-125621.94	-106.63748	-6377.291	742.2837	141.69376
-125398.39	-106.63748	-6300.565	849.21045	140.78745
-125871.19	-95.74289	-6401.491	752.9082	141.69376
-125275.63	-113.86842	-6379.514	701.30273	140.78745
-125618.12	-113.86264	-6423.526	658.4121	142.9661
-125559.234	-113.86264	-6439.927	654.8081	142.9661
-125016.555	-113.86264	-6448.7056	612.58594	142.50557
-124811.586	-113.86842	-6445.7007	642.64746	142.50557
-124661.27	-113.86842	-6435.7803	639.3828	142.50557
-124559.336	-113.86842	-6441.634	594.1177	143.92137
-124682.56	-113.86842	-6419.4536	624.084	142.50557
-124716.39	-113.86842	-6420.9214	626.3716	142.50557
-125657.39	-113.86842	-6458.395	674.02	142.61728
-125233.586	-114.53787	-6403.696	699.6255	142.61728
-125186.85	-114.52965	-6384.2563	703.8755	142.50319
-125651.664	-129.55254	-6471.6396	705.58105	142.50319
-125138.02	-129.55254	-6425.5454	685.7075	140.78745
-125134.53	-128.25	-6465.6104	643.1377	140.78745
-125211.81	-107.81284	-6461.5195	650.4004	140.78745
-125232.18	-107.81284	-6466.0127	630.19385	142.50557
-125065.07	-107.81284	-6437.034	613.6118	142.50557
-125150.47	-114.53787	-6433.2603	643.9326	142.50557
-125428.85	-113.86842	-6443.698	650.83496	142.50557
-126080.586	-113.86842	-6427.825	762.75244	142.50557
-125997.484	-113.86842	-6418.4277	746.16846	142.50557
-126712.625	-107.81284	-6507.3286	716.51074	142.50557
-126313.46	-113.86264	-6520.286	710.6904	142.50557
-126797.734	-113.86264	-6510.296	760.77295	142.50557
-127328.805	-113.86264	-6543.8823	738.3828	142.9661
-126925.84	-113.86264	-6519.5376	734.2129	142.9661
-126765.51	-113.86264	-6518.898	728.4414	142.9661
-126910.86	-107.81284	-6521.418	722.4795	142.9661
-126024.84	-105.74832	-6102.061	1145.8936	141.69376
-125587.164	-105.74832	-6023.32	1184.064	140.78745
-125548.734	-109.92133	-6030.8936	1129.229	141.42485
-125350.58	-109.92133	-6049.288	1137.1016	141.42485
-125186.01	-125.60949	-6051.125	1145.1992	141.42485
-125003.695	-125.60949	-6029.758	1206.1201	140.71082
-124468.414	-125.60949	-6095.8926	1128.2544	140.71082
-124166.01	-125.60949	-6086.273	1096.5947	140.71082
-124186.66	-125.60949	-6082.762	1097.2959	140.37236
-124584.99	-132.53271	-6112.3228	1137.2437	140.37236
-125458.414	-130.84593	-6128.964	1123.8325	142.9661
-125153.7	-130.84593	-6092.088	1120.3633	142.9661
-124647.02	-130.84593	-6137.4985	950.7363	142.9661
-124496.36	-130.84593	-6160.468	900.38916	142.9661
-124455.805	-132.53271	-6196.764	867.25586	142.9661
-124202.586	-132.88147	-6213.4062	874.29395	142.9661
-124551.49	-132.88147	-6225.493	949.94385	142.9661
-124867.38	-132.88147	-6210.718	1011.6885	143.05672
-125089.805	-132.53271	-6206.429	978.1533	142.9661
-124627.49	-132.53271	-6187.4204	962.59814	141.71442
-124976.87	-132.53271	-6221.995	985.84033	142.94437
-124670.5	-132.53271	-6221.4688	977.2998	142.94437
-124392.984	-132.53271	-6205.812	951.34424	142.94437
-124631.36	-132.53271	-6216.1265	952.3418	142.94437
-124322.75	-134.58107	-6189.946	964.53125	142.94437
-124822.3	-134.58107	-6198.291	935.397	143.64108
-124637.1	-123.03139	-6202.4263	930.9946	138.50993
-123927.86	-99.06207	-6191.57	909.2378	138.6243
-124009.5	-118.98245	-6196.0	912.2798	138.6243
-123620.58	-118.98245	-6194.076	850.80225	140.37236
-123280.164	-115.48722	-6215.9976	833.1294	140.37236
-123386.48	-114.53787	-6211.8096	810.9927	140.56378
-123173.04	-114.53787	-6216.6685	816.6616	140.56378
-123157.945	-114.53787	-6204.783	838.6035	138.6243
-123449.55	-114.53787	-6225.355	844.6113	138.6243
-123745.23	-114.53787	-6228.598	844.9531	138.6243
-124134.24	-114.53787	-6187.9355	905.8662	140.56378
-123752.93	-114.53787	-6171.1455	875.36035	140.56378
-123577.26	-114.53787	-6190.718	831.36914	140.56378
-123730.91	-123.52054	-6169.206	873.1841	140.56378
-123224.02	-123.52054	-6206.5684	834.9512	140.56378
-123036.48	-125.91344	-6213.4233	816.2637	140.56378
-122546.195	-125.91344	-6168.58	841.751	140.35057
-122707.07	-125.91344	-6174.068	864.2671	140.35057
-122708.25	-125.91344	-6181.2373	874.17334	140.35057
-123098.03	-125.91344	-6187.093	894.79395	140.35057
-122766.87	-117.71117	-6228.7793	844.14844	140.35057
-122470.59	-117.71117	-6229.1	850.0967	138.42888
-122557.34	-88.37653	-6235.771	859.8467	138.42888
-122557.61	-114.8572	-6199.916	916.749	138.42888
-122214.03	-125.53639	-6069.049	1049.5879	138.42888
-121937.88	-113.32322	-6122.338	927.59863	138.17288
-121400.64	-113.32322	-6129.6675	883.97754	138.17288
-121612.38	-122.60525	-6152.542	887.6885	139.89304
-120720.4	-99.53857	-5806.8125	1164.3911	137.19519
-120749.35	-99.53857	-5801.509	1160.79	137.19519
-121407.25	-119.95502	-6085.3623	969.4663	138.17288
-121272.64	-119.95502	-6135.8687	889.3047	138.17288
-121950.04	-120.19519	-6146.334	893.71533	139.5079
-122294.5	-122.43136	-6182.7095	927.60205	139.5079
-122379.664	-122.60525	-6186.31	910.53613	139.89304
-121999.234	-122.60525	-6130.4814	908.63916	139.07936
-121888.12	-123.52054	-6149.315	901.5083	139.69392
-122037.766	-123.52054	-6138.1147	893.41064	139.69392
-121760.32	-128.25	-6116.487	910.0952	139.69392
-121722.1	-128.32639	-6123.2954	894.8789	139.69392
-122007.98	-118.86035	-6140.947	887.39844	139.69392
-122130.1	-118.86035	-6151.1606	887.6133	139.4567
-122199.695	-118.86035	-6213.3003	847.0322	139.85257
-122293.82	-118.86035	-6198.3633	861.89404	139.85257
-122878.78	-118.35303	-6194.1953	864.76514	139.85257
-122320.555	-118.35303	-6202.002	832.0376	139.85257
-121764.54	-118.35303	-6176.879	821.36816	139.85257
-121760.13	-118.35303	-6144.5205	842.2676	139.69392
-121674.14	-118.35303	-6183.9995	814.71045	139.69392
-121768.64	-118.35303	-6211.2075	783.6294	140.39607
-121778.37	-118.35303	-6204.8945	790.2173	140.39607
-121957.445	-118.35303	-6190.673	807.1172	140.39607
-122551.32	-118.35303	-6236.3193	829.5713	140.39607
-122617.9	-118.35303	-6226.779	837.875	140.39607
-122652.88	-118.35303	-6220.4766	855.65137	140.39607
-123575.48	-118.35303	-6238.4365	865.09863	140.39607
-123122.74	-118.35303	-6250.7188	880.1748	140.39607
-122888.31	-118.35303	-6270.902	855.9492	140.39607
-122889.2	-118.35303	-6254.5723	860.7427	140.39607
-123092.44	-118.35303	-6251.565	865.12305	140.39607
-123271.08	-118.35303	-6248.3604	886.105	140.39607
-123630.19	-118.35303	-6223.5244	917.916	139.4567
-123665.266	-118.35303	-6220.128	917.2134	139.4567
-122977.625	-118.35303	-6247.2393	919.312	140.00764
-122611.375	-118.35303	-6214.991	883.7168	140.00764
-122623.67	-118.35303	-6209.786	863.6987	140.00764
-122516.82	-118.35303	-6226.6743	860.9087	140.37236
-122172.28	-119.84846	-6186.2847	818.3252	140.37236
-122715.81	-119.84846	-6195.4746	894.71533	140.37236
-122026.94	-119.84846	-6219.2793	812.7915	140.37236
-122373.02	-121.98328	-6242.2026	836.7617	140.37236
-122372.21	-121.98328	-6226.813	818.8408	140.37236
-122382.93	-122.96712	-6197.5454	876.12695	140.37236
-121661.055	-122.96712	-6156.0747	834.0781	140.37236
-121596.38	-122.96712	-6169.9487	785.35205	140.37236
-121284.46	-122.03947	-6135.1895	784.2969	140.73134
-120972.8	-118.86035	-6150.1265	784.5405	140.73134
-121423.09	-117.71117	-6180.765	777.60205	140.73134
-121605.51	-117.71117	-6177.0186	759.2344	140.73134
-127219.016	-138.6243	-6424.841	828.7949	144.175
-127479.36	-138.6243	-6440.4653	786.2217	150.68959
-127883.59	-138.6243	-6433.1523	824.96045	153.41919
-127621.6	-138.50993	-6457.6826	825.9541	155.33942
-127852.81	-138.17288	-6501.7764	804.6284	155.33942
-127907.81	-138.17288	-6476.5703	808.27246	153.41919
-128281.086	-134.58107	-6589.9565	670.63477	150.68959
-127530.74	-134.58107	-6207.991	1004.73145	148.02829
-127963.195	-134.58107	-6632.0596	583.25977	150.68959
-128000.836	-134.61526	-6622.164	612.0742	150.68959
-128049.914	-123.91787	-6647.26	571.4785	149.70216
-128167.94	-123.17925	-6656.7393	603.2446	149.70216
-128021.45	-123.17925	-6637.9023	647.084	148.81927
-127986.7	-123.17925	-6651.198	626.0654	148.81927
-127660.18	-123.17925	-6620.352	681.1113	146.3265
-127471.63	-123.17925	-6635.0117	654.1636	146.3265
-127581.86	-123.91787	-6634.881	613.89307	148.81927
-127687.86	-123.91787	-6629.926	609.0659	148.81927
-127598.65	-126.97676	-6633.427	595.7588	148.81927
-127797.23	-131.12895	-6604.957	617.51416	148.81927
-127794.03	-131.12895	-6619.481	614.4907	148.81927
-127647.07	-131.12895	-6628.0015	620.9453	148.81927
-127597.14	-134.61526	-6605.893	649.60547	148.78528
-127564.28	-134.61526	-6615.5796	718.55176	149.90457
-127366.24	-134.61526	-6588.782	717.84033	146.90823
-127147.94	-131.75862	-6565.588	714.3662	146.90823
-127112.24	-135.20143	-6528.519	822.23	145.10898
-127106.62	-135.50793	-6508.965	807.9922	145.10898
-126373.04	-137.04274	-6418.5083	743.18604	147.21472
-126387.375	-137.04274	-6434.92	721.56934	149.70216
-126162.41	-137.04274	-6460.2095	676.09033	146.46162
-126334.41	-134.61526	-6518.09	609.1006	147.21472
-126141.31	-138.17288	-6384.0864	725.21924	146.46162
-125944.734	-138.17288	-6385.0254	772.51514	146.46162
-125849.37	-138.17288	-6397.8623	763.45264	145.14844
-125998.61	-137.78804	-6410.699	764.9619	145.14844
-126271.5	-137.78804	-6405.733	734.0464	145.23488
-126292.67	-138.17288	-6388.4805	768.0674	148.33984
-126426.44	-134.86601	-6388.5225	778.66797	145.23488
-126546.54	-134.86601	-6425.0186	731.60986	149.25032
-126420.695	-134.86601	-6395.7983	747.6216	145.23488
-126403.16	-134.86601	-6396.672	763.6782	145.94586
-127109.164	-129.5067	-6553.9976	652.3784	146.3265
-127078.375	-129.5067	-6573.29	671.4873	147.03877
-126592.16	-129.5067	-6555.5625	658.62744	145.10898
-126808.35	-129.5067	-6548.7485	688.36475	145.10898
-127039.02	-126.97676	-6570.4507	691.2495	145.14844
-127038.18	-126.97676	-6583.98	630.8047	145.10898
-127211.94	-126.97676	-6555.886	725.4165	145.35521
-127109.77	-134.86601	-6453.6816	794.90967	145.10898
-126926.06	-132.53271	-6450.111	783.5298	145.10898
-126739.42	-132.53271	-6458.546	778.7798	145.10898
-126442.31	-131.12895	-6491.32	749.3032	145.10898
-126425.54	-130.71074	-6514.909	673.86865	146.90823
-126453.555	-130.71074	-6485.222	690.4424	146.90823
-126343.58	-130.71074	-6480.6367	669.5488	147.03877
-126464.53	-130.71074	-6447.3696	678.0156	146.90823
-127066.03	-128.25	-6580.884	591.5303	146.90823
-127092.305	-128.25	-6586.835	612.46875	146.27539
-126919.336	-128.25	-6619.149	577.8325	146.27539
-126707.07	-128.13597	-6566.6973	588.32715	145.10898
-126391.6	-128.13597	-6573.128	586.55273	145.10898
-125778.984	-128.13597	-6542.866	548.8452	155.68494
-125724.086	-128.13597	-6533.1655	543.1831	165.1422
-125872.7	-122.56346	-6550.8022	533.34863	155.68494
-125798.14	-122.56346	-6543.4727	520.626	155.68494
-125785.23	-122.56346	-6535.1914	519.01074	160.89525
-125598.57	-123.17925	-6535.4883	516.06885	155.68494
-125622.36	-123.17925	-6559.72	534.71533	155.68494
-126418.96	-123.17925	-6541.366	546.3701	155.68494
-126251.64	-123.17925	-6534.254	537.55176	155.68494
-126117.66	-123.17925	-6554.762	537.96484	155.68494
-126411.12	-123.17925	-6560.7295	541.44775	155.68494
-126575.04	-121.98328	-6580.4956	535.1675	155.68494
-126581.88	-121.98328	-6571.2656	557.2505	155.68494
-126786.69	-123.17925	-6544.2827	567.40283	155.68494
-126577.875	-122.43136	-6545.924	551.22754	155.68494
-126971.4	-122.43136	-6565.876	545.10986	165.1422
-126944.984	-122.43136	-6572.3535	570.8237	165.1422
-127191.336	-122.43136	-6574.265	621.8237	146.46162
-127246.38	-122.43136	-6608.7837	623.30664	146.46162
-127094.04	-122.43136	-6627.2417	617.76074	146.46162
-127221.43	-122.43136	-6610.301	624.2676	146.46162
-126955.73	-122.43136	-6613.358	610.3887	146.23174
-126408.0	-123.17925	-6623.3403	635.354	145.10898
-126434.82	-123.17925	-6622.192	630.8789	145.10898
-126775.09	-123.17925	-6608.3853	612.41455	145.10898
-126710.7	-123.17925	-6615.8325	603.84033	145.10898
-127499.45	-123.17925	-6627.024	647.6841	147.03877
-127253.05	-123.17925	-6630.613	618.4888	147.03877
-127505.375	-123.17925	-6620.6167	620.99414	147.03877
-127826.5	-123.17925	-6601.2095	642.7754	147.03877
-127419.52	-113.86264	-6616.1753	604.8081	147.03877
-126936.86	-113.86264	-6625.787	576.0112	147.03877
-126856.914	-113.86264	-6620.665	579.9829	145.23488
-126686.3	-123.81409	-6601.454	647.07764	145.23488
-126644.91	-123.81409	-6606.333	631.3838	145.23488
-126604.58	-123.81409	-6609.4795	577.76514	145.10898
-126187.43	-128.25	-6433.5977	717.2207	144.92934
-126323.29	-128.25	-6475.706	726.15967	144.68129
-126165.11	-132.53271	-6427.5376	733.6621	144.68129
-125981.086	-130.71074	-6452.319	706.3926	144.98566
-126598.11	-130.71074	-6495.096	700.8154	145.09714
-126670.484	-130.71074	-6489.0103	747.69434	145.09714
-126853.586	-130.71074	-6438.3145	789.4243	145.09714
-127116.055	-130.71074	-6453.891	777.8545	146.79657
-127004.875	-130.71074	-6460.6514	757.31006	146.79657
-126903.0	-130.71074	-6441.5356	796.8335	145.09714
-126681.125	-130.71074	-6414.3096	821.04443	144.92934
-126206.74	-130.71074	-6365.4414	843.20996	143.92137
-125747.766	-130.71074	-6400.038	791.6323	143.19392
-126080.71	-130.71074	-6436.807	752.3677	143.92137
-125862.02	-134.19667	-6391.745	808.1543	143.19392
-125707.48	-131.12895	-6396.55	784.9214	143.19392
-126004.11	-131.12895	-6529.352	592.0088	148.4634
-125921.3	-131.12895	-6544.2046	551.85547	169.33139
-125352.55	-131.12895	-6525.51	560.9292	148.4634
-125032.445	-123.81409	-6536.082	525.9878	169.33139
-125086.28	-123.81409	-6521.7812	535.65137	148.4634
-125156.516	-123.81409	-6516.9375	560.7617	148.4634
-125156.49	-131.12895	-6530.253	582.63184	148.4634
-124857.36	-131.12895	-6433.015	656.93896	143.92137
-125045.29	-131.12895	-6398.3896	694.20166	143.92137
-125083.984	-131.12895	-6394.296	700.3052	145.14844
-124982.414	-131.12895	-6423.461	702.084	145.14844
-124943.47	-131.12895	-6417.396	688.76465	145.14844
-125620.625	-131.12895	-6522.428	572.1719	148.4634
-125714.25	-131.12895	-6506.1353	611.71387	146.21553
-125871.07	-131.12895	-6531.45	603.2407	148.78528
-125419.586	-131.12895	-6525.3257	608.6709	147.21472
-125334.88	-131.12895	-6490.7007	628.6387	146.00975
-125261.28	-128.25	-6518.3213	543.9502	162.33377
-125247.45	-128.25	-6510.201	540.7554	149.82169
-125174.18	-128.25	-6521.054	537.32715	149.82169
-125556.45	-128.25	-6509.607	525.4404	149.82169
-125322.74	-128.25	-6515.6406	545.6875	149.82169
-125326.67	-123.91787	-6536.362	538.9429	153.79124
-125313.02	-123.91787	-6514.6147	539.91113	149.82169
-125309.4	-123.04027	-6521.5415	523.56104	149.82169
-125255.58	-123.04027	-6524.194	519.9546	149.82169
-125749.0	-123.04027	-6551.064	537.209	149.82169
-125859.266	-123.04027	-6544.8696	564.3281	149.82169
-125512.2	-123.04027	-6526.0537	543.1582	148.4634
-125314.64	-123.04027	-6511.235	519.1714	148.4634
-125296.19	-123.04027	-6518.491	501.09766	169.33139
-125257.87	-123.04027	-6526.657	498.97607	166.17911
-125020.086	-114.52965	-6525.641	498.73975	166.17911
-125308.21	-113.86264	-6555.6665	492.64014	166.17911
-125425.68	-113.86264	-6554.792	483.17383	155.68494
-125805.39	-113.86264	-6539.012	507.60352	155.68494
-125479.195	-113.86264	-6528.4395	493.18457	155.68494
-125510.18	-113.86264	-6533.78	493.81152	155.68494
