-13074.011	-147.49121	-2041.2639	352.47925	155.38664
-13126.992	-144.32755	-2060.3948	374.78174	164.75615
-13126.991	-144.32755	-2060.3948	374.78198	148.98947
-13074.014	-147.49121	-2041.2638	352.4796	148.98947
-13080.445	-147.49121	-2047.6951	370.83716	150.73563
-13079.864	-148.98947	-2028.3657	410.0481	177.44951
-13079.865	-148.98947	-2028.3657	410.0481	178.58943
-12973.278	-148.98947	-2015.3286	381.6516	147.49121
-12946.8545	-147.49121	-2026.7358	348.2566	159.83609
-12678.604	-147.49121	-1998.3344	233.72815	155.38664
-13067.386	-144.32755	-2026.6504	418.36426	147.49121
-13079.862	-148.98947	-2028.3657	410.0481	151.45992
-13035.428	-144.32755	-2048.583	367.84302	159.83609
-12930.877	-144.32755	-2049.0212	365.12305	177.44951
-12703.187	-144.32755	-2011.3716	240.33496	155.38664
-13080.441	-147.49121	-2047.6952	370.83728	150.73563
-12988.946	-148.98947	-2013.6134	389.9679	147.49121
