-20481.0	-0.0	-416.0	83.0	0.0
-20502.0	-0.0	-415.0	108.0	0.0
-20503.0	-0.0	-411.0	108.0	0.0
-20487.0	-0.0	-418.0	104.0	0.0
-20495.0	-0.0	-415.0	100.0	0.0
-20477.0	-0.0	-419.0	98.0	0.0
-20227.0	-0.0	-425.0	57.0	0.0
-20463.0	-0.0	-416.0	81.0	0.0
-20306.0	-0.0	-424.0	53.0	0.0
-20330.0	-0.0	-423.0	57.0	0.0
-20468.0	-0.0	-424.0	86.0	0.0
-20460.0	-0.0	-416.0	77.0	0.0
-20436.0	-0.0	-427.0	61.0	0.0
-20447.0	-0.0	-426.0	63.0	0.0
-20429.0	-0.0	-426.0	59.0	0.0
-20458.0	-0.0	-425.0	63.0	0.0
-20445.0	-0.0	-427.0	64.0	0.0
-20450.0	-0.0	-427.0	65.0	0.0
-20411.0	-0.0	-427.0	60.0	0.0
-20393.0	-0.0	-428.0	62.0	0.0
-20382.0	-0.0	-426.0	58.0	0.0
