-15782.0	-0.0	-370.0	53.0	0.0
-15807.0	-0.0	-370.0	54.0	0.0
-15851.0	-0.0	-374.0	55.0	0.0
-16004.0	-0.0	-376.0	62.0	0.0
-16002.0	-0.0	-375.0	57.0	0.0
-16082.0	-0.0	-370.0	66.0	0.0
-16031.0	-0.0	-372.0	60.0	0.0
-16013.0	-0.0	-372.0	56.0	0.0
-16006.0	-0.0	-372.0	55.0	0.0
-16017.0	-0.0	-371.0	57.0	0.0
-16038.0	-0.0	-370.0	60.0	0.0
-16023.0	-0.0	-369.0	59.0	0.0
-16089.0	-0.0	-370.0	72.0	0.0
-16101.0	-0.0	-371.0	74.0	0.0
-16112.0	-0.0	-369.0	81.0	0.0
-16103.0	-0.0	-371.0	77.0	0.0
-16114.0	-0.0	-366.0	84.0	0.0
-16121.0	-0.0	-371.0	85.0	0.0
-16115.0	-0.0	-372.0	87.0	0.0
-16083.0	-0.0	-374.0	78.0	0.0
-16086.0	-0.0	-372.0	75.0	0.0
-16109.0	-0.0	-373.0	78.0	0.0
-16091.0	-0.0	-370.0	73.0	0.0
-16072.0	-0.0	-372.0	70.0	0.0
-16029.0	-0.0	-377.0	70.0	0.0
-16042.0	-0.0	-375.0	64.0	0.0
-16054.0	-0.0	-375.0	66.0	1.0
-16046.0	-0.0	-376.0	66.0	1.0
-16030.0	-0.0	-376.0	63.0	0.0
-16067.0	-0.0	-374.0	61.0	0.0
-16074.0	-0.0	-371.0	69.0	0.0
-16063.0	-0.0	-376.0	67.0	0.0
-16075.0	-0.0	-376.0	71.0	0.0
-16076.0	-0.0	-375.0	74.0	0.0
-16079.0	-0.0	-374.0	76.0	0.0
