-127702.63	-120.36837	-6533.499	911.0029	146.59882
-128463.5	-113.86264	-6285.489	1028.3374	147.03877
-129297.445	-106.63748	-6740.0596	560.8125	153.41919
-128293.99	-106.63748	-6680.125	654.4092	147.03877
-128042.22	-123.81409	-6216.7104	1132.8032	148.02829
-129404.68	-122.43136	-6757.638	626.87744	147.45378
-128604.164	-123.81409	-6613.5415	803.6577	149.67123
-129434.445	-122.43136	-6787.394	542.2158	154.63593
-128119.34	-123.17925	-6614.1753	752.9888	154.63593
-127952.695	-126.97676	-6582.9907	774.6079	155.33942
-129395.695	-122.43136	-6775.6353	575.2715	148.78528
-126441.75	-142.50557	-6387.1104	866.603	142.50319
-126303.09	-138.7607	-6367.8037	838.0947	146.6534
-125753.6	-140.47026	-6320.732	861.5869	140.88644
-126182.74	-141.54433	-6389.8457	821.35205	141.0754
-125377.2	-140.39607	-6211.03	1009.98145	140.37236
