-51734.43	-33.19054	-3192.8452	732.25	72.82789
-53567.293	-43.66964	-3380.4265	646.0569	77.49073
-52179.887	-38.22171	-2928.152	1122.492	73.32973
-53365.906	-38.22171	-3347.8647	716.1223	76.08959
-50723.332	-37.42426	-3119.5715	511.77515	89.24748
-53456.637	-36.33923	-3389.0623	624.44946	77.49073
-49850.465	-43.92947	-2972.9739	662.4927	86.2778
-53634.547	-36.33923	-3416.3333	598.3679	78.19034
-53628.785	-36.33923	-3410.5586	660.3013	77.49073
-52378.96	-36.33923	-3263.3115	682.9221	76.92278
-51989.184	-47.06613	-2999.8677	1125.6138	79.27297
-53607.766	-36.33923	-3397.2686	610.28296	77.61024
-45183.746	-39.25367	-2764.9026	559.82275	86.49574
-53517.5	-43.66964	-3370.2722	622.3694	78.19034
-51577.945	-43.66964	-3125.085	634.69946	77.49073
-53176.207	-43.66964	-3254.6704	843.6211	77.35117
-52497.22	-38.01183	-3088.464	1014.8323	74.04159
-52851.586	-43.66964	-3185.7563	841.3506	75.27856
-53304.676	-36.33923	-3159.4119	906.2781	72.82789
-50178.996	-48.75191	-3035.0464	886.93604	77.34038
-50139.633	-43.92947	-3013.4175	856.14844	82.92285
-51555.816	-68.04924	-3040.2253	980.6138	67.64246
-47192.086	-54.99712	-2808.7322	705.08496	78.67908
-51715.516	-67.1209	-2851.818	1116.554	66.74016
-51788.668	-68.04924	-3036.8984	966.91284	67.51029
-51106.617	-68.16541	-2987.3914	924.25903	72.7438
-51192.04	-67.08014	-2987.7498	956.2566	72.7438
-50792.523	-59.1523	-2917.339	900.5764	72.80252
-51138.934	-68.56447	-3022.4722	948.50903	67.84315
