-7197.1006	-169.7106	-1569.7167	94.176025	175.97603
-7651.671	-156.74846	-1649.4364	87.84863	182.50279
-7779.949	-181.7072	-1661.0067	134.40527	201.64563
-7468.9243	-170.16061	-1537.968	230.17065	169.7106
-7789.479	-184.04543	-1628.4531	206.09314	180.78838
-7220.395	-173.61166	-1510.688	194.11572	171.08647
-7663.2886	-181.69229	-1623.6586	143.8617	181.7072
-6935.4297	-164.22998	-1437.7985	196.70789	170.16061
-7789.478	-184.04543	-1628.4534	206.0929	180.78838
-7800.514	-182.50279	-1639.4883	199.5448	181.7072
-7479.965	-179.29912	-1567.6836	196.77039	171.08647
-7422.9917	-181.69229	-1580.7073	174.92737	175.97603
-7786.2266	-181.57945	-1667.2844	137.90076	171.51328
-6989.5566	-149.3785	-1504.1449	112.915405	173.22226
-6933.122	-154.9508	-1487.2992	115.98096	172.49841
-7094.1953	-158.24025	-1525.6228	133.9469	174.63663
-6902.73	-161.34277	-1442.8304	128.37561	171.63148
-6850.9614	-158.36867	-1403.9303	228.11255	169.7106
-6968.7285	-158.1165	-1471.125	132.17065	171.51328
-7154.9326	-147.8012	-1511.1078	117.892334	174.63663
-6869.4683	-157.265	-1481.3727	104.01001	171.08647
-7742.68	-166.85081	-1634.4132	133.74658	188.35666
-7855.67	-181.7072	-1694.6453	135.22961	201.64563
-7792.7	-182.50279	-1632.8647	176.22803	201.64563
-7855.6704	-181.7072	-1694.6451	135.22949	182.50279
-7723.6333	-166.85081	-1661.274	132.27551	182.50279
-7734.344	-181.57977	-1646.4049	122.19324	175.97603
-7855.671	-181.7072	-1694.6451	135.22949	185.04375
-7644.72	-181.57977	-1650.9259	82.15662	177.18243
