19192.45 5.37587 677.4991 134.24182 11.24589
19030.936 7.25741 709.8201 97.83325 11.75372
18927.465 6.179 698.50085 111.93347 11.0982
18925.436 7.25741 671.9717 132.14459 11.16468
19113.348 3.13209 718.0917 108.36609 10.88761
19124.74 5.80689 727.09467 87.1098 11.39342
18792.54 7.08025 687.0642 127.00641 10.64143
19134.781 5.37587 706.7099 109.34369 11.72476
19012.594 5.71052 727.6066 95.222046 11.78007
19115.482 6.73276 654.6611 158.68549 11.37717
18912.873 5.80689 726.1347 80.752075 11.68075
19095.73 5.37587 676.84937 138.72742 11.23833
18854.598 6.68281 706.8726 112.14508 11.02089
18969.309 5.9439 712.20776 100.887024 11.2783
19116.979 7.24845 716.60504 103.9953 11.47432
18813.02 5.37587 692.8919 132.68335 11.00818
18958.834 5.80689 711.58185 100.14667 11.37717
19041.65 7.26774 710.31995 116.99933 11.21472
19065.938 6.65207 703.87616 110.02692 11.40526
18992.691 5.37587 645.65765 166.74176 11.06571
19063.633 5.37587 729.5738 81.22876 11.64818
18968.535 6.179 701.5001 116.14392 11.09099
19002.912 6.68281 708.852 104.545044 11.18794
19133.777 5.25833 691.4241 119.90509 11.06571
19058.523 7.34575 621.07715 188.81366 11.22987
18936.3 5.42679 730.09064 95.42609 11.41578
19214.236 6.77717 709.81976 115.17383 11.46429
19078.088 6.73276 684.4737 141.13556 11.35341
18994.043 5.71052 726.89246 81.609985 11.50087
19091.709 5.37587 692.98444 126.04437 11.21472
19048.344 5.37587 679.8426 126.67792 11.32034
18909.445 7.33417 690.9639 118.48151 11.00818
18962.176 7.35527 688.2417 133.78876 10.60707
18880.426 6.2434 711.3302 97.10193 11.27165
18857.852 5.37587 689.3326 126.5307 11.00818
