7771.051 166.85081 1668.9147 168.35852 182.50279
7644.7197 181.57977 1650.9258 82.15674 177.18243
7851.8887 156.74846 1692.053 157.60144 182.50279
7813.7847 166.85081 1653.9492 161.4032 182.50279
7599.634 166.85081 1616.0382 174.14307 174.63663
7685.671 170.16061 1627.7324 205.47778 180.78838
7800.513 182.50279 1639.4883 199.54492 181.7072
7736.1577 156.74846 1637.9362 145.53027 185.04375
7688.5757 170.07141 1611.5669 189.41797 180.78838
7696.9453 174.7367 1645.6616 138.41467 201.64563
7800.512 182.50279 1639.4882 199.54504 181.7072
7702.937 166.85081 1643.6512 170.36536 182.50279
7771.05 166.85081 1668.9147 168.35852 185.04375
7660.3706 156.74846 1608.6729 228.83374 172.14256
7748.655 156.74846 1647.8962 170.95398 182.50279
7792.7007 182.50279 1632.8646 176.22815 182.50279
7696.945 174.7367 1645.6617 138.41455 182.50279
7726.5444 156.74846 1651.7234 128.06738 190.53282
7736.9956 167.01422 1622.0212 192.32251 181.7072
7679.8564 169.2478 1640.6161 120.5824 182.50279
7802.873 156.74846 1673.729 147.6853 184.04543
7696.739 156.74846 1648.7701 152.75696 185.04375
7663.6924 156.74846 1620.6641 167.6643 182.50279
7628.72 156.74846 1619.0674 166.9956 174.7367
7730.2363 166.85081 1647.668 157.31677 190.53282
7788.2656 171.51328 1646.1519 171.84521 184.04543
