6671.6626 36.02155 936.7632 250.05554 63.67736
6913.092 32.67483 1084.6155 165.83936 63.25774
6615.343 44.31553 1003.34094 203.95862 61.58285
6638.0044 38.0459 1020.7868 184.55133 67.06002
6432.6997 43.29747 1009.98645 99.20044 56.92895
6605.185 50.33316 995.4994 192.53235 64.62984
6637.801 47.87917 1028.7203 165.74756 78.78204
6783.923 32.67483 1036.0879 160.09973 63.99561
6475.417 52.0214 970.9771 213.88239 69.7771
6540.2393 47.87917 1020.4514 160.11548 63.99561
6477.4673 50.50341 989.1556 176.41925 66.33882
6610.091 43.02202 1005.1418 174.41962 61.66431
6559.0156 36.02155 1026.5297 166.22876 64.97086
6769.673 43.29747 978.3888 263.60376 64.97086
6485.3823 32.02541 1000.43463 128.1026 69.6888
6750.2476 41.1458 1024.0842 192.16028 68.02489
6687.33 43.27327 1019.4238 204.69568 66.43881
6718.7856 43.02202 1011.00006 198.4953 68.02489
6873.533 41.13568 1034.285 191.57812 74.43851
6768.1284 24.83442 1083.0544 107.36206 78.66594
