19063.312 5.27826 714.6775 96.85156 12.20246
19009.512 6.00333 720.3883 90.569824 11.12789
19073.324 4.35086 729.17676 80.63544 10.80787
18731.121 6.68207 644.9565 169.01392 10.95673
18830.379 6.17576 685.7394 122.234924 11.13732
18755.576 6.33167 692.39496 119.73071 10.77543
18948.9 6.64981 698.8859 101.953735 11.65847
18904.375 6.43661 644.10956 159.16895 11.6413
18944.564 6.07124 722.051 91.38342 11.50652
18697.5 6.07124 709.23 88.3504 11.5646
18852.244 6.68207 677.51935 122.7793 10.97042
19000.496 6.03158 715.04315 104.29065 11.13732
18898.523 6.94046 686.3849 114.94708 12.03744
18778.133 6.64981 711.8379 85.48419 11.70684
18899.951 5.27826 728.15204 76.08215 11.5646
18708.188 7.16589 688.57904 110.53705 11.17676
18945.834 5.27826 718.73413 81.50903 10.93298
18973.582 6.03158 666.83844 140.6192 11.5646
18877.307 6.03158 680.1873 115.56842 10.96175
18553.764 6.68207 627.496 181.64075 10.98635
18959.14 6.03158 701.4253 100.35565 11.077
19009.205 5.27826 713.09814 96.21692 11.10585
19056.635 5.27826 701.92755 101.78949 10.95399
18933.111 5.27826 704.1852 99.21716 11.06345
18894.27 7.28972 703.3815 103.35712 11.33799
18839.621 5.27826 695.90564 95.85498 10.85541
