13079.863 148.98947 2028.3657 410.0481 151.45992
13074.013 147.49121 2041.2638 352.47937 151.41685
13126.991 144.32755 2060.395 374.78174 148.98947
13126.991 144.32755 2060.395 374.78174 151.41685
13126.991 144.32755 2060.3948 374.78198 148.98947
13074.013 147.49121 2041.2639 352.4795 149.8714
13079.862 148.98947 2028.3657 410.0481 144.32755
13126.991 144.32755 2060.3948 374.78174 151.41685
13074.011 147.49121 2041.2639 352.47925 148.98947
13074.013 147.49121 2041.2638 352.4796 151.41685
13079.861 148.98947 2028.3657 410.0481 144.32755
13079.866 148.98947 2028.3657 410.0481 178.58943
13079.861 148.98947 2028.3657 410.04834 144.32755
13126.99 144.32755 2060.395 374.7815 148.98947
13064.262 147.49121 2037.1876 427.20862 151.41685
13035.429 144.32755 2048.583 367.84277 178.58943
13064.262 147.49121 2037.1874 427.20862 150.73563
13035.428 144.32755 2048.5833 367.84253 183.94272
13126.99 144.32755 2060.3948 374.78198 148.98947
13035.428 144.32755 2048.583 367.84302 159.83609
13116.82 144.32755 2050.2246 455.60522 177.44951
13116.819 144.32755 2050.2246 455.60498 155.38664
13060.735 142.62119 2018.7557 401.4701 148.98947
13061.508 144.32755 2048.055 394.56006 159.59308
13116.822 144.32755 2050.2246 455.60498 178.58943
13079.863 148.98947 2028.3658 410.04797 159.59308
13116.818 144.32755 2050.2246 455.60498 155.38664
13079.859 148.98947 2028.3657 410.0481 147.49121
