34073.324 59.88533 2622.6863 574.09937 89.72325
34051.734 59.88533 2601.1064 587.25464 80.25228
34051.723 59.88533 2601.1062 587.25464 80.25228
34020.688 54.3203 2627.835 590.9114 103.803
34051.74 59.88533 2601.1062 587.2549 80.25228
33834.656 59.90779 2562.04 669.63135 89.72325
34018.477 59.88533 2614.0308 521.5979 89.72325
33953.97 54.3203 2598.5542 548.55664 69.34026
34018.48 59.88533 2614.0308 521.59814 80.25228
34073.32 59.88533 2622.6858 574.1001 89.72325
34020.68 54.3203 2627.8352 590.9116 89.72325
34017.395 59.88533 2613.0925 564.749 89.72325
34016.71 59.88533 2600.1191 550.2617 74.12405
34018.48 59.88533 2614.0312 521.59766 95.81112
33957.383 59.88533 2597.1147 594.0979 80.25228
34073.316 59.88533 2622.686 574.0996 89.72325
34017.395 59.88533 2613.0923 564.74976 103.803
