1.0859106E7 0.12029761 100687.695 18445.023 36.08719
1.0904246E7 0.022921475 99578.27 18109.836 33.948345
1.0896399E7 0.25155324 101694.49 18097.648 38.59207
1.0977445E7 0.03466327 102529.8 18634.14 59.241783
1.085275E7 0.04945798 100327.27 19535.29 31.497192
1.0892468E7 0.1947926 101770.086 15665.844 38.90027
1.082425E7 0.007424479 100029.125 19117.156 30.623169
1.0927177E7 0.0046469606 102256.305 18401.852 32.933247
1.0838986E7 0.016443236 101707.49 15901.344 35.57252
1.0900638E7 0.04315964 101258.26 18286.172 32.174244
1.0934531E7 0.08257674 100994.94 21137.0 35.18513
1.0803639E7 0.008895449 100025.67 16770.922 28.06165
1.0765286E7 0.1092821 101352.266 15888.984 35.98932
1.0898478E7 0.07780214 101566.8 16411.555 44.2393
1.0975165E7 0.0052537806 101558.76 19397.797 31.301147
1.0818348E7 0.022921475 100415.055 17781.844 31.13225
1.0929575E7 0.06620237 100602.69 19760.016 37.293964
1.0880763E7 0.036810134 97755.32 23362.445 28.378807
1.0871129E7 0.17856488 100427.4 17730.148 34.458645
1.0950157E7 0.08875404 100849.586 20793.656 46.91555
1.0872459E7 0.06820659 101536.08 17627.617 33.270306
1.082157E7 0.22432446 96898.1 22627.523 37.420795
1.0918436E7 0.18894868 99373.2 21800.21 39.043354
1.0860063E7 0.026863698 100029.086 21807.11 31.595896
1.092127E7 0.07695145 101166.69 19481.117 39.383427
1.0924135E7 0.03812646 100862.5 18576.977 33.39253
1.0832694E7 0.08339537 100367.87 19912.406 31.955948
1.0823113E7 0.021491574 101951.305 15613.328 36.49983
1.0847288E7 0.16597994 100443.95 18375.89 37.62673
1.0922012E7 0.18751983 101129.305 19219.367 35.36545
1.0814916E7 0.3017923 100409.71 19051.258 37.15552
1.0800187E7 0.19381961 99139.62 18076.586 36.07894
1.0947627E7 0.022921475 101585.96 18236.367 34.304276
1.0833732E7 0.08257674 100257.05 18851.273 33.745117
1.0819836E7 0.05905418 101619.94 15820.07 36.8261
1.0887949E7 0.04429918 102326.46 16775.82 40.359604
1.089937E7 0.073483035 101747.62 16321.578 35.737003
1.0916895E7 0.023900414 101130.51 19204.195 52.681194
1.0816848E7 0.0547806 99038.12 20499.977 31.6451
1.0831294E7 0.1676321 101707.664 16946.0 36.36459
1.0812183E7 0.11367752 101033.73 17409.688 33.259567
1.0898131E7 0.030333802 102087.3 17263.164 38.191093
