436.0 1.0 58.0 23.0 3.0
402.0 0.0 61.0 13.0 2.0
423.0 1.0 59.0 17.0 4.0
398.0 0.0 60.0 12.0 4.0
430.0 0.0 61.0 22.0 3.0
429.0 0.0 62.0 22.0 3.0
418.0 0.0 58.0 21.0 2.0
412.0 1.0 58.0 21.0 2.0
426.0 0.0 64.0 17.0 3.0
425.0 1.0 55.0 26.0 2.0
417.0 0.0 59.0 21.0 3.0
441.0 0.0 65.0 19.0 4.0
403.0 0.0 61.0 15.0 2.0
411.0 0.0 60.0 20.0 2.0
409.0 0.0 56.0 23.0 2.0
398.0 0.0 61.0 15.0 2.0
428.0 0.0 60.0 22.0 3.0
407.0 0.0 59.0 19.0 2.0
411.0 0.0 62.0 14.0 3.0
426.0 0.0 56.0 24.0 2.0
415.0 0.0 62.0 20.0 4.0
398.0 1.0 59.0 19.0 2.0
414.0 0.0 61.0 16.0 3.0
401.0 0.0 54.0 22.0 2.0
392.0 1.0 54.0 20.0 2.0
399.0 0.0 60.0 13.0 2.0
412.0 0.0 58.0 27.0 2.0
388.0 0.0 49.0 29.0 2.0
400.0 0.0 58.0 22.0 3.0
385.0 0.0 49.0 35.0 2.0
399.0 0.0 56.0 18.0 3.0
373.0 1.0 56.0 12.0 2.0
