20186.0 0.0 413.0 87.0 1.4E-45
20058.0 0.0 412.0 98.0 1.4E-45
20431.0 0.0 410.0 91.0 1.4E-45
20229.0 0.0 408.0 108.0 1.4E-45
20352.0 0.0 405.0 107.0 1.4E-45
20001.0 0.0 399.0 101.0 1.4E-45
20254.0 0.0 393.0 118.0 1.4E-45
19839.0 0.0 397.0 96.0 1.4E-45
20179.0 0.0 403.0 113.0 1.4E-45
20015.0 0.0 390.0 100.0 1.4E-45
19950.0 0.0 404.0 108.0 1.4E-45
19993.0 0.0 398.0 107.0 1.4E-45
19993.0 0.0 397.0 98.0 1.4E-45
20208.0 0.0 397.0 113.0 1.4E-45
19828.0 0.0 392.0 102.0 1.4E-45
20312.0 0.0 413.0 120.0 1.4E-45
