-8833.599	-159.30466	-1741.8171	62.41577	179.43939
-8227.916	-142.60887	-1591.3706	114.34094	160.63477
-8230.697	-153.62689	-1603.7468	81.72876	163.74802
-8292.984	-145.67773	-1641.5286	31.345825	176.72223
-8883.929	-157.32475	-1746.1736	59.217407	175.30458
-8220.222	-148.94606	-1556.9463	163.99646	158.07977
-8151.946	-110.27235	-1534.6482	198.42798	157.41826
-8100.435	-128.60359	-1573.2346	108.441284	159.10172
-8011.1924	-138.36317	-1549.0536	110.6366	159.10172
-8054.5415	-138.36317	-1552.9666	103.83203	159.98254
-8032.559	-135.08424	-1530.9846	125.29675	159.10172
-8162.351	-131.289	-1592.3634	72.717896	162.90704
-8116.154	-136.77852	-1535.5121	136.62146	159.98254
-9054.388	-138.87321	-1757.8046	94.03845	170.58655
-8992.294	-172.61366	-1752.6249	111.422485	175.26279
-8940.773	-172.61366	-1706.4602	135.45361	173.40654
-8764.332	-143.0818	-1697.3232	149.70557	163.70543
-8326.295	-153.49574	-1642.3842	64.41675	164.8346
-8370.92	-158.4807	-1642.4409	66.23303	168.28944
-8312.091	-158.4807	-1622.8889	82.15405	162.28741
-8170.202	-148.22536	-1590.5067	69.983765	161.08527
-8234.074	-153.19812	-1611.737	62.413452	163.51688
-8230.66	-153.19812	-1609.896	55.204834	168.88826
-8785.269	-163.51688	-1697.6399	121.39014	165.73799
-8745.777	-162.60805	-1714.7822	75.84265	167.45956
-8714.823	-137.84033	-1712.3833	64.9845	167.91774
-8669.9	-144.0198	-1682.1863	100.38855	164.66655
-8472.792	-146.07925	-1655.364	66.62903	164.19875
-8426.594	-150.09505	-1640.6439	121.84387	160.22249
-8472.722	-150.09505	-1655.901	127.04712	160.3118
-8479.381	-150.09505	-1652.3921	93.312744	163.69595
-8630.109	-158.47075	-1683.0355	105.819824	162.38115
-8427.612	-157.20882	-1583.8876	148.1195	160.22249
-8536.563	-154.36682	-1665.5286	102.28467	162.38115
-8494.836	-157.93507	-1657.765	93.30481	164.61855
-8405.436	-160.69627	-1648.5425	78.358765	166.77632
-8338.395	-150.9903	-1650.5363	35.176025	173.48418
-8350.397	-150.9903	-1647.4929	53.2959	165.4615
-8409.328	-156.72108	-1644.7095	69.16992	165.4615
-8642.577	-136.15028	-1677.7087	110.526245	163.76953
-8671.121	-161.3898	-1674.2125	103.71399	160.69627
-8750.277	-163.76953	-1688.8513	122.64844	164.61855
-8903.707	-160.22249	-1700.6333	186.53796	164.61855
-9225.344	-154.96448	-1779.9388	164.36902	171.17612
-9144.657	-154.96448	-1753.4485	158.84375	168.65767
-9035.261	-157.32475	-1757.9528	81.9751	178.33012
-9226.503	-178.43755	-1784.2799	161.95117	175.3321
-9284.581	-178.43755	-1786.5009	169.95117	186.23871
-9112.051	-174.36157	-1759.4425	131.62817	186.59082
-8986.058	-156.69604	-1733.7098	115.59265	169.26762
-8922.602	-167.8785	-1740.5103	88.63635	182.8873
-9258.521	-164.8346	-1779.4874	122.477295	188.06961
-9244.57	-158.90211	-1806.8234	143.03833	184.92534
-9264.027	-157.32475	-1793.1526	130.48657	178.80188
-9262.336	-157.32475	-1791.4604	116.4939	180.3756
-9224.33	-157.32475	-1802.487	111.02588	186.35287
-9219.97	-157.32475	-1810.0636	75.27283	178.80188
-9178.407	-157.32475	-1806.7722	74.75427	181.85591
-9163.623	-145.67773	-1800.7659	92.22461	178.43755
-9138.226	-145.67773	-1808.4768	42.15857	178.43755
-9185.814	-156.6731	-1753.8025	180.49048	172.17154
-9135.232	-158.90211	-1761.543	136.44739	170.57436
-9158.1875	-144.0198	-1753.4518	124.88074	171.16081
-9156.321	-158.90211	-1741.3777	156.37488	170.57436
-8965.091	-163.80563	-1735.5798	158.9524	170.57436
-8975.669	-155.85728	-1709.99	174.29346	167.65211
-9002.179	-129.57938	-1736.5002	149.64221	167.50009
-8986.295	-155.85728	-1704.1194	181.22827	166.819
-8981.183	-156.64426	-1706.3447	190.88391	163.93184
-8905.246	-156.64426	-1718.317	170.57764	165.69641
-8967.798	-156.64426	-1683.1245	180.34143	167.20705
-8915.827	-137.84033	-1761.5465	50.62097	173.78304
-8954.5625	-137.84033	-1729.7214	88.32593	168.30898
-8940.539	-157.93887	-1752.0017	93.05066	168.30898
-8908.823	-142.17139	-1734.8442	77.07507	168.30898
-8584.499	-157.9567	-1685.7229	70.55029	169.26762
-8603.229	-157.9567	-1689.4829	70.92554	169.26762
-8531.709	-157.9567	-1670.1106	92.75293	165.73799
-8542.895	-142.60887	-1679.8905	51.56726	169.7694
-8559.622	-157.9567	-1676.9308	93.075806	166.58904
-8572.075	-157.9567	-1694.0874	58.284912	172.11137
-8626.766	-157.9567	-1698.7217	54.854492	173.2176
-8613.722	-165.46379	-1691.3766	78.08948	173.044
-8478.052	-165.46379	-1662.692	70.42407	169.77155
-8553.6	-162.37631	-1673.1371	91.06506	166.48952
-8553.033	-164.34167	-1665.3613	98.272705	166.48952
-8468.686	-159.24257	-1658.7756	75.894165	166.74571
-8437.412	-158.16292	-1657.099	64.73877	166.74571
-8418.6	-150.09505	-1647.7947	72.87952	163.19127
-8546.68	-165.46379	-1683.2948	73.260376	173.044
-8609.099	-157.93507	-1694.382	70.58386	166.48952
-8580.405	-149.40105	-1689.4757	57.218994	169.99355
-9174.415	-160.20432	-1732.3966	191.64795	172.23912
-9281.193	-173.68413	-1786.6599	123.27026	176.17882
-9154.186	-173.68413	-1774.4667	108.17688	187.51761
-9236.501	-168.0409	-1798.1824	91.5885	179.41136
-9179.098	-168.0409	-1792.0581	96.24048	174.36157
-9180.671	-164.95471	-1793.6318	78.224365	178.92998
-9198.412	-152.50389	-1797.8236	78.10791	178.43755
-9247.936	-152.50389	-1810.717	112.648315	178.80188
-9269.452	-152.50389	-1799.2684	105.01892	178.80136
-9305.677	-158.90211	-1793.8003	124.546265	181.34158
-9231.943	-172.4946	-1788.6017	139.26099	174.55391
-9083.28	-166.55363	-1687.7715	186.95007	170.60704
-8713.597	-164.29047	-1693.0271	120.656006	165.93634
-8714.538	-164.29047	-1696.0199	123.6167	165.93634
-8984.322	-174.35448	-1731.4193	144.79578	172.54773
-9039.321	-174.35448	-1732.983	150.6449	172.54773
-8967.79	-141.38445	-1720.9288	152.49829	167.18549
-8640.821	-158.12105	-1679.5999	73.62402	169.12161
-8957.082	-167.91774	-1709.7114	223.91931	169.48607
-8749.3955	-152.9648	-1703.8683	76.54248	169.31198
-8992.348	-163.8062	-1746.7963	95.82446	177.94156
-8874.025	-161.96129	-1736.1283	69.75293	173.33983
-8872.837	-161.96129	-1740.33	56.398193	173.84338
-8919.66	-160.20432	-1730.2054	92.2887	173.84338
-8932.719	-160.20432	-1743.078	87.3407	178.80188
-9093.666	-170.48619	-1678.7922	300.85254	171.4912
-9005.749	-168.0409	-1690.2421	212.58557	171.4912
-8927.55	-168.0409	-1661.2341	206.73547	171.4912
-8956.101	-164.8346	-1730.6405	98.26367	173.2176
-8869.449	-157.32475	-1732.0878	80.39441	170.58655
-8915.666	-160.38483	-1739.9917	84.541016	172.11137
-9055.677	-167.61499	-1720.8783	218.19653	170.66316
-9136.599	-154.36682	-1758.2621	173.13269	168.88826
-9049.251	-154.36682	-1750.508	151.32617	168.88826
-8925.718	-158.2815	-1707.3765	191.51514	165.36847
-8953.412	-160.22249	-1696.3219	229.91113	165.36847
-8691.955	-157.93507	-1696.5492	85.60718	165.33313
-8487.049	-152.96815	-1677.3444	52.235596	166.94402
-8424.245	-151.76624	-1666.4366	34.901	173.73677
-9387.877	-168.0409	-1801.4628	138.46692	174.36157
-9302.682	-176.17882	-1782.4	194.14795	186.23871
-9396.124	-173.78304	-1811.5576	149.65979	172.61366
-9318.703	-174.36157	-1776.4982	184.26208	178.49864
-9335.74	-157.32475	-1800.4194	134.50586	188.71999
-9358.733	-157.32475	-1815.4807	134.08069	191.46103
-9319.232	-157.32475	-1793.845	117.382935	191.46103
-9288.658	-157.32475	-1777.0873	148.65686	173.78304
-9206.426	-161.0865	-1719.7607	260.08862	170.1757
-8928.285	-162.38115	-1686.557	243.32373	165.78857
-8947.005	-152.98418	-1716.1346	227.16248	165.78857
-8964.677	-154.36682	-1709.138	247.11072	165.78857
-9003.784	-161.24028	-1700.4865	253.80481	167.65732
-8941.056	-169.31198	-1682.1857	219.81995	170.84366
-8932.738	-171.35487	-1659.5957	242.79236	170.84366
-8752.436	-169.33543	-1660.3538	232.10938	170.84366
-9236.895	-121.40395	-1707.4644	272.15137	168.0409
-9090.158	-161.35983	-1679.2423	285.8966	168.0409
-9127.968	-161.20546	-1717.0519	250.75732	168.88826
-9102.346	-161.20546	-1714.7095	238.92725	168.88826
-9047.325	-167.45956	-1730.9156	233.2699	168.0409
-9079.658	-162.60805	-1716.112	232.60767	168.88826
-8976.549	-168.0409	-1704.301	239.86499	167.45956
-9009.494	-162.60805	-1729.7611	177.59253	168.0409
-9023.852	-152.98418	-1724.8727	160.7135	168.0409
-8942.089	-152.98418	-1733.9554	138.55823	167.45956
-8989.569	-152.98418	-1735.8323	144.31677	168.0409
-9002.333	-152.98418	-1724.9669	156.83167	168.0409
-9007.327	-152.06389	-1729.9622	109.00635	168.0409
-8970.157	-159.42813	-1752.5222	86.26758	174.59618
-8959.718	-156.25668	-1724.9453	118.770386	168.22682
-9020.387	-162.78477	-1747.9697	148.8263	168.12714
-8867.398	-146.25667	-1726.2932	91.12305	168.22682
-8808.678	-146.25667	-1711.8036	79.183716	171.58456
-8966.957	-165.36847	-1677.0016	192.76465	168.22682
-8745.267	-168.24643	-1687.789	155.13574	168.30898
-8759.17	-167.09227	-1682.7855	134.59155	167.09227
-8799.532	-167.09227	-1675.1628	155.50928	164.61855
-8751.585	-167.09227	-1668.256	167.43298	163.19127
-8696.6045	-167.09227	-1687.5247	115.066895	164.61855
-8716.547	-167.09227	-1688.9376	120.73511	167.09227
-8717.227	-167.5551	-1686.9563	107.43701	169.99377
-8749.778	-152.81467	-1727.54	76.72888	168.43683
-8746.005	-167.5551	-1707.8901	82.51953	170.00145
-8779.797	-157.9567	-1725.227	72.65527	172.23912
-8899.254	-167.61499	-1703.7692	140.32458	171.23703
-8900.289	-167.61499	-1683.3064	174.46423	171.23703
-8878.988	-167.61499	-1692.3656	162.63757	168.88826
-9051.108	-164.94165	-1757.0227	159.53491	168.88826
-8793.611	-154.36682	-1713.4033	88.67883	167.45956
-8748.197	-165.36847	-1694.7451	85.24451	178.80188
-8700.741	-158.2093	-1698.764	70.6427	170.58655
-8736.125	-163.17189	-1713.317	75.409546	178.80188
-8694.073	-160.97267	-1709.9229	52.557983	178.41022
-8664.79	-158.2093	-1705.5089	71.89197	169.78125
-8753.198	-155.21843	-1723.0005	47.624756	175.91609
-8734.689	-157.25954	-1729.2662	41.507446	170.58655
-8755.531	-157.25954	-1702.4204	76.87048	164.93689
-8784.162	-158.2093	-1691.2861	127.005005	164.93689
-8768.361	-154.84732	-1706.8512	91.696655	164.93689
-8870.374	-167.8785	-1746.5884	70.47766	179.7491
-8823.68	-158.90211	-1712.3678	95.55957	168.0409
-8962.096	-161.24152	-1714.4556	132.62134	168.17484
-8732.988	-159.37268	-1694.7562	79.91431	167.25055
-8731.817	-168.0409	-1691.8097	79.17493	180.03186
-8663.465	-168.0409	-1687.6469	76.24353	180.03186
-8594.489	-168.0409	-1685.6855	66.186646	180.03186
-8646.707	-168.0409	-1684.835	81.420654	175.03722
-8725.052	-168.0409	-1699.1204	79.12915	175.26279
-8799.901	-172.23912	-1727.0503	107.614624	174.41582
-8719.847	-173.25581	-1691.1902	100.26282	174.36157
-8755.513	-172.23912	-1705.6123	89.153564	179.61513
-8729.799	-169.99355	-1695.9489	104.62463	172.56798
-8813.203	-169.99355	-1700.3561	135.44763	172.56798
-8804.904	-169.99355	-1691.2253	140.07983	171.77121
-8953.8	-169.99355	-1699.9037	179.91882	171.77121
-8936.861	-169.77155	-1732.801	110.65112	175.26279
-8943.396	-169.77155	-1739.4912	98.27942	179.1042
-9052.18	-175.19937	-1736.723	134.78955	182.40855
-8893.754	-167.0847	-1725.9822	134.89233	164.93689
-8932.117	-154.36682	-1756.9004	114.16577	165.36847
-8982.304	-162.67523	-1754.2426	108.90918	173.72415
-8925.187	-164.6754	-1751.5262	99.80737	166.58904
-8964.2705	-154.36682	-1742.7202	108.077515	168.17484
-8941.821	-167.0847	-1759.8121	100.80713	166.58904
-8998.447	-167.0847	-1750.1766	108.79309	171.58456
-9048.948	-167.0847	-1769.2394	110.61572	171.58456
-9162.12	-161.1099	-1793.647	112.7207	174.36157
-9155.297	-162.60805	-1788.9678	101.92322	171.58456
-9070.735	-164.9046	-1742.4482	140.974	170.75787
-8985.03	-150.3483	-1724.4081	167.5841	168.03444
-8958.792	-168.17484	-1698.4663	209.28088	168.0409
-8935.896	-168.17484	-1721.9602	178.37012	172.05948
-8858.074	-168.17484	-1729.0754	93.43176	171.58456
-8870.327	-168.17484	-1705.5815	116.76697	168.0409
-8786.117	-164.69258	-1725.9722	91.08118	167.45956
-8869.26	-164.69258	-1727.2183	81.89636	169.69023
-8834.414	-156.81526	-1733.275	81.907104	168.03444
-8875.069	-156.81526	-1752.552	83.98218	173.2176
-8837.563	-156.81526	-1736.4237	63.950073	173.2176
-8874.312	-158.16292	-1751.1643	51.31189	179.43939
-9045.923	-158.16292	-1752.8948	92.7312	178.77855
-9001.759	-158.16292	-1774.6132	72.19556	178.61642
-8986.152	-158.16292	-1759.1256	77.91748	173.78304
-9196.36	-161.1099	-1816.8906	49.138794	181.98297
-9191.266	-161.1099	-1773.4126	94.40857	173.78304
-9154.559	-164.84428	-1776.1643	98.60803	173.78304
-9170.035	-169.52435	-1791.6398	99.04675	173.78304
-9228.439	-169.52435	-1785.3269	115.93799	173.78304
-9105.579	-169.52435	-1728.7141	167.35718	172.54773
-9074.934	-157.9567	-1768.1427	87.37451	173.69032
-9046.423	-150.78915	-1761.4952	86.42554	173.69032
-8994.229	-150.78915	-1752.6549	99.68713	169.80481
-8980.428	-157.41553	-1718.9473	130.24402	169.0815
-8987.922	-150.3483	-1702.994	150.79932	168.03444
-9072.319	-158.90211	-1774.9492	92.780396	173.69032
-9014.345	-158.90211	-1743.7449	101.44104	173.68413
-9013.579	-158.90211	-1764.6296	100.04761	173.68413
-9211.84	-155.21843	-1742.5615	188.57007	172.23912
-9212.817	-155.21843	-1711.7743	265.2539	170.75787
-9194.126	-158.90211	-1745.1807	178.79053	167.45956
-8985.817	-160.22249	-1712.3248	176.3153	167.65732
-9032.229	-160.22249	-1703.3644	201.76843	165.78857
-9051.345	-160.22249	-1698.7053	216.77649	167.65732
-8829.749	-161.0865	-1657.864	208.23352	164.8346
-8911.433	-160.63477	-1708.5833	141.94922	165.78857
-8995.641	-149.8217	-1697.7701	190.09058	165.78857
-8923.354	-144.32188	-1701.5012	160.08118	164.61855
-8970.772	-144.32188	-1697.3835	168.5133	164.94165
-8862.796	-144.32188	-1689.7407	176.20264	163.80307
-8712.419	-144.32188	-1641.2004	214.81934	161.46465
-8672.271	-144.32188	-1636.8308	204.81152	161.46465
-8684.063	-142.16643	-1653.9222	155.60632	161.46465
-8793.295	-142.16643	-1717.6578	93.93469	164.84428
-8885.237	-142.16643	-1748.526	92.30261	168.95876
-8805.117	-142.17139	-1728.3723	68.29065	168.95876
-8790.326	-142.17139	-1715.1478	70.253784	168.17484
-8822.27	-144.32188	-1689.7825	109.45117	163.80307
-8694.154	-132.57597	-1598.178	203.17493	162.26022
-9025.35	-152.24823	-1688.8232	247.9115	165.31558
-8853.23	-152.24823	-1671.4839	172.53552	162.26248
-8932.869	-145.2494	-1685.8367	184.7655	165.31558
-8925.314	-152.24823	-1719.5707	172.2555	165.31558
-9070.932	-152.24823	-1719.8761	166.31604	165.93634
-8965.927	-152.24823	-1715.5504	152.6289	167.09227
-8822.117	-157.93507	-1704.0079	147.52893	164.84428
-8771.207	-158.53456	-1680.9766	170.1543	164.84428
-8860.555	-158.29262	-1694.1958	148.1206	164.16862
-8734.728	-158.29262	-1612.4443	220.09607	161.96129
-8835.08	-142.17139	-1712.7972	146.76941	164.16862
-8900.11	-158.29262	-1712.2869	154.43262	164.16862
-8944.895	-158.29262	-1692.5808	230.23547	163.19127
-8967.513	-158.29262	-1708.752	211.66248	165.81903
-9008.014	-161.1099	-1713.4111	212.9862	165.81903
-8943.748	-161.1099	-1717.7668	166.80115	166.07715
-8794.462	-160.55135	-1710.5222	97.50891	166.07715
-8731.836	-160.55135	-1689.2593	124.877075	164.8804
-8709.05	-158.90211	-1707.3115	90.931274	166.74571
-8739.335	-157.31168	-1719.6936	70.798584	170.58655
-8676.9	-157.31168	-1717.717	35.73584	173.01892
-9208.893	-157.25954	-1725.1528	225.30554	169.52435
-9195.115	-167.263	-1733.7092	199.31726	169.52435
-9168.411	-160.12071	-1719.3677	261.01624	169.41483
-9161.606	-154.36682	-1760.313	181.63977	169.41483
-9061.163	-151.39291	-1744.443	151.03772	169.41483
-9033.841	-151.39291	-1736.833	136.93323	169.2948
-8993.456	-151.39291	-1733.4221	138.56177	169.22011
-8980.662	-151.39291	-1751.345	123.920654	171.48897
-8953.26	-164.69258	-1712.04	149.43774	169.69023
-8883.16	-160.61742	-1728.7953	79.33911	173.78304
-9066.505	-166.819	-1751.3998	124.298584	170.84366
-8915.637	-169.0815	-1745.3418	85.95459	172.7754
-8922.278	-159.30466	-1747.9386	64.09204	172.7754
-9021.787	-170.84366	-1743.5444	118.681274	173.44235
-8934.312	-154.36682	-1748.0499	77.10205	178.43755
-8949.236	-170.84366	-1731.9789	99.36694	172.7754
-8865.413	-150.20596	-1719.4958	95.99719	165.8388
-8846.307	-150.20596	-1727.9989	82.139404	165.8388
-8915.343	-154.42603	-1719.977	145.03479	165.45844
-8894.278	-154.42603	-1737.5133	198.9436	165.36847
-8675.953	-154.42603	-1701.4374	60.0614	165.36847
-8724.547	-153.1416	-1709.9977	68.55408	165.36847
-8807.936	-138.06628	-1701.1047	110.16699	165.46379
-8762.05	-138.06628	-1725.1976	60.27063	169.99355
-8732.988	-138.06628	-1704.4346	87.42651	165.36847
-8797.034	-138.06628	-1709.6143	100.73352	165.36847
-8808.253	-154.42603	-1709.3091	113.184814	165.36847
-8757.511	-154.42603	-1701.038	109.98352	164.80792
-8678.15	-147.62096	-1689.3002	93.48425	164.80792
-8741.843	-154.36682	-1692.6674	105.3689	164.80792
-8647.565	-129.57938	-1688.1711	92.996704	164.80792
-8772.075	-151.84299	-1705.9564	130.15137	164.80792
-8652.111	-151.84299	-1690.9585	93.92871	164.69258
-8728.322	-138.87321	-1700.5574	94.831665	164.80792
-8639.007	-147.61797	-1690.4266	90.078735	164.80792
-8614.887	-142.85687	-1681.8925	77.22949	164.80792
-8614.512	-147.61797	-1687.763	65.36597	164.80792
-8597.614	-144.0198	-1688.679	75.51294	165.25044
-9091.823	-162.31517	-1669.1271	309.30994	167.56277
-8939.936	-162.31517	-1652.5447	339.85645	165.72655
-8962.988	-162.31517	-1675.5958	262.27795	167.02327
-8979.268	-161.96129	-1677.6189	282.75452	165.72655
-9125.858	-161.96129	-1755.1948	173.68018	170.08435
-9021.627	-156.62886	-1720.5413	222.50586	167.02327
-8975.11	-156.62886	-1727.8743	230.50586	167.09227
-8700.027	-150.54033	-1619.787	275.2677	161.6889
-8695.605	-132.43651	-1606.0657	287.08435	160.44765
-8488.642	-142.60887	-1625.4875	211.74744	160.44765
-8572.55	-147.82549	-1622.3163	172.27625	160.44765
-8626.596	-147.82549	-1545.1578	268.1129	160.44765
-8528.495	-147.82549	-1592.9044	204.18848	160.40065
-8336.789	-144.67848	-1591.1129	171.4032	159.7569
-8427.349	-144.67848	-1585.374	152.6648	160.12071
-8396.296	-135.90439	-1574.8523	187.51807	159.7569
-8562.051	-135.90439	-1596.2911	191.61401	159.73465
-8474.629	-138.87321	-1617.7542	151.19568	159.80432
-8513.023	-144.67848	-1608.0038	179.39758	160.40916
-8473.051	-144.67848	-1583.4951	204.3302	159.16022
-8491.245	-144.67848	-1568.1445	260.91528	159.7569
-8495.509	-144.67848	-1624.0896	200.31177	160.40916
-8425.109	-144.67848	-1603.6254	196.8125	159.7569
-8322.55	-141.94493	-1597.3674	158.82666	159.7569
-8357.928	-120.20812	-1570.861	177.96375	159.7569
-8291.63	-120.20812	-1597.3347	148.59082	159.7569
-8244.078	-126.84011	-1569.5817	169.36719	159.16022
-8224.949	-126.84011	-1609.1106	71.20154	161.9281
-8299.566	-126.84011	-1606.7716	94.03821	160.38483
-8284.961	-126.84011	-1614.6205	101.879395	161.9281
-8200.914	-126.84011	-1603.3809	59.24646	161.9281
-8259.614	-126.84011	-1620.7483	83.05835	159.73465
-8243.409	-126.84011	-1596.5645	80.83264	159.73465
-8241.297	-126.84011	-1606.1816	78.38721	159.16022
-8096.427	-126.84011	-1539.6986	136.11133	158.97757
-8184.7935	-126.84011	-1566.5459	140.54077	158.97757
-8331.978	-126.84011	-1574.2651	211.59875	158.99997
-8298.462	-137.1246	-1571.9512	176.2572	158.99997
-8175.1294	-137.1246	-1545.1365	152.5841	158.99997
-8211.601	-152.96222	-1572.5405	147.60547	160.38492
-8223.344	-147.12909	-1589.7467	140.79199	159.42813
-8168.9434	-135.90439	-1574.8881	143.60999	157.82957
-8162.8037	-135.90439	-1579.0355	126.60193	159.16022
-8177.908	-147.12909	-1590.088	143.0669	159.42813
-8181.6787	-155.09454	-1579.1447	141.7002	160.38492
-8160.235	-140.82065	-1585.4939	119.77771	160.38492
-8175.1846	-155.09454	-1560.5552	129.34265	160.38492
-8146.7637	-142.60887	-1568.6595	105.798584	160.38492
-8129.9463	-142.60887	-1554.2847	101.59473	160.54579
-8076.6646	-142.60887	-1570.3772	95.14453	160.54579
-8164.928	-143.7888	-1579.8425	117.66785	160.54579
-8257.231	-143.7888	-1578.5996	112.197876	160.46149
