-9077.795	-82.88181	-1451.3584	185.41565	116.14337
-8884.065	-102.20926	-1374.6411	224.21826	93.52157
-8583.835	-59.42687	-1278.8279	263.54968	89.90467
-8544.132	-59.5564	-1278.1726	288.79272	89.90467
-8487.75	-59.5564	-1289.8616	262.15222	89.90467
-8637.002	-74.54115	-1340.3317	192.34326	91.83954
-8826.044	-74.54115	-1425.8872	157.72278	91.96045
-8674.114	-65.11522	-1413.3179	83.44519	92.39416
-8528.567	-74.54115	-1279.3328	293.1886	88.20019
-8705.404	-89.90467	-1271.8134	305.6598	88.20019
-8589.488	-89.90467	-1274.5013	271.99072	88.20019
-8582.019	-89.90467	-1276.989	311.51587	89.92229
-8482.419	-76.00563	-1275.1724	268.50366	89.90467
-8481.82	-69.90499	-1275.769	281.14722	89.90467
-8589.847	-85.5496	-1259.8643	309.11853	87.55927
-8422.002	-77.65333	-1267.3837	231.25073	87.55927
-8356.064	-83.89146	-1221.159	269.2107	87.55927
-8175.1367	-54.60883	-1154.2742	328.85217	86.98873
-9032.332	-82.88181	-1462.9338	147.07214	103.30293
-8908.759	-77.65333	-1452.4911	125.99841	100.28615
-8893.913	-77.65333	-1437.6445	104.545654	100.28615
-8899.136	-79.88229	-1425.2671	123.14331	100.28615
-8867.586	-59.42687	-1422.1958	100.301025	100.28615
-8986.14	-59.42687	-1425.691	137.62378	108.3306
-8723.036	-79.88229	-1371.2756	145.66199	94.49258
-8799.204	-74.54115	-1434.2594	84.3551	100.28615
-8864.776	-59.42687	-1420.9412	96.88672	100.28615
-8912.225	-76.00563	-1430.3826	128.27905	100.28615
-8536.264	-95.05278	-1349.912	131.28638	92.39416
-9080.835	-82.88181	-1443.0431	187.56702	116.14337
-8688.11	-97.52448	-1337.563	214.6947	91.83954
-8494.958	-88.20019	-1323.2352	146.57886	91.83954
-8630.932	-88.21501	-1397.5071	97.1875	117.85493
-8507.834	-95.05278	-1362.6406	128.4657	92.7333
-8536.263	-95.05278	-1349.9121	131.28613	104.26955
-8536.263	-95.05278	-1349.9121	131.28625	92.39416
-8775.773	-86.14455	-1420.1185	146.34985	97.52448
-8731.135	-77.65333	-1361.1442	139.3523	94.49258
-8757.769	-59.42687	-1393.4103	115.83118	94.49258
-8741.882	-59.42687	-1394.6649	114.22095	95.05278
-8905.465	-59.42687	-1440.9939	143.80798	95.05278
-8937.824	-76.00563	-1441.8407	128.21948	102.20926
-8743.712	-92.39416	-1417.371	120.797485	104.26955
-8640.362	-89.32391	-1389.5402	88.662964	92.39416
-8774.651	-95.05278	-1416.7671	152.34106	97.52448
-8774.65	-95.05278	-1416.7671	152.34106	92.39416
-9001.847	-59.42687	-1448.0365	143.21057	100.28615
-8992.285	-46.09102	-1434.8784	143.06897	108.3306
-8889.772	-85.5496	-1307.1919	327.57422	91.83954
-8974.139	-101.66351	-1447.7534	167.37292	91.96045
-9062.464	-82.88181	-1457.9417	155.33936	100.28615
-8862.124	-91.08211	-1335.7366	249.50317	91.83954
-8974.142	-101.66351	-1447.7534	167.37317	91.96045
-8911.441	-92.39416	-1446.3495	138.75159	97.6226
-8747.438	-74.54115	-1420.9883	105.27417	97.6226
-8808.107	-74.54115	-1425.3198	121.9906	91.96045
-8667.524	-74.54115	-1386.9346	118.44702	92.39416
-8666.276	-74.54115	-1405.4824	79.13696	92.39416
-8765.048	-77.65333	-1424.2104	115.29224	97.6226
-8827.569	-77.65333	-1418.3003	142.25049	94.49258
-8693.966	-92.39416	-1339.4308	191.58691	91.83954
-8685.39	-92.39416	-1328.6831	184.50708	91.83954
-8694.635	-92.39416	-1336.7164	200.52148	91.83954
-8955.457	-76.00563	-1441.651	156.63647	97.52448
-8659.547	-86.14455	-1404.7009	71.00012	92.39416
-8685.699	-65.11522	-1406.5311	62.333984	92.39416
-8554.742	-74.54115	-1293.9462	175.45337	91.83954
-8552.735	-89.32391	-1300.9253	172.90808	91.83954
-8286.69	-79.16897	-1185.9165	245.81299	88.20019
-8552.736	-89.32391	-1300.9253	172.9082	91.83954
-9009.847	-76.00563	-1440.4607	138.03723	116.14337
-8763.447	-82.88181	-1415.8009	101.39636	100.28615
-8762.698	-65.11522	-1421.1033	76.97473	116.14337
-8749.762	-82.88181	-1415.0154	101.32202	117.85493
-8762.697	-65.11522	-1421.1033	76.97461	100.28615
-8749.761	-82.88181	-1415.0155	101.32178	117.85493
-8917.236	-79.88229	-1441.7584	142.9513	100.28615
-9055.098	-92.39416	-1439.1803	188.01733	105.07169
-8849.634	-76.00563	-1394.9775	145.99292	92.39416
-9071.398	-76.00563	-1455.4824	161.2594	100.28615
-9009.845	-76.00563	-1440.4607	138.03711	116.14337
-8969.114	-76.00563	-1442.6277	137.82788	102.20926
-8788.812	-76.00563	-1400.154	136.84692	92.39416
-8824.102	-89.32391	-1421.2041	151.08557	91.96045
-8811.994	-59.5564	-1423.217	103.572754	102.20926
-8844.723	-82.88181	-1408.1222	118.936646	102.20926
-8744.68	-82.88181	-1402.7776	96.81299	102.20926
-8763.937	-82.88181	-1410.375	111.31433	100.28615
-8710.343	-86.14455	-1390.8885	135.60596	92.39416
-8763.9375	-82.88181	-1410.3751	111.31445	100.28615
-8710.34	-86.14455	-1390.8888	135.60559	92.39416
-8744.681	-82.88181	-1402.7776	96.81323	102.20926
-8659.549	-86.14455	-1404.7008	71.000244	92.39416
-8746.318	-76.00563	-1392.6572	110.760254	97.6226
-8802.064	-89.32391	-1435.2715	115.96997	97.6226
-8640.36	-89.32391	-1389.5403	88.66284	92.39416
-8743.712	-92.39416	-1417.371	120.79736	106.7179
-8733.737	-89.32391	-1408.3125	110.602905	102.20926
-8779.065	-86.14455	-1420.9829	112.99219	102.20926
-8733.738	-89.32391	-1408.3125	110.60303	102.20926
-8805.099	-82.88181	-1405.2493	115.9917	105.07169
-8862.848	-82.88181	-1428.1053	122.18005	104.26955
-8995.766	-88.21501	-1422.8395	175.19897	102.20926
-8977.999	-82.88181	-1436.58	133.31567	102.20926
-9047.1	-100.28615	-1433.3217	218.09094	91.96045
-9009.925	-88.20019	-1433.6768	175.00916	102.20926
-9000.481	-88.20019	-1440.3304	184.6847	102.20926
-9027.099	-82.88181	-1460.9702	147.1112	100.28615
-9065.287	-82.88181	-1454.1255	161.42493	101.89092
-8887.736	-82.88181	-1358.6028	227.58691	91.83954
-9045.788	-82.88181	-1460.4438	156.6803	100.28615
-9017.33	-100.28615	-1431.9868	204.36633	91.96045
-8678.403	-76.00563	-1332.2272	190.22766	91.83954
-8721.16	-93.73109	-1340.1826	211.33826	91.83954
-8597.461	-89.32391	-1330.4252	184.56177	91.83954
-8546.564	-82.88181	-1315.297	179.97449	91.83954
-8494.957	-88.20019	-1323.2354	146.57874	91.83954
-8546.565	-82.88181	-1315.2968	179.97461	91.83954
-8436.408	-91.83954	-1280.4606	213.63232	89.32391
-8438.975	-91.83954	-1274.6224	231.80127	88.21501
-8436.409	-91.83954	-1280.4604	213.63257	89.32391
-8542.5	-88.20019	-1343.9163	161.00659	91.83954
-8754.29	-102.20926	-1363.8678	222.23413	92.7333
-8884.066	-102.20926	-1374.641	224.2185	105.07169
-9045.716	-76.00563	-1455.9657	146.96692	100.28615
-8874.619	-92.39416	-1335.0253	242.12024	91.83954
-8874.621	-92.39416	-1335.0251	242.12036	91.83954
-9026.626	-86.14455	-1418.1992	173.96387	102.20926
-8992.842	-92.39416	-1448.1901	145.875	97.6226
-9055.096	-92.39416	-1439.1803	188.01733	91.96045
