-3078.5273	-151.46977	-940.7995	123.35712	171.11234
-2740.4272	-152.70178	-861.09143	91.08411	158.81538
-2642.732	-155.41624	-821.5938	98.12103	159.09889
-2998.457	-165.63431	-911.56335	157.29321	170.43655
-3018.0242	-151.46977	-951.9461	103.56427	163.30281
-3087.1423	-151.46977	-949.4146	140.27118	175.56256
-2970.8906	-155.70305	-929.4709	125.288025	168.37735
-2922.9463	-148.22198	-881.52673	159.0791	158.15666
-3001.1035	-172.59387	-947.43726	99.12109	175.56256
-2710.625	-148.9879	-892.6221	36.034058	165.69635
-2519.5269	-143.49786	-798.82635	60.766785	151.26845
-2503.3308	-136.27896	-803.47174	61.636414	150.28746
-2495.9834	-150.28746	-814.4295	33.378113	148.22198
-2562.698	-143.65761	-837.92834	27.181396	154.37988
-2555.1082	-143.65761	-821.4138	45.32019	153.91612
-2673.8313	-153.60292	-856.5104	89.83203	152.65053
-2581.3662	-150.28746	-838.8534	42.331482	156.44406
-2567.3691	-153.60292	-837.44867	48.61743	153.60292
-2665.947	-153.60292	-857.4029	66.03113	153.60292
-2798.7246	-159.08867	-890.06793	100.11304	150.28746
-2458.5024	-114.25928	-767.9117	102.26105	148.06262
-2702.7168	-136.44456	-815.2102	163.74988	148.22198
-2659.727	-136.44456	-801.8182	165.22595	148.06262
-2605.2993	-143.49786	-833.34534	79.07172	148.22198
-2485.741	-145.34834	-820.5427	21.393066	151.48897
-2516.8333	-143.49786	-823.9508	46.298706	150.98189
-2578.44	-132.08876	-842.3368	36.56006	148.22198
-2519.696	-148.19414	-807.1177	71.142456	148.22198
-2571.108	-140.68813	-830.53564	46.399048	151.48897
-3005.3574	-172.59387	-929.524	113.8327	180.44133
-2849.4058	-161.69604	-910.59955	85.463684	169.51671
-2956.2527	-145.06038	-907.1765	156.03369	156.65688
-2991.6958	-148.9879	-942.9	138.38257	163.04944
-3064.9358	-158.15666	-915.4891	175.97296	168.23352
-3004.1382	-152.48749	-854.6913	243.1261	164.93126
-2842.2708	-136.44456	-826.624	171.68488	148.29529
-2658.1611	-127.37373	-800.2521	155.1734	148.29529
-2862.8364	-136.44456	-838.64844	190.25208	152.48749
-3094.013	-145.06038	-944.56555	133.80017	162.65744
-2894.458	-148.06262	-878.81104	133.88428	157.99146
-2951.5947	-175.56256	-944.39044	77.99176	172.59387
-2873.8025	-170.29402	-930.8396	68.11072	176.18057
-2733.1653	-155.41624	-879.675	84.39606	160.12032
-2780.467	-155.41624	-877.2064	93.58533	159.1573
-2809.3738	-165.28757	-877.6915	122.23004	156.65688
-2766.3567	-146.42358	-894.51697	44.702393	169.51671
-2697.4197	-142.96455	-883.42883	35.65857	168.37735
-2887.1013	-163.04944	-905.5295	105.62836	152.65053
-3003.0076	-151.46977	-962.63696	66.67468	174.07896
-2648.201	-155.56047	-864.41345	47.673218	168.37735
-2713.9915	-167.80708	-865.30237	77.634766	162.65744
-2712.8862	-156.26208	-890.3867	46.622314	168.56853
-2752.507	-149.79512	-865.47864	88.30304	160.6806
-2971.2632	-152.81651	-942.9961	130.60022	167.80708
-3070.8596	-175.56256	-922.10974	152.91833	174.07896
-2873.9902	-168.0257	-882.3512	135.69006	156.65688
-2910.7478	-168.37735	-913.2917	115.82684	159.1573
-2931.9424	-165.28757	-881.1894	166.61249	156.65688
-2912.357	-166.86389	-896.71027	133.92133	156.65688
-2735.452	-150.98189	-853.7262	113.57092	148.9879
-2683.1692	-148.9879	-881.08765	23.828735	162.65744
-2682.4546	-148.9879	-875.3484	35.707336	156.44406
-2656.55	-148.06262	-861.8522	33.44397	162.41396
-2748.615	-127.88705	-887.45264	63.82245	156.44406
-2743.1345	-148.9879	-897.3024	59.43396	152.65053
-2726.6887	-148.9879	-889.7165	46.500244	154.18167
-2631.0671	-148.19414	-840.59534	71.368164	151.11108
-2588.9404	-143.36017	-835.5877	64.89557	151.48897
-2572.4126	-145.34834	-826.77716	47.445984	151.48897
-2779.953	-150.07303	-912.4247	47.536682	171.10156
-2728.6514	-154.11949	-878.1207	77.82617	153.34912
-2716.3228	-154.11949	-882.6598	82.9834	160.57045
-2975.004	-165.63431	-926.924	121.12604	170.43655
-2986.965	-167.80708	-925.55896	174.03491	167.80708
-2961.6782	-161.11539	-925.88165	153.69745	167.80708
-2781.964	-163.44269	-874.4701	97.90936	159.33563
-2728.6516	-154.11949	-878.1207	77.82617	158.81538
-2675.3528	-151.57996	-880.93176	21.236572	168.37735
-2696.245	-151.57996	-872.7879	50.27289	168.37735
-2753.1533	-167.80708	-859.0995	86.07434	162.17918
-2744.3418	-168.23352	-879.6398	59.83142	167.80708
-2671.7668	-162.17918	-865.30084	50.786438	168.23352
-2644.2732	-162.17918	-864.25635	34.76465	168.37735
-2641.4143	-162.17918	-864.3523	49.18445	168.37735
-2574.2607	-161.69604	-846.6793	22.333862	167.80708
-2594.9724	-162.17918	-845.85815	33.579712	164.64369
-2598.6394	-159.09889	-844.96344	38.1416	166.54193
-3073.0408	-139.48946	-943.65985	132.91571	171.11234
-3098.2646	-146.42358	-948.8175	130.9115	175.56256
-2945.6028	-169.7348	-927.0672	98.79596	168.23352
-2588.2803	-155.41624	-822.6254	78.89691	159.09889
-2513.6467	-158.81538	-825.3494	52.251953	159.09889
-2583.13	-158.76811	-826.3785	68.57373	159.09889
-2568.7522	-155.41624	-822.70605	57.748657	159.09889
-2609.3171	-155.41624	-821.2005	80.23883	159.09889
-2605.671	-151.57996	-828.02844	61.10968	159.09889
-3003.0076	-151.46977	-962.6369	66.674866	171.11234
-2957.3438	-174.07896	-919.7446	132.51172	171.11234
-3094.608	-180.10432	-945.85785	144.73248	175.56256
-3001.0762	-159.08867	-914.18317	175.94073	165.04945
-3105.7505	-139.48946	-957.0004	153.00323	170.43655
-3073.7097	-152.81651	-967.9088	136.85632	166.57277
-2917.0596	-159.08867	-893.61444	163.79474	160.12032
-3005.3486	-161.11539	-923.512	155.49713	170.29402
-2961.6785	-161.11539	-925.88165	153.69745	168.82925
-3021.6199	-161.11539	-939.7838	186.10437	165.63431
-2758.6255	-154.18167	-880.7797	63.71515	168.82925
-2982.9192	-170.43655	-957.1424	82.8139	172.59387
-2935.358	-175.56256	-916.82245	101.75342	171.11234
-2964.8975	-146.85654	-946.36176	103.821106	158.76811
-3014.4277	-175.39734	-931.1952	159.90808	171.11234
-2896.3	-171.11234	-946.0617	48.311523	178.6093
-2931.3486	-151.46977	-948.63556	82.323425	167.80708
-2918.5007	-151.46977	-949.4304	84.7301	168.82925
-2952.1782	-156.6483	-946.8325	83.52649	165.63431
-2841.3262	-165.63431	-908.801	63.716187	162.17918
-2867.9583	-172.16602	-938.6598	41.8869	171.11234
-2848.8926	-171.11234	-932.1106	29.370972	176.18057
-2930.6995	-175.56256	-927.969	87.79498	162.17918
-2991.9883	-156.6483	-948.2642	96.49432	175.56256
-2967.2434	-146.85654	-916.4905	159.87512	158.76811
-3058.805	-175.56256	-909.3578	202.55688	172.59387
-2951.5947	-175.56256	-944.3905	77.99164	175.56256
-2986.0164	-133.08548	-949.7366	98.82825	163.30281
-3069.8977	-172.59387	-937.47034	133.45532	180.44133
-2983.0715	-158.76811	-850.6443	224.6101	162.12308
-3082.315	-139.48946	-949.88715	140.18378	170.43655
-3060.425	-139.48946	-931.0442	168.5404	161.11539
-2912.626	-151.46977	-880.5351	157.1308	159.31747
-2950.7456	-151.46977	-918.6549	121.13806	162.65744
-3001.0767	-159.08867	-914.18317	175.94086	165.04945
-3026.4028	-161.11539	-939.5094	160.30627	170.43655
-3066.7078	-170.29402	-953.75903	134.22827	175.56256
-2992.2412	-166.57277	-933.364	156.06067	167.80708
-2978.236	-166.75435	-919.35913	171.44641	162.17918
-2783.1704	-149.79512	-895.73956	93.111206	154.18167
-3103.042	-148.9879	-956.86646	133.40808	176.18057
-3123.7297	-148.9879	-974.283	162.52008	175.56256
-3113.103	-172.59387	-963.6561	142.24316	175.56256
-2989.665	-167.80708	-936.2817	179.14056	167.80708
-3062.0776	-180.30351	-958.6957	126.65613	174.07896
-3131.7373	-148.9879	-982.9878	116.92871	180.10432
-3036.6384	-175.56256	-933.2563	114.18536	174.07896
-2966.1443	-163.30281	-960.79877	68.98895	175.56256
-2924.0708	-163.30281	-949.9254	104.67273	162.17918
-2898.13	-165.63431	-946.5961	82.11432	172.59387
-2992.7886	-170.43655	-905.89545	185.20258	166.57277
-3011.4624	-158.81538	-924.5689	185.59344	166.57277
-3000.3513	-158.81538	-940.26965	152.479	167.80708
-3082.8674	-168.37735	-961.55853	158.9477	174.07896
-2989.507	-168.37735	-925.55804	139.42767	163.04944
-3014.356	-159.1573	-950.4068	113.19818	174.07896
