16093.0 0.0 371.0 66.0 0.0
16111.0 0.0 367.0 77.0 0.0
16105.0 0.0 369.0 79.0 0.0
16062.0 0.0 373.0 76.0 0.0
16036.0 0.0 374.0 68.0 0.0
15999.0 0.0 374.0 53.0 0.0
16034.0 0.0 374.0 63.0 0.0
16055.0 0.0 373.0 64.0 0.0
16068.0 0.0 372.0 64.0 0.0
16072.0 0.0 372.0 66.0 0.0
16049.0 0.0 373.0 60.0 0.0
16053.0 0.0 371.0 62.0 0.0
16043.0 0.0 372.0 59.0 0.0
16028.0 0.0 375.0 63.0 0.0
16028.0 0.0 376.0 64.0 0.0
16023.0 0.0 375.0 61.0 0.0
16028.0 0.0 374.0 61.0 0.0
16019.0 0.0 373.0 56.0 0.0
16010.0 0.0 373.0 55.0 0.0
16025.0 0.0 374.0 58.0 0.0
15997.0 0.0 377.0 60.0 0.0
15983.0 0.0 378.0 60.0 0.0
15772.0 0.0 375.0 46.0 0.0
15977.0 0.0 379.0 56.0 0.0
15970.0 0.0 379.0 53.0 0.0
16017.0 0.0 376.0 60.0 0.0
16020.0 0.0 375.0 59.0 0.0
16004.0 0.0 376.0 58.0 0.0
16007.0 0.0 374.0 56.0 0.0
16014.0 0.0 374.0 57.0 0.0
16000.0 0.0 375.0 54.0 0.0
15989.0 0.0 376.0 52.0 0.0
15848.0 0.0 375.0 51.0 0.0
15973.0 0.0 377.0 53.0 0.0
15856.0 0.0 374.0 51.0 0.0
15996.0 0.0 376.0 55.0 0.0
15837.0 0.0 376.0 49.0 0.0
