129404.73 122.43136 6757.638 626.87744 148.81927
129242.34 113.14942 6732.1763 656.1416 147.45378
128487.64 123.52054 6594.339 693.7451 146.72157
129337.805 122.43136 6742.6284 624.4834 149.67123
129151.02 122.43136 6632.6396 699.5112 146.3265
129042.68 122.43136 6620.3916 696.7251 148.78528
128819.234 122.43136 6588.5703 689.1304 148.78528
128470.07 123.81409 6517.8623 727.0742 148.78528
126833.31 132.38087 6351.375 944.41846 148.78528
126494.516 132.38087 6335.677 872.33936 148.78528
125632.66 132.38087 6255.5312 919.4287 148.10788
125816.44 129.3894 6275.156 947.9424 148.10788
125103.95 127.09281 5973.5244 1211.5571 144.65913
124679.02 127.09281 5980.6797 1222.897 144.65913
123848.0 95.1551 6095.555 1054.6943 140.37236
122830.53 102.01997 5987.419 1152.6406 140.00764
123698.13 90.07531 6061.486 1117.3931 140.00764
124148.914 125.08518 5894.134 1227.5552 142.50557
123425.74 125.08518 5895.7314 1210.1792 142.50557
129084.98 123.81409 6627.392 790.65137 147.45378
128923.945 123.81409 6599.799 738.5239 153.79124
128693.28 123.81409 6563.069 708.6909 153.79124
128612.836 123.81409 6574.0483 710.43506 157.38889
128149.96 132.53271 6510.6187 743.2095 162.33377
127333.82 132.53271 6354.6035 882.15967 156.15063
126869.73 132.53271 6391.1187 857.20166 156.15063
126691.04 132.53271 6381.834 833.06934 156.15063
126194.73 130.71074 6395.611 794.31396 156.15063
125375.02 128.94336 6356.6265 773.6665 155.68494
125280.47 128.94336 6347.366 764.1328 155.68494
125501.24 128.94336 6335.7275 759.4448 155.68494
125552.984 128.94336 6321.9927 778.38477 155.68494
125769.41 128.94336 6366.443 811.64795 148.78528
125914.74 128.94336 6365.8354 785.5054 148.78528
125380.836 128.94336 6240.7812 894.626 145.52124
124903.305 122.43136 6356.099 799.99316 144.56122
121220.45 113.86842 6017.0986 1061.5107 140.47026
117817.92 120.34402 5842.6367 1010.65234 141.03607
117153.74 106.13816 5874.086 882.8091 141.57582
117148.164 113.93409 5882.0933 870.8618 141.57582
117976.1 113.32322 5902.542 904.7041 141.41927
118259.3 113.93409 5911.1304 939.8301 141.41927
118394.875 113.93409 5904.8813 922.13477 141.41927
120369.914 107.80138 6072.883 761.6592 142.46227
121200.97 106.63748 6093.213 991.98145 141.41927
121687.445 122.03947 6137.5537 849.17773 142.04971
121051.3 121.16368 6145.4297 840.6284 142.04971
121359.95 118.01648 6169.2314 784.70557 142.04971
119672.33 107.81284 6124.2026 722.79346 142.07623
119464.24 107.81284 6124.0034 706.07324 142.07623
119457.26 107.81284 6117.019 692.5249 142.07623
119444.18 110.57743 6070.845 731.0049 142.07623
119385.32 110.57743 6080.7207 712.7578 142.07623
119735.15 110.57743 6065.7563 779.78076 142.07623
119557.81 109.85083 6079.5957 768.8013 142.07623
119636.8 109.85083 6079.921 759.65674 142.58266
119378.07 109.85083 6111.3066 714.0928 142.94873
119279.68 109.85083 6104.938 693.09375 142.94873
119373.47 109.85083 6116.1006 718.1221 142.94873
120532.06 109.85083 6074.897 781.5298 142.87712
120292.89 109.85083 6091.8564 755.1885 142.87712
120103.89 109.85083 6091.0713 721.08936 142.87712
120164.16 107.6083 6111.895 696.50244 142.87712
119682.59 107.6083 6116.6973 668.8208 142.87886
120265.8 107.6083 6126.117 686.7988 142.87886
120509.02 107.6083 6163.122 683.18994 142.94437
120532.92 107.6083 6132.478 710.8667 142.94437
120661.04 106.63748 6148.8945 712.9844 142.94437
121071.37 106.63748 6159.8145 728.2256 142.94437
121768.695 115.48722 6182.5493 884.64404 142.07623
121755.586 121.98328 6200.491 792.2798 142.07623
121726.0 113.86264 6177.6973 790.7085 142.07623
121860.836 113.86264 6169.467 826.5254 142.07623
121644.27 113.86264 6160.4414 790.32227 142.07623
121943.516 113.86264 6144.986 864.71533 142.82094
123044.914 125.77295 6180.07 922.1763 142.82094
122349.79 97.73918 6234.377 717.5508 143.12512
123538.7 111.52749 6322.3164 692.00195 143.99704
123710.13 111.52749 6289.6143 730.07275 143.99704
123559.06 111.52749 6288.2705 719.96826 143.99704
123530.36 113.86842 6300.698 726.33154 143.99704
124155.336 125.77295 6237.6045 916.41016 144.92934
124597.445 131.75862 6295.265 854.5796 148.13965
124910.37 131.75862 6249.1777 910.83936 148.13965
124728.41 131.75862 6267.5117 856.5137 148.13965
124666.08 131.75862 6253.0586 911.7827 146.48795
124418.18 125.08518 6255.7783 896.9756 144.175
123947.87 125.08518 6228.5923 883.3843 144.175
123759.7 125.08518 6233.2373 870.9971 144.175
123202.1 125.08518 6005.622 1211.791 142.50557
122710.2 123.91787 6069.869 1041.4639 142.50319
121895.72 122.75535 6097.401 963.7739 141.54433
126370.49 126.97676 6341.8506 924.187 142.99063
125771.4 112.21345 6253.799 976.0757 142.9814
125622.28 112.21345 6182.435 1021.2998 142.46227
125462.28 112.21345 6172.1646 1012.8501 142.46227
125624.984 112.21345 6198.319 1027.3433 142.46227
113838.49 82.51218 5138.742 1556.7505 134.6087
114128.87 82.51218 5172.0195 1583.9971 134.6087
116142.33 84.32993 5186.1895 1672.1396 133.49161
115883.77 84.32993 5244.2285 1649.6567 132.23616
115906.62 84.32993 5236.7637 1620.0703 132.23616
116538.78 84.32993 5212.8276 1680.7979 132.23616
116950.04 84.32993 5224.3765 1696.0146 132.23616
118451.305 84.32993 5236.2407 1756.7544 132.45303
117061.29 84.32993 5179.764 1778.2417 132.15886
117498.08 84.32993 5174.12 1841.0269 132.15886
117416.53 84.32993 5172.589 1835.1704 132.15886
118245.91 84.32993 5185.0684 1827.6865 132.34746
118090.69 84.32993 5223.2656 1794.4731 132.34746
118038.92 84.32993 5207.4077 1774.6963 132.34746
118245.414 84.32993 5195.755 1782.7969 132.34746
118063.11 84.32993 5159.5454 1765.6035 132.34746
119998.14 84.32993 5182.392 1787.1504 133.51483
120351.69 84.32993 5186.666 1818.2026 133.51483
120035.664 84.32993 5220.9497 1808.6836 133.51483
122510.1 108.45291 5405.7944 1635.5698 137.78804
122686.44 108.45291 5407.009 1640.8677 137.78804
120405.76 101.79288 5377.7964 1580.5796 136.03023
121211.89 106.63748 5382.007 1594.2051 136.38297
121110.914 84.32993 5382.6987 1573.2256 136.4968
120858.04 84.32993 5406.506 1535.3081 136.4968
120525.85 84.32993 5416.074 1534.7178 136.03023
121627.664 104.17542 5405.794 1657.5249 135.91469
120824.18 106.63748 5402.991 1584.2944 135.11949
120322.234 106.63748 5399.7383 1563.4634 136.38297
120341.61 106.63748 5389.7456 1575.1875 135.11949
119985.22 106.63748 5403.9146 1582.479 135.11949
120380.69 106.63748 5416.2246 1589.6255 135.11949
120339.664 103.77724 5439.393 1604.2031 134.5176
119679.414 84.32993 5333.7847 1651.8276 133.51483
119959.12 84.32993 5312.531 1665.6421 133.51483
120310.086 84.32993 5348.2334 1706.7207 134.19667
121724.03 89.28175 5393.6167 1719.2588 134.5176
120683.27 91.38908 5331.3076 1746.8809 134.5176
120399.445 91.38908 5342.951 1665.541 134.5176
121419.5 88.58894 5398.1455 1655.1768 134.5176
119600.5 84.32993 5395.944 1606.9995 134.41359
118419.75 84.32993 5319.0747 1597.2539 134.19667
118738.56 84.32993 5297.134 1612.4043 134.19667
119013.31 84.32993 5350.54 1633.3789 133.51483
119900.76 84.32993 5404.3687 1665.5366 134.19667
120123.35 84.32993 5400.8364 1616.6611 134.19667
119689.6 84.32993 5375.2036 1613.2988 134.19667
121094.31 84.32993 5390.932 1742.7881 134.19667
121629.73 84.32993 5353.1807 1767.6104 134.19667
121707.61 84.32993 5367.4956 1815.2671 134.19667
121497.51 84.32993 5357.9556 1772.3564 134.19667
122927.17 84.32993 5366.918 1817.0562 136.03023
122014.0 88.58894 5489.4727 1665.77 134.96974
122871.27 115.12469 5497.647 1675.727 134.96974
120303.39 91.38908 5349.5796 1551.1353 135.91469
118121.97 91.38908 5261.582 1551.3569 134.80179
117247.21 91.38908 5288.7695 1507.3984 134.80179
117632.82 91.38908 5295.7954 1515.7427 134.80179
117366.09 91.38908 5292.654 1504.8296 134.90018
117149.016 91.38908 5323.773 1500.5752 134.90018
117252.21 91.38908 5342.4497 1489.9961 135.20143
118904.21 108.12316 5259.3735 1650.9141 134.70337
119884.69 110.53967 5410.8833 1511.502 137.24153
120272.586 110.53967 5410.7974 1573.9326 137.24153
120494.65 110.53967 5371.5444 1587.9136 137.24153
120442.23 110.53967 5366.5054 1526.2012 137.24153
117946.77 115.4727 5292.0825 1508.7612 137.39282
118079.04 115.4727 5285.618 1535.5679 137.24153
117929.375 115.73084 5341.716 1449.1885 137.24153
118684.76 110.80491 5372.759 1522.9839 134.86601
118414.34 110.80491 5379.6978 1546.0029 134.86601
118651.586 110.80491 5351.5884 1519.6685 134.86601
122367.51 118.98245 5333.555 1702.6338 138.11061
121966.484 118.98245 5369.302 1745.1118 137.78804
122233.31 120.19519 5350.5933 1730.0884 137.78804
121815.13 120.19519 5369.5947 1660.1431 137.78804
121723.49 122.03947 5365.443 1655.2925 137.78804
121854.414 123.03139 5357.3003 1681.7803 137.78804
120923.26 115.4727 5450.9185 1741.7949 135.48152
121547.65 115.4727 5440.897 1725.6313 135.48152
121558.24 115.30899 5460.5483 1625.1133 135.48152
122002.83 115.30899 5434.513 1660.6138 135.48152
121966.75 115.30899 5437.9873 1666.7085 135.48152
121364.1 114.52965 5474.823 1664.4375 135.48152
121863.56 114.52965 5445.9653 1661.9146 135.48152
121629.73 114.52965 5438.4004 1610.4053 136.1402
121487.195 109.91685 5407.326 1605.165 136.1402
120678.125 109.91685 5372.449 1586.189 136.38297
120288.086 109.91685 5387.6914 1582.3848 136.38297
120028.66 104.81479 5363.335 1546.7021 136.38297
119598.86 104.36113 5352.9087 1549.7681 135.20143
119745.125 104.36113 5395.047 1568.6265 135.20143
119684.11 112.49861 5391.908 1585.2856 136.38297
120059.62 112.49861 5366.0137 1591.1445 136.38297
121176.555 109.91685 5451.733 1598.897 136.38297
120455.664 109.91685 5451.8604 1592.6602 136.38297
120756.4 89.28175 5434.644 1597.2202 136.38297
122281.445 89.28175 5456.6636 1635.5923 136.38297
122753.2 89.28175 5489.436 1636.6484 136.38297
122317.01 89.28175 5504.5093 1660.1621 136.38297
121585.96 89.28175 5506.503 1636.0005 136.38297
121346.945 111.52749 5481.664 1669.9473 136.38297
123879.586 126.9536 6320.7944 707.6196 152.3476
122675.16 113.86264 6327.303 678.7964 144.68129
122783.914 113.86264 6326.2075 692.5117 144.68129
123407.26 125.60949 6337.338 715.8408 147.56624
123880.45 128.13597 6334.8604 728.0786 146.90823
123907.23 128.13597 6293.272 772.06104 146.90823
123899.414 128.13597 6300.435 764.8213 144.98566
124021.24 128.13597 6321.9873 790.3013 147.45378
124033.31 128.13597 6322.6655 804.29834 147.45378
124044.914 123.04027 6353.395 759.084 145.89055
124507.21 123.04027 6372.217 711.1338 146.48795
125084.664 113.86842 6417.75 730.89453 145.10898
125212.086 113.86264 6404.261 739.48096 144.68129
125106.81 113.86264 6413.974 749.9121 144.68129
125319.35 113.86842 6406.8896 745.24854 143.09921
125342.15 122.56346 6310.0776 815.25 143.99704
125117.95 122.56346 6201.5405 902.34326 143.33925
123078.29 130.25137 6177.2046 876.47314 142.87886
122667.16 129.9001 6183.424 785.7905 142.87886
124290.984 132.83609 6204.9995 883.07666 148.02708
123948.0 132.83609 6212.725 867.3628 146.26637
124240.805 123.91787 6243.9043 871.51514 143.8741
123926.625 125.12571 6294.448 778.27344 144.68129
124089.86 126.9536 6247.093 819.83545 144.68129
124253.0 126.9536 6199.495 852.23 144.68129
124524.01 126.9536 6222.3765 876.6929 144.68129
124577.99 126.9536 6292.78 812.1177 146.38173
125312.62 126.15767 6351.404 724.2202 145.14844
124499.89 126.15767 6154.3047 907.80273 143.99704
124278.55 126.15767 6167.385 872.79785 143.99704
124368.57 126.15767 6177.57 892.6333 144.175
124224.88 126.15767 6169.433 878.1655 144.175
124110.67 126.15767 6192.101 843.063 144.175
124748.945 131.12895 6269.9126 804.73975 145.14844
125358.2 126.97676 6280.1694 821.6543 145.14844
124151.38 128.94336 6346.2607 715.9961 147.8345
124156.9 128.94336 6338.178 798.1118 147.8345
124426.6 128.94336 6330.026 749.3071 147.8345
123827.055 128.94336 6307.097 747.71094 146.21553
123886.17 128.94336 6274.9233 785.98047 147.56624
123852.86 128.94336 6278.8545 779.1411 147.56624
123777.914 129.5067 6286.6626 751.23145 147.56624
123650.95 129.9001 6259.0703 750.04834 155.33942
123614.125 129.9001 6275.611 744.4873 154.64235
123200.15 129.9001 6300.751 685.3877 154.64235
123385.43 129.9001 6288.698 708.3794 146.21553
123462.36 129.9001 6296.426 660.2388 147.20961
123465.84 127.75874 6316.6494 639.17676 145.34645
123534.95 127.75874 6320.7886 652.58154 145.34645
124528.516 118.01648 6435.404 597.9824 148.09781
124456.12 118.01648 6433.3403 651.03076 146.46162
124636.37 123.81409 6434.0156 672.87695 150.7114
124682.04 123.81409 6432.0625 629.103 150.7114
124905.39 123.81409 6405.0205 653.18115 153.28676
125118.17 123.81409 6456.2896 640.59326 153.4117
125167.445 123.81409 6423.5815 658.91504 153.4117
125010.836 123.81409 6456.5684 673.66797 157.0476
125345.586 123.81409 6474.748 650.41797 161.32701
125990.66 128.13597 6414.488 790.26855 148.13965
125783.35 129.55328 6356.366 815.76465 147.89226
125985.234 129.55328 6365.964 802.5918 152.3476
125622.76 129.55328 6339.081 805.4624 147.79411
125727.74 129.55328 6309.4966 797.7881 147.03877
125500.58 129.55328 6327.0327 746.1636 159.88197
125462.03 133.05498 6288.498 802.66064 159.88197
124529.69 126.9536 5886.4326 1232.9668 142.50319
123670.39 126.9536 5866.7974 1168.1304 142.50319
116204.15 115.64754 5643.5254 1018.6675 138.50993
115820.84 115.64754 5658.6426 1016.20996 138.50993
116510.72 107.97795 5635.4824 1016.5376 138.50993
116142.42 107.97795 5615.7305 1001.395 138.50993
115996.336 116.07635 5647.8013 966.1201 138.50993
115470.65 122.03947 5619.274 958.5122 141.94662
115394.914 122.0304 5636.6357 963.2119 141.94662
114739.71 122.0304 5579.7925 1006.4175 139.77237
118651.914 112.21345 5928.9697 992.5454 140.37236
119175.805 110.80491 5980.3174 968.28076 140.37236
120090.18 110.83502 5920.7495 985.55615 139.2714
119657.49 113.86842 5879.4316 1035.2788 138.43167
120797.13 111.52749 5940.5117 1078.3618 139.07936
121632.95 102.01997 6025.3975 1140.4883 139.69392
121527.66 102.01997 6032.7705 1093.9326 139.69392
121396.08 97.73918 6024.21 1041.8394 139.69392
121922.09 97.73918 6005.981 1086.3687 139.69392
122623.91 97.73918 6022.179 1091.7993 139.2714
122771.445 97.73918 5953.4976 1094.2715 139.2714
122839.695 110.80491 5962.0586 1158.312 139.2714
122427.03 110.80491 5965.5317 1140.3428 139.2714
122270.1 110.80491 6007.5234 1147.9165 139.2714
121870.74 110.80491 6015.706 1153.1528 139.69392
121939.2 110.80491 6017.325 1190.315 139.69392
121923.51 111.77504 5978.4214 1206.9717 139.69392
121655.64 111.77504 5979.658 1206.9058 139.69392
122055.69 111.77504 5994.6777 1224.9424 139.69392
121580.09 122.0304 5979.598 1074.7915 140.37236
121375.86 122.0304 5937.7544 1058.7749 140.37236
121259.73 122.43136 5913.3623 1081.27 140.37236
121428.414 122.43136 5927.0005 1084.3813 140.37236
121755.04 122.43136 5934.401 1095.5376 140.37236
122523.51 109.89557 5959.6553 1077.4751 140.37236
123019.0 107.97795 5941.231 1125.583 140.37236
122049.73 95.74289 6098.9233 988.3887 140.77545
121671.09 95.74289 6105.395 930.2075 140.77545
121752.81 95.74289 6080.2427 979.6494 140.77545
122978.54 114.79426 6088.1265 1032.7607 140.77545
122746.54 117.11209 6092.708 1044.9644 140.77545
123166.96 119.68896 6046.989 1037.2388 140.77545
123037.96 108.35525 6015.874 1020.9424 140.77545
123365.5 113.14942 5998.328 1152.0029 140.52466
123192.04 119.68896 5989.202 1124.5713 140.52466
123178.3 114.79426 6057.9614 1095.8945 140.52466
122656.86 114.79426 6007.7227 1109.457 140.37236
122176.36 114.79426 5959.571 1103.5854 139.69392
121264.3 107.81284 6008.9756 1034.5405 139.69392
120827.28 107.6083 6048.2236 960.8301 139.69392
121209.3 107.6083 6030.848 972.43994 138.7607
120527.14 107.6083 6008.0503 1022.416 138.50993
120483.625 107.6083 6017.4155 1002.978 138.50993
120697.164 95.74289 6043.503 997.812 138.50993
120350.42 95.74289 6067.1987 1027.6006 139.69392
120967.35 95.74289 6097.733 923.6924 140.37236
121145.97 95.74289 6072.5615 955.3076 140.37236
121034.01 90.07531 5953.7134 1067.2891 138.17288
120919.914 90.07531 5979.9067 1076.71 138.11061
120929.336 90.07531 5959.453 1131.3945 138.11061
120991.24 90.07531 5952.2295 1159.7236 138.11061
120858.49 90.07531 5952.5034 1061.7568 138.11061
120847.8 106.63748 6009.364 950.60986 138.11061
120511.46 97.73918 6049.9077 892.45166 140.37236
121120.94 97.73918 6041.388 933.70654 140.37236
121311.25 106.63748 6060.6704 909.7793 140.93756
120914.77 106.63748 6032.295 908.9956 140.37236
121358.7 106.63748 5999.5527 982.7549 140.37236
122084.19 108.35525 5996.427 1099.3066 138.6243
122210.37 108.35525 5977.873 1118.9648 138.6243
121627.445 118.5061 5871.554 1135.1396 139.24025
121683.695 118.5061 5882.5205 1139.9854 138.50993
122193.9 118.5061 5993.231 1059.1494 140.47026
121444.336 89.28175 6009.2896 982.79785 140.47026
121640.83 89.28175 6036.632 974.1841 140.52466
121518.33 107.6083 6027.552 970.22754 140.52466
121509.22 111.52749 5911.7793 1175.7129 138.24129
120517.805 109.8703 5910.285 1107.706 138.24129
121142.586 122.03947 5973.047 1083.2456 138.50993
121635.445 109.85083 5999.844 1019.0298 138.50993
122705.0 109.85083 6014.899 1041.2959 140.73134
123517.94 107.6083 6036.943 1020.2578 140.88008
124196.35 113.86842 5999.6523 1097.3091 140.88008
124239.76 113.86842 5973.7573 1182.5308 140.88008
124219.445 113.86842 5965.652 1145.044 140.77545
123819.64 105.74832 5979.565 1168.1562 140.77545
123599.97 105.74832 5927.548 1117.3232 140.77545
122063.586 118.35303 5940.87 1033.5498 140.37236
122113.68 118.35303 5924.9644 1031.5098 140.77545
122812.195 118.35303 5919.2246 1077.9312 140.37236
122235.266 113.86842 5939.222 1017.8799 138.8906
122266.555 113.86842 5928.8994 998.7949 139.62997
121686.54 109.91685 5957.1494 947.72314 139.62997
121773.09 109.91685 5986.0703 972.9292 139.62997
121826.805 97.73918 5979.7563 972.6997 139.69392
121935.15 97.73918 5947.1055 978.10547 139.69392
121981.26 97.73918 5929.146 1012.4214 139.69392
122267.12 97.73918 5938.991 1017.50146 139.69392
122621.48 97.73918 5943.0654 1052.5771 139.69392
122288.805 97.73918 5954.199 1056.3184 139.69392
122381.26 97.73918 5958.8745 1052.1826 140.2344
122737.8 97.73918 5960.4624 1056.6191 140.2344
122514.73 97.73918 5989.4487 1060.1641 140.2344
122462.82 97.73918 5979.2593 1057.0854 140.2344
122777.72 97.73918 5987.044 1118.2505 140.2344
121962.25 109.91685 5943.427 1107.8403 139.24025
122304.42 109.91685 5955.609 1114.0957 139.24025
122070.375 109.91685 5946.7905 1111.8237 139.24025
122057.35 109.91685 5954.249 1112.7637 139.24025
122828.43 97.73918 5942.3267 1157.7573 138.94272
122842.76 97.73918 5938.0234 1191.189 138.94272
121932.14 109.91685 5943.815 1105.6577 138.50993
122748.66 109.91685 5972.222 1131.2261 138.17288
123369.195 109.91685 5970.8013 1132.6084 139.24025
123379.03 109.91685 5963.9316 1131.1509 139.24025
122840.39 114.79426 5922.708 1193.9106 139.69392
122770.8 114.79426 5938.3696 1147.7295 139.69392
122290.57 119.84846 5925.364 1131.4336 139.69392
121832.42 120.36837 5914.533 1156.813 139.69392
122365.53 123.7683 5923.034 1165.7202 139.69392
121813.25 123.7683 5942.621 1120.0347 139.69392
121823.21 122.27695 5896.7246 1160.127 137.90938
121503.07 122.27695 5894.141 1136.7998 137.90938
121581.79 122.27695 5881.8477 1170.7529 137.52379
120994.4 97.73918 5821.383 1163.2593 137.52379
119611.43 121.91413 5667.009 1292.8726 137.49902
120272.64 109.91685 5724.9937 1214.0015 137.49902
119023.23 109.91685 5689.602 1189.125 135.50793
119120.22 114.00703 5682.4536 1233.396 135.50793
119202.42 114.00703 5663.1255 1253.2759 137.06001
118742.32 114.00703 5684.7144 1243.8892 137.06001
119232.75 114.00703 5714.921 1281.353 135.50793
119632.94 114.00703 5726.1123 1319.0791 135.50793
119596.7 114.00703 5697.5366 1286.8809 135.50793
120037.65 99.11452 5725.9375 1270.8599 135.50793
120097.11 99.11452 5709.4375 1317.1045 135.50793
120947.445 110.24434 5724.2456 1252.4673 137.49902
120906.29 110.24434 5743.588 1242.8789 137.49902
120691.414 99.06207 5747.3164 1241.7085 137.49902
120813.59 110.24434 5754.204 1259.0796 137.49902
121623.3 113.86264 5772.344 1262.4673 137.49902
121590.59 113.86264 5779.063 1287.6201 137.49902
122141.5 118.5061 5780.9463 1296.272 137.49902
122247.336 118.5061 5840.8013 1205.5591 138.17288
122494.4 122.03947 5853.8228 1206.2651 138.17288
122196.664 123.17925 5848.6226 1210.564 138.17288
122711.59 123.17925 5871.959 1216.3203 138.17288
123629.7 123.66485 5944.128 1146.5552 141.64827
122806.18 123.66485 5893.049 1225.4927 140.52466
122792.92 123.66485 5879.123 1214.2212 140.52466
122034.68 123.66485 5940.4297 1105.7603 140.31827
121837.27 123.66485 5928.4424 1203.0093 138.65323
121910.0 123.66485 5919.707 1173.4814 138.67992
121483.69 123.66485 5919.5024 1114.708 138.67992
121665.23 113.14942 5929.93 1135.1279 138.67992
121807.94 113.14942 5908.4707 1159.6431 138.67992
121727.414 113.14942 5892.497 1102.0693 138.67992
121954.4 97.73918 5903.6865 1058.3579 138.65323
122082.48 95.74289 5954.0005 1079.8267 138.50993
122377.87 95.74289 5893.347 1095.8003 138.50993
122481.016 97.73918 5890.321 1122.8374 138.50993
121291.484 123.66485 5839.4004 1172.5742 138.65323
121020.93 123.66485 5793.8374 1167.7881 138.65323
120662.61 123.66485 5795.491 1132.7983 138.50993
119832.805 123.66485 5788.2246 1096.2183 138.50993
119164.945 123.7683 5805.5425 1050.1729 138.50993
119097.18 123.7683 5808.6353 1089.6733 139.69392
118655.875 123.7683 5782.9893 1046.9355 139.69392
119083.76 123.7683 5825.8335 1073.3394 139.69392
118912.24 122.75108 5830.7637 1108.6826 138.65323
119051.45 119.68896 5852.9517 1068.998 138.65323
118351.1 115.48722 5830.5825 1056.4395 138.65323
116862.05 115.48722 5708.737 1077.0356 138.11061
119037.22 119.68896 5868.177 1057.2495 138.48296
119407.92 119.68896 5867.1265 1074.1108 138.48296
119310.34 119.68896 5866.355 1073.6533 138.48296
119019.305 118.5061 5857.757 1077.0776 138.11061
119621.734 121.16368 5860.787 1068.7749 139.2714
120004.91 121.16368 5884.7554 1080.3809 138.11061
119858.81 114.53787 5866.614 1053.2515 138.11061
119519.25 114.53787 5894.781 1017.4453 138.94272
119610.06 114.53787 5919.4014 1030.7393 138.94272
120027.34 114.53787 5920.092 1044.044 138.94272
120457.67 114.53787 5884.7583 1099.9502 138.11061
120641.09 114.53787 5887.039 1106.7217 138.11061
120867.43 114.53787 5900.838 1118.9897 138.11061
120877.695 114.53787 5903.232 1124.5171 138.11061
121378.99 121.16368 5902.7026 1125.169 138.11061
121598.49 123.17925 5905.541 1143.0371 138.11061
121960.53 109.8703 5966.9243 1066.31 138.50993
121869.984 109.8703 5990.6147 1073.8799 138.50993
121430.695 109.8703 5973.4287 1052.124 138.50993
121031.64 109.8703 5983.0483 1026.6025 138.50993
121147.125 109.8703 5986.4126 1034.1895 138.50993
121814.445 109.8703 5972.5933 1092.5776 138.48296
121911.48 109.85083 5987.9277 1082.9731 138.48296
121927.34 120.37168 6007.357 1075.5493 140.37236
121590.49 120.37168 6036.6533 1064.6416 140.37236
121084.914 120.37168 6038.9126 1054.5 140.37236
121314.79 120.34402 6041.503 1068.06 140.37236
121626.36 120.34402 6036.287 1086.6934 140.78745
122496.83 120.34402 6002.258 1051.0654 140.78745
123301.516 123.13239 5981.9595 1100.9878 140.78745
123572.54 122.96712 6058.7954 1039.9102 142.94357
123363.87 122.96712 6057.3804 998.3086 142.94357
123206.92 122.96712 6088.2876 949.82715 142.94357
122480.57 122.96712 6022.4346 1003.70557 142.50319
121751.72 114.01379 6093.079 971.69336 140.77545
122284.11 114.01379 6079.597 989.0913 140.77545
122397.695 114.01379 6102.8496 992.4658 140.77545
123709.11 97.73918 6115.3315 1094.3262 140.77843
123753.49 97.73918 6109.803 1094.0166 140.77545
123838.78 97.73918 6087.597 1121.1104 140.47026
123350.24 97.73918 6119.376 1078.6885 140.47026
123111.984 97.73918 6088.0103 1064.499 140.31827
123003.98 97.73918 6121.4805 1083.3647 140.31827
123076.484 97.73918 6135.9067 1038.0928 140.37236
122949.91 113.86264 6028.757 1091.7964 140.37236
122404.95 113.86264 6052.986 1073.5088 140.37236
122338.2 113.86264 6024.1553 1022.2705 140.37236
121914.83 108.35525 6063.5073 995.8579 140.37236
122982.734 108.35525 6054.19 1038.0044 140.37236
123514.49 107.81284 6061.3906 1052.5977 140.37236
122827.125 107.81284 6098.247 1003.8701 140.37236
123282.195 106.63748 6123.9663 1000.7627 140.37236
128501.46 126.97676 6608.146 750.99805 149.67123
128403.16 126.97676 6576.9087 751.1738 147.45378
128314.51 126.97676 6578.4897 715.9844 148.78528
128162.29 126.97676 6557.6978 710.6948 148.78528
128043.37 126.97676 6577.8247 691.4409 154.63593
127611.99 128.94336 6421.2676 814.1924 148.81927
127041.92 128.94336 6430.68 843.0635 148.81927
126579.18 128.94336 6417.8613 793.73096 148.81927
126187.37 128.94336 6284.2334 896.4697 147.45378
126256.77 128.94336 6303.5156 934.1831 147.45378
125729.38 129.3894 6305.3276 902.11914 147.45378
125248.04 128.22133 6301.305 899.70996 145.23488
124728.25 128.22133 6288.702 869.20166 145.23488
124078.914 128.22133 6304.7915 853.14307 146.21553
122541.82 128.22133 6230.23 859.3862 143.92137
122974.61 128.22133 6234.344 942.7583 143.92137
122718.42 128.22133 6265.4517 882.5864 143.92137
123255.62 128.22133 6284.9326 831.9624 144.92934
123412.22 128.22133 6231.503 911.51025 143.92137
123405.266 126.53001 6270.178 854.59375 143.92137
123407.695 126.53001 6284.197 850.64014 143.99704
123292.84 126.53001 6254.3804 844.3252 143.99704
123648.4 128.13597 6218.563 864.3037 143.99704
123734.43 128.13597 6220.2993 894.6377 143.99704
124123.3 128.13597 6231.4683 947.0044 143.99704
124561.02 128.13597 6221.074 988.45557 143.99704
124551.58 128.13597 6226.518 973.2529 143.99704
124632.57 128.13597 6191.217 992.45215 143.99704
124402.52 129.3894 6187.23 980.48096 143.99704
123689.86 129.3894 6172.365 935.3047 143.99704
123650.72 128.94336 6190.5205 946.3716 143.99704
123636.25 128.94336 6188.632 906.29297 143.99704
123593.13 125.08518 6223.2075 900.59863 143.99704
124197.21 125.08518 6233.118 915.2129 143.99704
124732.82 123.24324 6242.836 881.16113 143.99704
125785.195 123.24324 6344.623 820.46875 144.68129
125480.695 118.98245 6371.372 768.32666 144.68129
124171.48 113.86264 6324.296 670.6001 144.68129
123938.82 113.86842 6302.4727 691.3457 144.68129
124910.53 113.86842 6443.3394 590.978 145.23488
125362.81 113.86842 6415.732 695.3921 145.23488
125006.36 113.86842 6387.8984 661.11523 145.23488
125001.32 113.86842 6388.596 676.3076 145.23488
125158.87 118.35303 6370.367 680.3447 145.23488
125358.516 118.35303 6410.8315 631.4741 147.21472
125484.27 118.35303 6413.8076 642.041 146.46162
124972.84 118.35303 6390.09 638.5547 145.23488
125281.44 118.35303 6401.729 694.2412 145.23488
124888.484 118.35303 6387.269 705.1636 145.15428
125379.914 118.35303 6421.754 645.646 147.21472
125396.64 118.35303 6415.8833 678.5298 146.3265
126189.57 106.63748 6517.4863 632.6128 146.3265
126097.61 106.63748 6503.811 635.1162 146.2289
125971.35 106.63748 6480.285 722.91943 145.23488
125189.555 106.63748 6473.8145 693.71436 145.23488
125185.27 106.63748 6471.3677 644.21387 144.8994
125157.234 106.63748 6478.699 619.71094 144.175
126022.13 107.81284 6469.2505 759.22266 144.8994
125642.24 121.98328 6410.8735 799.33496 143.78625
125156.664 121.98328 6415.138 788.397 144.8994
125017.14 121.98328 6427.998 797.2593 145.23488
125000.8 121.98328 6417.547 792.67773 145.23488
125079.1 121.98328 6416.957 746.78906 145.23488
124873.375 121.98328 6421.117 765.71094 145.23488
124676.09 121.98328 6433.397 672.001 145.23488
124518.93 115.48722 6381.393 740.9541 144.68129
124691.95 115.48722 6428.8525 698.417 145.23488
124320.08 115.48722 6409.888 699.5322 144.68129
124678.28 115.48722 6374.7256 749.26953 143.99704
124832.516 115.48722 6372.4473 753.08203 144.175
125015.945 109.85083 6385.961 741.2715 143.99704
125085.67 88.37653 6466.127 666.4546 143.99704
125275.016 88.37653 6461.0522 727.47705 143.99704
125255.914 109.85083 6470.083 727.9512 146.26637
124446.58 113.86264 6443.1 745.1133 144.98566
125492.12 113.14942 6468.5327 690.5874 144.175
125443.29 113.14942 6456.317 679.98096 144.175
125375.87 113.14942 6444.797 673.0615 144.175
125067.44 113.14942 6386.6094 748.67236 142.9814
125350.625 113.14942 6340.956 805.416 142.9814
125944.91 109.85083 6404.0625 761.7788 142.9814
126309.66 109.85083 6431.9253 758.9214 144.175
126482.7 109.85083 6473.224 779.2739 143.58823
126073.195 97.73918 6473.82 731.6553 143.58823
125875.36 113.14942 6448.0405 759.2573 143.0047
125678.85 113.14942 6434.9595 747.56396 144.02881
125532.84 115.48722 6420.0625 768.6201 143.06737
125340.09 115.48722 6418.9893 756.7378 143.06737
124726.445 115.48722 6347.4863 845.23926 142.87886
125243.72 109.85083 6401.9365 789.1709 142.87886
124813.04 113.14942 6382.197 776.1094 142.87886
125027.125 114.52965 6379.355 789.52344 142.87886
124985.14 114.52965 6406.0557 780.7793 142.87886
125008.164 114.52965 6397.675 789.61914 142.87886
124807.28 114.52965 6390.9155 765.59766 142.94873
124425.42 114.52965 6404.4634 735.1543 142.87886
124666.77 122.75108 6422.4766 763.6323 142.87886
124446.88 122.75108 6256.3325 927.41406 142.58266
123610.766 122.75108 6190.879 904.04834 142.58266
123789.19 106.63748 6325.4214 964.58057 142.50319
122812.12 119.58932 6223.843 883.5669 142.50557
122680.18 125.58012 6195.9414 889.58057 143.4619
122923.83 125.58012 6154.6987 1001.8345 142.50557
122643.59 108.28049 6182.055 846.12695 142.50557
122653.336 108.28049 6174.5967 861.5293 142.50557
123392.15 109.85083 6195.7 880.6924 142.50557
124579.8 121.71368 6302.0386 885.40283 141.46008
124742.45 121.71368 6288.1523 921.4712 142.94437
125607.9 97.73918 6388.3984 768.1919 142.94437
125515.73 97.73918 6431.5513 783.2168 140.78745
125185.54 97.73918 6426.783 765.99023 140.78745
124899.984 124.68573 6180.804 1050.3687 142.19215
124937.62 116.42385 6215.8965 1044.6328 142.9661
124949.086 115.48722 6207.7246 1048.4082 142.9661
124915.49 115.48722 6223.861 1042.834 142.19215
125375.78 115.48722 6207.7446 1055.8867 142.19215
124857.18 115.48722 6203.2563 1032.6499 142.19215
124635.914 120.34402 6145.781 1048.6606 141.54433
124870.11 112.88219 6222.409 1025.665 142.11165
124665.984 112.88219 6235.9766 1022.2783 142.11165
124664.66 120.34402 6197.8633 1051.6328 141.54433
124853.766 120.34402 6204.7715 1061.4048 141.54433
125142.33 118.27859 6201.4385 999.18896 142.19215
124707.97 118.27859 6204.6 982.2988 142.19215
125360.93 120.34402 6202.45 983.3965 142.9661
124774.945 120.34402 6171.5137 968.791 142.9661
124131.555 120.34402 5962.327 1240.7544 140.78745
124165.97 120.07763 5885.8364 1285.7573 138.50993
123881.82 97.73918 5934.34 1178.9146 140.37236
124138.77 97.73918 5929.9624 1197.6118 140.73134
123806.12 118.98245 5964.736 1183.1323 140.37236
123880.914 110.83502 5962.18 1180.6206 140.37236
123489.86 107.97795 5956.9688 1148.2524 140.47026
123957.61 107.97795 5989.089 1257.7935 140.77843
124094.99 107.97795 5970.203 1229.3589 140.77843
123770.805 107.97795 5978.4453 1210.0142 140.47026
123866.6 107.97795 5968.306 1224.5947 140.47026
124207.06 107.97795 5953.9014 1270.5088 140.47026
124424.79 107.97795 5938.9185 1251.3442 140.37236
123761.914 107.97795 5968.6143 1197.9819 140.37236
123988.8 107.97795 5959.086 1211.167 140.37236
123883.68 107.97795 5976.1436 1159.4819 140.76448
123635.43 107.97795 5999.1123 1167.626 140.37236
123514.53 107.97795 5990.8457 1150.6997 140.37236
123743.53 107.97795 5969.9194 1167.3115 140.37236
124302.74 107.97795 5936.091 1227.2119 140.37236
123578.516 107.97795 5922.844 1199.9487 138.94272
122490.47 107.97795 5581.6934 1511.5693 137.73598
122673.375 106.63748 5617.655 1521.5181 137.73598
122311.16 99.68277 5592.475 1446.8887 137.73598
122149.625 106.63748 5649.296 1412.8179 137.73598
122220.734 106.63748 5651.908 1424.0562 137.73598
122465.91 106.63748 5640.604 1464.7339 137.73598
122557.42 106.63748 5627.289 1451.415 137.73598
122859.36 95.74289 5636.4077 1454.8604 137.73598
122709.2 88.37653 5657.516 1396.4966 137.73598
123058.35 88.37653 5668.3394 1402.8467 137.73598
123699.56 88.37653 5886.976 1235.7095 139.16159
123803.66 88.37653 5882.647 1237.9204 139.16159
122948.46 104.85193 5885.7246 1146.3828 138.50993
123195.24 104.85193 5866.362 1195.9048 138.50993
122887.25 104.85193 5885.9497 1191.2622 138.21902
123211.92 104.85193 5915.675 1269.7461 138.17288
122944.086 104.85193 5881.5615 1262.9727 138.17288
123168.56 107.81284 5888.8237 1275.5396 138.17288
123266.84 107.81284 5929.005 1244.4814 138.21902
122787.59 107.81284 5921.2554 1231.1265 138.21902
123404.3 106.63748 5930.462 1242.1831 138.21902
123396.75 106.63748 5914.622 1214.1445 138.50993
123201.7 107.80138 5927.118 1218.6782 138.50993
124172.12 106.63748 5923.151 1239.9014 138.50993
125209.2 106.63748 5964.864 1317.73 140.52466
124767.18 106.63748 5938.7417 1300.8042 140.37236
124582.0 106.63748 5948.2266 1222.4048 140.37236
124791.96 106.63748 5926.634 1250.0161 140.37236
124916.67 106.63748 5951.935 1202.3755 142.07852
124348.14 106.63748 5911.6094 1190.605 140.37236
123831.71 106.63748 5970.311 1131.7651 140.77545
123923.81 106.63748 5968.229 1185.3276 140.77545
123668.25 106.63748 5967.9893 1190.231 139.4567
123229.27 111.27056 5930.1855 1192.9526 139.4567
123676.86 109.89557 5867.6763 1219.1309 139.4567
123675.34 109.89557 5839.6816 1297.6572 138.21902
123804.84 109.89557 5847.683 1278.8921 138.50993
123807.9 107.81284 5870.0146 1231.585 138.50993
124005.19 107.81284 5891.847 1261.9067 138.50993
123676.14 111.27056 5892.6714 1319.4492 138.50993
123700.98 116.87633 5887.196 1303.0059 138.50993
123803.17 120.89301 5877.823 1234.2021 138.50993
123641.61 120.89301 5913.7974 1196.0137 138.21902
123487.234 123.24324 5905.267 1218.5928 138.21902
123181.91 123.24324 5922.51 1178.7173 138.50993
123203.79 123.24324 5943.892 1173.292 140.37236
123408.35 123.24324 5911.5576 1210.8291 140.37236
122782.56 123.7683 5866.1436 1216.9341 140.37236
123544.71 123.81409 5888.1587 1236.8779 140.37236
122990.43 123.81409 5885.395 1220.1348 142.04971
123014.586 123.81409 5898.7837 1226.2178 140.37236
122264.695 123.81409 5860.7515 1239.1816 139.77237
120002.96 124.45641 5817.916 1159.2925 139.77237
119488.3 124.45641 5833.331 1149.5376 139.77237
119370.99 124.45641 5814.484 1123.4819 138.50993
119455.98 123.66485 5811.7983 1122.79 138.50993
119817.984 123.66485 5831.6177 1158.4517 138.50993
120925.07 123.66485 5833.097 1207.5645 138.48296
120751.41 123.66485 5768.558 1152.8813 138.21902
120853.07 123.66485 5747.13 1200.269 138.21902
120942.32 123.66485 5758.392 1222.0503 138.21902
120811.445 123.66485 5760.956 1230.3818 138.43167
121055.47 123.66485 5788.8755 1248.9883 138.43167
121508.86 123.66485 5818.5737 1274.8726 138.43167
121227.77 123.66485 5805.808 1264.8228 138.43167
120699.55 126.97676 5806.4414 1221.916 140.00764
121494.195 128.13597 5839.35 1245.8452 140.70695
121586.734 126.53001 5895.8 1217.5483 140.31827
121810.414 126.53001 5887.6167 1212.6558 140.31827
119720.76 123.81409 5877.2485 1063.5293 142.04971
123694.8 126.97676 5929.8125 1275.6567 140.37236
123812.664 126.97676 5924.379 1262.877 140.00764
123788.75 126.97676 5927.8735 1275.2568 140.00764
122681.95 125.12571 5963.4 1118.9268 140.00764
122859.53 125.12571 5970.1245 1145.9502 142.04971
122875.29 115.48722 5985.469 1157.9551 140.31827
122996.57 115.48722 5943.8677 1138.145 140.31827
123207.91 115.48722 5950.5474 1142.6108 140.31827
123045.79 118.98245 5916.161 1154.5791 140.31827
122986.91 118.98245 5929.249 1157.2183 140.31827
122911.79 118.98245 5934.4165 1168.5879 140.31827
123460.96 118.98245 5935.783 1173.6548 140.00764
123503.78 113.86842 5911.9336 1192.4614 140.00764
122861.25 113.86842 5921.697 1160.3809 140.00764
122904.56 113.86842 5914.5605 1167.6821 140.00764
122759.83 110.83502 5945.3975 1139.7339 140.00764
122730.59 110.83502 5945.977 1119.688 140.00764
123276.586 110.83502 5940.544 1143.5288 140.37057
122773.8 113.86842 5958.1045 1146.312 140.00764
122888.41 113.86842 5953.663 1183.2026 140.00764
122850.73 113.86842 5971.0107 1190.6973 140.00764
123861.48 97.73918 5958.7793 1202.6265 140.00764
123883.84 90.07531 5970.091 1182.8965 140.00764
123916.336 90.07531 5948.3306 1214.6025 140.00764
124234.1 90.07531 5920.8125 1243.2051 140.00764
124182.266 90.07531 5935.759 1231.0361 140.00764
124592.32 97.73918 5925.6763 1268.0112 140.00764
124555.77 97.73918 5938.8984 1250.2056 140.00764
124111.65 97.73918 5951.0625 1271.1494 140.37236
124020.82 97.73918 5961.6816 1263.168 140.37236
124029.01 97.73918 5956.8857 1276.6328 140.37236
123834.87 113.86842 5973.2974 1291.0591 140.37236
123872.586 113.86842 5954.122 1299.29 140.37236
123905.61 113.86842 5944.456 1332.0356 140.47026
124237.54 123.24324 5915.051 1393.6108 140.47026
124666.99 122.43136 5912.0 1424.3584 140.47026
124331.9 122.27695 5926.744 1278.2959 140.47026
124515.64 122.27695 5929.7725 1324.4512 140.47026
124354.14 119.24809 5902.3037 1258.229 140.72095
123820.72 119.24809 5916.0854 1234.5825 140.72095
123656.62 119.24809 5920.419 1239.2168 140.72095
123557.766 122.27695 5928.5347 1225.2178 140.47026
123340.47 122.27695 5932.7705 1245.6875 140.47026
123373.68 122.99271 5945.2876 1294.333 140.47026
123270.26 122.99271 5926.3438 1238.706 140.47026
123628.97 123.24324 5922.2324 1232.1074 140.47026
123669.55 122.43136 5901.6924 1240.6494 140.47026
124671.96 122.43136 5896.859 1279.2788 139.69392
124092.16 122.43136 5886.5195 1227.3027 139.69392
123713.195 123.24324 5895.0586 1271.167 139.69392
123819.82 123.17925 5900.5205 1251.602 139.69392
124004.03 123.17925 5889.743 1265.0771 139.69392
124125.28 128.13597 5898.76 1242.2441 141.02664
123663.805 128.35048 5903.2427 1234.979 141.02664
123777.75 128.35048 5878.098 1256.1074 142.14322
124323.58 128.35048 5877.9834 1264.2114 142.14322
124632.22 126.26455 5902.036 1279.3467 142.14322
125050.41 128.35048 5892.7656 1325.8428 143.1318
124730.76 127.87119 5914.717 1270.0015 143.1318
124493.29 127.87119 5912.897 1252.6836 140.87128
124252.46 123.24324 5938.3823 1212.9468 141.02664
123751.4 127.87119 5913.0815 1266.7168 142.49384
122934.125 128.35048 5858.0327 1316.5874 140.87128
123996.3 128.22133 5923.866 1219.2612 142.87712
123758.7 128.22133 5925.432 1195.7017 143.92137
123761.61 128.22133 5922.7163 1202.7402 142.87712
123770.53 126.82869 5918.4624 1215.7593 142.87712
122844.65 128.22133 5909.874 1138.9956 140.87128
123043.74 123.24324 5947.9224 1094.3633 140.87128
123225.82 123.24324 5959.887 1156.7588 140.87128
122833.93 123.24324 5948.3193 1135.8389 140.87128
123600.055 123.24324 5966.1265 1181.3691 140.95644
124141.96 123.24324 5981.0938 1194.6562 140.87128
123958.984 113.93409 5949.1807 1185.4741 140.87128
123835.41 113.93409 5966.2803 1166.6523 140.87128
123880.13 113.93409 5949.975 1193.1904 140.87128
124016.12 113.93409 5946.8403 1184.6582 140.87128
124252.84 123.24324 5950.62 1227.31 140.87128
124655.47 123.24324 5986.6826 1236.8623 140.87128
124251.37 123.24324 5980.385 1227.9448 140.87128
123813.13 123.24324 5963.138 1169.1768 140.87128
123419.91 123.24324 5952.5117 1157.0459 140.87128
123579.93 123.24324 5939.3486 1121.4116 140.87128
123256.45 123.24324 5946.0747 1101.2808 140.87128
122592.984 123.24324 5930.8164 1072.6875 141.54433
121978.414 123.24324 5905.215 1053.1357 140.87128
121792.41 123.24324 5914.2866 1062.5176 140.87128
121576.805 123.24324 5943.7075 1037.5645 140.87128
121319.695 123.24324 5918.104 1022.605 140.87128
122002.766 123.52054 5900.336 1089.1909 140.37236
121695.16 120.65498 5912.3345 1070.1162 140.37236
121906.9 120.65498 5915.793 1082.0938 140.00764
122677.6 120.65498 5927.34 1112.248 140.00764
122273.11 120.65498 5923.6494 1106.4536 140.00764
121971.61 113.93409 5976.078 1026.2051 140.00764
121563.19 113.93409 5979.235 1030.5156 140.00764
121373.78 110.83502 5983.5767 1064.5522 140.00764
121627.81 110.83502 5981.5015 1078.5117 140.00764
122281.81 110.83502 5981.294 1187.0508 140.00764
122893.37 110.83502 5971.2505 1160.7593 140.00764
122782.52 110.83502 5946.9487 1149.8896 140.00764
122781.375 110.83502 5957.0654 1152.3271 140.00764
122241.195 110.83502 5968.6963 1156.875 140.00764
121713.37 110.83502 5953.567 1231.2163 138.50993
121646.69 110.83502 5959.116 1192.1724 139.62997
122532.46 113.93409 5937.52 1191.8848 138.50993
122694.47 113.86264 5928.0547 1189.2241 138.50993
122181.01 113.93409 5908.329 1178.3901 138.50993
122227.65 125.60949 5882.776 1192.5078 138.50993
121815.66 125.60949 5933.386 1241.273 138.50993
122618.8 125.60949 5939.066 1250.5566 138.50993
122072.125 125.60949 5949.57 1220.6328 141.99377
122126.25 125.60949 5945.7437 1216.9253 141.99377
122080.94 125.60949 5929.0894 1205.6582 141.99377
121845.22 120.89301 5939.582 1207.5322 138.50993
121146.305 120.89301 5942.4663 1216.6357 138.50993
120953.76 126.11225 5959.3022 1216.1938 138.50993
120659.2 127.5576 5916.8926 1162.1914 138.50993
120855.23 127.5576 5895.0024 1133.4688 140.37236
120421.86 123.17925 5931.101 1036.9907 140.37236
120552.51 123.17925 5906.2803 1083.0312 140.37236
