7386.3384 5.80426 829.2373 298.65027 30.77288
7316.9023 9.09407 820.95087 319.8188 26.77596
7634.4272 4.3254 912.8624 187.28003 38.50505
7642.2734 6.03521 920.085 215.99823 38.50505
7541.407 4.3254 845.9518 267.27966 29.28648
7636.648 6.82983 922.35175 208.11798 38.33129
6548.7163 19.99211 701.2002 414.2379 29.36699
6525.0693 18.37289 651.6369 399.6541 29.36699
7096.9585 8.66173 817.51733 247.65308 27.62561
7005.626 9.09407 802.28827 227.01642 27.62561
6245.335 3.6656 716.0534 208.42389 27.26857
6842.367 10.47395 813.9399 225.77838 25.17749
6834.5576 12.2174 806.13 229.71423 26.88716
6532.5396 13.25628 726.46326 282.55713 22.6624
6498.2676 12.69145 729.7351 247.79291 22.6624
6451.277 13.97221 642.1014 400.8963 19.35933
6295.457 12.85446 710.37384 309.19568 20.64232
6550.1304 14.09013 681.5712 375.5816 20.64232
6636.043 9.16953 678.10333 419.56915 20.64232
6628.578 9.16953 680.19135 386.4107 20.29102
6544.7485 8.79305 670.2767 371.81122 20.79233
6476.2173 4.13811 695.3129 364.52826 19.50135
6408.8374 15.36034 688.6126 356.21503 19.85449
6349.6045 6.82983 694.1867 373.42914 19.50135
6362.4546 12.69145 692.07684 375.95367 19.50135
6686.047 15.36034 698.01746 416.36243 22.6624
6697.7017 9.45388 719.3079 374.42596 22.63494
6194.9434 3.11481 689.23303 262.998 20.47737
6394.7 3.11481 724.38293 268.5 20.82905
6577.8833 10.24273 713.4903 260.80798 23.49004
6674.8696 10.24273 690.8221 307.33252 21.85575
7248.453 3.41494 891.8487 237.97528 33.09188
6991.9805 3.41494 837.1108 188.4295 30.79455
7228.8193 9.08314 863.76917 226.8114 30.40059
6945.986 12.56759 776.8155 290.22174 30.40059
6771.1123 9.45388 757.1665 332.66187 23.49004
6504.5825 5.27439 745.9732 246.02704 23.49004
6484.6646 5.27439 739.9401 246.23737 22.69691
6440.8174 5.27439 736.46454 246.22064 22.69691
6540.6147 5.27439 713.262 230.64124 24.7394
6436.284 5.27439 728.808 262.41962 21.85575
6184.782 5.27439 707.0494 254.76813 21.85575
6313.4907 8.66173 720.38403 262.7495 21.85575
6350.5215 8.66173 703.8239 246.0105 21.85575
6384.201 8.66173 730.8748 290.77814 21.85575
6360.6147 14.55034 723.8402 292.88098 21.85575
6623.3125 14.55034 748.8799 317.80994 27.36176
6555.5083 14.88415 736.0718 270.24463 24.81566
6674.0776 16.28759 748.11993 283.56488 25.17749
6726.5044 16.55372 737.39056 366.97638 25.17749
6971.4785 14.55034 733.093 376.76343 26.1624
6870.346 14.55034 748.5873 327.2069 26.21495
6723.034 5.80426 728.60925 270.32556 22.6624
6608.9956 8.4868 727.7725 287.25708 22.6624
6410.4595 8.4868 692.2986 307.3745 20.79233
6355.3643 8.4868 687.1649 328.30078 20.47737
6192.589 10.47395 683.8762 285.1089 20.47737
6192.045 11.08703 668.0514 329.17645 20.47737
6189.926 11.08703 690.7942 287.5865 20.47737
6485.321 11.08703 768.018 201.49377 30.40059
6434.856 11.08703 737.47797 218.54865 22.6857
6332.393 12.2174 731.52893 214.02301 28.45527
6770.662 10.98809 741.95056 461.28442 22.6857
6608.3877 10.98809 718.9868 269.46472 23.49004
6816.548 10.83634 770.48816 249.37408 24.65902
6695.4414 4.13811 800.8517 232.30713 24.65902
6683.5996 4.13811 802.1331 227.72589 24.65902
6609.37 9.45388 756.0636 264.4455 23.49004
6491.858 9.45388 747.6 245.71558 23.49004
6618.812 9.45388 746.6415 284.20227 23.49004
6500.9727 9.45388 758.12866 224.93713 28.07888
6451.6387 9.45388 757.0633 272.84064 23.49004
6433.798 9.45388 749.5047 213.9013 29.36699
6590.502 9.09407 730.67065 308.76965 22.91576
6927.3223 9.09407 784.0924 270.50305 23.49004
6935.555 9.09407 778.6627 265.10486 23.49004
6881.414 9.08314 786.36707 339.8479 23.49004
6507.741 15.3043 728.3053 345.87976 22.91576
6894.7007 13.81957 759.15314 333.9477 23.03474
7192.399 6.03521 791.8768 299.33295 25.31491
6866.895 6.03521 731.56805 449.8869 21.60812
6755.4585 6.53957 727.2632 423.13757 21.60812
6628.5845 13.96655 719.8653 300.58527 20.82905
6652.23 6.03521 712.6677 311.70166 20.82905
6529.0596 6.03521 709.7927 267.5089 20.82905
6571.013 9.45388 737.82196 296.96918 20.82905
6553.433 9.45388 739.66675 294.66577 20.82905
6451.983 6.53957 715.15955 277.99615 20.47737
6527.7915 9.11921 696.1356 342.5155 20.47737
6736.259 9.11921 734.6342 343.32916 22.6624
6748.026 9.11921 746.40356 325.281 22.6857
6663.642 9.11921 742.5086 322.70477 22.6857
6764.4897 9.09407 751.80005 319.83203 22.6857
6836.384 9.11921 775.4512 275.80103 24.7509
6857.066 12.2174 760.3816 263.8861 24.7509
6752.87 12.2174 783.422 278.4641 24.15528
6583.1934 12.62948 747.1918 325.12366 22.6857
6409.7095 6.32738 744.10547 294.23682 22.6857
6438.3877 6.32738 737.7496 255.49335 22.6857
6453.4663 6.32738 737.3822 257.34882 22.6857
6669.4595 10.47395 763.7261 336.8932 23.49004
6907.524 10.47395 792.5735 288.83142 24.15528
6802.2993 10.47395 781.23444 267.02618 24.15528
6900.808 10.47395 776.9719 248.64331 25.17749
6753.0625 10.47395 735.3037 328.1266 23.49004
6899.5596 9.08314 760.53564 253.04822 24.81566
6882.9067 8.4868 764.232 243.73212 25.17749
7246.4995 8.4868 807.2948 259.43115 26.1624
7002.6006 6.82983 781.6887 239.91644 26.1624
6984.4116 6.82983 826.7751 269.6623 25.52544
6922.065 6.82983 817.5638 266.56903 25.52544
7018.3965 6.82983 808.3058 261.9309 24.65902
7023.2354 3.41494 795.1572 274.84888 24.7394
7082.825 6.82983 814.91754 267.62396 26.1624
7235.196 9.08314 801.8239 286.98993 29.4897
7080.127 9.08314 817.10364 267.19373 27.85872
7019.7437 5.80426 803.0121 285.49023 24.56118
7128.8306 5.80426 823.95135 264.75092 28.17564
6936.839 9.09407 759.1629 356.4876 22.6857
7105.886 9.09407 791.50745 309.51575 24.65902
6914.5176 10.47395 761.70386 366.64233 23.03474
6912.773 10.47395 763.62494 364.28278 24.19617
6891.5874 4.3254 782.4232 293.21924 22.6857
7202.9424 9.09407 795.8775 368.74518 25.52544
6939.7915 9.09407 806.2963 383.14923 25.52544
6855.587 9.09407 797.574 401.57202 24.65902
6998.284 9.09407 826.6604 303.47803 27.36176
7016.179 8.25139 824.0344 315.9807 28.45995
7151.9653 6.03521 817.1672 263.98444 27.36176
7250.9688 6.03521 833.32355 319.65497 29.28648
7328.853 6.03521 832.2418 308.7478 29.28648
7166.6206 6.03521 821.7669 258.92303 27.54886
6983.933 9.08314 822.51855 264.47363 26.91926
7143.051 9.08314 824.8643 252.46161 30.19125
6877.5264 9.09407 809.40045 226.30585 26.91926
6888.3066 9.09407 833.8831 268.86688 26.91926
6887.2256 9.09407 836.4043 261.70056 27.13057
6948.381 9.09407 796.9972 247.08362 26.91926
6755.383 9.09407 795.07446 219.41418 26.91926
6794.1865 9.09407 824.72125 194.14893 30.40059
6868.627 9.09407 852.4066 194.75415 30.40059
6898.6836 8.66173 853.58105 189.06299 30.40059
7125.932 8.66173 866.99817 244.8396 30.77288
7089.917 8.66173 822.2221 223.6502 30.77288
7086.522 10.24273 814.42926 226.1341 30.77288
7206.7803 3.11481 809.9617 238.50989 30.2362
7056.214 3.11481 820.39484 231.00665 30.2362
7085.1855 3.11481 815.0426 230.66711 30.2362
6968.708 12.2174 783.7154 329.0667 30.0373
6790.3335 12.2174 770.4619 336.15625 25.17749
7113.656 11.44046 815.7434 266.04456 26.77596
6925.4043 10.47395 822.0863 290.10803 26.77596
7095.3027 10.47395 833.6554 402.8777 30.77288
7187.451 11.44046 818.956 320.29364 30.0373
6934.135 12.2174 806.7491 307.34357 30.0373
6882.486 12.2174 801.6803 306.65063 30.0373
6772.08 12.2174 774.6054 316.21198 24.15528
6785.262 12.2174 772.7862 324.08344 24.15528
6853.967 9.09407 793.78656 278.6679 25.52544
7134.62 9.09407 818.4479 255.99268 30.0373
7175.739 9.09407 797.6832 307.13342 30.0373
7135.484 9.09407 793.8898 306.81616 30.0373
7398.613 6.03521 891.24994 248.3548 34.64907
7388.3438 6.03521 881.9924 246.18768 33.09188
7188.628 6.03521 862.9909 178.91022 33.09188
7184.936 6.03521 866.49194 187.57922 33.09188
7324.983 10.47395 872.5519 191.94751 33.09188
7251.952 10.98809 846.6066 216.97943 33.09188
7221.918 10.98809 859.8811 181.13965 33.09188
7237.419 10.19582 869.1388 168.91443 34.64907
7123.672 10.98809 770.7765 257.97156 31.39647
7165.8823 9.09407 802.06274 288.58594 31.39647
7174.7334 9.09407 804.32446 291.32544 30.2279
7328.1836 8.25139 841.3723 244.61487 38.50505
7296.78 10.98809 833.9993 279.58893 38.50505
7260.724 10.98809 797.94464 287.0927 35.26114
7331.1816 10.98809 781.70166 347.74072 36.87917
7156.682 10.98809 798.053 304.0193 30.21963
7092.331 11.83952 791.0207 277.73163 29.39395
7015.321 11.83952 798.28754 268.03156 29.39395
7252.062 11.83952 798.7094 285.90875 36.54747
6973.4214 11.83952 763.17303 271.47638 24.15528
6854.6416 13.81957 728.0329 329.64154 23.21754
6881.2017 13.81957 733.5888 333.3559 26.21495
6783.6206 13.81957 750.90466 272.57153 26.21495
6642.398 16.21669 750.65216 316.66608 27.85872
6784.5635 16.21669 737.97424 284.02618 26.7055
7111.4062 16.21669 779.8637 318.2354 30.40059
6904.9834 12.6661 763.6922 316.9112 30.40059
6847.9004 12.6661 789.25946 334.86798 30.40059
6516.4146 12.6661 766.36115 234.27374 31.90742
6632.194 12.6661 775.7189 249.31372 30.40059
6884.4116 12.6661 771.6304 234.32678 30.40059
6585.057 12.6661 743.72943 285.31305 23.49004
6602.804 15.78782 748.2761 290.1996 26.31472
6751.155 16.28759 743.72784 284.85956 23.49004
6895.9326 12.2174 782.058 268.1996 30.40059
6898.9897 12.2174 778.3019 306.4939 30.40059
6917.0815 10.83634 825.3519 246.04053 30.40059
6963.382 10.47395 834.0271 243.09302 30.40059
6940.402 8.4868 795.8099 212.14362 30.40059
7112.5923 10.47395 816.0339 226.8941 30.40059
7005.707 12.62948 763.6763 290.6892 30.40059
6788.4067 15.83616 746.6804 300.04773 30.40059
6600.4756 15.83616 742.7786 253.63153 30.40059
6721.7925 15.83616 754.95654 277.6714 30.40059
6680.4937 15.3043 736.49567 282.64716 27.85872
6829.215 15.83616 761.2825 302.6134 27.85872
6681.232 13.81957 733.6571 268.89392 31.90742
6786.008 13.81957 750.6619 301.8548 24.7394
7128.958 13.81957 780.1381 358.0119 24.7394
7219.9297 9.09407 790.047 338.15137 24.7394
7015.697 9.09407 774.5613 286.14783 24.7394
7186.6704 9.09407 790.4061 290.80774 24.7394
7012.4663 5.80426 781.70514 280.3438 23.49004
7147.4165 5.80426 800.1335 255.75482 25.31491
7147.163 8.4868 809.7007 251.49646 30.3828
7094.222 8.4868 808.9914 269.99237 25.31491
7098.5166 5.92998 853.8745 311.65137 25.31491
7051.3335 8.4868 801.91644 280.58417 23.49004
6817.451 5.27439 704.1898 359.30798 22.6624
6961.871 5.27439 714.2188 380.26434 22.6624
6918.8213 5.80426 703.9066 418.83813 22.6624
6935.118 5.80426 695.5849 503.88116 22.6624
6934.948 9.09407 695.77234 497.95544 22.6624
6733.8433 9.09407 689.66907 440.8346 21.60812
6802.886 9.09407 687.6972 435.87128 21.60812
6610.136 9.09407 697.4554 408.00995 20.65559
6541.9507 9.09407 699.54785 413.01587 20.65559
6709.5464 9.09407 691.96564 358.35846 21.60812
6652.867 9.09407 693.93744 401.78058 21.60812
7408.4287 4.3254 782.79315 343.2398 28.56166
7352.192 4.3254 758.3952 342.92548 27.54886
7059.7646 4.3254 744.378 328.72552 24.54395
6958.8 4.3254 728.9428 333.26495 23.15758
6913.9307 9.09407 725.5868 336.70642 23.15758
6834.984 9.09407 715.04736 333.5675 23.15758
7351.47 9.08314 758.8096 337.8811 27.54886
6995.485 9.08314 736.70435 354.662 23.03474
7391.3154 4.3254 795.09216 325.4099 27.85872
7347.9834 4.3254 770.5889 348.1137 27.54886
7116.608 4.3254 761.1938 360.81024 24.65902
7123.3403 4.3254 745.8457 345.43738 24.65902
7123.37 4.3254 743.07465 348.86346 24.65902
7150.981 4.3254 738.88586 359.26648 24.65902
7233.413 4.3254 757.9002 334.1208 25.47872
7459.751 4.3254 767.29535 361.0678 27.54886
7413.286 9.09407 763.9986 349.64874 30.21963
7333.8145 9.09407 755.68286 360.3617 26.91926
7257.4746 3.6656 747.3573 378.3479 26.20491
7142.6846 10.98809 729.6508 421.82208 26.91926
7268.502 10.98809 837.4884 336.52246 33.09188
7184.996 12.2174 816.28687 348.2716 33.09188
7384.975 9.09407 852.65265 276.4776 33.09188
7453.52 4.3254 911.1586 218.48761 36.48998
7260.6475 6.53195 827.6137 318.41095 30.0373
7275.7417 6.53195 819.28015 297.30103 30.0373
7401.6436 9.09407 860.1607 265.4992 36.48998
7195.542 9.09407 791.8588 312.68903 30.21963
6976.798 9.09407 752.581 357.9969 24.09773
7193.52 9.08314 796.18604 292.24768 26.88716
7164.7744 5.92998 826.73193 258.25525 30.22584
7059.922 9.04912 787.5969 278.41016 24.7394
7404.3135 6.82983 785.28 362.1831 28.17564
7336.15 9.08314 763.38 358.86133 28.17564
7283.4614 9.08314 756.54535 391.30634 26.1624
7421.0723 9.08314 887.80566 265.20947 33.09188
7318.3623 9.08314 785.0948 397.87604 30.0373
7220.0073 9.08314 856.30835 265.02673 30.0373
7183.995 6.03521 828.2724 263.8172 30.21963
7093.2007 6.03521 843.12494 251.63739 30.21963
7036.8154 6.03521 829.1306 250.9159 30.21963
7090.85 3.6656 839.3532 233.21625 30.21963
7182.132 3.6656 844.20105 245.7915 30.0373
7222.272 6.03521 826.0745 245.33649 30.0373
7307.674 6.03521 854.3655 240.79443 30.40059
7021.3345 3.41494 828.2255 197.5346 30.40059
7029.9346 3.41494 848.17194 203.64972 30.40059
7253.7925 6.03521 884.7593 206.46484 30.40059
7275.0386 6.03521 879.0776 224.74481 30.40059
7077.451 6.82983 869.20715 229.91089 30.40059
6846.322 6.82983 840.26904 183.4992 30.40059
6936.7373 8.4868 834.37335 170.90137 30.40059
6886.3906 8.18716 814.25256 199.40417 29.28648
6878.871 8.18716 816.14233 199.88123 29.28648
6846.575 16.55372 709.06146 389.7646 32.67904
6764.3975 16.55372 691.69183 392.98846 25.99143
6638.517 16.55389 689.174 363.54474 23.21754
6643.791 16.55389 701.692 387.48584 26.31472
6871.2466 16.53516 755.9061 337.98535 26.20491
6818.103 16.53516 702.7632 382.9912 24.15528
6814.396 16.53516 719.0404 404.90723 25.31491
6813.109 16.53516 718.0669 361.41345 24.15528
6896.6113 14.09013 734.5373 370.5976 24.15528
6953.5093 14.09013 740.19885 370.69788 24.15528
7036.965 9.09407 746.61035 354.6256 24.15528
6463.3115 16.55372 716.7067 260.37933 20.82905
6469.943 16.55372 719.8184 273.8642 26.1624
6789.0938 16.55372 734.0284 304.94244 26.1624
6800.112 13.25628 767.9293 353.89026 25.61572
6905.96 13.25628 801.598 334.27466 33.09188
6940.44 13.25628 778.43665 306.70276 33.09188
7105.639 12.2174 830.8712 336.43408 33.09188
7214.19 11.83952 841.7567 310.125 33.09188
7099.102 11.83952 836.959 231.84119 33.09188
7089.0454 11.83952 838.7646 239.4422 30.77288
6974.983 11.83952 802.3817 275.88135 30.21963
6928.459 11.83952 784.0435 247.69672 29.28648
6694.205 11.83952 719.95825 315.6726 22.91576
6873.485 13.25628 744.16254 358.7757 22.91576
6964.8506 13.25628 753.43 362.3011 24.15528
6726.171 13.25628 763.25366 302.75122 24.15528
6788.906 13.25628 764.3978 319.05432 24.15528
6955.9478 13.25628 760.8422 415.31293 24.15528
6840.685 13.25628 787.4353 299.5133 29.2118
6870.3735 9.09407 804.06226 289.91235 24.7394
7024.799 9.09407 788.5763 313.75208 24.56118
6733.838 17.51422 742.0377 339.32605 26.77596
6597.7217 15.33938 712.74786 400.39276 23.03474
6557.142 16.21669 726.4026 355.5027 20.82905
6660.456 13.25628 716.79236 384.46387 22.63494
6815.7705 9.09407 740.9931 326.8614 22.13576
6893.951 9.09407 732.61926 380.46802 22.53264
6684.0386 6.32738 706.2665 442.24915 20.82905
6621.7827 5.92998 721.5014 397.68988 20.82905
6548.3394 7.04364 705.95 286.2956 23.21754
7013.446 3.41494 713.15216 420.66083 23.03474
6914.4395 3.41494 720.0448 341.69946 23.03474
6908.3003 9.09407 727.35657 349.52148 23.03474
6635.763 12.2174 657.27374 467.19843 22.01747
