15825.605 5.69649 560.88104 150.05298 10.16956
19341.86 6.64981 742.7285 73.8349 11.40219
19270.82 6.43661 723.671 96.22296 11.06119
19329.678 7.76015 722.42865 86.98773 11.36486
19404.932 6.03158 711.6858 114.921875 11.09009
19319.94 6.03158 730.1356 86.11542 11.249
19410.055 6.03158 708.97797 106.080444 10.99273
19298.012 6.94046 711.5752 108.80072 11.09009
18402.658 9.62341 668.3528 144.74158 10.68784
18341.88 9.82904 655.2513 144.72705 10.93481
18428.264 10.12176 643.1635 156.40906 10.12867
15723.867 5.69649 561.85645 145.22614 10.16956
15819.02 5.69649 563.34235 149.16272 10.16956
15793.618 5.69649 564.259 145.7608 10.16956
15491.471 5.22303 565.24805 146.70795 10.28397
15885.352 5.83352 542.98254 177.24811 10.10248
15863.849 5.83352 539.47174 175.50385 10.10248
15988.3 5.46718 558.5685 182.41809 9.91262
15697.899 5.91692 549.4076 155.22937 10.13558
15555.192 4.51553 544.79663 158.82635 10.08216
15539.708 4.51553 547.3061 157.93011 10.08216
16087.566 4.8621 570.4941 134.32593 10.42977
16081.478 4.8621 572.1013 136.00049 10.42977
16589.012 5.69649 586.71045 151.83167 10.60236
16064.277 6.0918 570.118 147.53522 10.55178
15508.463 5.2192 534.6942 153.65924 10.15825
15567.09 5.69649 557.15356 143.59064 10.21812
15720.201 4.33128 546.2258 173.3888 9.88281
15769.054 4.33128 546.92426 177.52966 9.88281
15387.474 6.54981 536.2076 156.26385 10.13854
15383.643 6.54981 537.65753 154.185 10.13854
15474.444 6.54981 544.9515 146.29858 10.41249
15549.29 4.12553 515.74805 179.98572 9.68091
15501.63 4.12553 518.44794 176.12231 9.68091
15730.284 6.19112 554.4838 147.2378 10.31019
15803.958 6.19112 559.6481 151.97626 10.31019
15797.631 6.19112 556.9886 149.66534 10.31019
15843.246 6.13188 572.26733 140.40198 10.31019
15933.98 6.13188 576.663 135.47375 10.5622
15727.26 6.28331 556.6538 145.36871 10.51142
15712.397 4.6744 567.15533 124.35669 10.28397
15769.194 4.6744 568.2793 124.793884 10.28397
15636.194 4.6744 571.1135 125.24487 10.33005
15611.137 4.6744 570.5856 121.42786 10.33005
15680.728 4.6744 569.5328 118.71478 10.84066
15640.024 4.6744 570.8267 117.63513 10.84066
15242.317 5.3 539.43646 149.28009 9.98248
15392.168 5.40278 550.2203 152.68976 9.8448
15383.805 4.43396 551.2317 150.0249 9.8448
15487.762 4.43396 554.29663 153.80798 9.8448
15511.569 4.43396 552.2474 150.83508 9.8448
15431.689 5.40278 536.8626 216.28711 9.79592
15412.031 5.40278 537.7999 215.4884 9.78775
16305.235 5.84551 570.62775 139.67297 10.49
16357.26 5.84551 567.5544 151.21698 10.49
16197.457 5.84551 560.6753 155.8512 10.34118
16163.841 4.90816 560.60254 155.0263 10.34118
15911.666 4.73814 565.51807 144.51074 10.20588
15690.332 5.22494 552.82904 187.03558 9.76576
15633.231 5.22494 552.1392 177.13318 9.76576
15851.926 5.38424 537.8082 198.14972 9.73756
16106.6045 6.16279 527.8801 216.8695 10.06131
15966.691 6.00333 577.2601 141.91534 10.54704
15998.996 6.00333 578.6074 143.07599 10.54704
15570.587 5.6107 564.0724 122.61078 10.94395
15566.511 5.6107 562.77844 120.779724 10.94395
15524.895 5.6107 559.01337 120.07843 10.94395
15632.837 4.41022 553.3463 151.46118 10.02048
15526.616 4.41022 551.5953 150.906 10.02048
15634.336 4.41022 553.17645 155.67474 10.07273
15560.772 3.25883 522.55945 175.53735 9.84276
16388.736 4.19643 591.2907 149.56195 10.45753
16428.125 4.19643 591.4665 152.80463 10.6372
15471.461 4.52769 549.98865 142.3501 10.13558
16048.132 6.61362 572.3761 145.70111 10.49428
16048.672 6.61362 568.8587 155.6325 10.49428
16101.641 5.9716 579.30707 147.33447 10.49238
16080.02 5.9716 579.9753 145.59723 10.49238
16124.874 5.83352 581.2847 148.13794 10.49238
16199.014 5.83352 574.5265 152.35321 10.49238
16196.999 6.04814 575.62305 152.34747 10.54988
15399.557 5.93549 543.995 146.84991 10.02347
15807.263 6.43661 550.3361 177.00989 10.10297
15738.783 6.43661 549.3019 170.54944 10.10297
15712.818 6.43661 551.5408 164.04675 10.10297
15294.998 5.26118 527.8557 141.41022 10.28397
15170.245 5.05074 547.1599 136.47845 10.1897
15422.837 6.2554 543.8607 152.83728 10.21861
16054.851 5.27541 555.4766 184.80817 9.95741
16083.77 5.27541 554.8211 180.7901 9.95741
16043.039 5.27541 550.4289 177.87305 9.95741
15888.765 5.27541 549.0771 180.13116 9.70979
15952.62 6.41716 549.3168 183.9867 9.90202
16023.238 6.41716 550.29974 187.46436 9.90202
15331.529 5.14198 555.5711 129.03552 10.32521
16076.999 6.56506 543.47577 208.25763 10.09851
15515.261 4.71699 559.7367 157.005 10.06876
16120.449 6.01747 581.31274 130.53351 10.56362
15933.051 5.71489 557.3766 169.52716 9.94937
16101.599 6.21289 566.3284 155.89148 10.40433
15424.445 4.6744 538.6055 143.18817 10.2279
15285.989 5.02295 564.70233 109.90387 10.98818
15292.094 5.02295 562.792 109.78241 10.98818
15632.572 4.45421 561.47345 121.54407 10.5176
15849.929 5.2144 569.3258 124.14868 10.78749
15833.85 5.2144 570.1587 123.142456 10.78749
15863.818 5.56776 567.47546 124.21948 10.78749
16286.592 5.06063 589.1798 151.42792 10.61791
16328.228 5.06063 589.12555 148.88672 10.61791
16228.495 5.71664 586.25995 144.19867 10.3822
15439.473 5.22303 550.34937 126.720764 10.69673
15710.471 4.33128 561.4521 156.5393 9.88231
15785.984 4.33128 558.8215 178.6662 9.88231
15500.173 5.11469 564.67194 112.48419 10.76522
15529.3545 5.11469 567.03217 115.52875 10.76522
15505.596 5.11469 561.8119 124.7027 10.36243
15538.119 5.11469 563.30414 126.512085 10.36243
15684.485 5.97411 565.90656 127.24902 10.51142
15471.429 6.10246 540.7653 173.8089 10.02297
15639.667 4.37264 569.8389 159.11285 10.05535
16163.879 5.3 573.6583 162.93079 10.05783
16047.6 5.3 571.5161 152.42725 10.2606
16269.981 5.2192 577.3662 141.92535 10.52521
16043.576 5.07839 585.0593 130.04865 10.33925
16063.301 5.82065 583.7805 130.30823 10.33925
16074.758 5.82065 584.5866 126.83893 10.45849
16172.463 5.82065 585.4202 130.63324 10.45849
16225.946 5.82065 585.0181 137.22559 10.35519
16140.58 5.82065 586.648 132.40955 10.86094
16177.499 5.82065 585.67834 134.65088 10.86094
15565.647 6.07454 512.8124 206.58551 9.77343
15543.996 6.07454 509.63297 205.45395 9.77343
15493.352 6.34902 509.1394 207.8363 9.87826
15550.683 6.34902 511.83463 208.13187 9.87826
15553.493 6.09262 539.09454 239.39795 9.88231
15641.692 5.12348 535.8011 163.7326 9.88787
15817.134 5.12348 564.8374 147.0357 10.23963
15747.729 5.63383 562.99365 143.59503 10.23963
15728.587 5.63383 562.9554 141.42969 10.23963
15547.031 5.07346 545.89886 151.30786 9.75295
15464.387 5.86771 532.427 163.34552 9.72677
15514.593 5.72887 513.354 218.2323 9.72677
15571.591 5.72887 516.3686 212.08691 9.74731
15981.946 6.01415 569.2072 156.05444 10.43983
15156.065 5.70701 542.71893 138.39032 10.01299
15314.719 5.70701 545.569 144.53949 10.0035
16321.27 5.84551 575.4479 149.07831 10.61226
16032.653 5.84551 582.62225 137.2926 10.77497
15962.172 5.84551 581.4313 134.98529 10.77497
16443.674 4.22729 594.45825 138.85046 10.82774
16154.021 5.82752 579.2187 138.77863 10.9444
15417.053 5.8438 532.4871 162.35242 10.06678
15788.764 5.68507 561.63837 163.87775 9.90353
15844.683 5.79914 561.2319 163.83545 9.90353
15787.147 5.77321 560.88666 162.1424 9.90353
15742.984 5.77321 557.5077 159.85645 9.90353
15773.648 5.77321 559.9999 159.1737 10.08762
15963.392 5.88133 560.75464 183.72101 9.85799
16025.904 5.88133 560.56805 185.7544 9.85799
16003.765 5.98665 557.3503 190.1394 9.83158
15946.608 5.32447 555.733 186.88416 9.83158
16420.918 4.81768 597.99634 134.88281 10.59198
15226.537 5.24786 538.9654 152.94086 9.81428
15408.823 5.24786 543.1713 154.59589 9.81428
15498.889 5.24786 543.68634 154.57861 9.84378
15864.354 4.86929 549.08374 166.76123 9.94233
16402.717 6.16279 544.74725 198.26056 10.12423
16367.254 6.16279 545.00586 200.60266 10.12423
15634.132 5.12348 559.5424 136.65936 10.2528
15740.48 5.12348 564.25745 137.53662 10.2528
15560.863 6.58103 522.19196 172.69043 10.11534
16023.284 5.7576 556.0878 133.41028 10.32037
15954.54 5.7576 556.13257 131.79541 10.31504
16010.17 6.00999 556.0536 132.95026 10.31504
15938.249 6.00999 559.1985 129.21338 10.31504
16030.231 6.74166 556.0568 146.7782 10.64847
15974.206 6.74166 550.61945 149.48065 10.5138
16006.009 6.74166 554.2016 150.61206 10.5138
15903.066 6.74166 552.2659 149.63605 10.5138
15941.219 6.74166 554.5351 154.71143 10.5138
15876.858 6.74166 556.67206 145.3161 10.5138
15875.4795 6.74166 553.5218 144.59149 10.5138
19127.832 7.3641 692.72253 116.81488 10.95445
19074.797 7.3641 694.5158 113.71643 10.95445
15808.312 5.04876 580.629 117.077515 10.87612
15923.621 5.04876 578.4665 114.05237 10.87612
15907.475 5.04876 578.8992 114.97479 10.87612
15842.709 5.43783 578.1239 110.14813 10.87612
16290.422 5.70701 572.1497 165.13446 10.07273
15035.181 4.9295 545.4512 124.11438 10.45275
16039.364 5.82237 559.19086 182.2771 10.0772
15842.151 6.85128 561.6543 147.83374 10.46136
15752.743 6.77422 563.73914 148.09723 10.46136
15826.514 6.77422 562.3159 147.7558 10.46136
15844.1045 6.77422 562.0312 148.88947 10.35519
15781.883 6.77422 562.4401 149.2497 10.35519
15860.197 6.77422 564.12946 148.74701 10.41969
15895.605 6.77422 561.69946 152.54681 10.38942
16186.253 5.70877 576.4597 133.66046 10.69065
16192.375 4.41022 579.2256 126.26837 10.60094
16194.664 5.70877 578.44696 136.28912 10.60094
16257.26 5.48635 586.0198 152.09119 10.5423
15764.87 6.0349 543.3746 170.90607 10.0055
15884.88 5.97411 573.08307 134.35553 10.52141
15930.072 5.97411 574.9284 135.284 10.52141
16006.104 5.97411 570.0592 134.40051 10.52141
16014.172 5.97411 571.6166 135.54419 10.52141
15939.74 5.97411 571.9522 141.58936 10.52141
16423.709 6.31744 584.2396 139.70526 10.64331
16374.832 6.32218 581.94867 142.75104 10.64331
19366.432 6.03158 712.95544 111.54614 11.09009
18724.238 6.03158 654.28375 156.42523 10.83651
18436.625 6.36867 648.4504 164.47534 10.5513
17052.008 6.13188 608.9146 155.46893 10.65035
17015.98 6.13188 608.18896 154.55408 10.65035
16793.441 6.13188 568.00037 195.23114 9.96845
15576.205 6.03324 548.2854 128.90302 10.60283
15542.545 6.03324 548.79895 129.64429 10.60283
15349.587 5.82323 554.3213 125.43097 10.50762
19274.373 6.03158 734.1078 81.95764 11.249
15678.95 5.22781 558.00464 148.17169 10.16415
15665.764 5.22781 557.95807 147.68146 10.16415
15647.655 6.18223 556.7071 150.6543 10.16415
15672.573 6.18223 554.2134 155.08246 10.16415
15517.887 6.18223 537.1724 170.01215 9.94937
16211.769 5.07642 568.87823 133.70557 10.76801
16188.981 5.53082 571.5508 135.03479 10.76801
16279.57 5.53082 568.08673 138.62445 10.72474
15714.511 5.81206 505.72925 233.28046 9.74936
15779.203 5.2 564.51166 143.29968 10.11534
15815.339 5.6648 549.2767 180.42511 9.85343
15676.116 5.34228 533.7883 154.80975 10.10297
15883.233 5.93549 564.1916 142.53052 10.25476
16267.585 5.50908 560.59064 171.60309 10.02597
15431.701 5.31037 528.2144 153.63733 10.06131
19203.486 7.0647 671.56384 146.02124 11.077
19136.576 7.0647 669.70264 148.93884 11.00545
15597.21 5.70701 506.46674 255.97186 9.82853
14861.725 5.65066 522.15186 125.7785 10.20637
14849.611 5.65066 522.13947 125.104126 10.20637
14847.525 4.41022 524.97906 121.90399 10.16169
15043.194 5.06754 535.8753 121.858826 10.7308
16055.601 6.26738 562.66986 144.74335 10.46136
16037.898 6.32376 564.2712 151.36066 10.47187
16035.318 6.32376 565.1198 146.23535 10.47187
15515.017 5.95483 553.61224 146.80548 10.30388
15629.008 6.11964 545.51294 160.98401 10.06926
19180.342 7.41687 696.1911 114.60974 11.09009
19077.25 7.24914 691.7102 114.48242 11.249
18375.463 6.8884 667.22424 140.34503 10.71728
18346.145 6.8884 669.0612 143.95929 10.7536
18303.545 6.8884 670.64044 144.30249 10.7536
15636.627 6.16279 564.3949 137.11731 10.64847
16098.327 5.245 567.70483 149.2461 10.2
16110.363 5.245 566.9582 148.75964 10.3034
16091.218 5.245 565.4612 148.43738 10.2645
15830.396 5.11371 560.527 148.08038 10.14051
15523.953 5.48908 541.8612 177.57288 9.89444
15748.074 5.8 556.9924 154.96173 10.1671
15870.994 5.8 555.2829 163.22015 10.09554
16063.1875 5.8 580.95734 166.51782 10.09554
15894.441 5.35444 559.7246 141.63208 10.25378
16000.794 5.35444 564.3459 145.70667 10.25378
16002.8 5.35444 563.7469 145.3935 10.25378
15126.051 5.5109 530.4767 152.52289 9.97296
15388.559 5.07839 537.9447 133.57776 10.27716
15457.348 5.17301 550.6686 127.597534 10.44701
15130.835 6.01415 504.8787 196.34402 9.65712
15152.427 6.01415 509.1002 195.46188 9.74987
15503.539 6.18385 553.6772 158.41577 10.1094
15475.536 4.33128 562.04205 155.66376 9.98299
15424.223 4.33128 558.5335 155.29974 9.98299
15980.8125 5.53353 564.9739 148.86194 10.28494
16329.217 4.04969 595.31604 128.80804 10.67708
16400.852 4.04969 593.55115 129.71887 10.31019
16267.64 4.04969 579.53314 140.47144 10.28397
16379.359 4.04969 578.45294 150.69513 10.28397
16366.623 4.56946 597.7595 128.86505 10.60283
16400.201 4.56946 597.0463 129.44543 10.60283
16409.107 4.90816 596.2644 133.557 10.56693
16054.817 5.84893 577.392 141.57477 10.44749
15838.071 6.12862 558.5409 171.6662 10.06231
15856.948 6.12862 554.1715 173.40717 10.06231
16381.028 5.35444 584.8625 136.02203 10.93481
16303.356 5.35444 582.89233 134.9649 10.93481
14878.747 4.71699 528.0457 132.49078 10.15086
14871.457 4.39204 529.60345 130.86475 10.15086
15246.583 5.94306 543.50336 179.68774 10.01848
15953.195 5.44977 543.13947 170.02252 10.05286
15909.816 6.69925 541.92676 188.90906 9.94686
15929.1455 6.69925 541.5278 190.20612 9.94686
15880.161 6.69925 540.2662 175.75867 9.94686
15919.11 6.69925 538.12537 182.84766 9.94686
17000.188 5.5109 532.24316 254.28601 10.06181
16968.406 5.40463 533.2004 249.52979 10.06181
16861.834 5.40463 533.7497 242.52783 9.96042
16849.771 5.40463 535.7452 243.61475 9.96042
16786.154 4.72229 529.39703 238.77289 9.96042
16091.029 5.65243 584.02295 127.228516 10.93298
