8958.495 76.00563 1411.6122 198.62549 100.28615
9027.866 100.28615 1411.8973 258.29993 105.07169
9077.795 82.88181 1451.3584 185.41565 105.07169
9000.482 88.20019 1440.3303 184.68481 102.20926
8781.158 76.00563 1365.2311 180.53479 102.20926
9053.018 82.88181 1452.4501 176.29199 116.14337
8619.594 102.57836 1266.5278 285.55518 97.07841
8938.768 101.66351 1437.163 162.90393 116.14337
8977.992 102.20926 1420.0571 213.85413 116.14337
8631.473 89.32391 1347.1366 159.74304 102.65923
8719.346 101.89092 1263.561 317.583 103.81152
8915.347 97.52448 1375.6199 231.3794 91.96045
8422.517 68.8373 1237.7517 241.78577 91.83954
7896.5654 68.8373 1149.929 348.28186 91.08211
7910.392 59.5564 1157.8624 361.047 89.65701
9023.041 76.00563 1449.4236 142.90051 116.14337
8315.7295 74.48386 1181.6848 364.47156 89.57136
8245.692 59.42687 1281.1433 227.27417 97.6226
8520.613 46.09102 1308.1737 172.47229 97.07841
8633.95 46.09102 1393.2659 120.80322 117.85493
7720.219 59.42687 1165.9326 333.26245 91.29944
