739278.6 0.76 26725.72 6637.2754 102.9
737514.1 0.76 26701.643 6270.3496 108.99
746630.1 0.16 27281.96 6801.621 111.48
748016.2 0.09 27745.281 7000.1055 96.62
739261.4 1.9 26572.254 7535.8086 107.36
727019.06 0.52 26112.812 6364.8125 108.09
749850.44 0.16 27339.377 7021.51 95.71
667176.2 65.01 23325.379 8776.906 65.16
686805.8 72.03 23369.752 9351.172 87.22
669411.06 61.62 22653.562 8613.6875 70.41
661218.9 60.3 22371.666 7555.115 93.11
694685.3 76.59 24152.47 7850.711 110.43
676234.2 62.53 22452.33 9173.199 59.77
627402.06 1.45 22568.121 5488.744 143.72
625924.4 1.45 22751.37 5193.3945 116.08
616783.7 4.65 21760.148 5812.619 119.59
622963.6 6.74 21524.762 7291.588 104.31
628266.0 0.64 20684.47 7983.379 77.14
641232.5 2.62 22414.324 8450.277 89.17
623877.94 4.87 21455.14 7223.24 90.26
624768.94 4.87 21409.514 7479.4766 90.26
636710.4 1.07 21751.16 6789.086 87.32
638142.56 0.29 23117.74 5746.506 132.8
621123.9 1.02 22393.932 5126.121 99.01
633600.7 3.76 21786.709 8203.615 89.97
630042.25 3.76 21767.467 7914.3555 89.97
608836.1 2.98 21992.121 5380.963 96.05
611603.6 2.77 22560.02 4609.502 92.57
614534.3 2.77 22570.248 4366.4805 101.85
635319.0 0.99 22608.354 6457.6133 91.92
621920.25 0.21 22243.162 5281.426 90.27
630374.3 0.34 21690.473 6872.6387 71.78
621810.4 0.34 21692.33 6588.3555 74.16
623236.6 0.34 22039.156 6598.5684 74.16
636632.2 2.53 20991.54 8451.068 76.77
631902.8 2.53 20913.02 8298.521 79.89
617476.3 6.05 21841.53 5457.461 126.59
619220.5 6.05 21891.008 5649.793 126.59
632335.4 0.18 22662.71 6125.9688 92.91
632914.75 0.18 22596.252 6394.9297 92.91
630348.0 4.17 21545.469 8179.7305 89.42
634251.9 3.0 21760.328 7236.672 86.57
632171.0 3.0 21643.268 7230.873 86.57
633985.44 0.45 22458.812 5910.8633 84.68
612493.8 3.49 22068.967 5939.1133 87.87
643360.6 0.74 22368.5 6093.8945 121.84
646819.0 1.9 23093.357 6453.037 171.35
638476.44 3.49 22876.533 6961.176 91.5
641649.1 3.49 22841.115 6487.465 91.5
633627.1 3.49 22932.738 6417.172 96.82
592686.56 0.18 20967.236 5642.621 80.64
622808.6 3.43 22024.469 6025.7773 93.49
620619.4 3.43 22035.174 6359.2227 93.49
620082.9 4.19 21625.242 6359.215 93.49
614793.06 1.07 20470.307 7504.8027 73.64
607525.8 5.83 21064.994 7068.6445 91.06
594993.3 0.05 21878.09 4294.3184 186.1
623909.0 0.05 22786.033 5991.426 87.68
609135.7 0.76 21993.982 4364.0977 147.04
636524.56 0.12 22417.291 6418.6973 101.72
631438.7 5.84 22095.97 7535.0 94.81
631660.75 5.84 21715.748 7485.256 94.81
630577.06 5.84 21661.922 7089.5137 94.81
628596.7 5.84 21891.346 6224.9434 94.81
634357.7 1.2 21561.732 7718.465 78.83
632444.1 1.2 21698.021 7548.965 78.83
633126.7 1.2 21761.812 7879.9844 78.83
638222.25 0.54 22847.457 6583.1543 106.77
640109.8 0.54 22705.047 5423.828 106.77
638154.8 0.54 22867.44 5525.715 171.99
618891.9 4.06 21506.365 7595.2188 86.67
637626.94 0.03 22725.87 6065.4023 107.41
635336.75 0.52 21193.658 7574.3633 82.22
619337.06 5.28 21231.836 7322.715 83.8
619232.44 5.28 21423.465 7334.7754 83.8
588497.25 4.94 20093.178 6365.6113 87.52
622785.06 0.9 22457.57 5260.873 102.12
637792.4 1.07 21998.027 7402.998 82.62
634243.5 1.07 22077.7 7717.297 82.62
614164.7 3.3 21855.953 5630.164 97.6
629804.75 0.57 21914.254 6692.967 72.32
635659.5 0.57 22264.96 6148.3496 96.24
637914.3 0.57 22148.34 5808.2227 96.24
619950.9 4.49 21130.81 7153.7188 89.94
591523.4 1.15 21018.5 5324.3203 83.45
644969.75 1.4 22544.252 8050.7324 100.74
640416.5 1.5 22993.594 7069.4355 103.47
618210.1 4.67 21963.562 6192.7246 91.4
614942.3 4.67 22032.85 5675.5996 95.73
612381.0 4.67 22063.486 6197.41 95.73
646769.1 1.49 22414.559 7904.9824 102.1
648516.44 1.49 22515.73 8185.0117 101.14
649476.06 1.38 22770.049 7619.502 101.14
630989.6 1.38 22131.432 6405.7227 89.49
636534.4 1.32 22374.012 6354.0684 103.47
624236.25 2.03 22699.008 5489.365 122.05
636082.0 0.51 22629.332 6207.547 96.21
642430.75 0.76 22104.47 6089.541 95.27
648152.94 0.76 21612.37 7301.3906 91.03
634904.56 0.07 21656.69 6969.4727 81.91
622344.6 3.26 21898.979 5463.7695 92.61
613126.5 3.07 21990.373 5295.6074 104.98
613412.94 3.07 22183.049 5636.338 94.42
618082.6 3.2 21665.775 6612.035 89.61
624549.44 1.84 22641.443 5612.4336 103.89
611902.56 8.25 21124.686 8211.199 85.05
624976.8 5.65 20506.27 7367.713 93.54
627055.94 7.36 20566.94 7628.963 92.85
624274.0 1.04 22537.062 6290.668 97.1
642933.4 3.35 21535.54 7131.324 108.43
624518.7 0.37 21834.42 6490.467 76.64
619763.6 3.52 22121.389 5712.463 96.55
632517.4 2.65 22332.842 5786.3027 143.83
636623.56 2.65 22394.053 6011.01 143.83
637714.56 2.65 22601.04 5703.7812 188.86
627798.5 1.94 22762.088 5623.9883 150.23
627870.9 1.61 22618.627 5892.7656 100.88
636129.56 4.87 21570.709 6703.619 100.88
634588.56 4.87 21565.97 6695.949 100.88
635276.75 4.87 22041.367 6753.701 100.88
634012.0 4.87 22107.969 6344.51 100.88
637919.06 4.87 21904.303 8400.588 86.09
640825.4 3.25 22360.86 7279.203 85.61
623263.94 2.18 20176.2 8137.287 73.56
641266.56 0.91 22149.94 7861.752 84.29
637907.75 0.64 23217.258 6141.8496 122.37
639037.44 0.64 22961.203 5968.176 122.37
637350.06 0.64 22955.633 6081.588 111.56
631763.1 5.47 22562.69 6270.6504 112.97
647075.94 0.33 22660.846 6575.9473 106.06
628313.6 5.54 22320.67 6535.7812 108.72
632011.2 4.23 22565.42 7464.533 116.03
638621.06 0.46 22449.18 7749.869 83.72
636897.2 2.83 22093.6 8129.119 83.72
637962.8 0.9 21630.398 8271.672 83.72
632051.94 5.26 22481.75 7357.748 123.02
627929.7 5.84 21895.316 6822.885 100.51
621758.0 1.23 22493.81 5298.08 100.94
629871.1 2.6 22986.918 6415.1777 120.26
622343.75 7.82 20109.78 7479.42 98.28
634170.44 1.19 21652.518 7605.088 81.3
632717.9 1.19 21802.752 7905.7773 81.3
625210.3 1.38 21391.486 7537.49 72.4
624720.9 4.29 21216.297 6872.6855 93.91
619867.2 4.5 21916.773 5837.955 101.61
624683.5 4.5 22467.947 5660.5234 134.44
620813.56 9.74 21699.926 6177.375 98.8
620479.25 9.74 21840.549 5846.953 98.8
616221.6 0.45 22409.852 5123.2715 98.97
649860.4 0.93 22276.248 6932.0938 190.28
641797.06 5.31 21597.537 7233.8047 124.69
641052.9 5.31 21803.758 7104.9336 124.69
634612.2 0.43 22373.645 6148.9336 86.15
635775.5 1.38 22120.393 6624.7754 86.15
632024.56 1.88 22075.182 6062.5938 78.59
629772.4 1.88 22495.043 5415.4277 98.28
623040.3 2.74 22754.695 4738.742 104.45
626774.8 2.74 22131.996 4959.758 104.45
625880.75 2.74 22382.547 5013.9746 104.45
624570.4 2.74 22401.967 5394.1523 130.11
636992.75 3.73 22453.076 6203.164 131.13
639081.8 3.73 21882.445 6340.832 131.13
640313.9 3.49 21866.943 6371.127 131.13
615094.7 2.53 22051.527 6288.164 90.5
633376.9 1.23 23079.22 4911.9473 105.26
634024.25 0.47 22923.412 5154.3047 105.26
637865.9 0.47 23178.701 5657.4277 111.27
624327.94 3.61 21155.467 6535.0586 94.5
624307.3 4.42 21534.88 6113.908 103.4
629185.06 3.73 22490.793 5646.035 123.59
628938.1 3.73 22172.918 5589.869 123.59
632326.9 3.73 22106.809 5473.9688 123.59
632708.7 9.37 22404.91 6423.9824 123.59
630560.0 8.27 21805.11 6323.3125 123.59
630030.1 8.27 22080.879 5867.6816 123.59
629061.0 8.27 21254.332 7201.539 101.9
634438.75 6.52 21446.809 6904.709 139.1
632516.56 6.52 21877.84 7063.838 113.56
638106.3 8.12 22248.615 7324.4844 114.94
634238.9 8.12 21498.125 7142.8535 104.52
632045.7 10.72 21670.285 6668.6133 104.52
625588.1 1.67 22561.639 5676.242 104.77
620527.25 0.9 20940.125 7019.8516 69.32
612230.94 5.89 21738.85 6564.1523 92.08
616316.25 5.89 22441.62 6918.543 92.08
619854.5 6.69 22406.24 6938.24 128.45
622070.1 6.69 22435.37 7483.4316 88.47
618589.56 7.28 21677.182 7416.0312 96.5
621832.44 5.94 21983.871 6255.8613 116.82
628202.94 0.28 22143.514 7285.9355 79.65
636431.1 1.39 22697.33 5976.0938 120.83
635516.94 5.95 22325.627 6553.6426 109.67
634507.75 5.95 22441.836 6321.699 109.67
609803.7 4.86 21406.824 5723.6074 88.47
631861.3 3.82 22614.799 6270.09 130.45
630079.5 3.82 22375.002 6003.215 130.45
625750.56 3.82 22492.73 5894.039 130.45
601928.25 2.21 20840.566 6859.926 79.47
623273.8 0.64 22563.467 5528.4883 92.02
618387.56 2.67 21873.404 6910.3066 78.61
618530.75 2.67 21800.44 6964.631 78.61
621035.56 2.67 21819.58 6712.8125 79.69
636814.75 0.61 22229.67 6052.6426 90.84
619158.25 2.78 21905.65 5540.9316 94.64
621334.94 2.78 22284.709 5731.26 99.07
622598.4 2.78 22091.457 5615.0234 99.01
628056.56 5.98 21166.23 7492.1094 101.01
614377.5 0.48 22485.87 4757.912 92.89
612744.2 0.48 22164.18 4696.619 92.89
614788.06 6.02 21622.898 7288.5117 84.98
625081.5 1.19 21962.404 5425.535 92.91
635920.8 0.9 22388.969 6149.3105 100.07
633541.5 0.3 22595.178 6361.7227 92.63
632034.0 0.3 22793.752 6126.6895 92.63
618827.06 1.84 22597.988 6124.9336 103.83
637016.75 0.04 22391.518 6080.672 93.59
635459.4 1.87 22814.48 5847.717 110.4
632497.5 1.87 22540.523 6401.084 100.0
629431.25 2.39 21414.53 8103.6055 76.99
627835.3 2.39 21486.78 7243.3906 75.89
621407.0 0.75 21293.033 8088.834 67.55
624444.5 0.75 21148.652 8098.385 67.55
631800.1 2.31 22740.521 6052.631 112.78
629019.6 6.19 21682.63 6638.373 117.62
634488.9 0.5 22446.908 6661.2188 84.81
637372.2 0.5 22500.26 6877.7363 84.81
638432.7 0.5 21669.027 7531.998 84.81
622842.0 4.08 20589.46 7750.578 88.81
624814.2 3.52 22258.547 5804.6543 118.46
620534.6 3.07 22079.457 6462.6133 90.3
629554.0 3.07 22462.06 7318.08 90.07
628387.8 3.07 22217.805 6899.9863 90.07
635583.94 1.94 22172.549 6235.539 93.74
645638.4 0.23 23333.006 5747.8887 108.95
647518.4 0.23 23366.47 5851.3633 108.95
644870.0 1.01 22607.492 6390.3867 108.97
644413.25 0.99 22530.1 7076.086 95.16
629260.4 2.75 21561.611 7975.037 81.62
631074.0 2.75 21414.83 8392.629 81.62
630619.25 2.75 21760.81 8461.709 81.62
658339.6 1.69 22167.18 7164.0566 165.27
622702.3 7.21 21750.389 6612.51 114.98
621679.4 3.64 21974.818 5970.4824 96.98
617168.75 3.64 22127.969 6073.4023 96.98
632079.06 0.76 22455.48 6876.4824 87.68
636201.0 4.61 22574.852 6788.1777 132.22
644187.75 0.3 22606.291 6857.1426 92.24
645674.44 0.3 22434.5 6786.3223 96.29
648916.4 0.62 22429.85 6437.5566 107.64
619386.5 3.12 22033.322 5364.34 111.97
616621.7 3.25 21824.562 5196.242 111.97
628931.75 1.32 22164.88 6981.3477 84.15
634650.0 2.56 22378.248 6478.631 90.53
637562.4 2.56 22615.957 6575.3125 90.53
641607.3 2.56 22219.777 6412.963 90.53
643714.5 2.56 22242.889 6553.201 90.53
646508.06 0.88 22050.457 7509.174 89.3
624548.0 3.73 22119.412 5833.3086 110.59
642955.25 1.38 22890.932 8021.076 89.3
637681.2 3.75 21648.402 7024.086 139.61
643041.7 2.85 22083.902 6930.1875 143.17
625617.56 2.06 21598.398 6684.422 83.22
624165.4 2.06 21994.346 6157.084 83.22
619422.3 3.29 21500.973 6196.967 79.61
599293.56 0.85 21295.81 5940.209 76.39
598395.4 0.85 20989.852 5705.838 76.39
629343.25 3.65 22453.97 6867.4727 104.82
630106.7 2.82 22077.838 5382.533 177.85
619792.6 0.69 22295.438 5122.1016 92.84
631447.9 3.93 21330.176 7367.3594 98.36
640246.0 5.66 21875.688 7190.332 116.47
630746.94 5.47 21309.188 8194.957 86.18
643782.1 0.75 22281.648 6623.049 96.7
640839.8 0.75 22548.77 6804.1113 90.41
641853.56 0.75 22443.404 6685.6777 90.41
598943.7 0.76 20627.967 5929.2637 75.44
608254.44 4.06 21475.371 5155.336 114.33
609862.94 4.06 21477.66 5326.7773 100.13
643888.2 3.49 21595.459 7304.541 83.01
637275.25 3.2 22229.443 6260.4883 116.33
594537.9 0.43 21456.258 4979.633 91.77
646516.06 0.98 22421.52 7054.248 97.17
627678.94 1.85 22431.238 6466.795 91.89
629633.3 3.93 21662.158 8028.5605 81.71
647120.94 1.02 22498.428 7747.6836 94.24
644153.0 1.02 22848.79 7858.6133 89.72
634892.0 0.3 22269.818 5923.254 103.22
634067.7 3.99 21103.803 7451.0527 92.39
624186.1 4.65 21687.37 7116.3203 91.76
633092.0 7.29 22287.0 6821.24 123.6
635960.0 7.29 21813.77 7013.0117 123.6
637243.75 7.29 22131.38 7178.4707 123.6
611934.75 0.74 21897.799 6044.8086 75.79
635765.5 1.34 21789.037 6853.494 85.27
638111.6 1.34 21491.684 6969.084 84.05
623401.7 2.74 21935.057 6334.3164 89.7
625580.44 1.04 22577.43 6304.004 98.41
628087.44 1.52 21639.777 8443.965 78.36
617236.2 3.93 21554.79 6271.8887 89.87
614308.4 1.41 20808.146 8099.7812 69.38
613530.6 1.41 21283.398 7230.789 69.38
625968.06 3.17 21988.418 6512.834 85.45
625239.2 3.17 22165.97 6521.4688 85.45
629193.6 1.54 22712.219 5534.631 123.21
617821.25 2.31 21621.371 6321.5957 82.44
621736.5 2.01 22453.895 5312.4062 83.53
623258.75 2.01 22535.373 5639.658 83.53
631182.25 1.57 22441.95 5623.414 138.32
632983.6 0.54 21942.682 7297.6797 79.04
635723.4 0.54 22094.102 7683.6016 79.04
634584.5 0.36 22779.262 5675.201 94.91
628737.06 2.36 22517.385 6094.9473 107.81
727736.4 0.76 21957.67 10795.092 99.47
714501.56 0.76 21704.9 10784.01 99.47
707259.2 0.76 21553.818 10492.672 99.47
617609.8 4.66 21986.521 5705.623 120.0
638347.4 1.64 22994.5 8265.535 96.81
628949.25 4.4 21046.98 7911.5625 82.65
636387.75 0.76 22412.38 6237.158 102.27
629942.44 0.07 22191.29 8216.928 81.37
631447.1 0.18 22878.328 5500.8887 93.67
629167.75 0.18 23153.6 4864.0215 145.75
627261.7 2.19 23198.318 5500.7617 116.46
629909.2 2.19 22668.12 5786.8223 116.46
635998.44 0.64 22921.18 5799.6895 112.07
635697.2 0.43 23020.459 6169.418 95.42
621722.1 8.1 20411.25 8314.4 88.8
620326.6 8.1 20483.871 8079.789 88.8
642033.4 1.15 22960.441 6028.2617 153.07
641761.1 1.15 22966.832 6158.9277 153.07
625631.94 3.96 22015.62 5879.17 109.59
636586.75 0.08 22516.447 6483.3613 100.77
638183.2 0.09 22339.85 6247.088 98.85
636631.7 0.09 22371.668 6385.7207 98.85
625075.2 3.17 21598.857 5671.1094 108.38
607925.1 8.96 20891.871 7178.955 98.36
731678.44 5.16 24875.111 8477.166 111.48
699038.4 1.57 22723.312 9863.268 96.42
618494.44 5.63 21992.15 7130.5605 92.45
621247.8 5.11 21773.861 6900.7793 92.45
626238.0 2.75 22368.871 5960.873 108.37
626601.8 2.45 21664.047 6858.961 82.48
638735.75 0.5 22331.25 6161.381 95.21
624846.06 0.24 22564.154 4589.908 92.41
644442.6 0.41 22450.777 6417.9766 107.18
642946.0 1.45 21699.61 7248.7324 87.11
642655.6 1.45 22176.078 6795.3496 87.11
641247.56 1.88 21857.758 6891.449 89.15
641814.94 1.88 22123.219 6573.3203 89.81
729417.1 1.9 19003.39 14861.465 91.92
721500.3 1.9 19164.06 14224.92 91.92
710874.94 1.9 19443.592 13040.922 91.92
708400.56 1.9 19525.611 13101.973 91.92
699555.6 0.94 20232.531 12555.5625 91.92
635716.8 0.12 22940.709 5334.5996 149.21
636103.1 0.03 21777.246 8301.734 81.85
614048.4 6.3 20757.586 7287.295 79.09
620114.94 6.76 21247.434 6943.707 95.96
625710.2 2.5 22081.963 7508.045 80.19
626421.4 2.5 21998.281 7492.0684 80.19
623600.2 2.5 21958.85 6951.492 80.19
597029.75 4.91 20827.682 5543.8203 88.25
595970.06 3.28 20857.879 5811.082 88.25
633694.94 1.38 22876.094 6146.6523 107.22
637969.1 0.62 22343.793 8345.445 85.24
640108.6 0.05 22997.21 6879.3594 92.51
622788.6 0.72 22294.734 7102.674 81.55
613549.1 6.02 21846.03 6046.8594 94.27
647883.3 0.57 22194.988 7493.631 97.8
640698.75 0.11 22354.049 6171.3047 104.72
638840.2 0.11 22586.467 6972.867 87.74
636938.9 0.11 22655.588 6500.2754 87.74
628760.4 5.29 22175.242 6248.6406 106.33
607724.25 1.15 22087.973 4989.9863 89.84
609518.5 0.07 22101.514 5078.615 89.84
607991.94 1.15 21940.55 5047.168 89.84
615543.6 1.93 21327.416 7866.3535 69.39
617147.75 1.93 21099.912 8690.924 69.43
636868.9 0.21 20998.102 8460.848 78.95
629853.44 0.52 23189.27 6446.6562 102.79
631810.6 2.85 22313.408 6966.0703 89.06
636808.25 4.44 22505.92 7338.6016 100.92
629859.2 1.39 22115.139 5847.453 97.6
636318.94 1.25 22882.016 5237.711 109.6
638601.5 1.25 22845.184 5817.541 109.6
613438.44 0.31 22598.88 5227.1465 95.43
604187.4 5.31 20808.232 6644.4336 90.08
625344.9 3.99 22830.51 6126.5234 98.59
626236.1 3.99 22599.79 6617.035 98.59
626404.6 3.99 22358.0 6524.5312 101.74
626611.06 3.99 22244.28 6645.49 101.74
625199.0 0.09 22038.932 8181.3105 77.14
634351.75 1.69 21370.89 6987.176 87.22
619454.1 3.52 21574.68 6154.01 95.54
636338.25 1.95 22740.28 6638.629 88.82
646628.8 2.83 22918.258 6136.9316 116.11
627547.25 3.2 21688.682 6878.004 74.87
626047.1 4.06 21114.652 7465.0938 78.45
623631.8 4.06 21423.959 7548.158 78.45
639360.1 0.11 22547.62 7725.588 85.09
611247.3 5.27 21490.59 5435.543 149.4
629529.5 6.85 21808.389 7222.3438 116.37
644301.44 0.04 22994.17 6147.3477 104.56
603928.1 6.43 20011.271 7448.3613 89.29
603472.56 6.43 20479.9 7014.0625 89.29
612399.25 0.69 21479.244 7332.4746 73.09
615326.0 1.0 20896.85 8178.2793 68.31
614283.8 2.53 20125.861 8670.41 68.51
611373.75 0.85 19700.264 8155.7383 69.12
619474.4 4.61 21778.402 7090.336 91.77
637393.75 4.5 22048.258 6446.084 107.36
637247.44 4.5 22352.75 5895.162 107.36
625773.25 6.43 20924.79 8052.8203 82.4
633039.44 0.99 21351.3 8291.961 76.86
611454.56 2.01 21677.95 6317.135 82.48
647337.94 0.89 22804.707 7011.119 151.03
634411.5 3.25 22681.207 6338.5996 146.46
630500.7 3.99 21698.969 7427.131 98.22
619192.2 1.25 22220.44 5230.742 88.16
637116.56 3.27 22448.62 7204.2324 90.59
612016.94 1.93 21724.9 7751.5137 73.57
616628.44 4.36 21565.627 5674.5195 97.82
632204.44 0.63 22278.113 5942.828 95.43
645041.6 0.3 22713.28 6677.4707 95.9
628005.9 2.18 22464.87 5618.26 125.92
618193.2 0.36 21366.79 6387.8223 75.04
626717.9 2.82 22324.168 5745.963 104.84
604340.1 0.28 20427.139 6931.4395 71.61
633953.2 4.12 21287.828 7257.6816 100.56
641120.3 0.32 22624.64 6258.4883 105.05
642555.94 0.32 22570.07 6627.0977 105.05
637841.0 0.32 22792.697 6154.59 105.05
635397.56 0.99 22312.434 6166.385 101.01
615791.4 3.73 21328.072 6114.084 94.47
633730.6 2.01 22693.09 6450.16 113.84
628695.1 0.93 22335.502 8187.451 83.85
630578.2 2.83 22822.852 5752.9727 118.28
628046.94 0.76 22698.113 4850.627 101.56
624874.44 2.61 22420.787 5951.8145 97.47
636250.56 0.41 23312.219 6140.7344 110.54
638297.06 0.41 23265.45 5920.3223 110.54
640728.4 0.06 23156.43 5676.2344 110.54
638382.56 0.43 23056.246 5406.7383 109.16
642035.2 0.06 22113.521 6552.5566 99.11
630869.6 0.47 21258.709 7610.0215 77.28
630946.1 1.69 21568.412 7490.7305 77.96
625906.1 3.63 21536.568 6175.168 101.8
639020.94 3.63 22037.068 7103.8906 101.8
636565.75 3.63 22058.408 6942.4883 100.49
638336.4 3.63 21991.068 6357.9766 100.49
639991.25 3.63 21793.781 6854.3477 100.49
722447.75 0.16 23166.459 9976.119 89.84
636000.8 0.12 22456.852 6406.045 92.29
642023.75 1.23 23189.398 6207.9688 122.57
615882.8 3.65 21698.5 6501.4414 80.26
656744.8 1.49 22976.152 7402.8633 149.02
603566.9 1.37 21587.559 5172.7207 90.99
627615.25 3.92 22281.66 6673.3477 101.83
617625.25 0.99 22539.549 5184.949 87.45
633118.75 1.0 21523.53 6171.3105 103.84
628937.4 0.9 22440.625 5288.5254 95.73
634122.1 0.9 22774.896 5533.783 95.73
626550.44 3.78 22821.943 5201.338 159.96
626704.06 3.78 23036.95 5333.3223 133.63
608601.44 4.24 20614.672 6647.668 78.21
608200.1 1.45 21092.0 6217.377 78.21
630121.75 5.11 22404.127 7474.8086 102.23
619054.4 3.19 21195.809 5873.3867 92.09
623511.3 3.19 20776.549 6545.209 86.1
626885.44 3.19 22019.29 6597.74 87.46
629062.1 3.19 21846.588 6630.3594 87.46
630382.56 3.19 22059.662 6122.078 91.08
624873.3 3.27 21487.32 6151.551 92.37
635654.4 1.45 21902.602 6199.8438 104.4
644470.25 1.04 22627.209 6014.953 128.75
646720.5 1.04 22204.918 6602.8066 122.57
643071.06 1.04 22685.012 6732.09 108.9
650842.94 0.3 23301.588 5937.752 108.12
652213.4 0.3 23396.918 6106.164 108.12
656518.56 0.3 23337.451 6294.4785 108.12
632820.9 1.22 22287.441 6597.824 87.86
623468.9 2.64 22244.248 6342.3438 91.24
641819.2 0.07 22832.78 6818.5137 94.86
641931.94 0.07 22577.6 6680.006 94.86
645394.8 1.23 22414.254 7616.127 98.21
666114.3 24.69 22802.809 8219.131 100.08
663568.4 15.0 22686.348 8483.213 77.34
627875.8 1.38 22558.182 6315.826 89.81
630724.9 1.38 22325.5 6262.4883 89.81
629796.6 1.38 22283.2 6503.3574 89.35
629491.0 1.38 22530.62 6772.9375 88.78
642164.2 0.75 22892.143 6062.4297 115.08
637373.0 3.65 20795.96 8116.258 92.85
630020.4 2.31 21470.018 7087.549 87.48
621400.56 1.11 22503.39 5084.7344 99.28
621589.1 1.11 22560.969 5317.7617 99.28
627802.6 0.47 22669.99 5683.25 90.36
630148.7 0.47 22616.578 5799.949 92.44
630933.6 0.18 22878.447 7031.385 88.97
627620.7 3.65 22477.473 7297.0723 102.15
634767.94 3.73 22904.13 7123.045 111.79
636992.25 3.73 22581.86 7442.6875 111.79
638161.56 3.73 22549.326 7392.6797 111.79
637260.4 4.85 22428.309 6872.545 104.22
635135.5 4.85 22146.326 6745.785 105.26
642385.5 1.83 22359.994 7492.9473 98.95
653320.6 5.62 22423.973 7367.5156 112.36
644852.9 2.75 22195.781 7067.33 112.36
611066.44 4.51 21280.893 6017.879 83.17
643759.25 3.23 21798.768 7449.9746 110.96
628075.0 3.07 21062.453 7994.199 77.27
631511.2 3.07 20965.006 8054.035 77.27
615157.6 1.4 21876.52 5994.1797 79.79
631089.1 1.48 20290.033 7535.207 77.28
629524.6 1.48 19925.184 8287.189 74.51
627724.44 1.48 20383.395 7615.4863 73.76
635629.44 0.02 22608.541 5931.582 106.26
624082.44 2.18 22519.229 5274.34 116.76
624622.9 2.18 22588.293 5309.916 116.76
632556.56 0.68 22825.412 6293.365 95.75
633932.0 0.68 23163.32 6356.4375 95.75
638323.4 2.06 22597.201 6697.832 89.5
626064.44 2.75 21343.871 6713.426 83.85
624167.3 4.24 21743.521 7813.3516 85.27
630076.7 3.73 22609.213 6170.2383 112.33
627588.1 3.73 22788.889 5809.451 112.33
633636.3 0.62 22165.908 6371.16 93.1
630968.2 0.62 22475.389 5466.4336 97.3
630802.56 0.91 22875.68 4971.5645 103.49
629199.75 0.91 23053.56 4584.912 103.49
619886.1 3.64 21998.56 6693.916 93.54
638415.6 0.84 22559.58 6269.4316 102.15
639041.94 0.69 22023.072 6106.5586 90.42
641013.5 0.69 22082.412 6416.047 90.42
645202.44 0.69 21891.412 6914.6426 90.42
646553.9 0.07 21382.459 7568.074 90.42
616801.06 4.61 20241.988 7975.045 83.04
631415.3 1.83 22082.67 7394.916 84.55
621537.75 2.39 22471.6 5735.0605 87.32
609582.7 1.28 21311.01 5536.7734 82.26
612905.75 2.81 21928.82 5380.8477 100.15
609747.94 6.69 21232.758 7469.791 94.61
629863.8 5.95 21842.643 7390.3965 91.52
611118.2 4.08 21591.549 7768.465 78.87
618403.56 0.08 22138.174 6778.0234 82.98
632715.8 5.0 22188.197 5872.91 128.29
635758.5 0.28 22668.764 6167.916 102.93
629040.3 6.52 22353.312 6984.4707 113.2
624557.7 6.52 22052.504 6835.6797 113.2
623769.9 6.52 22401.562 6237.8613 136.06
691743.94 16.51 23471.172 8505.148 83.55
689904.0 10.33 23947.57 8481.787 83.55
640008.9 0.76 22715.2 6104.129 121.43
642640.25 0.76 22710.36 6111.912 121.43
629832.8 8.1 22356.832 5851.172 182.12
631864.44 1.23 22457.83 5775.0527 85.6
631500.94 0.35 22778.043 5483.9805 85.2
636741.9 0.35 22122.371 6441.75 85.49
617534.5 0.48 22024.44 5713.5312 81.03
595817.6 2.06 19648.63 7970.248 74.16
674939.3 40.9 22074.488 8958.352 104.62
664331.4 8.2 22312.12 7792.2207 114.08
660522.75 8.2 22634.18 7296.2734 143.99
619092.1 3.86 21328.574 6483.699 90.77
633966.44 0.04 22179.352 7982.551 77.97
612684.1 0.3 22700.863 5404.215 96.09
614049.2 1.32 22831.281 5532.3594 103.2
619206.56 1.32 22766.31 5431.5977 103.2
612285.0 2.18 22432.057 5172.17 96.09
634055.6 1.9 22357.09 6136.8027 122.9
608324.9 2.83 20620.95 8023.6426 73.15
622557.7 3.45 22078.73 6312.5977 93.69
618054.06 1.19 20054.39 8407.838 69.61
616381.44 0.09 22079.145 7669.953 79.01
625344.4 0.75 22052.17 5721.1133 86.37
627299.8 6.22 21333.7 7425.9336 103.83
626214.94 8.21 20690.959 8136.131 91.6
627960.75 0.88 22345.887 5767.332 90.87
632797.5 1.5 22565.46 6265.703 103.62
615465.44 7.23 21936.184 7023.1562 121.55
615857.5 7.23 21982.56 7139.996 121.55
653198.94 1.95 22998.732 7084.1445 103.54
627208.2 2.51 22266.021 5844.4004 87.22
625032.9 2.51 22059.521 5479.1504 87.36
626167.0 2.51 22409.98 5550.451 87.36
623936.06 2.51 22699.895 5288.09 126.82
623500.5 2.51 22752.51 4689.543 126.82
635740.2 0.98 23002.441 5798.967 143.74
634220.44 1.28 21871.848 7261.301 85.65
631400.7 1.93 22142.05 6048.5117 104.42
644705.4 1.61 22841.672 6625.42 115.33
644206.3 1.61 22993.63 6380.5195 115.33
614628.7 0.24 22254.143 5056.6777 91.95
632223.06 5.48 22453.709 6188.082 123.64
624228.75 5.48 22283.13 5925.2676 100.58
614111.25 0.28 21528.98 5792.039 78.55
623834.3 2.89 22467.574 5275.3086 114.74
618580.7 0.24 21405.209 6059.1484 78.84
629953.1 2.62 21316.521 7624.754 82.64
644647.56 2.03 22386.766 7034.2266 104.66
644846.2 0.09 22538.488 6553.7695 88.17
611840.7 2.07 21556.855 6298.174 83.8
645991.25 0.99 22845.377 7846.1895 97.16
642232.25 0.99 22901.447 7624.0586 97.16
640339.0 0.99 22689.87 7216.3164 90.26
633109.56 0.99 22225.201 6858.037 83.97
634692.1 0.99 21841.44 7130.551 83.97
632442.94 0.99 22767.53 6262.3906 97.23
631677.7 0.79 22901.2 5622.9336 97.23
640259.75 2.29 22407.72 6225.41 108.9
621675.44 6.8 21359.4 6454.41 99.93
632501.94 3.98 21209.99 8199.588 87.78
632948.9 3.98 21118.734 7333.076 85.38
628946.0 3.98 21488.924 6931.576 85.38
628863.5 3.98 21818.623 6903.715 85.38
633772.2 1.37 21780.447 7882.3984 85.18
631994.3 0.06 22254.578 5732.205 91.8
623472.5 1.48 22025.357 6250.5723 75.58
626609.7 4.45 21124.162 8180.367 89.87
614595.8 0.63 22085.674 5145.967 87.99
632140.56 0.06 22548.738 5211.332 97.11
627642.44 4.72 22217.352 6395.83 105.1
617644.8 0.97 21853.7 5334.672 81.54
633534.7 3.9 21573.2 7770.287 93.0
634170.94 4.96 21771.512 7988.8945 91.89
624542.0 4.96 21968.07 7321.6855 101.36
