8297.688 137.1246 1605.1047 106.576294 158.97757
8206.025 137.1246 1592.9114 95.8125 158.97757
8265.01 143.0818 1621.9318 51.300415 163.91571
8590.802 158.12105 1673.1785 90.41882 166.07715
8889.7295 148.8617 1718.5948 116.37598 165.66666
8421.531 144.32188 1624.9818 145.25012 160.22249
8225.965 158.01398 1624.4956 41.651978 176.64444
8412.944 121.40395 1650.1714 58.43164 166.62468
8532.91 164.84428 1648.2825 100.010254 164.80792
8622.586 156.64426 1677.2168 122.148926 164.80792
8595.731 164.84428 1661.6799 118.561646 164.80792
8611.901 164.84428 1655.3433 148.25537 163.93184
8739.04 158.90211 1675.3092 157.05176 164.84428
8705.958 158.16292 1680.7957 90.65527 164.8404
8357.384 137.1151 1654.7053 33.6333 172.11137
8477.269 163.74802 1652.6443 82.37341 168.22682
8558.055 163.74802 1641.722 100.477905 168.22682
8298.389 137.37761 1643.1638 46.35144 167.09227
8323.468 137.37761 1631.5394 56.159912 166.22816
8304.723 137.37761 1640.064 38.106934 167.09227
8374.84 155.50461 1651.2861 44.166504 172.7754
8339.771 158.41406 1621.399 88.01172 163.87476
8298.816 154.84732 1615.4371 99.56897 162.579
8217.307 154.84732 1609.7631 65.59412 160.69627
8298.125 154.84732 1600.8959 94.625854 160.8016
8342.26 138.21107 1585.5312 111.39661 160.69627
8449.828 138.21107 1620.3972 155.60132 160.69627
8128.6816 136.017 1510.4703 206.54211 157.73245
8264.152 148.61626 1573.793 149.68567 158.90211
8278.829 131.63332 1402.5143 406.87683 157.9567
7939.976 137.18648 1508.7446 187.52917 157.52885
8011.5713 135.51976 1500.0427 196.1925 157.52885
8103.821 137.18648 1507.7699 220.62354 157.52885
8185.8413 130.36232 1491.8787 269.38428 157.52885
8128.592 121.94859 1476.9587 247.04773 157.52885
8238.107 109.19549 1487.2394 305.63953 157.52885
7546.742 128.60052 1428.9559 197.29797 153.49574
7720.512 128.60052 1426.748 247.4867 153.49574
7828.1177 128.60052 1409.4757 242.1001 154.68307
7820.122 128.60052 1449.1117 194.3274 154.68307
7839.473 128.60052 1453.9518 292.11218 153.20276
7588.066 128.60052 1414.4783 240.99182 153.20276
7611.134 128.60052 1409.8033 218.38977 153.20276
7822.6274 128.60052 1414.532 253.09192 153.20276
8131.669 128.60052 1462.056 261.5177 155.42119
8066.316 128.60052 1470.7322 250.7345 154.68307
8292.404 128.60052 1479.793 289.4204 154.68307
8154.9014 109.19549 1495.9473 260.52124 154.68307
8200.838 128.60052 1506.0103 275.48254 154.68307
8071.5894 128.60052 1502.447 259.78333 154.68307
8041.386 128.60052 1488.9159 253.78943 157.14642
7803.898 128.60052 1459.5708 159.99866 155.42119
7715.1123 128.60052 1415.9967 174.31555 154.68307
7672.468 128.60052 1432.0726 179.95166 154.68307
7609.766 127.0629 1421.1445 207.72961 153.50403
7575.7485 128.60052 1408.8682 193.03857 153.50403
7708.9585 134.4078 1469.8589 141.08154 156.40688
7655.7637 136.088 1439.4209 155.48035 156.40688
7773.8003 133.93068 1426.3987 279.51172 154.92636
7564.348 133.93068 1409.3263 181.5791 155.53435
7589.1045 130.22588 1402.7931 222.69128 154.92636
7851.6943 142.60294 1487.1908 178.1925 157.60176
7966.8003 137.09634 1499.7538 261.22546 156.06908
8044.8296 137.09634 1534.2573 269.88843 156.06908
7861.176 137.09634 1518.4027 156.18823 156.06908
7752.4434 140.28143 1462.2638 203.297 155.67729
7719.075 133.9216 1463.9462 211.17883 155.67729
7839.6475 140.28143 1458.8711 224.58691 155.67729
7900.892 140.28143 1449.0768 295.6255 156.91866
8081.7427 135.36838 1515.317 233.2472 157.60176
8162.8403 135.36838 1529.5333 263.9275 157.60176
8066.5024 135.36838 1541.8099 198.05579 157.60176
7890.6978 144.21553 1468.0425 178.06274 157.60176
7802.796 144.21553 1498.2775 141.32971 157.60176
7902.994 149.33693 1530.7622 101.837524 158.92749
7858.0566 146.71463 1534.4833 84.12805 158.66147
7898.299 146.71463 1515.2466 114.62598 158.66147
7936.058 128.60052 1496.5845 150.35327 156.72108
7938.228 128.60052 1517.8251 157.33081 156.25668
8060.303 143.20287 1546.7788 139.76038 158.09056
8063.7725 142.19382 1533.5463 151.9906 157.9567
8001.0024 143.20287 1538.2932 138.41577 158.09056
7967.3306 141.94493 1557.7354 85.29663 160.1111
7996.8223 150.15355 1541.9204 115.284424 160.31525
7895.2827 145.09744 1557.7101 50.784424 160.31525
7863.987 145.09744 1535.6544 93.51062 159.73465
8198.563 154.84732 1569.378 170.01086 158.28462
8279.63 146.69995 1563.9344 200.09924 158.47075
8405.524 141.94493 1591.8665 222.08533 158.47075
8311.542 141.94493 1545.1171 229.92554 158.28462
8296.856 141.94493 1555.0385 204.62817 158.28462
8385.224 141.94493 1578.6355 219.9403 158.47075
8675.625 120.20812 1579.85 328.20923 160.12071
8583.467 132.91522 1615.1998 222.24915 160.12071
8526.731 137.1246 1631.0729 149.13501 158.53456
8435.515 137.1246 1611.8347 131.3982 158.47075
8364.277 144.61475 1575.0277 198.1549 159.73465
8408.505 147.12909 1622.8909 202.73022 160.12071
8360.51 147.12909 1576.2349 210.78589 159.73465
8553.406 147.60738 1607.5048 285.42334 159.73465
8469.365 147.60738 1576.6212 261.85632 159.73465
8570.694 147.60738 1586.9038 316.78442 159.73465
8276.058 137.5356 1599.9274 135.8739 160.10626
8331.295 137.5356 1594.8225 157.11548 159.73465
8296.355 137.5356 1602.8392 157.34595 159.73465
8171.1963 137.5356 1598.5089 111.123535 159.73465
8219.262 147.60738 1577.8982 129.3811 160.22249
8189.093 144.67848 1592.9215 93.37036 160.22249
8113.2964 137.5356 1585.709 181.66675 158.92749
7967.0244 144.67848 1518.8351 140.10303 158.28462
7908.289 143.0818 1503.4037 135.97803 158.28462
7899.589 132.48744 1495.764 167.19446 157.53812
8028.1597 132.48744 1560.5088 112.21887 158.37195
8045.7427 132.48744 1530.276 133.11853 158.37195
8093.8584 132.48744 1552.1898 140.5326 158.37195
8013.506 132.48744 1515.7262 218.89551 157.5813
8016.393 132.48744 1511.884 207.99988 157.5813
8075.167 132.48744 1561.4602 136.0509 157.8263
7959.975 144.67848 1504.4082 143.4336 158.00647
7868.782 144.67848 1515.332 116.12073 158.00647
8026.6196 141.32265 1571.2345 83.612305 157.60176
8030.627 141.32265 1551.1743 126.408936 157.74869
8245.593 149.06984 1581.5624 128.64221 160.38483
8150.7607 144.67848 1548.5581 157.63623 157.74869
8296.973 144.67848 1575.3733 186.81982 158.92749
8304.49 151.40884 1582.1036 200.14209 158.92749
8477.3 151.40884 1570.224 285.20874 158.97757
8355.767 151.40884 1585.1554 247.17969 158.01398
8442.632 149.17802 1582.9246 246.92676 159.7569
8458.403 149.17802 1581.8367 243.91797 159.7569
8301.679 149.17802 1570.4801 163.5675 159.42813
8166.3037 149.17802 1578.793 119.39917 159.16022
8302.983 146.04237 1564.6888 183.75269 159.24257
8276.299 146.04237 1553.8596 157.8446 159.24257
8194.047 146.04237 1585.358 104.25037 159.16022
8310.479 146.04237 1550.5261 191.63232 159.24257
8212.122 141.87831 1588.8308 117.687256 159.24257
8161.5664 141.87831 1580.3806 89.69849 159.24257
8178.5254 153.41719 1591.6484 122.573 159.24257
8229.718 153.41719 1577.2162 121.58276 158.66147
8242.194 152.36444 1595.4781 96.66443 160.38483
8254.27 152.69485 1588.6552 139.19531 160.38483
8273.694 153.77576 1609.6466 99.85242 160.62572
8214.789 153.77576 1611.9836 69.25769 161.9281
8275.898 153.77576 1580.8146 135.35095 158.92749
8226.708 135.68265 1581.3716 128.60205 158.92749
8335.323 149.06984 1584.4911 142.12439 160.62572
8234.808 149.06984 1563.6123 169.69006 158.38876
8184.864 149.06984 1565.0077 154.3374 157.83769
8268.782 150.89505 1537.0688 231.48865 157.83769
8237.128 153.50403 1556.1151 176.20703 157.83769
8373.315 149.12532 1638.2804 73.03662 165.03769
8346.8 145.67773 1649.8224 64.77307 162.45502
8373.828 145.67773 1641.2979 77.680176 162.45502
8448.378 152.98006 1655.0894 85.872314 163.28625
8439.988 160.33003 1658.1202 87.785645 166.84549
8490.127 160.33003 1643.7361 152.30957 163.28625
8478.795 160.07138 1653.6495 92.315186 163.28625
8489.965 160.33003 1662.3407 111.68347 163.28625
8691.419 137.65721 1711.5275 54.471558 172.7754
8508.348 158.23817 1654.1565 114.25928 163.86139
8558.235 160.34648 1632.4336 149.375 161.1099
8615.975 163.91571 1623.346 195.3003 164.80792
8719.458 163.74802 1610.9954 229.1648 163.96837
8655.653 163.74802 1604.0885 241.50879 163.91571
8641.214 163.74802 1612.9834 245.0354 163.19127
8721.548 163.74802 1619.89 232.6914 163.96837
8708.058 150.09505 1666.9844 117.648315 163.96837
8706.259 154.59692 1683.7882 116.96692 165.33313
8912.929 162.37631 1709.501 115.45691 166.74571
8677.271 159.44897 1693.19 70.343994 166.819
8781.562 159.9382 1728.708 54.886963 174.36157
8737.137 159.9382 1687.396 95.51257 166.819
8603.389 152.96815 1656.3872 88.59241 163.96837
8759.1455 154.45143 1685.715 150.60083 164.95471
8620.271 154.45143 1667.4882 112.64673 164.61855
8642.067 154.45143 1653.3435 121.48999 164.61855
8672.065 154.45143 1696.9077 92.51428 164.95471
8678.785 159.42813 1681.6614 107.92175 165.36847
8794.072 160.20432 1682.6852 135.29639 166.31306
8723.439 159.42813 1695.3517 112.03467 166.31306
8693.379 160.63477 1680.4846 104.42212 166.31306
8608.251 161.34639 1656.5795 120.42212 166.31306
8405.313 160.14868 1656.7434 49.860596 167.91774
8554.12 161.25354 1654.267 108.54529 165.36847
8521.63 163.33229 1661.8273 104.43506 165.36847
8544.213 151.76624 1687.0963 32.550537 176.07236
8563.5205 152.96815 1679.2173 52.93042 173.2176
8712.902 170.60704 1696.5363 80.53528 173.2176
8702.378 170.60704 1715.0793 52.063354 173.4757
8698.641 161.20546 1709.9342 66.437744 172.7754
8755.686 164.61855 1718.3984 66.09375 175.41118
9291.735 173.78304 1789.289 140.11731 173.25581
9143.552 176.49225 1739.1997 192.35071 174.36157
8853.624 169.45816 1730.8425 69.64453 180.4404
9003.886 157.32475 1674.7617 252.6355 164.99196
8840.809 164.16862 1630.508 277.91357 164.99196
8833.723 164.16862 1631.0193 271.4192 164.99196
8804.44 166.04555 1656.4521 224.75574 164.86464
8783.833 162.55424 1685.9711 157.8606 164.93689
8783.37 162.55424 1694.1083 144.16858 166.04555
8845.058 162.55424 1668.8334 212.78577 164.93689
8567.526 162.41766 1675.5293 92.052 167.45956
8501.081 162.41766 1651.7983 80.03955 167.45956
8731.241 162.55424 1680.0602 134.44543 165.35995
8601.482 164.38338 1653.1335 172.12756 163.39345
8629.929 162.41766 1654.7065 165.48486 164.38338
8731.325 164.5721 1685.4948 173.30151 165.72655
8655.143 166.62468 1677.2317 140.3363 165.8388
8645.32 162.31517 1667.4088 129.27368 165.8388
8670.469 148.98611 1697.9458 92.354126 164.61855
8647.731 157.32475 1677.4841 78.82471 164.8346
8729.021 155.90303 1685.8141 118.36926 164.8346
8525.454 160.34648 1629.691 138.11829 163.33229
8684.461 145.01468 1682.4521 136.07788 163.33229
8813.986 149.38101 1720.5052 190.70374 164.8346
8478.748 140.82065 1664.759 77.00867 162.66658
8472.333 160.08427 1627.2096 126.66016 162.90945
8619.007 157.74712 1593.366 267.3446 160.08427
8554.52 156.99571 1606.4053 239.64233 160.08427
8669.697 152.24823 1640.5372 252.96375 160.46149
8666.296 152.24823 1663.5608 187.43884 160.33003
8773.54 152.24823 1685.725 129.48547 164.8346
8718.386 152.24823 1691.538 134.29065 164.8346
8731.665 147.12909 1673.3699 202.86365 161.20546
8529.462 154.77098 1634.9409 192.5094 160.33003
8399.143 154.77098 1616.5742 148.80139 159.7569
8552.451 142.16643 1626.9419 185.94226 160.33003
8426.598 154.77098 1609.6866 160.76001 160.33003
8348.906 154.77098 1608.4528 144.06665 159.7569
8292.682 158.2093 1629.7654 52.743774 166.74571
8340.197 157.93507 1643.7085 47.114746 166.74571
8347.542 148.94606 1639.617 74.32556 163.17189
8408.427 158.2093 1644.5204 79.17615 162.67815
8462.803 158.2093 1639.2832 115.66931 162.67815
8450.28 160.10626 1661.3447 95.01514 162.67815
8399.195 157.3032 1604.6484 135.69788 161.87439
8309.073 143.05045 1623.1489 69.12036 161.87439
8302.371 159.86047 1616.4467 102.802734 161.87439
8250.329 159.86047 1611.8689 88.8761 161.87439
8298.563 142.60887 1639.6833 54.939453 163.96837
8293.142 161.6889 1620.6129 86.855225 163.96837
8294.095 161.1099 1613.0431 95.379395 163.12018
8228.163 148.39711 1620.5254 62.624634 164.94165
8190.5938 144.01166 1621.0194 31.469604 175.23825
8192.186 144.01166 1624.5366 39.024414 175.23825
8213.319 138.71661 1622.8848 36.268555 174.38966
9441.296 138.71661 1843.1036 122.09253 186.23871
9130.058 173.68413 1688.4237 241.28064 172.54773
9296.93 161.25354 1735.3029 184.33228 172.40428
8865.19 163.19127 1721.4419 146.21313 166.65726
8934.03 161.13847 1722.617 162.27197 164.95471
8913.545 152.36444 1748.395 150.16455 167.15172
8801.044 142.16643 1731.2211 73.526 167.61499
8848.143 142.16643 1722.2517 77.6604 167.09227
8825.867 142.16643 1723.3013 81.234985 167.09227
8755.033 161.13847 1722.8042 84.22754 167.09227
8711.846 163.17189 1690.5139 108.118774 167.09227
8701.546 163.17189 1680.2155 97.19177 167.09227
8675.337 157.93887 1704.0481 74.360596 167.91774
8684.522 157.93887 1713.2343 80.06384 167.09227
8775.775 157.93507 1728.6826 50.399902 174.55391
8852.741 157.93507 1718.3947 95.95325 165.92302
8867.93 154.36682 1724.5818 111.63843 165.92302
8811.769 157.93507 1729.9213 94.93115 165.92302
8884.662 154.48396 1736.1333 123.03589 165.92302
8789.27 157.93507 1715.5042 77.88367 165.92302
8816.637 157.93507 1719.5032 87.589355 165.92302
8756.204 154.48308 1719.6506 82.99109 165.6998
9008.864 167.65732 1728.5979 161.62708 165.89938
9010.84 167.91774 1728.9259 148.97925 168.03444
8924.663 165.78857 1727.5618 128.1792 168.03444
8852.324 165.78857 1694.2416 137.74377 167.91774
8851.616 165.78857 1735.2373 97.67883 170.12964
8883.968 170.60704 1732.2769 88.774414 170.60664
8952.077 170.60704 1752.6179 91.14636 174.48071
9099.396 170.60704 1775.4961 106.23682 173.78304
9091.056 158.90211 1753.7957 110.39087 167.91774
9127.669 145.2494 1786.691 91.872925 169.12161
9092.098 152.69485 1746.9349 120.03369 169.48607
9069.024 158.90211 1641.006 266.37195 162.4626
8927.844 148.21837 1626.9062 265.7251 162.66907
8961.015 147.27318 1625.961 282.34045 161.46465
8848.937 160.12071 1618.4636 283.79114 162.90945
8789.183 160.12071 1623.9565 276.4557 162.90945
8786.163 162.03156 1625.8652 214.95996 162.90945
8559.923 162.31517 1624.6656 237.24963 162.03156
8682.296 162.31517 1628.5115 269.69446 162.4626
8753.989 161.13847 1633.0635 212.37341 163.4979
8868.387 156.56027 1613.8906 238.52734 163.50308
8715.677 163.50308 1621.9502 211.63818 162.4626
8678.501 146.37903 1604.3688 211.37195 160.31525
8524.76 146.37903 1597.0938 205.20422 160.31525
8501.682 159.49963 1614.2051 184.08069 160.38483
8374.312 157.32475 1604.4926 136.66626 162.40852
8424.866 147.12909 1617.4481 140.92102 160.38483
8435.475 159.49963 1616.5122 154.34937 160.38483
8411.748 156.1175 1609.7135 148.47693 160.12071
8524.103 156.1175 1621.3434 210.24475 160.20432
8538.483 156.93901 1631.7316 212.71301 160.31525
8640.824 146.37903 1608.9354 211.42944 160.31525
8470.839 159.9382 1615.3555 144.82324 162.4626
8571.498 157.93887 1615.7701 232.46204 160.20432
8518.059 159.54929 1606.1444 222.27832 160.20432
8594.281 135.68265 1617.9896 185.20862 160.38483
8548.218 159.49963 1605.4526 209.87024 160.12071
8515.071 159.08632 1622.5635 169.9895 160.12071
8575.503 159.49963 1617.8796 192.94373 160.61742
9111.825 158.53456 1750.591 130.69592 167.263
9096.234 138.71661 1762.8455 124.94592 167.263
9136.689 138.71661 1766.4673 126.9823 167.263
9093.762 158.53456 1760.9283 132.99573 167.263
9030.512 138.87321 1712.0293 184.12952 163.19127
8929.928 147.83372 1661.2378 202.49121 163.19127
8962.723 161.67987 1694.0337 185.47083 163.80563
9024.934 145.11633 1718.2725 226.04163 163.19127
9016.742 144.0198 1717.1759 202.44836 163.19127
9221.204 167.263 1761.1561 151.26892 169.41483
9248.706 164.94165 1773.1401 138.65674 169.41483
9129.636 164.94165 1755.3873 144.46472 167.61499
9005.062 164.94165 1765.0171 98.496704 169.26762
8744.142 151.45073 1720.8492 50.3927 173.68011
8874.478 152.00078 1754.3896 39.924805 176.17882
8826.033 152.80214 1705.106 95.47766 166.06993
8908.822 152.80214 1717.6897 108.35266 166.06993
8825.1875 152.06389 1702.1985 93.56262 167.04564
9066.198 161.1099 1744.0154 142.58765 166.06993
9058.247 158.90211 1747.5607 132.51135 166.06993
9008.19 152.69485 1746.0304 111.31494 166.06993
9038.499 145.2494 1753.7131 112.27637 166.06993
9031.96 152.06389 1734.3462 123.31323 166.06993
9229.27 173.68413 1793.0524 108.00488 177.04102
9336.962 169.2948 1796.8745 159.77515 174.36157
9191.326 167.263 1773.0652 128.031 170.2111
9252.407 158.90211 1758.1549 190.33435 168.0409
9066.963 166.54428 1708.4242 191.87488 165.89938
9154.958 158.4357 1730.9999 181.23328 165.89938
9106.73 162.03156 1748.426 163.48047 165.89938
9080.979 165.67326 1718.8114 202.37573 165.89938
9077.694 164.95471 1746.5233 134.84546 168.88826
9130.801 164.95471 1754.468 169.80298 165.89938
9093.765 142.17139 1725.78 225.69775 165.78857
9069.09 138.87321 1733.7926 154.91248 165.78857
8908.298 138.87321 1728.1185 134.34326 165.78857
8983.661 154.42603 1732.276 151.90906 165.78857
9056.591 154.42603 1714.1216 197.97778 165.78857
9022.202 151.39291 1679.7341 222.5653 165.67326
8979.987 153.1416 1681.7458 188.36218 165.36847
9027.974 145.11633 1705.1886 204.49902 165.36847
8992.913 154.42603 1720.6914 179.47449 165.67326
8939.577 154.42603 1712.0697 162.74695 165.36847
8768.975 142.16643 1672.7441 144.89929 163.19127
8738.132 154.36682 1683.9648 132.35913 163.69595
8743.307 152.98418 1702.3777 124.48877 164.84428
8735.065 152.98418 1693.9523 102.57788 164.93689
8756.277 155.21843 1682.8718 113.34412 164.93689
8755.118 155.21843 1668.9535 157.59875 164.84428
8577.763 155.21843 1664.6512 120.703125 163.19127
8733.809 146.2643 1683.9816 147.34497 163.19127
8828.007 146.2643 1700.8733 163.52515 163.19127
8870.837 146.27359 1726.4508 105.81201 167.263
8831.906 146.27359 1719.0914 89.57678 167.263
8862.375 151.39291 1731.3373 96.02551 167.65732
8914.889 151.39291 1726.4042 100.97974 167.83339
8879.023 158.53456 1725.9147 104.203735 167.83339
8943.986 158.53456 1719.8018 123.32703 167.83339
8874.254 158.53456 1722.8658 87.74219 167.83339
8902.769 158.47075 1740.0181 83.053955 167.83339
8844.884 158.47075 1724.0894 105.93738 167.263
8943.578 158.53456 1714.8999 127.94983 167.263
8884.298 158.53456 1725.6876 122.20691 167.263
8890.869 158.53456 1723.1871 119.41687 167.263
8819.082 162.26248 1723.2952 84.19214 167.263
8824.757 160.61742 1713.1931 107.41565 167.8785
8831.123 162.26248 1712.3652 118.34912 167.83339
8977.2705 165.67262 1724.4128 140.7312 168.0409
8853.849 158.2093 1711.5321 116.32263 167.263
8919.914 158.2093 1714.3439 125.440796 167.263
8926.903 144.32188 1722.008 112.37256 164.61855
8934.514 144.32188 1727.1176 149.06836 164.61855
8666.451 144.32188 1693.9833 85.84802 162.26248
8772.552 144.32188 1710.121 105.63977 164.61855
8764.039 144.32188 1704.2043 104.09558 162.92406
8757.175 144.32188 1709.1575 100.73828 162.92406
8720.914 144.32188 1699.4119 87.17432 161.1099
8755.186 144.32188 1710.2197 93.89404 164.61855
8849.063 144.32188 1729.174 107.61072 163.76953
8761.319 144.32188 1720.5284 100.237915 163.76953
8837.369 152.50389 1691.5967 148.35266 164.95471
8825.852 152.50389 1702.0481 133.77173 164.95471
8727.479 154.36682 1692.0785 105.464966 164.95471
8769.562 148.49284 1703.2893 96.54138 164.95471
8708.283 144.61475 1665.2358 133.0315 162.67815
8738.306 149.26286 1686.3365 94.652466 164.10173
8665.108 149.26286 1670.3607 113.87805 162.67815
8853.628 149.26286 1695.7438 163.13635 164.10173
8748.713 163.19127 1676.0535 177.1825 164.69258
8643.928 160.46149 1659.3302 129.44373 164.69258
8623.822 160.46149 1658.3416 106.57434 164.69258
8689.048 162.77574 1664.2008 143.66333 164.69258
8628.025 160.20432 1658.8181 123.27551 165.9293
8670.597 162.31517 1663.2122 127.26318 164.93689
8516.97 162.02931 1619.594 130.93774 164.69258
8670.598 162.31517 1663.2122 127.263306 164.93689
8648.885 162.77574 1664.3568 139.60901 164.69258
8481.503 163.09657 1620.2897 170.5321 162.8344
8587.634 162.67815 1648.677 155.62451 163.09657
8487.619 162.8344 1620.6034 144.31079 163.09657
8378.074 162.45555 1610.8884 126.124146 164.19875
8409.652 162.02931 1621.9552 117.22803 164.19875
8893.977 166.06993 1717.5355 146.6543 168.64224
8702.3 130.35652 1711.7042 49.526855 168.03444
9312.075 173.78304 1799.3152 129.19983 174.62762
9311.502 161.34639 1730.3799 217.54578 172.23912
9297.4 158.53456 1716.2795 202.19165 169.63405
9272.569 172.23912 1771.1443 127.766235 169.52435
9272.945 169.31198 1757.1384 158.00708 169.52435
9328.618 169.31198 1812.8113 94.72388 174.36157
9281.518 169.31198 1765.7102 172.60071 170.48619
9225.987 169.31198 1773.9697 166.15271 169.63405
9212.446 169.31198 1761.4415 173.14099 168.03444
9217.771 153.50403 1730.3723 219.79346 166.74571
9260.855 153.50403 1741.9364 201.58813 166.7952
9430.259 166.74571 1817.099 145.3722 183.39262
9406.666 166.74571 1837.7852 90.37329 174.36157
9281.711 166.74571 1737.7557 160.35449 172.5982
9281.191 160.86064 1737.236 159.81921 171.41327
9146.59 142.16643 1796.59 64.928955 177.04102
9275.538 160.12071 1816.137 83.220825 180.07396
9296.528 160.12071 1825.2782 87.295044 180.07396
9006.075 160.12071 1774.1077 70.50879 173.9166
9024.817 164.61855 1777.6464 62.035156 181.34158
8998.821 142.16643 1768.0635 58.334106 174.73656
9105.316 157.32475 1786.7095 59.39563 175.68333
9093.667 173.78304 1775.4257 101.38745 173.99953
9008.141 173.78304 1762.7876 96.83008 172.7754
9091.335 168.0409 1779.8896 81.50903 173.78304
9110.658 173.78304 1758.9443 120.00757 170.66316
9103.777 173.78304 1764.0084 108.10803 170.66316
9067.108 173.78304 1765.4932 103.95679 172.61366
9174.651 164.61855 1798.9835 77.96387 174.59618
9169.047 173.2176 1804.5708 71.278564 174.59618
9074.596 173.78304 1776.8934 70.087036 174.55391
9191.075 173.2176 1773.0859 125.026245 173.99953
9262.404 165.67262 1786.9585 98.388916 173.2176
9284.8955 164.8346 1763.2091 148.89209 173.2176
9248.683 165.67262 1802.0535 129.59656 172.7754
9008.012 160.61742 1772.9019 66.41394 172.5982
9008.668 160.61742 1768.1083 69.71838 170.55502
8987.639 160.61742 1768.1445 55.553467 168.0409
8987.638 160.61742 1768.1445 55.553345 168.64224
8956.186 162.39507 1736.6895 104.276245 168.0409
9070.306 162.39507 1741.3527 114.791504 169.52435
9017.687 162.39507 1751.8881 94.173706 169.52435
8694.483 147.90703 1663.1908 255.14282 160.9745
9452.671 156.64426 1821.3922 154.78833 174.36157
9448.306 156.64426 1817.0275 122.21387 174.36157
9381.791 169.31198 1814.5677 133.30627 178.41022
9321.661 169.31198 1813.0852 95.828 188.71999
9286.488 169.31198 1802.7618 83.424194 178.3366
9236.186 174.36157 1780.4844 112.332275 178.49954
9132.1045 174.55391 1777.098 110.287964 174.36157
9154.621 178.03792 1763.5422 121.04895 174.49599
9221.957 174.36157 1808.976 77.81787 179.18004
9036.111 174.36157 1696.6718 220.03711 173.48418
8989.004 173.86304 1690.9968 213.27039 173.48418
9096.87 174.36157 1776.8374 98.9082 177.50423
9015.651 164.5721 1763.2214 87.40076 169.9859
9026.974 174.36157 1774.5427 93.4436 178.33012
9015.65 164.5721 1763.2216 87.400635 169.9859
8726.788 165.33313 1695.5164 83.985596 169.31198
8652.256 165.33313 1684.6965 80.56543 169.31198
8570.965 165.33313 1644.1804 109.753174 168.64224
8512.993 163.31447 1671.7987 69.34082 169.0815
8526.377 163.31447 1669.4639 81.77588 169.0815
8468.662 163.31447 1653.6102 88.37427 168.30898
8504.436 161.1745 1667.1136 89.25403 166.41945
8471.067 163.17189 1656.3352 80.79187 166.65726
8446.351 163.31447 1651.5293 76.62695 168.30898
8414.621 166.33653 1641.4062 69.950195 169.22011
8433.719 163.74802 1636.0365 94.41614 167.09227
8445.473 163.17189 1655.3282 63.568237 167.09227
8467.507 163.31447 1648.8345 91.99475 166.72133
8464.202 163.31447 1654.6941 96.372314 168.24643
8475.746 161.25354 1660.3993 102.21045 166.60542
8421.097 163.31447 1644.6837 63.27661 166.60542
8479.5 163.8062 1672.4545 71.23816 172.61366
8446.525 163.8062 1653.2356 58.518555 172.61366
8401.981 154.20782 1663.754 38.000366 176.49225
8535.533 154.20782 1682.2869 44.35913 174.48071
8706.404 171.16081 1634.2712 195.98608 169.23686
8616.885 171.16081 1629.1665 188.21387 169.23686
8495.331 168.16208 1649.0375 113.56763 169.76538
8593.645 168.0409 1644.3318 107.36218 169.76538
8595.858 163.76953 1687.5647 63.977417 172.40428
9168.241 174.49599 1755.3937 119.753784 174.36157
9203.83 174.36157 1790.9824 108.96692 174.49599
9252.498 163.93184 1822.1644 55.73828 178.03792
9210.014 168.03444 1816.8036 64.96777 184.75258
9197.069 164.95471 1798.6691 74.50159 181.34158
9132.479 164.95471 1808.366 49.089355 188.11475
9125.789 174.36157 1750.3264 108.11865 177.04102
9127.849 174.36157 1752.3853 108.46167 176.88963
9196.013 172.4946 1789.256 96.89075 176.07236
9244.8 166.74571 1801.2668 84.86438 174.55391
9225.45 170.75787 1795.696 93.23743 176.88963
9204.112 170.75787 1787.9613 109.87805 175.74286
9105.39 166.77203 1776.6677 92.47461 172.40428
9132.196 167.52968 1774.0002 108.291016 172.40428
8977.085 154.77966 1772.8823 54.474243 174.36157
9027.87 164.95471 1764.2277 86.97424 172.40428
8961.034 156.91277 1766.6464 52.588745 174.36157
8953.315 162.60805 1748.2942 85.30078 172.23912
8981.345 164.95471 1735.3494 100.640015 170.58655
9039.807 161.20546 1779.0732 80.387085 170.66316
9129.858 161.20546 1772.6113 99.94617 170.69711
9105.394 161.20546 1778.3715 92.418335 172.61366
9098.909 164.95471 1778.5464 93.433716 170.69711
9030.218 168.88826 1734.7133 148.80872 168.0409
9031.716 169.99377 1736.2112 160.92773 168.0409
9112.321 168.0409 1781.0806 107.57312 169.99377
9141.733 170.06451 1774.694 111.26709 173.78304
9130.3125 164.95471 1793.1985 68.88489 175.8498
9149.988 164.95471 1797.1326 71.09973 176.49225
9130.312 164.95471 1793.1986 68.884766 175.8498
9076.924 176.64444 1718.4103 159.16162 173.78304
8973.655 175.15134 1703.844 189.35376 170.60704
9165.662 175.99098 1743.1193 162.09314 173.78304
9250.201 169.2948 1784.1616 138.2323 173.78304
9155.608 160.46149 1779.074 121.68176 170.58655
8885.726 158.47075 1711.626 127.05798 167.15172
8878.28 155.87817 1704.181 117.643555 165.36847
8843.561 155.87817 1726.842 139.04504 165.36847
8816.984 154.36682 1722.1919 128.23853 165.36847
8696.106 154.45143 1709.6676 93.60303 165.36847
8686.78 155.87817 1687.48 106.11389 165.72655
8643.321 138.06628 1696.117 77.01294 165.36847
8662.777 155.87817 1688.8833 88.402466 165.36847
8633.064 155.87817 1686.8762 75.6311 165.36847
8627.7295 155.87817 1689.5637 65.73364 165.36847
8563.858 155.87817 1643.4147 130.22119 163.19127
8484.174 155.87817 1636.186 89.84961 163.33229
8481.977 145.11633 1652.7354 74.13989 163.19127
8481.976 145.11633 1652.7355 74.13977 163.19127
8437.119 145.11633 1652.1664 65.2124 163.19127
8482.399 147.80772 1681.2122 43.984375 171.00258
8717.6 173.2176 1678.8783 119.352295 169.76538
8745.05 173.66924 1688.2533 122.21985 169.76538
8792.692 174.59618 1696.5316 146.86353 173.99953
8658.4795 173.61813 1709.1808 66.21094 177.04102
8756.745 169.45816 1665.17 186.3501 167.91774
8653.544 166.77203 1678.8895 116.45349 167.91774
8692.904 169.48607 1684.9736 128.1665 167.91774
8746.405 166.55363 1689.1418 121.04712 169.48607
8722.854 166.3936 1686.1073 115.91467 169.48607
8664.979 169.48607 1671.787 126.79077 167.91774
8709.419 166.22816 1682.6431 130.81104 167.91774
8740.691 169.48607 1679.6497 142.13452 167.91774
8709.095 169.12161 1684.1472 149.16248 167.91774
8628.86 157.2618 1675.9493 161.06287 161.43486
8564.639 161.43486 1612.8765 211.93823 160.92172
8666.406 161.27023 1658.2721 203.89197 161.25354
8536.203 155.78267 1660.9502 108.62097 161.25354
8584.701 154.48396 1638.3885 135.99011 161.25354
8640.63 152.84106 1684.1179 78.12988 161.1099
8575.264 140.03847 1680.6365 75.826416 162.28741
8554.515 154.48308 1685.849 45.442383 167.84029
8517.093 158.29262 1656.0269 117.442505 163.51988
8572.237 161.47746 1648.3721 122.172 163.51988
8599.515 161.1099 1638.0977 113.63013 163.51988
8567.545 161.1099 1611.1709 152.44385 162.86284
8425.138 162.49036 1579.6337 171.08398 161.47746
8607.285 162.49036 1650.7186 167.64648 162.28741
8710.266 161.96129 1682.3915 152.72852 162.26248
8867.585 150.9819 1695.6136 156.56958 161.96129
8661.218 153.2553 1678.3295 118.12842 162.26248
8736.976 153.2553 1684.2477 138.59314 165.25044
8729.229 153.2553 1676.4996 134.54248 162.26248
8798.278 153.2553 1693.2343 148.84985 165.25044
8742.573 153.2553 1675.587 166.32104 164.69762
8684.245 162.49036 1620.5874 208.79578 163.80307
8632.323 162.49036 1613.7119 265.50366 162.02931
8526.543 162.49036 1612.8838 254.33167 162.02931
8632.321 162.49036 1613.712 265.50354 162.02931
8400.52 144.30008 1515.2727 335.3977 158.97382
8371.418 144.30008 1529.6957 272.0829 158.97382
8312.065 144.30008 1528.5691 233.64636 158.97382
8517.53 161.1099 1615.9713 171.85217 162.02931
8394.456 161.1099 1602.0771 145.31226 162.02931
8351.105 161.1099 1603.2383 163.0951 161.47746
8463.526 161.1099 1604.0664 179.13684 161.47746
8462.372 162.49036 1575.759 235.71912 161.47746
8454.898 162.49036 1590.0546 204.9126 161.50809
8581.309 162.49036 1603.3401 322.15613 161.47746
8816.727 171.8137 1709.2188 126.09631 169.81209
8667.261 162.26248 1702.2577 61.783325 172.7754
8740.983 163.70543 1720.0693 65.85535 172.85611
8771.751 151.84299 1732.121 53.44995 173.7527
8799.939 162.03041 1715.7357 76.30176 172.17154
8724.826 162.03041 1716.9254 75.11511 172.17154
8699.531 162.03041 1717.7086 67.17395 172.17154
8699.014 162.03041 1715.4382 48.809692 174.59618
8716.993 160.62572 1708.733 62.217407 173.7842
9343.349 156.25668 1790.7208 125.13367 172.96335
9236.69 154.36682 1778.6195 124.88257 170.75787
9171.758 167.09227 1770.0122 113.463745 170.58655
9218.374 166.77203 1796.783 107.715454 170.75787
9253.286 156.25668 1802.7418 137.62561 170.75787
9232.837 160.69627 1779.3411 140.92175 170.58655
9212.332 154.77098 1792.1655 122.507324 170.58655
9217.535 168.17484 1786.9227 121.01587 170.75787
9273.783 164.19875 1806.1156 91.67908 173.78304
9347.581 147.12909 1807.9482 117.31885 173.69032
9257.138 158.90211 1814.4863 67.92615 173.78304
9303.338 158.90211 1816.1716 81.37915 173.78304
9305.08 158.90211 1823.592 81.744385 173.78304
9303.339 158.90211 1816.1715 81.37927 173.78304
9250.781 158.90211 1787.6393 104.83569 172.61366
9282.894 158.90211 1819.7533 107.8385 172.61366
9298.459 162.60805 1787.8347 109.13782 172.61366
9302.923 162.60805 1808.1908 91.26831 173.68413
9274.61 163.93184 1811.2385 123.03345 171.01344
9308.631 156.64426 1820.0957 87.54065 180.07396
9306.504 156.64426 1817.9684 90.9375 171.58456
9300.223 156.64426 1832.4736 82.44214 180.3756
9313.398 156.64426 1826.4806 88.07239 180.3756
9149.767 169.52435 1785.1733 126.92761 172.23912
9146.487 169.52435 1795.3591 105.13757 172.69817
9073.055 169.52435 1765.3474 152.50476 168.88826
9097.8545 154.77966 1790.147 81.3728 169.52435
9209.704 158.90211 1797.9698 104.02612 169.52435
9158.276 173.25581 1778.6865 180.29968 169.52435
9149.813 173.25581 1775.8159 129.31726 172.69817
9139.199 173.25581 1791.8619 140.14392 170.0643
9202.947 154.77966 1785.6753 144.73389 169.2948
9187.576 158.90211 1802.4888 84.71875 170.0643
9153.668 164.95471 1786.487 141.43396 170.0643
9191.0205 164.29047 1781.044 133.35876 169.2948
9248.709 164.29047 1776.0001 152.77979 170.58655
9275.917 154.96564 1757.8176 159.26404 170.58655
9231.505 168.88826 1778.3312 156.03882 170.58655
9221.353 154.36682 1794.6526 172.78918 170.58655
9208.61 172.23912 1788.6516 139.77234 173.6303
9025.182 169.2948 1744.9944 101.61084 173.6303
9043.867 168.30898 1782.6498 67.15393 176.88963
8991.011 168.30898 1774.7925 65.09619 178.89116
8991.3955 163.96837 1761.0065 64.22339 179.37947
8979.357 168.30898 1783.018 26.132202 178.33012
8950.237 174.36157 1761.8185 68.19055 182.37595
9012.419 174.36157 1753.8767 87.12085 178.41022
8982.988 157.32475 1773.52 39.740967 182.37595
8993.995 152.69485 1771.0923 50.951416 185.39194
8995.535 152.69485 1776.8503 51.802124 178.41022
8946.441 168.30898 1749.647 75.500854 173.72415
8937.971 168.30898 1761.627 69.03174 172.6948
9308.069 157.32475 1816.3978 79.99939 181.98518
9441.8545 164.94165 1839.804 95.08496 174.36157
9413.96 168.0409 1841.3229 91.54675 174.36157
9293.544 168.0409 1750.8427 166.37439 173.69032
9179.901 173.044 1760.8578 129.23767 172.40428
9293.543 168.0409 1750.8428 166.37427 173.69032
9192.412 169.52435 1773.3677 139.62964 172.40428
9008.013 149.12352 1628.3147 242.797 165.41318
9008.014 149.12352 1628.3147 242.79712 165.41318
9006.682 149.12352 1646.7697 259.72046 165.41318
8992.813 149.12352 1615.6849 253.25525 164.93689
8868.099 161.9281 1647.1194 224.00452 164.6754
8893.069 163.28625 1678.2041 209.19214 165.03769
8827.861 163.28625 1658.5945 204.22388 163.96837
8713.904 161.9281 1663.302 177.53455 163.28625
8716.398 149.40105 1690.5004 140.9082 163.96837
8693.976 157.9567 1662.5175 134.36182 163.96837
8908.383 149.12352 1628.5624 254.95544 163.70543
8990.464 149.12352 1665.188 217.70654 165.41318
9007.971 149.12352 1644.2029 260.9829 165.41318
8962.82 156.91866 1651.998 228.64465 165.41318
9048.399 147.82549 1661.9661 260.92297 165.03769
9007.227 149.12352 1663.2642 267.57947 165.41318
9071.269 147.82549 1616.1433 315.5647 165.03769
8991.418 149.12352 1659.4651 234.0763 165.41318
8908.387 149.12352 1628.5623 254.95557 163.70543
8833.933 150.0183 1665.4174 193.31323 161.9281
8690.13 157.9567 1670.8759 146.81848 161.9281
8698.83 151.33278 1690.6711 201.51086 162.8344
8765.895 156.64426 1668.7882 255.62756 161.9281
8748.313 156.64426 1677.5267 279.5614 162.8344
8729.216 149.17802 1666.571 210.61072 161.9281
8744.145 159.73465 1674.6963 212.0979 162.8344
8801.456 152.45699 1669.8501 199.50195 162.8344
8794.918 152.45699 1663.5555 176.5509 163.39345
8804.0 152.45699 1659.7566 208.3158 163.70543
8723.736 157.9567 1690.3911 148.10571 161.9281
8743.071 157.9567 1668.9001 172.68042 162.8344
8819.157 156.64426 1647.2971 280.20227 162.8344
8744.154 156.64426 1671.2803 213.35791 162.8344
8828.79 152.45699 1626.8672 242.94116 162.8344
8651.375 157.9567 1668.2758 136.84583 161.9281
8778.873 156.64426 1667.8309 235.69324 162.8344
8800.092 156.64426 1660.6598 186.96216 162.55424
8723.427 160.24437 1634.6792 230.81616 161.13847
8725.998 160.24437 1621.5269 203.71948 161.13847
8701.934 160.24437 1686.409 138.95874 162.60805
8680.497 160.24437 1677.149 126.78174 164.94165
8726.451 156.64426 1681.645 168.92969 162.60805
8735.774 158.28462 1670.1016 189.10718 162.55424
8794.512 158.28462 1650.5289 194.29236 162.86284
8667.127 157.48769 1656.4601 158.82349 161.4
8587.019 157.5813 1627.8168 166.5105 161.13847
8782.88 160.24437 1666.5471 160.30994 161.4
8739.695 138.34096 1668.3656 136.85364 161.71059
8814.934 158.28462 1655.228 195.67517 161.71059
8681.92 158.38876 1661.1592 135.54529 165.03769
8739.696 138.34096 1668.3655 136.85376 161.71059
8753.819 158.92749 1663.7642 146.8634 161.71059
8782.879 160.24437 1666.5472 160.30981 161.4
9443.128 157.93887 1828.347 158.30444 174.50981
9375.345 158.90211 1810.1487 158.1991 172.96335
9349.275 161.34639 1770.2219 184.80688 172.89442
9444.512 155.85728 1838.2959 122.47656 174.36157
9379.807 155.85728 1773.5911 182.70337 172.96335
9321.894 159.43317 1778.8162 174.75024 173.2176
9362.667 161.34639 1760.614 171.93958 173.2176
9332.004 161.34639 1773.5754 162.17554 172.96335
9331.281 161.34639 1772.855 146.47632 173.2176
9364.059 157.32475 1793.6581 138.00757 173.2176
9377.252 157.93887 1762.4727 206.93347 172.96335
9354.76 160.07138 1760.2289 191.44397 172.89442
9186.402 155.82225 1591.8721 317.7909 167.56459
9209.318 161.24028 1771.221 177.77197 168.03444
9299.372 172.11137 1817.3981 118.078125 174.62762
9204.025 173.78304 1774.5171 117.82251 176.64444
9259.6 172.7754 1791.2623 115.2384 176.64444
9322.409 172.7754 1794.1615 129.71716 176.64444
9342.529 172.7754 1811.9017 109.59485 176.84186
9301.219 172.7754 1826.2368 75.02576 181.34158
9279.864 172.7754 1805.5995 102.74878 176.84186
9199.782 173.78304 1806.1592 103.50598 176.84186
9238.529 171.58456 1792.3206 136.00781 173.68413
9187.332 173.40654 1804.6501 69.705444 176.88963
9215.8955 163.93184 1812.2094 52.671753 178.09998
9196.666 163.93184 1792.9783 79.840454 174.36157
9186.843 173.40654 1791.9944 95.60217 174.36157
9244.121 171.58456 1797.9109 125.45056 174.36157
9362.913 171.58456 1793.396 178.22534 174.36157
9349.58 173.40654 1780.0634 175.92273 174.36157
9326.408 173.40654 1789.699 159.20142 186.23871
9249.768 173.78304 1790.5009 123.22522 178.43755
9240.722 173.78304 1802.5304 122.568726 181.98518
9079.849 178.24493 1743.3557 133.81079 178.43755
9005.055 178.24493 1747.9288 138.34692 178.43755
9046.798 178.24493 1744.6552 142.82153 178.43755
9016.768 176.88963 1726.9679 171.32874 174.36157
8947.939 176.88963 1731.7479 146.15369 174.36157
9014.973 175.3321 1756.8187 97.92993 174.36157
9081.036 175.3321 1766.7064 97.61743 178.43755
9163.602 175.3321 1753.5105 143.81494 178.43755
9111.9 175.3321 1769.1433 121.066284 178.39157
9236.075 178.43755 1793.852 156.83228 175.3321
9135.623 178.43755 1788.2261 108.31738 178.80188
9155.962 178.43755 1789.3239 90.1543 181.85591
9106.72 178.24493 1740.082 150.10889 178.43755
9156.02 174.55391 1779.6066 111.008545 178.43755
9098.571 173.92612 1758.3217 136.18481 173.78304
8985.398 173.92612 1752.3193 94.8551 174.80391
9262.649 151.49017 1712.9312 201.20178 168.03444
9125.5 157.32475 1754.3751 132.6925 167.83339
9255.489 158.97382 1743.3394 141.0249 167.83339
9136.244 158.97382 1751.0865 128.27905 167.83339
9182.488 158.97382 1745.4131 156.66772 167.83339
9154.6875 158.97382 1748.5231 129.46143 167.83339
9247.507 158.90211 1774.9708 127.335205 168.03444
9285.887 158.97382 1718.73 187.50598 169.63405
