2741.9128 147.3938 892.04285 42.955444 168.56853
2910.149 155.5343 917.7947 105.64996 155.56047
2516.8335 143.49786 823.9508 46.298645 148.22198
2833.2585 132.45357 885.6109 137.45306 152.65053
2676.6155 148.9879 876.05664 28.86444 152.65053
2735.3904 148.9879 889.6078 62.092773 156.44406
2572.1707 147.01022 850.7814 13.917419 171.99399
2898.974 171.11234 938.02356 53.308228 176.18057
2655.595 152.70178 862.5953 77.99213 159.08867
2982.8784 165.63431 928.5952 154.76526 161.11539
2841.3262 165.63431 908.801 63.716187 161.11539
2592.403 155.60138 840.9438 36.750916 160.57045
2688.4165 156.65688 862.62146 83.45538 159.09889
2667.8408 156.65688 845.24023 82.72571 159.09889
3073.0408 139.48946 943.65985 132.91559 171.11234
3021.6204 161.11539 939.7839 186.10443 165.63431
2969.1428 171.11234 932.8626 95.11676 156.6483
3064.9365 158.15666 915.48914 175.9729 168.23352
3113.1035 172.59387 963.6561 142.24316 175.56256
3082.3145 139.48946 949.88715 140.18378 170.43655
3060.425 139.48946 931.0442 168.5404 161.11539
3105.7502 139.48946 957.0005 153.00317 170.43655
3073.7097 152.81651 967.9088 136.85632 166.57277
2867.1045 148.9879 919.091 102.18158 154.18167
2818.2773 151.46977 886.9234 97.15039 152.65053
2557.0703 150.28746 827.93964 48.37738 156.26208
2671.0605 154.18167 841.2855 100.64404 151.68239
2531.4106 149.79512 802.2793 71.33649 150.28746
2523.705 145.34834 817.9731 60.106018 150.28746
2641.7354 155.03871 852.3687 88.369446 148.22198
2548.6584 155.03871 842.30963 13.734436 158.81538
2536.9888 146.85654 832.5093 24.590698 155.03871
2567.4412 145.08446 830.73724 44.030212 151.26845
2493.7412 150.74586 801.0674 44.31024 148.22198
2494.7769 158.81538 810.52246 48.208862 159.09889
2673.8313 153.60292 856.51044 89.83197 152.65053
2620.9248 152.65053 822.32935 68.675354 153.60292
2592.8975 152.65053 828.4564 60.0224 153.60292
2589.37 149.79512 827.81287 55.293457 152.65053
2597.4429 149.79512 840.5796 66.42676 152.65053
2673.8315 153.60292 856.5104 89.83203 152.65053
2753.4683 151.46977 889.4357 56.250183 169.51671
2709.1033 151.46977 876.97424 48.218445 162.88988
3041.9004 167.80708 947.3124 160.16675 166.57277
2966.1443 163.30281 960.79877 68.98895 162.17918
3018.0242 151.46977 951.9461 103.56427 163.30281
3033.4534 175.56256 920.50433 161.84174 170.29402
2893.871 155.5343 942.7641 49.046875 175.56256
3073.0405 139.48946 943.6599 132.91565 171.11234
3077.3845 139.48946 948.00366 195.52112 165.63431
3041.9006 167.80708 947.3123 160.16681 166.57277
2976.1536 166.57277 948.3447 105.384766 167.80708
3094.0127 145.06038 944.5656 133.80023 162.65744
2638.6301 121.80664 764.0148 194.98792 148.06262
2906.2898 133.31015 890.6426 152.0227 150.98189
2842.2708 136.44456 826.624 171.68481 148.29529
2964.8972 146.85654 946.3617 103.821045 158.76811
2906.2893 133.31015 890.6426 152.0227 150.29782
2887.555 157.99146 871.9079 150.28064 148.9879
3069.8975 172.59387 937.47034 133.45532 180.44133
2951.595 175.56256 944.3905 77.9917 175.56256
2930.6995 175.56256 927.969 87.79498 162.17918
2893.871 155.5343 942.76404 49.046936 172.59387
2978.1082 151.46977 963.7375 65.784 176.18057
3082.8674 168.37735 961.55853 158.9477 174.07896
2989.507 168.37735 925.55804 139.42767 163.04944
3014.3557 159.1573 950.4068 113.19806 175.56256
2663.512 140.0743 843.4595 86.27783 151.46977
2982.9192 170.43655 957.14246 82.81384 172.59387
2898.13 165.63431 946.5962 82.114136 172.59387
2715.6062 148.9879 895.1551 20.810852 162.88988
2998.457 165.63431 911.56335 157.29321 170.43655
2617.4285 153.34912 858.7538 25.508179 168.37735
3131.738 148.9879 982.9878 116.92871 180.10432
3123.7302 148.9879 974.283 162.52008 175.56256
2971.8376 175.39734 934.23846 125.03998 163.04944
2667.8406 156.65688 845.2403 82.725586 159.09889
2992.2412 166.57277 933.3641 156.06061 167.80708
3066.708 170.29402 953.7591 134.22821 175.56256
2526.055 143.49786 830.8865 44.909363 150.28746
2524.1565 136.8855 825.1712 44.86505 149.79512
3003.0078 151.46977 962.63696 66.674805 175.56256
2978.108 151.46977 963.73755 65.783936 176.18057
3078.5276 151.46977 940.79956 123.357056 174.07896
3058.805 175.56256 909.3578 202.55688 172.59387
3123.7297 148.9879 974.283 162.51996 176.18057
3103.042 148.9879 956.8665 133.40802 175.56256
3005.5393 163.30281 960.4717 74.554565 159.1573
2799.1672 158.52834 828.65436 158.73627 152.48749
2577.6345 149.1685 819.7358 79.39673 149.79512
2560.4172 149.1685 823.1996 93.72565 148.06262
2558.169 149.1685 820.951 84.23926 148.06262
2604.6345 149.1685 838.8919 59.88153 151.68239
3078.5273 151.46977 940.79956 123.357056 171.11234
3003.008 151.46977 962.6369 66.674866 175.56256
2918.1702 174.51805 899.575 156.65167 160.57045
2978.1082 151.46977 963.73755 65.78406 176.18057
3018.0244 151.46977 951.9461 103.56427 165.63431
2694.9468 150.07303 874.71686 43.073853 168.37735
2731.418 150.07303 885.7745 39.48755 168.56853
2712.8865 156.26208 890.3867 46.622314 168.56853
2725.0007 156.26208 879.3291 57.67267 168.37735
3094.6082 180.10432 945.85785 144.73236 174.07896
3037.2605 145.06038 920.87 159.30115 159.09889
2978.2363 166.75435 919.35913 171.44641 162.17918
3094.0127 145.06038 944.56555 133.80017 162.65744
2998.4568 165.63431 911.5635 157.29309 170.43655
2898.1301 165.63431 946.5961 82.11432 172.59387
3074.124 167.80708 961.1749 185.15112 166.57277
3113.103 172.59387 963.65607 142.2431 176.18057
3082.3142 139.48946 949.8872 140.18372 170.43655
2980.861 167.80708 919.4547 233.59302 162.17918
3060.5298 151.46977 965.9415 110.717285 174.9082
2661.5 143.49786 853.1892 65.87445 148.9879
2571.765 142.18704 829.32874 60.719177 149.77594
2685.7205 143.49786 846.10156 97.1828 148.9879
2898.9744 171.11234 938.0235 53.308228 175.39734
2896.3003 171.11234 946.0617 48.311462 178.6093
2951.5947 175.56256 944.3905 77.9917 172.59387
2982.9194 170.43655 957.14233 82.813965 172.59387
2616.6638 159.09889 854.13214 52.872437 158.81538
2617.0261 158.87866 840.5912 76.587585 158.81538
2683.4568 158.87866 843.412 79.86481 158.76811
2751.6743 149.79512 874.5582 73.217285 158.76811
2809.617 154.18167 915.6291 84.29297 152.81651
2704.4092 154.18167 861.02484 70.751465 152.81651
2726.689 148.9879 889.71643 46.500305 154.18167
2669.3516 160.58025 866.214 72.651855 160.57045
2976.1533 166.57277 948.34485 105.38464 167.80708
2657.8184 145.34834 831.24713 80.92493 150.28746
2806.5303 145.06038 848.74225 138.21362 151.46977
2563.15 150.98149 828.2941 41.791565 158.81538
2535.6604 150.98149 829.71906 29.291199 158.69536
2529.4573 153.60292 812.8314 53.466187 152.65053
2567.369 153.60292 837.4487 48.61731 158.69536
2542.393 143.65761 814.90424 59.08252 148.06262
2581.3662 150.28746 838.8534 42.33142 156.44406
2518.6733 150.28746 818.22144 51.170776 148.22198
2507.8462 150.28746 822.5143 34.652588 149.79512
2510.055 149.79512 810.0235 49.7724 150.28746
2538.6748 149.79512 809.1698 79.24597 148.22198
2519.696 148.19414 807.1177 71.142395 148.22198
2632.2544 132.08876 859.7324 36.418518 148.22198
2613.2717 148.9879 838.43945 73.35077 148.22198
3062.0781 180.30351 958.69574 126.65607 174.07896
3036.6387 175.56256 933.2563 114.18536 174.07896
2694.7795 142.96455 852.87067 78.24115 152.65053
2668.931 150.98149 858.40063 75.67389 152.65053
2969.1426 171.11234 932.8627 95.11658 165.63431
2890.6738 165.63431 918.2092 93.17584 161.09023
2978.1084 151.46977 963.7375 65.78412 176.18057
2519.6963 148.19414 807.1177 71.142456 148.22198
2485.7412 145.34834 820.54266 21.393127 151.48897
2448.2334 141.10666 809.13916 11.594849 165.28757
2735.452 150.98189 853.7262 113.57092 148.9879
2682.455 148.9879 875.34845 35.707275 156.44406
2969.1428 171.11234 932.8627 95.1167 175.56256
2702.59 151.46977 881.2827 46.565735 163.30281
2594.9724 162.17918 845.85815 33.579773 164.64369
2574.2605 161.69604 846.6793 22.333862 167.80708
2697.489 160.57045 876.35095 49.089783 162.17918
2561.025 155.60138 833.3532 34.10846 160.6806
2553.7732 155.60138 833.5675 36.733093 160.6806
2748.9758 155.03871 830.209 145.25568 151.26845
2716.7126 156.6483 865.69293 103.77405 148.9879
2685.7207 143.49786 846.10156 97.18274 150.98189
3032.61 162.65744 919.6614 146.73279 170.29402
3001.1035 172.59387 947.43726 99.12109 175.56256
2975.627 156.44406 934.2075 118.805664 158.15666
2867.2903 156.44406 919.7057 105.54993 153.60292
2836.5122 146.42358 908.81274 90.272644 159.09889
2839.941 151.46977 912.24146 91.89014 153.60292
2906.6768 151.46977 914.32214 97.180725 156.26208
2789.939 151.46977 894.7656 60.96991 159.31747
2797.4727 163.04944 891.1162 86.50421 152.81651
2802.4644 143.42473 905.8845 70.35504 158.81538
2795.9814 143.42473 890.0294 76.513855 156.44406
2611.358 158.87866 825.8645 68.62256 152.8547
2603.1785 149.1685 840.4426 65.037964 154.75227
2591.1743 149.1685 833.2755 57.609985 152.8547
2898.974 171.11234 938.0235 53.308167 175.39734
2830.825 154.18167 906.5991 73.361084 161.09023
2631.1008 160.57045 847.7938 49.238586 159.09889
2697.4893 160.57045 876.35095 49.089783 163.28447
2688.122 163.81062 881.65576 34.41754 162.17918
2744.3425 168.23352 879.6398 59.83142 167.80708
2716.1365 167.80708 880.7792 56.050293 168.37735
3005.3574 172.59387 929.524 113.8327 180.44133
2798.695 172.16602 894.8408 79.1189 160.57045
2867.9578 172.16602 938.65985 41.88678 171.11234
2713.9912 167.80708 865.30237 77.634766 162.65744
2685.1626 167.80708 865.63184 63.9021 162.17918
2620.569 159.26941 864.9403 26.069214 168.37735
3094.6077 180.10432 945.8579 144.73242 174.07896
3087.1423 151.46977 949.4147 140.27112 175.56256
3103.0422 148.9879 956.86646 133.40808 175.56256
2634.48 150.28746 868.9389 28.032349 168.37735
2610.8962 150.28746 859.5289 23.378479 166.57277
2619.9558 150.28746 858.97614 30.512146 162.65744
2648.81 150.28746 859.2931 46.8916 159.1573
2589.8325 150.28746 832.3765 62.7984 156.26208
2842.271 136.44456 826.62396 171.68494 148.29529
2645.6296 136.44456 791.5591 164.70007 148.22198
2540.3298 136.44456 815.9169 63.12207 148.22198
2619.213 145.97743 865.4275 15.91095 184.25049
2628.064 145.97743 866.1889 19.807434 175.39734
2633.8752 145.08446 870.6365 19.836792 176.79051
3014.4277 175.39734 931.1952 159.90808 171.11234
3083.7444 147.01022 946.01636 160.21106 168.37735
2387.4714 133.80927 791.4568 8.409241 159.26941
2945.8027 139.3843 895.0786 177.77051 156.26208
3032.6104 162.65744 919.6613 146.73285 170.29402
3060.5295 151.46977 965.9415 110.717285 167.80708
2969.1428 171.11234 932.8626 95.11664 175.56256
3003.0076 151.46977 962.6369 66.67474 171.11234
3014.428 175.39734 931.1951 159.90814 171.11234
3008.1274 174.99878 924.8952 173.23004 163.04944
2893.3499 156.44406 900.99567 132.1452 156.44406
2629.514 143.49786 863.2588 22.431396 160.58025
2888.694 162.88988 887.2618 162.19073 156.26208
3098.2646 146.42358 948.81757 130.91144 175.56256
2935.3582 175.56256 916.82245 101.75336 171.11234
2867.958 172.16602 938.65985 41.88678 175.56256
2848.893 171.11234 932.1106 29.370972 176.18057
2841.3257 165.63431 908.801 63.716125 161.11539
2982.8782 165.63431 928.5953 154.7652 161.11539
3041.9006 167.80708 947.3124 160.16687 167.80708
