33671.39 54.3203 2576.279 555.8518 65.34835
33719.977 65.34835 2596.4734 536.00684 80.25228
33551.246 68.15492 2529.3022 561.27246 65.41608
34051.746 59.88533 2601.1064 587.25464 80.25228
33430.168 54.3203 2587.4934 508.7334 68.15492
33626.79 54.3203 2605.0056 519.61865 68.15492
33987.28 54.3203 2611.876 545.7134 68.15492
33809.168 59.88533 2611.9531 505.135 77.67891
33683.156 65.34835 2587.266 563.44434 74.12405
33680.56 68.89751 2590.0535 564.3872 65.69004
33809.168 59.88533 2611.9531 505.13525 74.12405
33689.438 63.7898 2588.9124 559.9038 68.15492
33821.926 59.88533 2551.8733 557.1599 72.3639
33811.32 59.90779 2595.4092 539.59204 68.15492
33682.594 54.3203 2626.2397 559.54175 89.72325
33962.812 59.88533 2612.1047 527.7566 74.12405
33811.332 59.90779 2595.4092 539.5925 71.44061
33778.477 59.90779 2567.4775 579.053 65.69004
33680.562 68.89751 2590.0535 564.38745 76.75111
33689.45 63.7898 2588.9124 559.9043 79.29513
33865.832 59.90779 2596.3965 576.5847 80.27926
33811.34 59.90779 2595.409 539.5918 68.15492
33735.465 59.90779 2589.4243 539.3779 78.22947
33778.49 59.90779 2567.4773 579.0532 65.69004
33680.55 68.89751 2590.054 564.3872 78.22947
33561.715 70.75626 2516.5417 638.0554 68.89751
34020.68 54.3203 2627.8354 590.91113 89.72325
33887.914 59.90779 2584.6396 581.13306 80.25228
34016.707 59.88533 2600.1194 550.261 74.12405
33987.29 54.3203 2611.876 545.7141 68.15492
33697.13 63.7898 2594.6987 561.91675 74.12405
34073.316 59.88533 2622.6863 574.09937 89.72325
33750.848 65.34835 2598.1355 548.343 80.25228
33872.17 59.88533 2616.1116 533.33203 80.25228
34020.688 54.3203 2627.8352 590.91113 89.72325
33987.27 54.3203 2611.8762 545.71313 72.3639
33745.63 54.3203 2575.0913 555.11035 65.69004
33369.78 70.75626 2523.1912 618.92017 68.89751
33050.887 70.75626 2503.871 605.27515 68.89751
33369.773 70.75626 2523.1912 618.9199 68.89751
33683.14 65.34835 2587.2664 563.4446 74.12405
33735.977 68.89751 2583.2517 577.9783 74.16573
33299.344 65.69004 2588.3857 490.8767 70.75626
33331.996 68.89751 2583.1826 538.2932 74.16573
33331.984 68.89751 2583.1821 538.2942 65.69004
33680.55 68.89751 2590.0537 564.3877 65.69004
33719.98 65.34835 2596.4727 536.0073 80.25228
33905.906 59.88533 2561.336 568.69604 72.3639
33855.88 59.90779 2596.106 534.6631 80.25228
33634.938 65.69004 2588.9507 529.1821 65.34835
33962.81 59.88533 2612.1052 527.75635 74.12405
33626.793 54.3203 2605.0051 519.6196 68.15492
33299.348 65.69004 2588.3857 490.8772 71.44061
33344.242 68.89751 2569.2866 544.9802 74.12405
33683.527 68.89751 2573.4465 573.78516 74.12405
33717.984 65.69004 2588.9387 584.4463 89.72325
33750.855 65.34835 2598.1353 548.3425 80.25228
33907.016 59.90779 2603.734 588.1919 89.72325
33865.84 59.90779 2596.3962 576.5857 80.27926
34073.312 59.88533 2622.6863 574.0991 89.72325
33906.992 59.90779 2603.7341 588.19116 89.72325
33881.02 59.90779 2572.2522 622.27026 74.12405
33735.973 68.89751 2583.252 577.9778 74.12405
33561.74 70.75626 2516.5415 638.0554 86.05238
33883.645 59.88533 2562.8643 598.90137 72.3639
33905.9 59.88533 2561.336 568.6958 72.3639
34073.33 59.88533 2622.6858 574.09985 89.72325
34051.734 59.88533 2601.1064 587.2544 80.25228
34073.31 59.88533 2622.6865 574.0991 89.72325
34051.727 59.88533 2601.1067 587.25415 80.25228
34016.72 59.88533 2600.1194 550.2615 74.12405
33905.875 59.88533 2561.3364 568.6953 72.3639
33962.816 59.88533 2612.105 527.75635 76.75111
33811.33 59.90779 2595.4092 539.5923 68.15492
33987.273 54.3203 2611.8765 545.7136 76.75111
33879.266 59.88533 2523.09 634.65625 68.89751
33855.87 59.90779 2596.106 534.6626 80.25228
33907.004 59.90779 2603.734 588.19165 89.72325
34073.312 59.88533 2622.6865 574.0996 92.47287
33926.74 59.90779 2590.4282 589.3428 80.25228
34073.32 59.88533 2622.6863 574.0996 89.72325
33907.0 59.90779 2603.7341 588.1919 89.72325
33865.836 59.90779 2596.3962 576.5852 80.27926
33689.44 63.7898 2588.9126 559.90356 73.06474
33821.914 59.88533 2551.8735 557.15967 72.3639
33905.887 59.88533 2561.336 568.69556 72.3639
33962.805 59.88533 2612.1055 527.7561 74.12405
33812.08 54.3203 2578.6794 537.7053 71.44061
33865.84 59.90779 2596.396 576.58545 80.27926
34018.484 59.88533 2614.0312 521.59717 80.25228
33872.176 59.88533 2616.1116 533.3325 80.25228
34051.734 59.88533 2601.1067 587.25464 80.25228
33881.03 59.90779 2572.2522 622.2705 74.12405
33655.74 65.69004 2595.257 516.97095 80.25228
34018.49 59.88533 2614.031 521.59766 80.25228
34073.33 59.88533 2622.686 574.1001 89.72325
33926.734 59.90779 2590.4285 589.34204 80.25228
33811.703 54.3203 2554.806 605.72266 65.69004
33763.57 54.3203 2592.1458 532.15137 70.75626
33050.89 70.75626 2503.8706 605.2754 68.89751
33452.566 59.88533 2604.6682 479.45435 74.12405
33191.4 68.89751 2518.098 533.60693 70.75626
33565.51 68.89751 2537.418 547.25195 73.06474
33851.734 59.90779 2583.4236 562.0967 68.15492
33369.766 70.75626 2523.1914 618.9199 68.89751
33565.516 68.89751 2537.4177 547.2522 70.75626
33723.336 63.7898 2590.8862 576.24854 74.12405
33697.14 63.7898 2594.6987 561.9165 76.75111
33663.555 65.34835 2580.2002 534.20215 80.27926
33639.715 54.3203 2576.7031 544.9082 65.69004
33811.695 54.3203 2554.8062 605.72217 65.69004
33763.58 54.3203 2592.1455 532.1521 71.44061
33689.363 54.3203 2593.3337 532.8926 70.75626
33671.367 54.3203 2576.2793 555.8518 65.34835
33639.71 54.3203 2576.7034 544.90796 65.69004
33663.566 65.34835 2580.2 534.20264 103.803
33595.93 68.15492 2512.5703 592.00244 65.41608
33191.387 68.89751 2518.0977 533.60645 70.75626
33565.51 68.89751 2537.418 547.2522 70.75626
33551.242 68.15492 2529.3027 561.272 65.41608
33663.555 65.34835 2580.2 534.20215 74.12405
33344.23 68.89751 2569.2866 544.97974 88.3876
33050.887 70.75626 2503.8713 605.2749 71.44061
33369.785 70.75626 2523.191 618.92065 68.89751
33683.535 68.89751 2573.4465 573.7854 74.12405
33680.562 68.89751 2590.0537 564.3877 85.41811
33174.887 68.15492 2509.9824 547.62744 65.41608
33735.977 68.89751 2583.252 577.978 76.75111
33585.848 69.34026 2499.8096 668.78564 68.89751
33610.746 65.34835 2589.3745 518.2385 65.69004
33760.926 54.3203 2590.383 528.28906 68.15492
33811.332 59.90779 2595.4092 539.5918 72.3639
33735.477 59.90779 2589.424 539.3779 78.22947
33484.227 59.90779 2577.0774 508.16553 80.27926
33390.434 63.7898 2583.7185 515.3396 74.12405
33735.98 68.89751 2583.2517 577.9785 74.12405
33750.867 65.34835 2598.1353 548.343 80.25228
33344.234 68.89751 2569.2869 544.98 86.05238
33299.344 65.69004 2588.386 490.87744 71.44061
33344.227 68.89751 2569.2869 544.97974 74.12405
33452.58 59.88533 2604.6682 479.45557 85.2095
33377.293 54.3203 2576.3127 504.54028 70.75626
33452.574 59.88533 2604.6682 479.45483 74.12405
33809.176 59.88533 2611.953 505.136 85.2095
33689.38 54.3203 2593.334 532.8921 73.06474
33712.33 54.3203 2582.8757 585.56323 65.69004
33763.574 54.3203 2592.1455 532.15137 70.75626
33610.746 65.34835 2589.3748 518.2388 65.69004
33763.566 54.3203 2592.1458 532.1511 70.75626
33809.17 59.88533 2611.953 505.13525 74.12405
33655.742 65.69004 2595.257 516.9712 70.75626
33680.562 68.89751 2590.0535 564.3877 65.69004
33331.992 68.89751 2583.1826 538.29346 68.26019
33270.363 54.3203 2589.9043 515.24316 73.06474
33745.637 54.3203 2575.091 555.11084 65.69004
33763.562 54.3203 2592.146 532.1511 73.06474
33723.34 63.7898 2590.886 576.24854 74.12405
33663.56 65.34835 2580.2 534.20215 85.2095
33639.72 54.3203 2576.7031 544.90845 65.69004
33299.34 65.69004 2588.386 490.8767 70.75626
33331.984 68.89751 2583.1829 538.2932 71.44061
33735.965 68.89751 2583.2524 577.9773 74.12405
33689.38 54.3203 2593.3335 532.8928 70.75626
33744.91 54.3203 2591.8694 521.9492 70.75626
33276.312 65.69004 2579.2874 505.88037 65.34835
33397.938 68.89751 2577.2148 551.05005 74.12405
33344.24 68.89751 2569.2866 544.98 86.05238
33331.98 68.89751 2583.1829 538.29346 65.69004
33610.754 65.34835 2589.3745 518.2388 65.69004
33760.94 54.3203 2590.383 528.2893 68.15492
33430.17 54.3203 2587.4932 508.7339 68.15492
33276.32 65.69004 2579.287 505.88086 65.69004
33634.945 65.69004 2588.9504 529.1826 65.34835
33690.465 63.7898 2581.2395 578.09644 68.15492
33369.785 70.75626 2523.1914 618.9197 74.12405
33561.73 70.75626 2516.542 638.05493 70.75626
33712.973 65.69004 2582.3618 567.84644 80.25228
34020.684 54.3203 2627.8352 590.9109 103.803
33987.273 54.3203 2611.8762 545.71313 76.75111
33811.336 59.90779 2595.4092 539.5918 79.81705
33962.797 59.88533 2612.1055 527.75586 74.12405
33905.883 59.88533 2561.3362 568.6953 72.8456
33879.277 59.88533 2523.09 634.6553 71.44061
33680.547 68.89751 2590.0537 564.3872 65.69004
33683.52 68.89751 2573.4468 573.7854 74.12405
33565.504 68.89751 2537.418 547.25195 70.75626
33299.332 65.69004 2588.386 490.87646 70.75626
33377.297 54.3203 2576.3123 504.54102 70.75626
33585.83 69.34026 2499.8096 668.78516 88.3876
33561.71 70.75626 2516.542 638.0547 86.05238
