1169.8489 101.22816 446.0069 64.324524 84.70788
938.3774 74.2 351.32983 57.119446 80.6181
954.70496 76.36925 373.65494 22.67868 85.63253
1331.8882 115.35474 514.2185 37.961792 105.8597
1280.5159 93.16113 487.05975 92.736145 93.7702
1285.9255 104.86311 485.81644 63.93393 93.7702
1352.8645 106.27953 522.5521 35.124878 100.16016
1293.6022 104.02303 463.28973 92.97089 94.45287
1127.6365 87.67722 446.2177 9.318878 106.82399
1023.19324 78.37756 404.12814 14.40036 94.47625
1256.0623 117.62522 483.9323 25.669342 106.6561
1248.5109 115.86172 493.1945 11.626007 96.44807
1257.1647 107.15253 488.9729 26.361877 97.71368
1281.7125 94.47625 463.9718 85.51904 91.58457
1152.6688 87.24907 434.7921 58.760406 84.70788
1156.9181 94.47625 440.20892 44.571533 91.36565
1001.25244 55.29372 383.7722 36.7489 83.47963
1159.6493 93.56606 420.94498 78.64078 84.58547
1118.969 80.83837 418.94196 62.71982 82.25971
1197.7877 95.20418 431.36343 64.14316 87.43938
1163.6201 79.56651 446.02505 47.919525 91.36565
1273.0842 104.86311 472.048 63.64023 91.90675
1250.9211 107.54245 449.88477 82.33844 87.0201
1014.91565 80.76955 388.87527 59.842133 81.9603
971.906 80.76955 356.1679 57.20526 81.40146
1035.172 80.83837 403.41736 17.7294 94.16066
1024.6136 80.83837 387.30637 40.099213 81.75585
1060.4537 80.83837 412.86316 29.327698 84.55772
1068.3531 83.47963 417.71603 21.006866 85.95661
1019.9643 83.47963 388.07556 40.958435 81.45215
1110.1909 97.86953 437.6276 17.397156 94.45287
1115.9126 91.36565 429.364 32.72232 87.34919
1098.6455 97.92899 421.2907 32.590393 84.81982
1110.0155 94.68919 422.28983 43.10193 83.6732
1147.1697 77.79063 448.47223 21.95282 93.7702
1343.192 91.36565 528.1912 17.682861 107.64108
1331.0923 106.6561 515.1322 43.878235 108.08089
1365.702 106.27953 537.10254 23.189941 105.8597
1299.0679 100.2166 496.42947 50.778656 96.1054
1306.7753 100.2166 497.4607 51.544556 96.1054
1273.7983 100.2166 495.66815 27.84845 96.51643
1306.7754 100.2166 497.46066 51.544586 96.1054
1299.068 100.2166 496.42944 50.778687 96.1054
1339.2451 100.2166 521.5043 35.837708 96.17577
1288.7032 100.2166 505.82452 30.914246 96.1054
1257.0708 100.2166 492.99435 17.377563 96.1054
1310.848 104.86311 488.25104 70.62506 96.44807
1248.5107 115.86172 493.1945 11.625977 96.44807
1233.1642 104.02303 475.72125 27.469666 94.45287
1264.0986 106.82649 456.34283 100.72223 94.08121
1260.374 100.88898 494.84747 28.898743 96.43741
1164.3129 100.36589 450.3468 25.910522 93.7702
1215.632 104.00551 464.27246 29.388123 94.01542
1226.6625 98.39732 462.6416 39.056396 91.59799
1243.32 106.82649 479.29895 31.330017 93.01144
1281.0239 105.97981 498.36084 22.011475 98.93358
1289.483 105.97981 510.17285 12.343079 104.99326
1245.7245 107.54245 476.6959 48.965485 89.22254
1225.8057 91.3699 463.42932 42.313232 92.52419
1272.6067 109.51099 489.45142 42.546448 96.44807
1252.6453 96.35551 480.9303 53.11267 94.45287
1270.1299 94.08121 483.1677 36.63028 93.7702
1314.6929 96.35551 488.91663 69.20581 94.45287
1276.7977 91.3699 477.9727 76.11838 92.52419
1273.0845 104.86311 472.04803 63.640198 95.59421
1193.1154 94.45287 441.93314 72.66025 85.95661
1254.0107 94.47625 471.2129 61.078125 91.58457
1272.3683 81.9603 482.44388 56.396454 94.08121
1318.3839 81.9603 513.52246 28.13617 99.05415
1298.6134 105.97981 490.85757 70.69205 94.61427
1294.8107 100.88898 489.94922 50.86084 96.43741
1042.2767 94.01542 407.4522 20.806396 93.16113
1041.8214 79.75114 408.69095 18.292328 94.01542
1041.8213 79.75114 408.69098 18.292328 94.01542
1073.6794 93.16113 422.31314 18.23584 94.16066
1176.581 93.7702 461.86548 15.606445 96.24432
1336.9601 99.13725 522.3907 22.524658 117.62522
1323.1133 115.72777 500.51642 69.224304 105.8597
1342.7957 70.89317 524.09796 21.73175 106.6561
1237.6512 100.76008 477.4331 30.363342 96.35551
1293.602 104.02303 463.2897 92.970856 94.45287
1279.48 81.9603 502.75467 27.720795 99.13725
1172.4729 87.54034 457.59677 36.50998 91.90675
1138.4788 94.45287 435.79544 35.473297 84.81982
1069.6101 86.80421 410.09265 32.95587 84.70788
1129.5319 100.94125 428.72574 41.288666 84.81982
1187.6213 101.22816 441.64514 61.392395 87.34919
1142.9197 97.92899 419.53696 62.467743 85.79819
1290.5198 98.6758 461.8463 87.13086 94.45287
1326.322 100.76008 497.6485 70.43591 99.05415
1077.6399 87.06419 427.97922 7.0474854 98.93358
1259.2806 107.12615 449.96594 87.29077 96.1054
1199.713 100.76008 469.85803 18.960907 94.01542
950.1085 57.8844 352.57336 84.2092 80.90054
983.9279 72.43349 336.82913 96.89511 80.90054
955.5151 75.81064 337.70383 94.01837 80.90054
940.34 75.81064 345.01016 48.597107 80.90054
997.42786 75.81064 329.18848 115.81421 79.56651
959.4928 75.81064 330.05502 106.5878 79.56651
906.911 75.81064 345.8767 38.18451 80.90054
941.2988 75.81064 326.05414 92.39484 80.90054
940.05835 75.81064 351.23904 65.96948 80.90054
998.3841 75.81064 350.3725 105.01724 80.90054
931.63336 73.35732 321.64526 94.86026 79.56651
886.96277 73.35732 322.5118 61.14435 79.56651
866.8911 69.47263 339.63913 11.199493 98.61188
1256.2714 90.92028 494.79077 20.28833 98.82887
832.402 64.80653 324.98788 18.94519 93.1381
1168.99 84.81982 460.53326 11.383057 103.51913
1363.7029 94.68919 520.43665 54.768066 104.04767
1258.1655 107.12615 455.52704 79.932556 96.1054
1254.6116 106.3681 441.67258 94.89578 92.32213
1271.3586 96.17577 490.12872 41.729492 94.08121
1302.6448 96.17577 481.05353 73.4939 94.08121
1302.3236 81.9603 514.87915 18.08435 99.3271
1301.5533 100.76008 511.607 31.708801 99.05415
1171.0 94.45287 450.78607 37.091187 92.66264
1315.1908 103.51913 499.82178 57.470215 98.51948
1189.0508 100.22431 442.86932 67.44208 88.06473
1189.2534 96.81609 443.0719 55.043396 88.06473
1258.8862 94.47625 456.74683 69.859985 91.58457
1265.2317 100.76008 492.35324 34.46756 98.03545
1262.8668 98.6758 473.60925 58.650513 94.45287
959.0745 69.47263 380.49173 4.5809937 115.86172
1327.9004 115.35474 523.1437 14.018616 100.16016
1267.4773 100.76008 483.42343 61.12021 94.60986
958.8124 57.8844 372.41016 18.390442 92.62835
