7140.535 154.9508 1549.0652 87.66235 171.51328
7175.76 134.5507 1537.4943 95.52429 171.51328
7361.153 172.14256 1569.0244 180.00903 169.91818
7559.407 170.16061 1631.2659 116.20581 171.51328
6736.737 150.9639 1456.9872 93.81311 169.97078
6647.966 140.39668 1433.036 91.36389 169.99121
7078.8696 154.9508 1490.2959 157.75159 169.50111
7150.828 164.22998 1492.4867 186.42456 167.26622
7191.622 154.015 1512.1521 178.21436 169.50111
7718.897 156.74846 1644.9268 107.835815 188.35666
7441.187 166.85081 1586.8021 125.660034 171.08647
7331.92 166.85081 1529.0555 158.91492 169.97684
7119.675 164.54955 1534.3964 101.72266 169.7106
7086.736 164.54955 1538.1802 70.77771 171.56995
7048.817 164.54955 1530.191 57.40393 171.63148
7054.835 169.50111 1536.3633 52.36548 177.49312
7041.951 169.97684 1531.1715 79.55786 178.64627
7096.5845 169.50111 1521.7528 87.233765 171.63148
7281.4185 156.74846 1591.206 60.698486 181.57977
7219.4844 156.74846 1579.2072 74.39685 174.7367
7205.055 156.74846 1578.487 51.620605 181.69229
7209.0303 156.74846 1578.5449 60.032227 181.69229
7278.629 171.51328 1524.8462 156.22961 169.7106
7671.8574 169.2478 1654.9099 96.30823 180.78838
7009.693 166.23059 1523.801 58.648926 171.63148
7062.8584 166.23059 1530.5706 92.32068 171.63148
7789.4775 184.04543 1628.4534 206.0929 180.78838
7518.317 166.23059 1610.618 101.49109 171.51328
7608.972 174.7367 1637.4983 133.1106 170.16061
7669.977 169.2478 1653.0286 86.98816 181.7072
7417.1733 171.56995 1535.853 204.40356 169.7106
7332.6147 170.07141 1532.7332 189.43164 169.2478
7130.1743 154.9508 1489.1151 179.09131 169.2478
7115.8403 164.22998 1486.2605 152.62048 169.2478
7701.1646 172.76732 1648.1915 117.10303 182.50279
7644.7197 181.57977 1650.9258 82.156494 181.57977
7737.568 166.85081 1649.627 122.639404 182.50279
7644.7207 181.57977 1650.9258 82.15674 182.50279
7739.108 156.74846 1649.0077 134.04126 184.04543
7738.301 156.74846 1654.3062 112.4115 190.53282
7120.4263 169.7106 1529.5154 103.38489 175.97603
7800.514 182.50279 1639.4883 199.5448 182.50279
7693.132 181.7072 1651.8335 110.68909 191.6762
7701.1636 172.76732 1648.1917 117.10278 182.50279
7800.514 182.50279 1639.4882 199.54504 181.7072
7669.9766 169.2478 1653.0287 86.98816 181.7072
7855.67 181.7072 1694.6453 135.22949 182.50279
7671.859 169.2478 1654.9098 96.30835 185.04375
7209.5923 156.74846 1577.7258 67.64197 179.12552
7104.724 158.36867 1540.5 123.94531 169.7106
7122.9663 169.2478 1559.7251 77.33301 174.7367
7181.4023 156.74846 1558.8625 66.90869 181.17328
7129.1035 156.74846 1537.4894 87.82251 172.49841
7701.164 172.76732 1648.1917 117.102905 182.50279
7693.163 156.74846 1644.0176 110.098145 182.50279
7786.531 156.74846 1659.0682 120.42627 188.35666
7173.0693 157.265 1529.4443 125.4176 169.97684
7010.8525 154.9508 1504.7019 92.24231 170.34453
6965.2393 142.46544 1506.4397 93.25415 170.34453
7178.8623 156.74846 1550.1155 103.66492 170.16061
7254.542 156.74846 1574.8165 71.99902 174.15352
7280.4834 156.74846 1578.3264 94.43176 174.63663
7196.9697 156.74846 1571.8225 51.75415 181.57977
7086.751 156.74846 1544.6511 53.844116 178.1485
7171.6416 169.2478 1560.4595 96.9707 174.7367
7095.482 169.97684 1522.7429 90.37903 174.7367
7061.7886 170.16061 1528.8359 70.24927 174.63663
7090.3823 169.97684 1536.5774 69.40491 194.17918
7052.637 169.7106 1539.2812 60.122314 192.734
7026.4365 169.7106 1535.0375 57.97705 192.734
7061.4526 169.97684 1526.7274 70.01611 178.14653
7105.7935 169.7106 1543.6903 60.394165 174.7367
7088.5005 158.24025 1543.5164 50.858887 177.59703
7189.041 158.24025 1559.3995 84.30286 174.7367
7223.5566 165.39058 1542.8373 92.46179 174.7367
7080.3774 169.97684 1517.2631 103.64026 171.64255
7063.0244 169.2478 1518.6539 86.98181 171.64255
7035.58 169.2478 1517.5282 74.44556 170.75714
7792.7 182.50279 1632.8647 176.22803 201.64563
7734.345 181.57977 1646.4048 122.19348 175.97603
7855.6694 181.7072 1694.6453 135.22937 182.50279
7779.9487 181.7072 1661.007 134.4049 190.53282
7686.5312 182.50279 1637.3855 127.37146 177.18243
7742.681 166.85081 1634.4133 133.74634 188.35666
7698.515 171.51328 1657.2183 111.58984 181.57945
7633.0635 164.54955 1618.8057 135.20288 172.76732
7786.227 181.57945 1667.2844 137.90088 171.51328
7656.69 169.2478 1651.3804 99.721436 178.14653
7572.519 178.14653 1591.4775 137.54883 171.56995
7460.6875 170.16061 1602.3228 106.92529 171.51328
7363.943 175.97603 1557.079 202.8136 171.08647
7247.6875 166.995 1572.46 77.095825 185.95882
7625.309 170.16061 1627.5508 161.63135 169.7106
7574.8594 166.85081 1613.5461 131.19812 170.16061
7734.3447 181.57977 1646.4049 122.19336 175.97603
7301.3057 171.08647 1545.5339 186.92932 167.70311
7406.9517 169.7106 1576.7551 185.71838 167.70311
7155.838 137.71425 1425.2062 299.54993 167.26622
7786.2266 181.57945 1667.2844 137.90076 171.51328
7437.2603 179.38376 1587.4446 131.61499 175.80394
7470.002 172.76732 1596.6704 132.19373 175.80394
7792.7 182.50279 1632.8646 176.22815 181.7072
7800.513 182.50279 1639.4884 199.54468 181.7072
7789.479 184.04543 1628.4534 206.09302 182.50279
7644.7207 181.57977 1650.9257 82.15662 182.50279
7125.124 169.92242 1520.111 138.87842 169.7106
7181.125 155.74196 1550.9965 103.281494 169.7106
7080.2764 165.60847 1494.829 128.95325 169.7106
7135.9336 134.5507 1549.7535 94.09143 171.08647
7644.7207 181.57977 1650.9257 82.15686 177.18243
7658.4106 166.85081 1660.3031 112.379395 182.50279
7627.8174 166.85081 1651.4939 100.00696 172.14256
7608.9727 174.7367 1637.4983 133.11072 170.16061
7467.178 174.7367 1595.2076 127.17297 170.16061
7317.7266 174.7367 1567.7749 113.64221 169.99121
7331.675 156.74846 1591.7194 81.80322 181.69229
7247.2188 156.74846 1572.4423 71.45618 181.57945
7417.174 171.56995 1535.8529 204.40369 169.7106
7332.614 170.07141 1532.7332 189.43152 169.2478
7130.174 154.9508 1489.1152 179.09119 169.2478
6926.7954 146.9509 1460.3672 161.74487 168.911
6761.508 146.9509 1435.6318 168.25024 167.26622
6979.2036 164.22998 1498.0223 101.24646 170.16061
7061.866 164.22998 1512.286 111.30713 169.2478
6926.486 153.31886 1484.6973 94.55994 170.16061
7789.478 184.04543 1628.4532 206.0929 180.78838
6952.774 158.1165 1531.3701 48.55713 185.04375
6961.482 132.8682 1526.8761 43.285522 178.64627
6990.237 166.22899 1532.7682 52.36194 177.18243
6948.027 160.51367 1524.405 42.41333 185.4951
7086.1387 169.99121 1518.255 124.48181 169.97684
7155.8843 173.61166 1506.1532 173.2096 169.97684
7187.2563 169.92242 1537.5254 159.94849 169.7106
7191.02 164.54955 1532.2211 151.1112 169.7106
7148.9585 164.54955 1525.7087 135.24658 169.7106
6926.439 140.39668 1476.3529 100.44568 169.99121
7001.432 167.70311 1521.6858 58.437744 171.63148
7035.8154 167.70311 1530.183 70.39819 171.63148
7056.01 167.70311 1536.9199 80.78125 171.63148
7098.1685 167.63219 1544.3607 93.37268 171.63148
7734.3457 181.57977 1646.4049 122.19336 182.50279
7674.7256 166.85081 1635.4857 110.04883 182.50279
7800.5137 182.50279 1639.4883 199.5448 181.7072
7215.5703 164.54955 1563.123 98.33911 172.76732
7154.5146 164.54955 1564.082 57.720703 172.76732
7095.3145 164.54955 1539.0859 75.04712 171.51328
7221.326 156.74846 1571.4485 68.62378 174.7367
7164.5273 156.74846 1536.7506 94.26074 172.14256
7030.6333 169.99121 1497.1174 135.71704 169.7106
7792.701 182.50279 1632.8646 176.22803 182.50279
7693.1636 156.74846 1644.0175 110.09839 182.50279
7737.567 166.85081 1649.6271 122.63916 182.50279
7734.345 181.57977 1646.405 122.193115 182.50279
7789.4775 184.04543 1628.4535 206.09277 185.04375
7739.1074 156.74846 1649.0078 134.04126 184.04543
7855.67 181.7072 1694.6453 135.22937 201.64563
7789.4785 184.04543 1628.4532 206.0929 182.50279
7645.597 166.85081 1665.441 68.53284 182.50279
7789.478 184.04543 1628.4534 206.09302 180.78838
7738.3 156.74846 1654.3063 112.41138 185.58884
7533.873 170.16061 1611.4519 116.12268 171.51328
7572.5195 178.14653 1591.4773 137.54895 171.51328
7000.1772 132.8682 1528.0691 55.16577 171.63148
6981.3447 132.8682 1525.0763 47.821045 179.38512
6958.8965 158.1165 1523.1317 44.694946 178.64627
6963.0923 169.99121 1515.7257 63.811157 198.86555
6983.9253 171.56995 1512.6301 77.015015 198.86555
7645.5967 166.85081 1665.4412 68.53247 182.50279
7658.411 166.85081 1660.303 112.37964 182.50279
7723.635 166.85081 1661.2738 132.27576 182.50279
7789.4785 184.04543 1628.4531 206.09326 180.78838
7671.859 169.2478 1654.9097 96.30847 180.78838
7739.1084 156.74846 1649.0077 134.04138 184.04543
7792.701 182.50279 1632.8645 176.22827 181.7072
7779.9507 181.7072 1661.0068 134.40503 182.50279
