12703.185 144.32755 2011.3717 240.33435 155.38664
12934.266 147.49121 2037.3145 347.5044 159.59308
12678.6045 147.49121 1998.3345 233.72803 155.38664
13080.446 147.49121 2047.6951 370.83716 150.73563
12678.604 147.49121 1998.3345 233.72778 178.58943
13126.993 144.32755 2060.3948 374.78174 148.98947
12703.1875 144.32755 2011.3717 240.3346 188.6372
13035.43 144.32755 2048.5833 367.84277 178.58943
13079.865 148.98947 2028.3658 410.04797 168.6481
12973.278 148.98947 2015.3286 381.6516 147.49121
13035.43 144.32755 2048.583 367.84302 159.83609
12703.187 144.32755 2011.3717 240.3346 155.38664
13035.428 144.32755 2048.5833 367.84253 159.83609
13035.429 144.32755 2048.5833 367.84277 159.83609
12988.946 148.98947 2013.6134 389.9679 147.49121
13080.447 147.49121 2047.6951 370.83716 159.83609
12930.878 144.32755 2049.0215 365.1228 183.94272
13079.865 148.98947 2028.3657 410.0481 149.8714
13080.445 147.49121 2047.6952 370.83728 150.73563
12678.602 147.49121 1998.3346 233.7279 155.38664
12988.946 148.98947 2013.6135 389.96777 159.83609
12934.268 147.49121 2037.3145 347.50464 159.59308
13079.864 148.98947 2028.3658 410.04797 151.45992
13074.013 147.49121 2041.264 352.47913 159.83609
12703.1875 144.32755 2011.3716 240.33472 177.44951
12946.8545 147.49121 2026.736 348.25647 159.83609
12988.945 148.98947 2013.6134 389.96765 177.44951
13074.016 147.49121 2041.2638 352.47937 149.8714
12678.6045 147.49121 1998.3344 233.7279 178.58943
12934.267 147.49121 2037.3143 347.50452 177.44951
12973.277 148.98947 2015.3287 381.65173 177.44951
13079.862 148.98947 2028.3658 410.04797 144.32755
12988.945 148.98947 2013.6135 389.96777 147.49121
13074.012 147.49121 2041.264 352.47913 148.98947
12973.28 148.98947 2015.3286 381.6516 149.8714
12934.265 147.49121 2037.3146 347.50427 159.59308
13074.011 147.49121 2041.2639 352.479 159.83609
12973.276 148.98947 2015.3287 381.65173 147.49121
12930.88 144.32755 2049.0212 365.12305 177.44951
13079.864 148.98947 2028.3657 410.04785 144.32755
13074.014 147.49121 2041.2639 352.47925 148.98947
12973.279 148.98947 2015.3285 381.65198 147.49121
12988.947 148.98947 2013.6133 389.96802 147.49121
13074.015 147.49121 2041.2638 352.47937 148.98947
13080.444 147.49121 2047.6952 370.83704 150.73563
13074.013 147.49121 2041.264 352.47937 150.73563
12988.947 148.98947 2013.6134 389.9679 148.98947
13074.011 147.49121 2041.2642 352.479 162.99625
12988.948 148.98947 2013.6134 389.96814 177.44951
12678.603 147.49121 1998.3345 233.72778 155.38664
13126.992 144.32755 2060.395 374.7815 148.98947
