4859.906 15.57024 581.0994 507.66486 63.87067
4435.5405 16.58914 540.2246 443.8553 63.99561
5179.375 16.32912 624.9196 511.95428 79.0797
5172.7485 22.4596 644.10614 414.51617 83.06139
4785.316 20.00563 592.64496 437.4853 69.87257
4517.1807 18.65038 589.7158 359.63867 74.39359
4913.1836 17.53846 610.0198 348.2954 75.53912
5368.3496 14.66687 696.68933 440.13354 67.2562
4411.5605 16.65635 534.89923 351.5296 67.68025
3755.0615 16.32912 504.7062 235.2485 106.4633
5145.149 14.37213 656.1235 341.07654 75.05117
3621.6047 17.00229 524.8348 230.4079 72.14878
3968.476 15.57024 545.92224 214.31946 73.3379
4089.1047 15.27979 568.64197 264.53394 73.3379
5019.9277 36.02155 622.7131 328.01483 83.75152
4230.9883 14.66687 549.00323 433.63013 68.06486
4345.173 17.00229 552.4036 328.03076 68.72886
5042.493 15.87961 641.1087 319.38135 68.33952
4822.8438 15.63011 658.76135 264.53625 74.91414
4893.5444 21.44253 664.0582 253.96344 75.08501
4631.4473 16.96613 590.6133 401.24847 71.79025
5154.958 15.63011 716.1959 260.0641 78.61125
5042.6553 16.96613 639.2191 519.04663 78.04768
5007.5493 11.71608 646.8178 313.58917 74.009
4677.2246 20.45957 627.4095 245.3117 90.3885
4733.322 22.07204 623.3193 410.4344 70.8221
