6831.8926 54.60883 969.51434 310.31866 101.86191
7052.65 46.09102 1075.0547 209.86426 111.80018
6999.4253 46.09102 1030.0388 236.34644 124.82195
7412.1606 59.42687 1110.4718 281.78027 105.46244
7215.429 46.09102 1064.2074 247.56213 122.578
8175.9653 46.09102 1187.7238 361.41077 101.66351
7329.8647 54.60883 1043.8899 339.7174 97.58084
7331.3574 54.60883 1025.9467 368.11926 101.82033
7417.9214 66.48973 1079.0673 332.10876 101.89092
6792.9175 54.60883 973.72986 311.15588 101.05958
7896.9517 59.5564 1103.3027 351.2157 107.12842
8035.0273 54.60883 1100.4047 384.66052 117.16606
7775.506 59.5564 1141.4187 305.4873 103.81152
7701.463 54.60883 1103.2266 375.52856 97.58084
6776.9795 54.60883 985.26404 309.76868 103.72021
7900.733 46.09102 1105.006 398.9026 101.89092
7835.808 74.87796 1091.4172 337.77002 105.16609
7630.408 46.09102 1081.2203 349.6786 97.58084
7521.7905 46.09102 1148.9993 284.94128 122.578
6489.9546 59.5564 947.1477 285.266 108.28353
7523.864 46.09102 1097.725 352.25427 101.05958
7015.375 54.60883 1022.8513 320.76025 101.05958
8009.1777 59.42687 1156.6494 315.8446 105.24814
6997.0967 65.11522 1050.6927 326.7218 101.86191
7241.358 60.37313 1074.6102 346.15857 101.05958
