6653.369 141.29306 1346.2395 208.45679 177.78789
7145.4717 135.31004 1548.8704 107.12671 185.95882
6984.8394 150.9639 1447.8236 231.54785 174.15352
6741.378 140.39668 1427.934 215.50403 171.08647
6800.5977 135.31004 1411.116 219.26892 177.58713
7018.7246 156.74846 1469.3875 146.69922 186.80309
6631.2144 140.39668 1422.7148 117.50806 186.13098
6859.517 137.71425 1410.4827 185.38611 169.91818
6916.3 142.46544 1472.0715 187.96875 191.3263
6809.668 147.8012 1453.5508 139.38489 196.42427
6752.8364 154.015 1458.035 118.60022 186.13098
6842.7583 132.8682 1451.1024 135.20386 180.18295
6914.639 160.6915 1461.6758 203.875 197.14406
6591.7534 144.94162 1397.4855 159.35754 177.78789
6779.2666 141.29306 1449.3922 125.09131 178.8012
6793.4746 146.9509 1429.5363 179.4386 181.57945
6573.9053 148.37038 1369.8591 148.54675 184.88753
6486.498 141.29306 1366.344 148.96399 182.54451
