3380.219 120.12996 889.25183 177.0459 152.403
3088.4631 114.78969 814.9164 229.17737 150.77164
3399.521 117.57095 916.2096 177.90991 152.33353
3020.4343 89.53388 827.3126 80.69574 163.9469
3289.4563 109.2596 860.89966 163.59058 148.16591
3355.6826 114.83178 882.9002 148.9267 160.5631
3200.776 116.11183 859.01843 157.58923 156.18327
3333.66 116.11183 904.4241 85.872986 158.90634
3382.309 121.78088 887.3728 121.53284 178.24379
3015.5403 114.83178 802.3872 98.24982 156.50897
3337.655 127.53617 884.4552 191.53357 163.9469
2953.7188 111.42402 746.3854 218.98816 148.16591
3144.8984 109.15797 840.643 81.12665 166.02493
3060.177 112.98396 789.93787 168.34369 150.77164
2911.8408 114.56345 798.0098 111.24408 151.28577
3098.0193 111.42402 779.3817 222.53613 148.16591
3252.8342 103.72846 868.25946 125.442505 145.20337
3213.2998 112.98396 802.5409 218.67096 148.47684
3316.7446 137.53717 899.9125 138.47156 161.42996
3133.9866 116.20982 849.7996 118.750305 152.81738
3230.7495 121.75436 819.062 171.23853 158.12584
3149.5596 117.57095 840.1778 122.54419 171.1616
3472.9539 120.82671 887.3784 168.43079 165.67706
3357.051 114.56345 925.2739 116.19202 150.77475
2968.82 116.20982 775.77264 127.16583 150.77164
3479.7395 116.11183 929.30383 233.74756 160.5631
3573.9036 112.98396 950.1734 166.06744 152.33353
