8253.683 129.57938 1502.5488 293.49182 183.73167
8289.723 107.69135 1546.1583 273.7118 174.36157
7932.484 106.98147 1497.395 196.86938 172.1654
7869.1147 100.8534 1409.279 323.43152 167.91774
7584.7686 106.98147 1370.7325 246.06897 173.79004
6560.041 97.34637 1195.2402 226.0492 165.08954
7834.608 105.7589 1495.5259 160.48962 175.03722
7852.61 101.65858 1394.937 345.2528 169.66515
6810.5396 98.18858 1314.4985 110.6936 179.2403
8123.895 87.04281 1568.7473 116.99109 169.76538
7807.811 120.92551 1412.026 307.48938 170.53278
8176.904 125.54344 1505.7003 232.599 175.95915
7935.7456 101.97304 1486.6753 182.3844 171.16081
7891.4087 126.31322 1441.2135 294.19275 175.41118
7691.1963 117.26649 1462.5767 137.13098 179.9541
7488.178 101.65858 1370.7399 215.7356 169.66515
7789.6484 107.69135 1433.0923 354.87622 173.79985
8325.3955 107.69135 1526.9075 323.11414 182.43361
7945.101 100.83225 1422.5247 305.53137 171.01344
7744.902 101.97304 1440.8156 239.23169 171.26283
7724.5195 105.7589 1389.5433 312.81067 166.7952
7999.649 97.34637 1428.6649 408.48633 173.61813
6985.8677 97.34637 1243.9072 450.76807 166.52357
7696.491 97.2794 1462.8986 142.36023 165.99776
