12272.49 135.75743 1799.3247 417.6399 155.38664
12682.656 125.02736 1810.1084 565.9944 148.98947
12305.621 125.02736 1738.3735 480.31982 155.38664
12082.032 125.02736 1788.5946 399.8578 188.6372
12202.171 125.02736 1755.6298 405.3883 173.13945
12299.678 125.02736 1806.2961 547.8281 173.13945
12758.852 125.02736 1800.9025 560.8793 148.98947
12082.032 125.02736 1788.5945 399.8579 155.38664
12421.602 135.75743 1810.6117 424.35046 188.6372
12299.679 125.02736 1806.296 547.82825 173.13945
12573.656 125.02736 1776.4368 685.7351 149.8714
12168.7705 125.02736 1771.2571 417.04565 156.8944
12138.415 125.02736 1758.3329 396.4796 165.22017
12534.232 125.02736 1793.457 535.313 151.41685
12272.489 135.75743 1799.3246 417.64 155.38664
12499.545 125.02736 1793.6765 612.3823 183.94272
12389.498 125.02736 1779.6213 583.60913 156.8944
11952.326 125.02736 1759.1318 363.47437 165.22017
12145.95 125.02736 1763.0127 446.812 155.38664
12458.196 125.02736 1790.0641 565.0062 173.13945
12138.416 125.02736 1758.3328 396.4795 165.22017
12458.43 125.02736 1768.9492 622.5696 173.13945
12447.129 125.02736 1743.3671 618.4093 173.13945
12138.419 125.02736 1758.3328 396.4795 190.84077
12412.84 125.02736 1770.0417 582.6284 173.13945
12441.789 125.02736 1759.5902 613.47864 151.41685
12138.418 125.02736 1758.3328 396.47974 165.22017
12543.825 125.02736 1809.9216 626.0615 159.6638
12398.511 125.02736 1766.697 628.28076 181.96439
12225.942 125.02736 1741.0764 481.33594 155.38664
