2161.7925 111.04568 672.76514 98.69202 163.82455
2256.9521 114.25928 726.5839 59.55011 183.46785
2303.5903 85.48887 667.5866 185.25562 162.45137
2688.5376 142.96455 859.0851 108.195435 169.73242
2326.6628 112.85596 723.20245 124.85419 162.65744
2243.266 113.53436 708.7033 63.15497 176.53798
2419.8086 125.31791 746.27704 126.18262 162.88988
2276.6992 85.48887 716.59467 70.480286 161.29407
2266.703 121.95427 713.5383 104.8111 169.55957
2173.6648 114.25928 666.3788 103.03137 163.04944
2522.57 85.48887 747.8687 205.41388 159.09889
2297.6694 85.48887 711.02997 85.554016 159.08867
2372.571 125.31791 742.4272 135.8675 165.2187
2087.2961 94.31415 656.3561 91.30859 163.04944
2437.4165 120.97943 755.53503 87.15918 169.25276
2294.1213 85.48887 641.36163 236.61005 159.09889
2443.7422 85.48887 723.60974 199.38324 161.11539
2602.6924 130.59935 777.71564 234.9964 165.63431
2191.952 121.80664 673.5851 105.68732 161.7942
2279.1577 114.63248 694.17664 129.3064 158.69536
2383.802 124.55516 753.57794 64.80408 175.86508
2425.7075 121.80664 776.75446 67.32544 164.51193
2142.887 121.95427 664.6719 112.51221 161.7942
2214.2231 114.63248 687.70056 109.66858 160.12032
2584.3562 124.55516 815.0478 123.18109 162.88988
