14996.495 3.88716 504.30646 217.69672 10.81943
15385.693 3.94842 510.59546 238.09326 11.13777
15446.705 3.79342 513.8001 185.49158 10.66302
13906.508 3.27414 468.1595 224.91278 10.37545
15342.527 3.48425 492.7168 226.47406 10.57639
15589.198 3.5 497.78687 249.37866 10.18037
14567.096 3.28024 487.34872 173.59122 11.85959
15306.733 3.60139 498.05988 173.78534 11.89958
15252.133 3.83927 506.09283 179.01184 10.50143
15603.217 3.48425 509.3396 235.2135 10.79305
15781.427 3.88716 508.37463 204.10577 11.26854
14861.874 3.83927 484.75623 238.95648 10.49286
15928.502 3.5 507.48227 231.95193 10.84988
15462.516 3.48425 511.91232 231.46616 11.30089
15506.866 3.43948 520.4014 217.59808 12.14043
14661.22 3.58887 484.37656 219.38803 10.38653
14945.805 3.27414 494.67914 211.43396 10.4838
15008.864 3.54965 485.16498 177.19403 10.57875
15175.792 3.91024 490.02026 207.12524 10.61791
15148.67 3.5 496.58234 239.38446 10.2606
