17033.0 0.0 332.0 106.0 0.0
18116.0 0.0 330.0 155.0 0.0
17766.0 0.0 335.0 118.0 0.0
17520.0 0.0 340.0 111.0 0.0
17847.0 0.0 338.0 128.0 0.0
17652.0 0.0 340.0 115.0 0.0
17761.0 0.0 326.0 119.0 0.0
17532.0 0.0 334.0 111.0 0.0
17753.0 0.0 340.0 139.0 0.0
18032.0 0.0 332.0 127.0 0.0
18049.0 0.0 337.0 130.0 0.0
18140.0 0.0 327.0 130.0 0.0
18014.0 0.0 328.0 130.0 0.0
17639.0 0.0 332.0 112.0 0.0
18185.0 0.0 323.0 149.0 0.0
17935.0 0.0 332.0 126.0 0.0
17151.0 0.0 315.0 119.0 0.0
18065.0 0.0 324.0 140.0 0.0
17988.0 0.0 338.0 139.0 0.0
17854.0 0.0 330.0 120.0 0.0
