89734.0 0.0 774.0 228.0 0.0
89600.0 0.0 790.0 224.0 0.0
89036.0 0.0 791.0 189.0 0.0
89124.0 0.0 795.0 190.0 0.0
89347.0 0.0 795.0 191.0 0.0
89069.0 0.0 794.0 221.0 0.0
89500.0 0.0 790.0 201.0 0.0
89169.0 0.0 780.0 211.0 0.0
89214.0 0.0 766.0 218.0 0.0
88836.0 0.0 788.0 190.0 0.0
89108.0 0.0 783.0 200.0 0.0
88925.0 0.0 777.0 216.0 0.0
88647.0 0.0 776.0 202.0 0.0
89644.0 0.0 783.0 220.0 0.0
89244.0 0.0 768.0 229.0 0.0
88756.0 0.0 777.0 210.0 0.0
89033.0 0.0 781.0 227.0 0.0
89377.0 0.0 758.0 266.0 0.0
88723.0 0.0 790.0 204.0 0.0
89261.0 0.0 803.0 250.0 0.0
87012.0 0.0 765.0 210.0 0.0
