294.0 0.0 38.0 26.0 2.0
277.0 0.0 29.0 33.0 2.0
260.0 0.0 33.0 19.0 3.0
276.0 0.0 32.0 26.0 3.0
258.0 0.0 35.0 22.0 4.0
259.0 0.0 33.0 29.0 3.0
309.0 0.0 32.0 31.0 5.0
281.0 0.0 33.0 32.0 3.0
284.0 0.0 35.0 34.0 2.0
297.0 0.0 28.0 46.0 3.0
251.0 0.0 33.0 24.0 3.0
247.0 0.0 31.0 18.0 2.0
263.0 0.0 30.0 29.0 2.0
290.0 0.0 32.0 31.0 3.0
270.0 0.0 32.0 32.0 3.0
261.0 0.0 30.0 26.0 2.0
243.0 0.0 33.0 17.0 3.0
283.0 0.0 29.0 43.0 2.0
230.0 0.0 27.0 23.0 2.0
294.0 0.0 30.0 34.0 3.0
265.0 0.0 28.0 28.0 3.0
286.0 0.0 28.0 34.0 2.0
288.0 0.0 31.0 30.0 3.0
257.0 0.0 31.0 24.0 3.0
226.0 0.0 25.0 25.0 3.0
234.0 0.0 26.0 27.0 4.0
243.0 0.0 28.0 31.0 3.0
294.0 0.0 31.0 39.0 3.0
248.0 0.0 24.0 31.0 2.0
263.0 0.0 28.0 32.0 4.0
