-399.0	-129.46819	-263.22925	8.514526	141.53159
-390.0	-119.89798	-250.62263	21.63359	129.70244
-410.0	-130.33197	-268.31467	13.354462	141.53159
-467.0	-130.72466	-285.5362	52.42285	121.16829
-441.0	-119.89798	-278.35846	44.14026	129.70244
-410.0	-127.18752	-258.772	25.574371	131.58449
-390.0	-127.18752	-257.27698	6.5735474	131.58449
-450.0	-135.04556	-292.11108	23.414917	135.04556
-432.0	-129.70244	-264.748	38.33661	121.16829
-468.0	-121.16829	-285.20654	61.979187	129.46819
-419.0	-130.08945	-261.67395	28.371033	131.58449
-454.0	-127.18752	-277.75266	50.064484	131.58449
-381.0	-121.27625	-251.60822	9.513245	121.27625
-383.0	-124.2589	-253.72708	6.530609	148.12529
-393.0	-121.16829	-245.42719	26.957	129.46819
-365.0	-98.70019	-231.05081	36.345367	109.70642
-378.0	-124.2589	-248.97772	5.830536	148.12529
