-531.0	-159.02763	-333.24472	39.42337	171.67844
-520.0	-167.0998	-342.83234	11.027161	179.99962
-525.0	-171.67844	-347.23108	8.321167	185.0846
-495.0	-145.911	-317.23865	33.794495	170.94122
-551.0	-152.00525	-350.0284	49.463226	177.11452
-488.0	-139.95842	-291.1739	58.06476	159.80043
-562.0	-158.16763	-329.8654	75.473724	178.58823
-539.0	-157.1243	-340.5811	41.967438	179.99962
-522.0	-136.51292	-324.6624	62.214783	171.32765
-525.0	-157.01646	-335.14343	33.78784	179.99962
-407.0	-114.33988	-260.2509	34.08029	169.39389
-566.0	-180.91948	-370.82367	16.32019	197.09119
-462.0	-148.42017	-305.43665	8.704102	179.99962
-450.0	-148.42017	-299.24097	3.585083	189.57256
-618.0	-182.35358	-385.47177	51.28775	191.60013
-561.0	-161.91835	-361.27216	39.55017	183.45679
-422.0	-116.03529	-255.99371	51.013245	159.80043
-523.0	-167.59914	-338.9268	17.485443	178.71121
-581.0	-183.45679	-380.6964	18.011719	197.09119
-556.0	-176.55658	-366.4608	15.339447	180.91948
-550.0	-155.24115	-352.33234	42.782013	177.11452
