-7901.0	-68.00309	-1102.736	353.52502	101.86191
-7894.0	-46.09102	-1098.2274	376.51135	94.02149
-8058.0	-46.09102	-1190.2152	230.73315	117.85493
-7989.0	-76.00563	-1131.5586	340.33752	108.76659
-8366.0	-74.48386	-1167.8298	402.36987	116.73819
-8068.0	-74.87796	-1151.64	305.0409	102.20926
-8258.0	-74.87796	-1143.1155	397.99963	101.66351
-8089.0	-74.87796	-1107.9921	462.53516	95.31887
-7676.0	-66.88482	-1061.4928	412.6797	92.4127
-7232.0	-54.60883	-1012.8591	439.3073	92.39416
-7776.0	-66.88482	-1134.2378	325.16028	95.65807
-7627.0	-59.5564	-1141.6624	237.9353	97.58084
-8114.0	-66.48973	-1145.1882	411.9673	101.66351
-7525.0	-74.54115	-1081.6617	401.37708	97.58084
-7889.0	-76.00563	-1130.4923	324.16833	103.72021
-8208.0	-59.42687	-1204.8926	365.458	96.82114
-8111.0	-74.87796	-1229.9332	294.00232	108.10981
-7896.0	-73.46414	-1168.144	291.5459	100.28615
-8081.0	-46.09102	-1199.8722	281.51807	101.22527
-7969.0	-69.90499	-1235.8762	216.51172	109.69693
-7754.0	-79.16897	-1134.9604	403.75012	104.55863
-8243.0	-73.46414	-1192.8038	362.9259	108.3306
-8039.0	-59.42687	-1154.6951	329.92444	101.86191
-8073.0	-74.87796	-1150.2598	413.86877	101.66351
-8448.0	-59.5564	-1251.5009	268.0658	102.20926
-7547.0	-59.42687	-1161.8926	249.86975	97.58084
-8019.0	-65.11522	-1158.8666	352.62366	103.72021
-8264.0	-56.96555	-1163.4698	415.01978	101.66351
-8074.0	-66.88482	-1149.6763	373.4867	97.58084
