-2278.0	-135.75308	-724.68225	90.34912	135.75308
-2295.0	-113.71856	-726.1192	63.587097	142.24413
-2139.0	-105.56086	-676.47546	75.020935	134.5901
-2341.0	-110.54152	-759.111	39.919983	135.63007
-2343.0	-110.54152	-748.13245	76.572205	142.24413
-2251.0	-111.6175	-656.67017	132.25177	135.63007
-2248.0	-124.95812	-707.81885	78.25659	139.75119
-2224.0	-117.42927	-703.2423	80.83368	113.71856
-2272.0	-113.71856	-732.8297	60.802124	142.24413
-2271.0	-113.71856	-727.97003	95.86011	135.75308
-2328.0	-113.71856	-733.4686	73.68945	142.47485
