-17993.0	-8.18278	-1286.5188	476.41943	25.98083
-18085.0	-7.97514	-1278.4695	537.1835	25.05562
-17582.0	-7.97514	-1270.0112	514.78564	15.63279
-18364.0	-8.18278	-1327.3746	500.69946	32.29641
-18414.0	-5.92535	-1336.4989	477.3402	24.13673
-18229.0	-7.97514	-1280.8392	563.3485	24.36733
-17824.0	-5.92535	-1257.0529	520.3943	22.04971
-18255.0	-5.92535	-1336.1233	464.80566	27.48574
-18005.0	-10.40308	-1280.2352	561.71423	25.05562
-18095.0	-8.18278	-1294.1765	534.1671	29.29862
-18194.0	-8.18278	-1282.8484	544.4955	23.9244
-17339.0	-7.97514	-1242.7144	470.39478	29.50219
-17573.0	-10.40308	-1263.767	555.69006	35.20523
-18128.0	-7.97514	-1284.7816	496.13782	29.50219
