-1075.0	-148.87637	-501.1437	55.009064	168.70248
-1195.0	-190.47429	-586.2782	26.51355	179.97792
-1143.0	-154.02432	-535.855	79.08649	173.87723
-1148.0	-169.82553	-565.33826	18.53888	181.68155
-1196.0	-182.91331	-580.4972	49.826538	179.97792
-1151.0	-181.68155	-568.39294	25.251709	179.97792
-1121.0	-179.97792	-558.5563	5.5721436	181.86424
-1159.0	-171.42473	-561.51404	51.310547	176.22375
-1131.0	-176.60071	-558.52954	18.847412	181.68155
-1198.0	-169.82553	-574.9507	46.96753	190.47429
-1161.0	-169.82553	-570.63904	27.128418	176.60071
-1100.0	-156.88438	-511.35913	60.87909	173.60133
-1166.0	-181.86424	-575.6689	25.257751	182.91331
