-11875.0	-138.56314	-1872.1093	235.76917	168.61818
-12303.0	-136.25552	-1933.4343	218.8789	177.061
-12027.0	-138.56314	-1891.3168	224.67297	176.79628
-12239.0	-138.56314	-1910.4801	284.3573	168.61818
-12384.0	-137.17558	-1894.5457	316.677	174.53357
-12607.0	-138.56314	-1966.3209	355.03455	168.49812
-12802.0	-134.0533	-2009.5634	264.47522	174.97682
-12200.0	-133.40611	-1930.1096	300.12207	168.61818
-12411.0	-146.47507	-1940.7843	273.52234	182.35216
-12634.0	-133.40611	-2009.1365	228.2478	174.53357
-12481.0	-141.69342	-1961.619	325.6068	163.26498
-13138.0	-137.17558	-2041.1666	325.18518	178.0919
-12285.0	-135.53696	-1936.6681	199.06775	176.01654
-12186.0	-135.53696	-1913.4418	278.37463	154.91226
-12557.0	-134.08861	-1986.515	262.14417	186.02533
-12155.0	-133.40611	-1945.0941	247.98865	166.75716
-12703.0	-146.47507	-2019.5372	274.15173	175.03278
-12128.0	-135.53696	-1933.9543	268.0979	174.53357
-12040.0	-125.76857	-1931.0345	185.58435	174.64319
-12831.0	-131.792	-1966.043	376.20605	175.18219
-12273.0	-146.84097	-1891.2446	361.61768	186.16582
-12308.0	-135.53696	-1964.6276	242.57214	174.8578
-12432.0	-133.40611	-1942.6832	265.65125	173.38936
-12744.0	-136.25552	-2019.1957	280.21008	170.60553
-12663.0	-141.69342	-1944.731	365.84644	171.04549
