-6467.0	-130.7145	-1352.3406	241.89246	172.0545
-6186.0	-137.9254	-1317.4015	139.59253	156.55144
-6166.0	-123.89846	-1260.9681	223.18958	147.49739
-6271.0	-129.69493	-1266.545	253.6051	156.67924
-6350.0	-143.8276	-1331.1927	197.818	170.5367
-6048.0	-129.69493	-1217.5566	230.30872	150.47754
-6197.0	-111.92954	-1294.8417	211.92627	157.36736
-6242.0	-123.89846	-1293.4099	182.91858	159.45764
-5911.0	-119.58807	-1213.4135	189.276	156.1686
-6215.0	-111.92954	-1311.6443	189.49072	164.16843
-6126.0	-130.69934	-1294.4144	205.15002	150.92941
-6213.0	-131.99919	-1308.7892	210.07703	160.27197
-6513.0	-124.12591	-1362.5347	213.08496	156.55144
-6411.0	-134.14064	-1284.1642	256.22852	156.1686
-6541.0	-111.92954	-1343.6395	293.91846	179.6998
-6205.0	-141.42555	-1329.1627	129.48718	167.95978
-6209.0	-111.92954	-1332.4915	163.75806	177.56221
