-10660.0	-104.00159	-1553.7759	420.36438	136.00937
-10687.0	-109.14753	-1464.2837	519.62866	128.51025
-10401.0	-106.25933	-1428.2593	511.7616	128.51025
-10756.0	-104.00159	-1550.4702	424.7422	116.04368
-10900.0	-104.00159	-1693.2698	318.1267	137.4781
-10890.0	-104.00159	-1720.9258	313.65967	157.91624
-10773.0	-106.25933	-1544.1923	433.15344	136.00937
-10574.0	-109.14753	-1479.2162	513.7626	106.25933
-10808.0	-104.00159	-1563.5603	446.604	136.00937
-10823.0	-104.00159	-1527.3341	448.93494	128.2427
-10543.0	-106.25933	-1515.644	423.19495	146.83678
