-8486.0	-61.66238	-1283.7759	311.57104	123.76806
-8422.0	-61.98713	-1232.0131	297.71387	115.19083
-8217.0	-66.56051	-1287.5627	301.3629	113.3139
-8910.0	-80.38397	-1359.9565	336.026	125.24764
-9037.0	-68.84997	-1320.6943	432.13135	115.38694
-8735.0	-61.66238	-1329.9156	318.96863	123.76806
-8158.0	-65.51919	-1295.4115	207.02856	113.89917
-9226.0	-86.75997	-1325.7543	452.97363	101.29108
-8272.0	-61.98713	-1241.8319	309.09094	110.6323
-8818.0	-68.84997	-1350.2622	317.69336	133.80617
-8691.0	-65.51919	-1320.2133	393.75427	117.17783
-8372.0	-68.44505	-1270.4741	406.1676	109.24896
-8279.0	-52.80035	-1232.9083	277.74023	121.02524
-8360.0	-83.60989	-1271.3262	296.0603	110.6402
-7504.0	-62.69273	-1151.3535	206.85474	109.25022
-8785.0	-83.60989	-1306.3105	386.14014	110.6323
-8129.0	-52.80035	-1177.9954	319.6819	107.30006
-8385.0	-52.80035	-1188.699	377.677	107.30006
-9456.0	-89.89233	-1412.2915	359.03162	123.76806
-8674.0	-87.09884	-1247.1664	526.80237	120.2123
-8486.0	-77.8428	-1271.9421	364.11755	109.25022
-8171.0	-61.98713	-1173.7693	292.3374	115.38694
-8388.0	-62.69273	-1289.9595	320.09668	108.52393
-9142.0	-61.98713	-1358.0183	361.70386	121.02524
-9288.0	-80.38397	-1366.8794	492.66187	115.38694
-8691.0	-65.51919	-1283.611	381.2036	107.30006
-8582.0	-68.74437	-1305.8997	359.97083	116.109
-8601.0	-81.97528	-1296.477	336.10034	115.19083
-8382.0	-68.84997	-1247.0325	234.51868	122.53087
