-6028.0	-112.72224	-1287.8264	92.1947	159.04797
-6145.0	-112.72224	-1205.3792	253.14441	150.23077
-5997.0	-130.33058	-1250.6877	177.1864	146.9181
-6054.0	-132.2813	-1252.3126	196.76709	146.9181
-5944.0	-132.2813	-1275.5159	128.01672	149.37466
-6214.0	-130.33058	-1271.9109	177.45068	150.9859
-6012.0	-129.64449	-1259.7139	146.16736	144.94225
-6194.0	-112.72224	-1308.78	120.44568	156.96184
-6144.0	-132.2813	-1236.5507	203.51306	146.9181
-6141.0	-129.64449	-1288.4803	133.27051	148.47136
-6101.0	-112.72224	-1307.8099	117.58618	164.01646
-6076.0	-130.33058	-1282.8044	115.93042	153.34673
-6089.0	-129.64449	-1256.6792	179.69153	141.28569
-6106.0	-112.72224	-1266.6027	189.65674	146.9181
-5830.0	-112.72224	-1232.4783	131.45093	148.47136
-6053.0	-132.2813	-1286.3298	161.5133	149.37466
-6162.0	-133.351	-1280.206	151.65637	156.20702
-6148.0	-132.2813	-1312.3904	144.29712	158.96602
-6128.0	-112.72224	-1305.0681	107.578	159.04797
