-9726.0	-103.7563	-1487.0895	340.04785	140.9497
-9423.0	-101.93018	-1436.9769	246.08508	123.80757
-9537.0	-101.93018	-1440.1807	275.93835	103.7563
-9829.0	-100.11245	-1466.756	289.37292	103.7563
-9650.0	-103.74214	-1465.9048	292.2838	117.05941
-9870.0	-100.11245	-1520.843	225.23486	117.48178
-9718.0	-103.74214	-1465.1477	281.18433	117.75346
-9916.0	-100.11245	-1537.8687	255.85571	105.14414
-10031.0	-100.11245	-1541.538	269.82605	109.67484
-9250.0	-101.93018	-1407.3279	218.2373	123.80757
-9858.0	-103.74214	-1503.8608	342.9287	104.97414
-9787.0	-103.74214	-1485.3602	305.97974	105.14414
-9647.0	-101.93018	-1496.3193	275.63135	108.94662
-9710.0	-103.74214	-1476.5665	304.09216	103.7563
-9685.0	-101.93018	-1470.561	279.36096	117.05941
-10041.0	-100.11245	-1560.6576	244.71216	116.44267
-9967.0	-103.74214	-1538.6521	301.1443	117.48178
-9879.0	-101.93018	-1487.7148	319.5404	109.67484
