-2450.0	-138.91435	-772.7459	81.89075	158.62022
-2598.0	-125.01768	-786.82513	147.30737	148.31198
-2324.0	-138.44293	-724.0403	76.05414	162.18327
-2340.0	-125.01768	-765.0946	51.58246	158.90361
-2593.0	-127.92072	-819.61237	84.38837	177.22296
-2549.0	-127.92072	-828.7914	66.64746	177.22296
-2563.0	-125.01768	-781.08514	146.79254	148.31198
-2538.0	-148.94357	-802.3165	84.02698	165.6358
-2515.0	-153.63373	-819.48987	38.18274	176.131
-2489.0	-119.39224	-759.9151	181.44836	147.2711
-2624.0	-132.1296	-820.2849	105.628235	158.62022
-2612.0	-127.92072	-842.6954	91.60333	153.63373
-2669.0	-118.493	-835.3312	124.824585	149.84183
-2639.0	-138.44293	-812.9818	167.61633	148.31198
-2611.0	-141.00844	-831.50684	93.17432	152.165
-2662.0	-132.1296	-829.1244	143.57489	152.165
-2647.0	-138.44293	-807.2417	173.22986	148.31198
-2526.0	-152.165	-819.86005	59.626343	176.131
-2545.0	-118.493	-819.17993	101.87549	144.57187
-2381.0	-127.48243	-738.7322	111.805725	151.17435
-2339.0	-127.48243	-734.14825	86.27496	153.63373
-2555.0	-127.92072	-813.4127	88.49548	165.6358
-2455.0	-125.01768	-784.53723	72.25952	146.74847
-2731.0	-155.9926	-835.3916	141.64954	161.10826
