-3594.0	-57.735	-798.41187	236.11499	92.31979
-3485.0	-57.735	-756.46826	231.15161	118.25951
-3212.0	-71.5662	-742.62836	202.85303	118.25951
-3466.0	-73.80039	-770.9956	286.04724	71.5662
-3287.0	-57.735	-728.20496	197.9646	118.25951
-3514.0	-57.735	-755.5217	252.60553	73.80039
-3507.0	-71.5662	-784.4136	252.12561	88.14948
-3543.0	-75.17252	-785.83057	252.62268	88.14948
-3547.0	-75.17252	-772.36774	291.26788	71.5662
-3550.0	-57.735	-772.95685	260.35284	73.80039
-3064.0	-57.735	-703.10175	173.08008	118.25951
-3523.0	-71.5662	-801.6179	256.6421	89.59596
-3416.0	-71.5662	-759.5483	251.80475	88.14948
-3597.0	-71.5662	-802.9901	261.86267	89.59596
