15684.202 6.46607 541.4186 188.729 12.09256
15085.949 5.65597 527.36316 179.89252 10.18921
16280.038 5.2 555.68414 183.00592 10.51142
15669.602 4.50999 563.15125 150.2688 10.69205
15425.639 5.17301 531.248 196.94617 10.31019
15527.558 5.38424 551.44934 151.79309 10.6292
15912.396 5.26118 528.3481 210.65295 10.40577
15504.165 4.6744 544.9628 183.63312 10.13953
15387.02 5.17494 544.75525 144.5791 11.06797
15849.327 4.8621 524.3091 238.63513 10.36388
15564.568 5.86259 521.6668 218.73053 10.72986
16275.21 5.56776 515.3654 240.01984 10.92795
15420.085 5.80172 537.6784 166.02411 10.40433
15469.189 6.18223 526.7407 194.65009 10.61226
15971.911 5.81636 554.9048 160.8003 10.5423
16126.764 5.46718 569.26794 170.70453 10.43887
15954.89 5.77495 561.2901 196.8288 11.01499
15270.409 5.53082 533.00226 150.26324 10.7014
