15263.856 3.91024 484.05322 269.5337 10.49143
14401.963 3.28024 497.4908 178.3035 10.69065
15552.436 3.28024 513.8215 214.41254 11.38991
14563.358 3.48425 486.2849 173.71362 10.45706
15178.619 3.5 505.99084 216.16528 10.28251
14986.985 3.43948 491.43253 215.70486 10.37449
14739.473 3.48425 481.6313 202.03143 10.20049
15198.213 3.58887 490.5185 222.49066 9.91262
14909.605 3.58887 493.04855 203.07425 12.24337
15224.541 3.53695 507.06866 245.4267 10.86646
15063.437 3.94715 499.58414 239.0411 10.80694
15046.765 3.27414 492.98944 199.39069 10.33828
15540.989 3.48425 511.51343 232.21643 11.21963
14941.242 3.27414 489.8768 188.62448 10.22839
15227.74 3.5 481.96033 255.61731 10.40769
15010.711 3.60139 490.50833 196.07504 10.95582
14850.589 3.28024 493.46884 258.89944 10.01599
14621.811 3.48425 474.5384 184.44586 11.15303
15470.452 3.54965 506.45334 187.5615 10.49143
14802.566 3.60139 496.57657 237.5588 10.84159
14842.827 3.28024 491.14114 211.13449 10.33489
14350.587 3.94715 477.27713 198.29141 10.97315
14925.527 3.92938 485.03906 258.51904 10.76847
15012.062 3.48425 484.99786 186.24536 10.31795
