15043.2295 2.93258 484.01202 221.08856 10.58206
15211.198 2.93258 491.58887 227.8822 10.14594
15093.009 4.04969 482.3871 207.00201 10.42977
14630.263 4.08779 481.90283 202.2475 11.04219
14814.109 3.90384 484.8346 221.58325 10.34843
15428.831 4.10609 487.24118 242.0773 11.10225
15357.8 3.25883 495.51016 246.2142 10.72381
15038.943 3.40294 487.23953 211.63345 10.23377
14839.311 4.36807 476.2586 215.35748 10.6292
15424.728 3.77094 500.55087 213.7543 10.79491
14394.971 2.93258 470.43555 224.4253 10.13459
15332.136 4.04969 499.25677 206.97418 11.20491
15253.424 4.28252 491.79028 202.29938 10.71914
15079.104 3.77094 486.84738 196.7482 11.04717
14939.055 2.93258 486.27274 188.61691 10.8922
15273.999 4.10609 504.83102 212.44357 10.67848
15331.841 3.77094 493.74518 235.37231 10.15726
15697.282 3.90256 511.5336 199.73904 11.33887
14903.786 3.90384 470.8233 224.97162 10.34988
15256.438 2.93258 490.7247 230.57285 10.39279
15864.359 4.04969 507.82953 234.46582 11.1252
14692.245 4.14608 474.41525 207.05252 10.55415
15380.4375 3.77094 503.19186 198.44821 11.00409
15313.181 2.93258 503.26523 223.01273 10.8706
15197.5205 4.12553 481.85568 266.5154 10.64707
15412.74 3.77094 495.18793 198.12024 10.65505
15168.649 2.93258 487.28488 222.33414 10.28397
15368.964 3.90384 501.2277 217.25534 11.09775
14367.703 3.88844 473.9284 199.88928 10.77775
14252.992 3.88844 460.7306 210.90839 10.28105
14760.245 3.90384 477.0302 212.44427 10.39519
14960.823 4.36807 473.0132 213.16287 11.36354
15391.298 4.14608 486.08743 271.3616 10.76011
14842.455 4.12553 486.80518 195.23907 11.17318
14981.563 3.90256 486.29578 218.65051 10.64519
