114428.945 43.20989 4026.0154 1988.7214 102.22691
114845.77 36.03664 4034.8962 1664.7615 99.0809
112963.086 42.49723 4026.3416 1749.8049 99.0809
115786.18 36.03664 4079.6597 1836.2754 108.50613
117494.86 42.49723 4220.7314 1933.815 100.69228
115636.67 36.03664 4019.6575 2231.839 95.6881
113025.83 43.45278 3971.7876 2606.124 86.01452
112415.664 43.45278 4096.3325 1668.3652 99.1042
113940.516 43.45278 4029.687 2004.7988 91.62334
114325.15 42.49723 4145.246 1758.9404 100.39646
117528.3 43.45278 3993.6377 2674.462 94.98523
112964.87 42.49723 4193.468 2155.689 98.25299
114697.13 42.49723 4081.7954 2577.519 95.6881
111137.33 43.45278 3936.4375 1725.4204 94.03415
114693.49 42.49723 4008.022 1864.0132 93.24556
116111.74 43.45278 3935.0732 2544.625 103.68463
115576.375 36.03664 4021.2744 1844.4976 99.0809
114304.98 43.45278 4031.9055 2291.4612 96.80206
114190.82 36.03664 4160.912 1649.9126 108.05917
113770.47 43.45278 4085.3462 2142.3691 94.03415
113420.63 36.03664 4078.841 1587.5598 86.1293
117151.92 43.45278 3968.86 2551.3464 93.78098
113388.81 42.49723 4025.0195 1754.9131 101.02501
115196.38 43.45278 4072.9463 2029.6738 102.22691
114729.555 42.49723 4041.462 1883.9634 99.0809
115773.375 36.03664 4089.8118 1797.3713 99.1042
112564.516 43.20989 3970.52 1985.252 97.8955
112706.14 43.20989 3999.7563 1887.1514 103.68463
114746.67 42.49723 3982.0898 1651.1685 94.13398
114414.33 43.20989 4009.7815 2377.0168 88.04492
117964.56 43.20989 4170.3013 2024.5854 96.10025
115449.35 42.49723 4043.2473 1896.6433 102.33456
112753.57 43.45278 3980.4778 1750.7766 99.0809
115782.12 43.45278 4072.2244 1754.4592 108.05917
115304.016 42.49723 3994.7625 1897.3328 97.63332
