5052.5913 3.6656 517.6821 272.9344 36.07602
5632.075 3.41494 577.08527 329.04144 28.45527
5557.3813 3.6656 575.36584 336.93506 43.90474
5704.4053 3.6656 612.5914 410.2834 27.85872
5882.3755 3.6656 580.0071 479.60962 31.29347
5823.4204 3.6656 617.3354 508.04498 30.21963
5394.2153 6.53957 569.45264 321.96375 34.58023
5637.262 3.6656 562.1829 315.0373 35.67205
5196.925 4.19177 540.438 308.9392 43.33001
5754.5537 3.6656 619.75226 354.31866 52.9262
5658.384 2.19046 567.4895 420.52692 24.81566
5565.392 3.41494 598.9136 278.3147 30.52903
5309.967 3.41494 523.5281 438.92664 24.65902
5541.7344 4.13811 596.851 289.964 30.11663
6153.221 3.41494 651.72046 329.47797 25.31491
6021.55 3.11481 623.415 328.02295 42.21818
4860.3276 3.6656 521.22266 257.23645 42.46002
5480.8164 4.19177 530.6139 631.0111 26.31472
4665.4443 4.19177 485.30878 307.93433 39.08635
6129.5625 2.19046 662.3214 415.68457 25.61572
5910.9214 4.19177 579.51056 397.02606 28.08066
5527.6914 4.19177 576.2302 374.88367 43.33001
5207.203 6.62037 525.8092 350.6773 32.67904
