-1242.207	-90.87757	-419.61008	147.61508	95.59421
-1094.7814	-91.03468	-419.0399	29.230255	102.8194
-1336.9601	-99.13725	-522.3906	22.52472	117.62522
-1254.772	-70.89317	-461.6411	108.84473	96.44807
-1342.7957	-70.89317	-524.098	21.73169	106.6561
-1100.7773	-98.6758	-406.94696	65.986786	94.45287
-1188.8059	-102.93091	-449.1872	40.924408	100.76008
-1184.433	-91.7618	-415.64603	121.491486	91.36565
-1243.0355	-96.1054	-482.05957	46.191772	100.22431
-1251.6498	-82.29756	-464.20544	83.537415	98.6758
-1157.101	-96.52511	-426.2258	84.24176	86.77349
-1302.3779	-100.76008	-482.84998	94.68268	97.87094
-1153.2346	-96.51643	-427.34723	84.2099	94.68919
-1047.5249	-77.49811	-401.747	42.829895	96.44807
-1150.2838	-94.01542	-446.73584	21.776611	114.07539
-1333.4037	-96.35551	-510.80673	39.799103	101.4792
-1247.1211	-93.9235	-463.47845	81.15448	100.2166
-1331.4489	-99.13725	-521.0206	26.452454	105.8597
-1242.1172	-93.16113	-448.98636	109.36478	93.7702
-1151.3018	-91.90675	-448.54547	30.086365	101.88488
-1201.1553	-83.34515	-449.339	57.624878	96.35551
-1174.7932	-81.9603	-441.3623	48.013306	96.44807
-1120.4088	-86.40857	-421.71445	56.819275	96.1054
-1203.7903	-100.2166	-448.56595	69.59067	96.1054
-1260.8854	-96.51643	-486.44183	39.71869	104.00551
-1262.5061	-100.2166	-482.94623	41.83081	104.00551
-1040.9407	-84.81982	-390.35553	53.76294	94.47625
-1068.3533	-83.47963	-417.716	21.006897	97.86953
-1043.0614	-83.47963	-400.27246	38.98877	85.95661
-1040.5178	-80.83837	-403.2106	44.322968	84.6319
-1024.6136	-80.83837	-387.30634	40.099243	81.75585
-1085.8495	-88.00196	-406.8744	68.97156	84.58547
-1013.0438	-88.00196	-387.85873	46.52176	97.66033
-1069.9471	-76.57748	-416.23337	22.271606	85.07687
-1127.5652	-74.25349	-432.58554	46.212128	96.35551
-1182.78	-74.25349	-435.88037	69.11517	91.36565
-1114.9402	-88.8109	-421.51227	67.72406	88.06473
-1225.2219	-96.17577	-441.2275	64.75925	100.36589
-1164.4287	-83.86839	-441.39346	56.95578	98.69046
-1135.5166	-93.7702	-434.05713	57.825256	93.16113
-1166.1089	-86.17842	-428.68823	67.74341	96.51643
-1107.7567	-86.17842	-410.22684	52.632446	100.2166
-1249.7683	-83.34515	-466.7331	62.908264	96.44807
-1335.6196	-106.27953	-507.02002	50.605347	105.8597
