-53634.55	-36.33923	-3416.3333	598.3677	78.19034
-53634.555	-36.33923	-3416.333	598.36816	78.19034
-53524.684	-43.66964	-3377.985	686.26245	77.49073
-51658.14	-72.58862	-3030.5852	926.2063	67.51029
-51566.113	-64.27379	-3047.102	904.6333	67.51029
-53460.33	-36.33923	-3410.5217	615.2942	77.49073
-51611.74	-53.57693	-3092.3743	818.8806	77.49073
-51742.668	-52.85518	-3072.7498	841.6089	77.49073
-49181.082	-61.04222	-2874.1565	726.7063	73.21133
-51582.562	-38.22171	-3182.3032	553.98	79.3163
-47907.574	-51.05334	-2873.936	631.5088	68.4972
-47889.57	-45.73336	-2936.2222	492.32788	72.82789
-47838.9	-45.73336	-2949.997	494.07422	75.06137
-47234.074	-44.2167	-2931.412	436.22485	78.67049
-47860.223	-45.10657	-2963.3691	451.2705	88.18596
-48074.02	-45.10657	-2968.392	441.01123	93.57924
-47736.777	-46.11847	-2949.648	449.2815	94.28151
-47822.086	-45.92375	-2966.0261	468.11084	77.43421
-48335.84	-45.73336	-2990.9333	462.0288	80.59652
-48254.95	-38.22171	-3069.9734	429.4475	80.0311
-48411.387	-33.19054	-3034.6426	445.22217	73.21133
-48263.043	-33.19054	-3035.019	393.56934	78.67049
-48613.934	-33.19054	-3030.3635	423.2898	78.67049
-48634.457	-33.19054	-3016.463	416.34277	83.31369
-49123.55	-33.19054	-3101.5767	432.5481	78.67049
-48481.69	-36.33923	-3005.3413	440.74316	83.31369
-49426.707	-50.5156	-3019.2346	594.76465	68.42986
-50386.707	-58.16115	-3005.39	707.22217	77.43421
-50130.37	-54.99712	-3062.5884	522.2251	90.40947
-48311.89	-52.53377	-2974.0798	525.30566	76.45751
-48366.68	-52.53377	-2974.3997	532.6482	76.45751
-49822.47	-33.19054	-3101.8535	471.08887	76.65204
-48019.387	-45.73336	-2980.147	449.25635	91.42551
-47764.516	-45.73336	-2976.156	437.2273	91.42551
-47386.35	-45.73336	-2962.4404	404.4414	91.42551
-47438.727	-45.73336	-2970.1274	423.0791	93.87894
-47455.65	-43.92947	-2984.1187	395.05957	93.87894
-47373.73	-43.92947	-2977.1018	403.74976	91.42551
-47317.504	-43.92947	-2965.5708	418.9768	84.67525
-47490.168	-43.92947	-2962.9521	424.0913	84.67525
-47425.055	-43.92947	-2934.0686	415.0896	84.67525
-47829.715	-43.92947	-2958.3875	433.92285	84.67525
-47759.816	-43.92947	-2965.9817	424.12012	93.87894
-47436.98	-43.92947	-2978.879	433.2754	86.2778
-47514.367	-43.66964	-3020.8152	404.21265	93.82481
-48398.258	-38.22171	-3028.677	403.5559	82.28423
-48418.457	-38.22171	-3026.0068	409.12866	82.28423
-48357.484	-38.22171	-3059.4888	368.9441	82.28423
-47955.383	-38.22171	-2985.4001	432.69995	79.27297
-47748.723	-39.04208	-2984.7664	423.9026	82.48898
-46877.613	-39.04208	-2962.9678	377.18433	79.27297
-47116.77	-40.8563	-2977.7603	368.06714	84.67525
-47417.207	-40.8563	-2975.0647	357.4065	91.67604
-47483.297	-40.8563	-2974.6758	368.51245	84.67525
-47684.758	-40.8563	-2984.7773	374.43066	84.67525
-47965.03	-40.8563	-2997.0378	389.06348	84.67525
-47996.58	-40.8563	-2996.7546	401.20654	84.67525
-48020.945	-43.66964	-3001.6267	426.87036	81.8745
-48644.215	-43.66964	-3027.348	405.28003	91.98291
-47937.645	-39.04208	-2974.2192	394.24463	78.27084
-47970.51	-39.04208	-2956.4204	391.12378	78.27084
-47836.477	-43.66964	-2952.8728	428.30127	78.27084
-48036.633	-43.66964	-2970.8445	503.98804	72.16763
-48295.273	-37.42426	-2961.2424	482.40015	73.05701
-47781.5	-48.75191	-2896.1794	504.761	76.58974
-47629.215	-47.06613	-2921.6494	492.65186	76.58974
-47202.01	-43.59718	-2907.8474	459.63403	73.00068
-47166.754	-43.59718	-2908.9663	452.6477	73.00068
-47353.195	-36.33923	-2934.3984	468.36084	76.58974
-47227.62	-36.33923	-2930.137	475.6062	73.00068
-47420.973	-47.76329	-2895.5925	554.91626	72.16763
-46601.184	-47.76329	-2865.334	516.77246	73.00068
-46596.168	-47.76329	-2867.2964	519.35815	73.00068
-46438.37	-46.11847	-2877.5374	482.95728	73.67786
-46672.73	-46.11847	-2910.2722	460.90112	74.60427
-46838.89	-46.11847	-2903.6091	484.531	73.67786
-46898.543	-50.28931	-2860.42	524.94946	74.04159
-47337.28	-49.84605	-2888.7212	508.35864	74.60427
-47057.53	-49.84605	-2883.6382	505.17554	75.27856
-47373.53	-49.84605	-2875.135	527.10864	74.7702
-48415.45	-49.84605	-2989.0632	468.49683	78.79844
-48432.785	-49.84605	-2973.203	475.42773	80.52892
-48437.367	-49.84605	-2952.2578	504.83545	78.79844
-48078.46	-50.60658	-2961.7412	472.22656	90.40947
-47685.984	-45.10657	-2955.5686	434.6631	90.40947
-47845.08	-45.10657	-2949.842	449.0537	91.90918
-48120.562	-50.60658	-2921.4187	474.37427	86.2778
-48064.055	-50.60658	-2926.9353	456.16577	86.2778
-48007.957	-50.60658	-2964.2117	462.82544	88.18596
-47728.504	-54.99712	-2988.2039	482.4646	86.2778
-48513.32	-54.99712	-3008.6704	493.98047	86.2778
-48915.676	-43.66964	-3026.5947	450.09204	77.43421
-48935.883	-43.66964	-3023.1187	465.69165	77.43421
-48097.832	-43.92947	-2978.8208	436.5559	77.43421
-48540.22	-43.92947	-3040.2905	443.12036	77.43421
-48207.76	-45.51318	-3004.398	477.63037	77.43421
-48809.617	-47.06613	-3015.2678	481.71436	77.43421
-49013.703	-47.06613	-3001.2397	501.98535	77.43421
-48734.78	-38.22171	-2966.4692	501.63257	76.08959
-48226.473	-38.22171	-2952.9585	481.00488	77.27514
-48259.24	-45.73336	-2966.952	461.33105	81.6928
-48432.11	-45.73336	-2959.6184	489.82422	76.65204
-48675.848	-36.33923	-2984.7554	492.531	76.65204
-48595.508	-36.33923	-2953.6975	489.56714	76.65204
-48162.93	-36.33923	-2953.7341	472.49	76.65204
-48175.742	-38.22171	-2948.9114	472.5476	76.58974
-48187.58	-48.06499	-2962.3213	452.65332	80.20006
-48983.535	-49.84605	-2979.6912	487.34668	80.20006
-49547.957	-49.84605	-3056.955	452.95142	84.67525
-49769.33	-49.84605	-3055.968	468.41064	84.67525
-49525.77	-51.41588	-3061.9714	478.71875	84.67525
-49439.633	-45.51318	-3071.9878	459.57788	84.67525
-49274.6	-45.51318	-3082.0679	477.5337	84.67525
-49657.4	-45.51318	-3081.515	476.97583	84.67525
-50008.805	-39.04208	-3125.5918	486.87622	77.61024
-50186.793	-39.04208	-3146.6458	513.16455	81.6928
-50448.016	-39.04208	-3135.7065	469.0056	81.6928
-50652.008	-39.04208	-3146.1228	481.70068	77.8105
-50097.133	-43.92947	-3095.1218	505.7527	73.32973
-50122.996	-43.66964	-3133.3875	440.49	84.67525
-50013.438	-36.42438	-3122.7239	490.45532	77.08528
-50320.027	-43.92947	-3085.198	527.38696	73.61608
-50197.965	-43.66964	-3109.3438	512.3169	73.21133
-50246.875	-45.73336	-3052.5657	744.44995	69.52657
-48576.277	-45.92375	-2971.938	519.00024	72.16763
-50959.41	-56.998	-3052.2183	603.0779	72.58862
-49503.55	-37.42426	-3040.8018	578.86597	68.04924
-49406.62	-37.42426	-3050.8718	564.98315	67.99218
-49377.3	-37.42426	-3054.905	578.80005	67.99218
-49436.27	-37.42426	-3079.511	585.4177	68.21146
-49419.043	-37.42426	-3072.1765	568.1577	68.21146
-49293.36	-37.42426	-3068.5498	563.39575	68.21146
-49779.82	-54.99712	-3068.0525	702.25684	72.7438
-51356.066	-54.99712	-3022.362	819.33813	74.04159
-50332.754	-49.84605	-3056.536	615.7334	73.50912
-50320.625	-49.84605	-3052.3833	579.7283	67.75017
-50635.613	-46.11847	-3088.1843	887.8694	70.50957
-51149.344	-38.22171	-3122.2646	884.2903	71.27214
-51107.453	-33.19054	-3153.285	865.1648	70.50957
-50343.24	-45.73336	-3063.911	583.81323	71.9291
-50515.434	-45.73336	-3058.3552	607.2239	72.18954
-50794.055	-45.73336	-3064.1003	633.71875	73.32973
-50423.35	-45.73336	-3051.5212	584.0703	72.24039
-50421.902	-46.6412	-3075.873	886.7544	68.4972
-50725.266	-48.57425	-3088.563	628.8821	74.85582
-50441.637	-45.92375	-3062.5227	534.9436	74.01904
-49860.984	-45.92375	-3044.216	520.8259	74.01904
-49977.867	-45.92375	-3023.962	544.72876	69.88184
-49965.88	-45.92375	-3011.9656	536.6023	69.11223
-50704.793	-48.57425	-3054.729	574.4595	74.01904
-50587.85	-48.57425	-3063.49	585.45996	74.01904
-52024.95	-37.42426	-3215.9233	769.55005	74.01904
-51513.477	-37.42426	-3201.852	759.1135	72.16763
-51318.492	-48.57425	-3191.715	741.728	77.49073
-51071.63	-52.85518	-3137.9065	734.70215	79.90965
-49909.15	-53.57693	-3108.4268	580.7295	92.76247
-50117.47	-53.57693	-3115.6392	607.1543	92.76247
-50123.04	-53.57693	-3091.9421	607.1836	92.76247
-49700.996	-56.55434	-3070.9246	560.2937	72.7438
-49616.344	-50.28931	-3073.5254	505.97876	77.43744
-49360.883	-56.55434	-3059.7422	510.24902	77.43744
-49321.836	-56.55434	-3066.5984	528.6221	83.84343
-49858.86	-56.55434	-3040.8655	584.1587	71.37268
-50706.883	-56.55434	-3086.197	861.57837	71.37268
-51078.4	-57.45044	-3051.0808	837.3701	73.21133
-51191.66	-45.92375	-3094.2207	791.5454	73.21133
-51055.395	-40.97726	-3055.364	793.45703	67.75017
-51182.254	-40.97726	-3082.4407	802.1538	68.56447
-51003.965	-43.66964	-3135.662	686.8259	72.7438
-51114.21	-36.42438	-3128.3413	588.6338	69.29471
-51028.848	-37.42426	-3161.5742	495.1245	68.4972
-50520.152	-38.22171	-3081.543	606.1953	68.4972
-51834.56	-43.66964	-3124.7427	607.33716	92.76247
-52171.355	-33.19054	-3225.2188	570.147	77.49073
-52066.59	-36.42438	-3215.2627	595.3281	92.76247
-52246.13	-36.42438	-3209.5364	631.33105	77.49073
-51708.062	-38.22171	-3135.244	620.66626	76.92278
-51597.637	-38.22171	-3170.9712	574.18384	76.92278
-52039.98	-38.22171	-3217.0398	762.0808	77.43744
-51192.76	-45.73336	-3085.3433	623.2632	77.34038
-51222.453	-45.73336	-3087.2131	624.78296	77.34038
-51158.84	-45.73336	-3077.2021	596.0115	77.34038
-50824.54	-45.73336	-3110.542	558.01196	73.6228
-51031.445	-43.66964	-3109.916	534.3972	73.6228
-51072.17	-45.73336	-3133.633	552.9746	76.44973
-51096.707	-45.73336	-3122.9187	591.42554	76.44973
-49957.523	-46.11847	-3059.7817	491.885	78.67049
-49023.49	-46.11847	-3022.4233	525.199	72.7438
-49284.7	-46.11847	-3025.0854	530.0049	72.18954
-49454.043	-43.66964	-2995.7612	524.01733	72.18954
-49004.156	-46.89605	-2991.147	503.1245	72.7438
-53487.46	-36.33923	-3374.6702	678.8059	77.49073
-53194.906	-36.33923	-3126.2349	978.27637	77.12408
-53052.363	-43.66964	-3139.502	978.56934	76.11815
-52150.383	-50.04607	-3112.836	917.928	73.21133
-51093.17	-50.04607	-3089.5566	577.3391	86.2778
-51987.844	-38.22171	-3116.8	614.0996	86.2778
-51850.85	-38.22171	-3134.56	555.3093	86.2778
-51623.105	-43.66964	-3118.2617	568.7634	90.40947
-50518.59	-43.66964	-3125.4653	492.18774	98.12608
-50377.83	-43.66964	-3107.0662	476.9873	98.12608
-50330.273	-43.66964	-3122.44	473.96924	98.12608
-50275.73	-50.5156	-3102.5369	513.7351	81.45436
-50659.5	-50.28931	-3054.0784	597.5012	76.44973
-50452.18	-50.28931	-3060.9019	610.30225	76.44973
-50397.344	-50.28931	-3068.5728	541.9407	73.6228
-50641.062	-45.73336	-3083.3633	547.0239	73.6228
-50204.53	-45.73336	-3088.9966	520.40015	73.00068
-50262.633	-45.73336	-3100.4902	520.6631	73.21133
-50584.75	-45.59028	-3092.3728	546.63403	75.29173
-50470.527	-45.59028	-3080.2268	527.52905	75.29173
-50322.742	-50.28931	-3076.0408	597.35376	75.4522
-51275.293	-48.57425	-3131.1182	593.46265	78.57414
-50978.1	-48.57425	-3128.187	569.3513	75.4522
-50646.52	-48.75191	-3087.8638	588.011	73.05701
-51023.18	-50.28931	-3125.2505	616.8872	84.59496
-49882.55	-52.85518	-2842.2852	829.3384	67.50425
-50419.96	-56.55434	-2737.9482	1242.46	67.50425
-50606.242	-45.59028	-3005.338	684.0134	69.29471
-50905.17	-45.59028	-3007.7253	689.92456	69.29471
-51140.57	-38.01183	-2964.7983	724.27637	69.29471
-51265.668	-37.42426	-3021.957	676.2566	69.29471
-50807.26	-46.07086	-2968.8784	727.12915	69.29471
-50616.914	-46.07086	-2973.1187	717.79224	70.05326
-50568.438	-50.28931	-2978.8247	760.5493	70.05326
-50589.7	-60.26007	-2928.5388	725.28564	86.2778
-49555.715	-63.5536	-2892.8638	725.59033	86.2778
-50645.203	-52.53377	-3102.385	551.34985	79.27297
-51100.69	-50.28931	-3086.933	549.8823	79.27297
-50934.63	-50.28931	-3117.6865	528.72046	79.27297
-50679.94	-51.05334	-3101.6816	545.07275	79.27297
-50422.43	-51.05334	-3118.1272	521.02344	79.27297
-50181.668	-51.05334	-3094.4307	510.25977	79.27297
-49658.137	-51.05334	-3080.8352	478.68726	84.67525
-49599.984	-51.05334	-3058.7886	476.99927	84.67525
-50182.523	-43.92947	-3132.3357	455.49536	84.67525
-50107.773	-43.92947	-3095.3245	448.5608	84.67525
-50312.504	-43.92947	-3100.02	454.23413	84.67525
-50529.348	-43.92947	-3083.0537	510.55078	84.67525
-50404.04	-43.92947	-3110.1794	482.26	84.67525
-50351.18	-51.91515	-3099.647	513.62744	84.67525
-49935.75	-51.91515	-3113.1577	482.07397	84.67525
-50227.88	-51.91515	-3102.976	588.19604	84.67525
-50690.953	-51.91515	-3095.135	591.3242	84.67525
-50197.562	-51.41588	-3114.4143	509.9734	84.67525
-50215.086	-51.41588	-3111.9836	519.30347	84.67525
-50146.77	-51.41588	-3096.393	503.90063	84.67525
-50128.277	-51.41588	-3113.1018	480.16968	84.67525
-50037.76	-39.04208	-3148.7268	418.9436	84.67525
-49927.39	-39.04208	-3140.5981	406.7827	90.40947
-50211.71	-37.42426	-3139.8818	405.42627	90.40947
-49801.508	-37.42426	-3109.269	396.36475	90.40947
-49836.496	-37.42426	-3123.698	404.89746	90.40947
-49905.98	-37.42426	-3143.0708	415.69824	84.67525
-49866.832	-37.42426	-3116.693	410.41284	84.67525
-49838.246	-37.42426	-3112.5842	397.4602	84.67525
-49667.703	-37.42426	-3125.5156	402.4253	84.67525
-49740.926	-37.42426	-3133.113	402.4812	84.67525
-49965.04	-37.42426	-3162.775	419.4729	84.67525
-50136.6	-36.33923	-3168.4858	449.9436	84.67525
-51561.188	-43.66964	-3194.7073	628.6074	92.43366
-52110.332	-43.66964	-3246.7905	637.823	92.43366
-52141.82	-48.75191	-3199.3167	703.53174	87.79668
-52138.04	-48.75191	-3182.5771	696.6255	78.79844
-52157.387	-55.37424	-3201.9387	739.0215	78.79844
-51628.37	-55.37424	-3172.3647	731.72095	84.67525
-50838.3	-55.37424	-3114.0142	615.2156	78.79844
-50764.617	-56.55434	-3067.3958	703.6753	78.79844
-49577.63	-57.73047	-2974.636	639.5305	72.18954
-49601.58	-60.26007	-2933.1516	693.6709	73.05701
-49121.55	-60.26007	-2938.8105	655.71313	76.76252
-48790.65	-63.26168	-2927.6038	678.3445	76.76252
-48507.08	-63.26168	-2915.6042	669.1123	76.76252
-48983.812	-61.45918	-2949.484	606.9702	77.43421
-49174.37	-62.66764	-2962.021	611.7002	77.43421
-50258.004	-61.45918	-3005.2322	684.8447	73.6228
-50242.113	-61.45918	-3044.634	613.8174	76.83287
-50131.16	-61.45918	-2987.9727	683.7263	75.15705
-50850.336	-59.1056	-3016.7888	679.822	77.49073
-50600.11	-59.1056	-3011.946	659.5137	77.49073
-50320.61	-59.1056	-2992.3481	650.8259	73.6228
-49145.805	-58.90252	-2985.182	558.41284	79.61829
-50608.04	-59.32408	-3065.9766	568.26416	78.19034
-50736.57	-59.32408	-3066.5122	600.3828	78.19034
-51215.66	-47.06613	-3130.1167	562.36694	77.49073
-51252.53	-47.06613	-3112.2751	577.97705	77.49073
-51699.957	-47.06613	-3136.4067	796.938	77.49073
-51544.77	-57.45044	-3173.7383	735.61206	75.37029
-51670.266	-45.73336	-3157.2366	704.30493	73.6228
-51795.082	-45.73336	-3167.8882	646.1731	74.63951
-51382.234	-45.73336	-3135.3835	684.6792	73.6228
-51316.47	-45.73336	-3141.951	673.2632	73.6228
-50995.277	-43.92947	-3134.3333	665.5215	74.04159
-50968.91	-43.92947	-3121.5552	709.6489	72.35691
-51071.242	-36.42438	-3132.1814	688.282	72.35691
-51243.043	-36.42438	-3122.9297	717.2285	72.35691
-50881.312	-45.73336	-3042.843	605.91113	72.16763
-50507.254	-53.57693	-2977.4895	626.5217	72.16763
-51010.89	-53.57693	-2992.9463	674.4048	72.7438
-50995.87	-53.57693	-2960.1858	697.1416	70.55095
-50431.01	-53.57693	-2931.1162	708.89307	70.47028
-50254.47	-54.85442	-2969.5237	683.0547	68.42986
-50511.117	-48.57425	-2981.872	682.0559	68.42986
-50367.613	-43.66964	-3020.6006	612.18823	67.1209
-50377.598	-43.66964	-2991.8315	651.71265	68.31635
-50456.992	-43.66964	-2973.446	675.17456	68.31635
-50362.355	-43.66964	-3051.6729	588.3579	70.47028
-50122.12	-43.66964	-3042.6328	569.7307	70.47028
-50100.406	-50.28931	-3049.5234	555.5029	70.47028
-47731.73	-54.66425	-2900.4524	600.6111	70.50957
-50966.53	-33.19054	-3186.3162	517.60254	86.2778
-50826.633	-43.66964	-3175.054	516.1072	86.2778
-51840.04	-43.66964	-3219.7175	660.7488	83.18227
-51573.758	-43.66964	-3186.1724	643.8352	86.2778
-51418.668	-36.42438	-3100.7354	643.47656	72.82789
-51291.227	-43.66964	-3101.65	615.43726	73.32973
-51065.66	-43.66964	-3105.3938	595.16675	73.32973
-51441.9	-43.66964	-3223.8677	543.6101	77.34038
-51493.516	-43.66964	-3213.5352	533.8103	73.69425
-51282.37	-43.66964	-3201.3555	519.12085	73.69425
-51856.773	-33.19054	-3226.5889	737.7234	74.85582
-51926.605	-33.19054	-3225.487	793.21533	74.85582
-51551.785	-33.19054	-3226.441	709.8916	73.6228
-51462.863	-33.19054	-3227.652	706.55444	72.18954
-51288.914	-33.19054	-3179.9731	690.11743	72.18954
-51011.605	-33.19054	-3181.0938	687.93945	72.18954
-51379.02	-43.66964	-3009.7705	895.9409	70.05326
-49806.996	-45.51318	-3084.3132	737.5896	71.37268
-49715.88	-45.51318	-3074.6567	711.6443	71.37268
-49632.535	-45.51318	-3080.7676	692.7461	71.9291
-50035.863	-45.73336	-3097.7249	768.79175	71.27214
-50345.945	-45.73336	-3089.8828	773.66675	69.13283
-50309.953	-50.28931	-3078.4268	781.05566	69.93009
-48983.992	-51.41588	-3025.2087	861.6665	69.13283
-49166.01	-52.85518	-3017.9802	586.3428	69.93009
-48980.773	-52.85518	-3030.7341	563.3513	69.93009
-48876.633	-52.85518	-3023.6802	556.59863	69.93009
-48786.336	-52.85518	-3003.0232	574.4568	69.13283
-49126.617	-52.85518	-2961.0137	635.64404	67.20531
-47801.64	-45.5021	-2536.6204	1184.7007	65.28069
-47841.65	-45.5021	-2535.0496	1224.0667	65.28069
-48198.867	-45.5021	-2556.486	1257.5613	65.28069
-48459.75	-45.5021	-2529.0254	1234.0305	65.28069
-48323.26	-50.49601	-2514.3462	1228.633	65.28069
-48566.145	-49.76005	-2526.8767	1253.2244	65.28069
-49585.938	-50.5156	-2839.321	1086.5769	66.74837
-49451.35	-54.24748	-2846.3286	1099.6917	66.74837
-48592.83	-37.42426	-2576.0857	1283.8584	65.28069
-48904.164	-37.42426	-2609.9023	1286.5774	65.28069
-48959.125	-37.42426	-2599.4287	1293.8147	64.98795
-48624.816	-37.42426	-2582.3904	1312.7515	64.86082
-48713.145	-37.42426	-2590.9263	1313.0791	64.86082
-49067.434	-37.42426	-2579.9463	1299.3167	65.28069
-48893.516	-37.42426	-2567.4153	1274.7253	65.28069
-48554.516	-37.42426	-2564.0632	1286.2988	64.98795
-48073.824	-30.92817	-2516.4578	1285.1558	64.98795
-47551.008	-30.92817	-2497.6833	1275.5605	64.98795
-47148.152	-30.92817	-2518.0764	1305.4888	64.86082
-47322.836	-37.42426	-2548.799	1306.1853	64.86082
-47593.25	-42.4808	-2483.909	1296.9185	64.98795
-47405.113	-42.4808	-2479.3606	1213.655	64.98795
-47529.098	-42.4808	-2480.0032	1238.4912	64.98795
-47741.59	-42.4808	-2469.3174	1250.7769	64.98795
-47407.336	-42.4808	-2461.4875	1236.7578	64.68629
-47023.656	-42.4808	-2442.3613	1216.4297	64.68629
-46733.258	-42.4808	-2401.2976	1173.324	64.68629
-46322.457	-40.97726	-2398.2861	1146.1953	64.68629
-46591.477	-24.11566	-2529.9849	1028.2532	64.68629
-49576.535	-57.12516	-2755.9395	878.70166	66.10358
-49180.48	-56.998	-2791.8079	791.4907	66.05127
-48981.156	-56.998	-2805.9846	768.34326	66.39945
-49571.57	-57.12516	-2815.366	796.7932	68.65038
-49909.97	-57.12516	-2765.009	881.4956	68.65038
-49650.355	-55.34689	-2813.3481	823.8181	68.65038
-49609.7	-55.34689	-2848.6462	768.95337	68.65038
-49425.543	-57.12516	-2848.4421	740.603	68.65038
-49204.33	-57.12516	-2852.798	740.4458	68.65038
-48805.09	-54.66425	-2806.0566	797.91797	66.05127
-48658.08	-54.66425	-2770.4226	791.1162	66.05127
-53042.312	-43.66964	-3125.0015	945.2373	75.55608
-52982.293	-43.66964	-3168.1995	914.8882	75.55608
-52703.848	-48.57425	-3156.243	948.8362	75.55608
-52430.04	-48.57425	-3166.6018	925.30273	77.43744
-51599.715	-48.57425	-3127.2078	603.7976	90.40947
-51258.867	-49.84605	-3048.1367	659.6909	77.43744
-51389.723	-49.84605	-3078.7817	586.6948	77.49073
-51279.766	-50.28931	-3083.3477	589.5659	77.49073
-51081.42	-50.28931	-3097.9565	561.3794	77.49073
-50884.324	-50.28931	-3103.5864	526.2849	77.49073
-50818.23	-52.53377	-3091.437	570.063	77.49073
-50716.484	-52.53377	-3067.3967	567.5095	77.49073
-50907.285	-51.41588	-3103.7024	558.0027	84.17094
-50578.2	-51.41588	-3084.1584	577.0	77.43744
-50712.605	-51.41588	-3064.449	599.3103	77.43744
-50387.0	-51.41588	-3063.1055	631.2429	73.21133
-50080.19	-51.05334	-3093.058	580.6824	73.21133
-50177.35	-43.66964	-3138.1902	533.9668	73.21133
-50432.848	-51.45221	-3107.8472	722.2405	73.00068
-50308.34	-51.45221	-3116.989	697.2661	77.8105
-50057.973	-51.45221	-3111.939	698.2307	75.06137
-50306.582	-51.45221	-3115.2917	720.79175	72.5087
-50080.32	-48.75191	-3093.1714	699.5127	75.06137
-50562.7	-55.297	-3075.0679	833.39453	70.79519
-50588.01	-59.34003	-3050.4736	848.0969	78.50802
-49532.25	-59.34003	-3073.1248	743.83057	83.50061
-49336.1	-59.08652	-3076.6252	789.4497	80.12437
-49497.074	-59.08652	-3034.1978	599.8352	72.1282
-49770.496	-43.92947	-3069.874	599.01587	72.1282
-49592.746	-43.92947	-3072.7354	613.8721	72.1282
-49696.75	-43.92947	-3079.2544	616.0056	72.1282
-49656.152	-45.73336	-3066.4749	599.949	72.1282
-50985.387	-43.66964	-3073.2595	826.979	68.4972
-51207.77	-36.42438	-3054.626	840.47705	68.4972
-51615.445	-39.04208	-3071.664	825.022	69.14
-51452.406	-39.04208	-3089.3655	779.9182	69.97175
-51277.637	-43.66964	-3080.4163	782.781	69.97175
-51256.96	-45.92375	-3077.7173	868.90283	71.04974
-52306.61	-43.66964	-3208.6326	645.76636	73.00068
-51935.316	-45.73336	-3134.0164	737.12866	74.04159
-51743.35	-45.73336	-3155.1003	720.3943	71.9291
-51044.71	-50.28931	-3034.3093	867.63184	71.33019
-49189.47	-60.55045	-2982.1846	663.04956	69.13283
-50079.746	-55.07579	-3035.7544	873.8782	66.96457
-50523.875	-49.84605	-3020.8064	893.1045	66.96457
-49622.81	-49.84605	-3012.8477	671.40137	66.96457
-50100.527	-59.34003	-3050.4146	642.0205	69.14
-50245.758	-55.34689	-3058.5554	648.36597	69.14
-49894.965	-55.34689	-3064.732	604.4453	69.14
-50411.5	-55.34689	-3057.435	878.625	69.14
-50453.164	-50.28931	-3085.1887	868.437	69.56013
-49603.863	-46.6412	-3042.3108	543.426	69.56013
-49571.94	-46.6412	-3046.772	559.3789	69.14
-50144.668	-50.28931	-3063.4575	573.0735	69.14
-50226.215	-50.28931	-3072.6912	584.0176	72.58862
-51268.69	-50.28931	-3075.7075	805.4817	72.58862
-50915.707	-54.99712	-3105.2046	903.8594	72.82789
-50850.793	-52.85518	-3108.4202	842.6809	73.32973
-51064.88	-52.85518	-3089.7744	870.5603	72.82789
-50628.71	-52.85518	-3068.4507	751.8684	73.67786
-50478.383	-52.85518	-3067.079	727.8938	74.16102
-50465.312	-52.85518	-3070.8525	729.2954	74.16102
-50442.82	-52.85518	-3093.5962	831.02466	73.67786
-50246.355	-52.85518	-3108.243	777.58105	73.6228
-50456.11	-52.85518	-3084.817	773.81445	73.67786
-51256.395	-59.1056	-3097.5388	910.07007	76.17896
-51240.957	-59.1056	-3110.3188	838.23413	73.6228
-49942.83	-59.32408	-3021.2505	596.00244	77.43421
-49561.906	-59.32408	-3018.739	581.2141	77.43421
-49540.457	-59.08652	-2997.295	579.0073	77.43421
-50374.78	-58.16115	-3068.1514	555.9558	76.08959
-50278.496	-58.16115	-3081.9114	536.0708	73.21133
-50331.273	-48.57425	-3040.8906	573.7478	73.21133
-51963.066	-66.96457	-3087.1194	932.66724	72.69491
-51620.402	-66.52797	-3113.7107	958.79224	81.83658
-51725.707	-66.52797	-3112.7324	944.51294	81.83658
-51425.332	-63.62306	-3115.7676	956.1655	84.48663
-51328.492	-63.62306	-3114.364	947.5764	87.25214
-51373.19	-61.73053	-3085.2842	920.5564	85.49553
-51234.94	-61.55918	-3113.1982	941.09326	85.49553
-50958.965	-56.84866	-3116.378	912.4143	72.7438
-51180.383	-56.84866	-3100.5276	908.6001	72.7438
-50908.64	-56.84866	-3105.8982	873.1892	72.7438
-51055.35	-53.57693	-3072.652	889.9834	73.00068
-50273.43	-51.91515	-3084.6545	552.3882	72.7438
-50267.324	-51.91515	-3087.8628	531.2378	72.7438
-50712.89	-39.04208	-3122.068	533.23413	72.58862
-50566.37	-51.91515	-3028.2827	647.324	72.18954
-50469.203	-52.85518	-3023.9128	644.20654	68.53938
-50367.94	-27.91447	-3023.613	635.218	68.04924
-50152.46	-54.99712	-2997.2444	639.6743	68.04924
-49169.086	-54.99712	-2980.99	654.5298	67.64299
-49355.69	-54.99712	-2975.595	647.9695	67.75017
-49226.69	-54.99712	-2939.8726	644.4448	67.50425
-49672.215	-50.60658	-2925.7808	706.10864	67.1209
-49441.758	-56.998	-2957.7048	666.0032	67.1209
-49603.504	-56.998	-2967.793	679.9573	67.1209
-49662.88	-46.89605	-2967.9084	662.0901	67.1209
-49269.676	-58.16115	-2734.2102	912.01	67.1209
-49501.164	-58.16115	-2740.0796	948.9866	67.50425
-49361.312	-58.16115	-2752.5537	908.33325	67.50425
-49265.668	-52.60741	-2757.8357	867.8013	66.74837
-49657.754	-48.57425	-2817.1494	799.5476	66.4807
-48902.797	-59.37528	-2754.32	859.1941	66.74837
-49330.37	-52.53377	-2792.1226	823.2224	66.74837
-49531.316	-52.53377	-2784.7437	866.5425	66.74837
-49439.133	-52.53377	-2785.9294	896.2446	66.74837
-49372.68	-52.53377	-2802.6233	880.3237	66.74837
-49336.777	-52.53377	-2805.9177	879.4321	66.74837
-49161.2	-52.53377	-2815.5688	822.2278	66.74837
-49985.18	-51.41588	-2827.4019	853.5762	66.6605
-49849.656	-44.89612	-2813.0566	876.6233	66.39945
-49539.227	-46.30107	-2794.9368	851.16064	66.39945
-49723.29	-46.30107	-2769.4363	912.5679	65.77201
-48469.715	-46.30107	-2680.3147	933.5022	65.36344
-48873.77	-46.30107	-2685.9688	942.48706	65.36344
-48831.44	-55.95301	-2663.1018	944.5408	65.36344
-49070.742	-55.95301	-2835.076	799.511	66.39945
-48665.953	-55.95301	-2829.8196	745.4524	66.39945
-48849.582	-54.99712	-2822.7375	747.209	67.08014
-49833.36	-54.99712	-2993.9304	636.87036	69.02046
-50251.977	-54.99712	-3010.8003	847.9075	69.02046
-50192.074	-54.99712	-2997.4336	806.16675	69.02046
-50363.594	-54.99712	-2978.352	858.14746	69.02046
-50484.492	-54.99712	-2992.152	881.5757	70.50957
-49629.77	-54.99712	-2940.9578	656.5591	67.50425
-50111.895	-50.28931	-3012.3792	597.75415	67.50425
-50350.418	-50.28931	-2992.0056	618.0137	67.50425
-49910.6	-50.28931	-2939.489	657.72656	67.06267
-49869.39	-50.28931	-2950.4526	647.3567	67.08014
-50152.516	-38.22171	-2967.7026	705.85815	67.08014
-49606.387	-38.22171	-2988.8875	612.27637	67.08014
-49757.85	-38.22171	-2990.033	642.9475	67.08014
-49520.01	-46.30107	-2986.2712	587.2566	67.08014
-49652.883	-50.28931	-2954.819	656.42114	67.08014
-49669.11	-50.28931	-2971.0493	662.20557	67.08014
-49446.13	-50.55514	-2937.087	716.8862	67.08014
-49388.582	-52.14245	-2921.347	686.8552	65.46994
-49584.59	-52.51959	-2936.7524	698.8142	67.06267
-49194.56	-50.60658	-2933.4714	634.7561	67.06267
-49328.61	-50.60658	-2949.3623	635.5947	67.06267
-49157.492	-50.60658	-2948.6123	617.7656	67.06267
-49185.324	-43.59718	-2973.7268	637.34424	67.06267
-49184.855	-37.42426	-2989.3784	606.7451	67.06267
-49131.63	-37.42426	-2951.8853	639.98926	66.55065
-48705.83	-37.42426	-2935.0127	621.0481	66.55065
-49038.04	-43.66964	-2923.1165	654.5825	66.55065
-49902.58	-43.66964	-2983.9785	681.2261	66.74837
-49625.32	-46.73746	-2951.7542	659.29834	66.55065
-49664.562	-46.73746	-2939.8972	674.2185	66.55065
-49717.22	-46.73746	-2965.762	676.802	66.55065
-49722.88	-46.73746	-2963.494	688.5342	67.06267
-49790.07	-48.57425	-2977.9497	719.1382	67.06267
-49949.004	-48.57425	-2964.1912	740.9602	67.06267
-49568.54	-48.57425	-2960.147	722.2197	66.52797
-49208.09	-48.57425	-2962.131	709.91895	66.39945
-48939.984	-48.57425	-2963.082	675.6985	66.39945
-49346.27	-48.57425	-2979.9038	677.8413	66.55663
-49338.492	-48.57425	-2987.1558	676.5945	66.55663
-49293.043	-48.57425	-2990.4312	698.0642	66.55663
-50135.426	-48.57425	-3002.4587	932.7009	66.55663
-49703.906	-50.60658	-2881.2266	981.35986	66.80084
-49448.73	-48.75191	-2888.626	907.9241	66.80084
-49550.43	-50.60658	-2888.198	918.50586	66.80084
-49406.605	-50.60658	-2935.2249	949.88354	66.80084
-49597.62	-52.60741	-2939.3298	982.8699	66.80084
-48983.54	-52.60741	-2920.448	724.48364	66.80084
-48968.36	-50.28931	-2941.8523	705.2532	66.80084
-48945.74	-37.42426	-2987.0566	665.3318	66.80084
-48839.445	-37.42426	-2961.7258	626.05615	66.80084
-48904.066	-37.42426	-2971.7717	668.95483	66.74016
-50149.79	-48.57425	-2921.9563	1003.2766	66.74016
-50417.156	-48.57425	-2921.8706	1021.7263	66.74016
-50156.797	-49.84605	-2924.536	999.48	66.80084
-49829.508	-45.73336	-2898.3015	908.9773	66.80084
-49936.168	-49.84605	-2936.4358	943.1382	66.80084
-50138.758	-49.84605	-2965.5374	948.8667	66.80084
-49930.637	-49.84605	-3014.4927	910.6516	66.80084
-48963.93	-49.84605	-2956.2317	626.07056	66.80084
-49076.78	-48.57425	-2947.9941	663.95337	66.39945
-48790.832	-48.57425	-2949.091	639.4553	66.39945
-48721.527	-55.37424	-2950.8418	641.4934	66.39945
-48802.332	-51.91515	-2971.0532	661.73706	66.74016
-48638.137	-55.37424	-2973.55	670.69727	66.39945
-48937.324	-51.05334	-2962.0852	673.2246	66.39945
-48572.4	-51.05334	-2969.5361	648.8137	67.07116
-49283.12	-51.05334	-2987.0508	830.2886	67.07116
-49437.46	-51.05334	-2994.8186	853.5005	67.07116
-50433.41	-43.92947	-2966.7495	976.6089	66.39945
-50746.504	-43.66964	-2982.3494	947.90845	66.39945
-50841.996	-43.66964	-3071.2703	864.0603	68.04924
-50270.73	-43.66964	-3055.2896	857.16895	66.4807
-50205.418	-43.66964	-3070.5876	775.17676	66.96457
-50253.36	-43.92947	-3063.773	842.2002	66.39945
-50570.12	-43.66964	-3053.5623	812.35474	66.39945
-50380.77	-43.92947	-3047.5212	751.63403	66.39945
-50652.29	-43.92947	-3025.1565	760.9182	67.50425
-50732.098	-43.92947	-3099.9749	731.5923	67.64246
-50366.703	-43.92947	-3081.11	728.68726	67.64246
-50208.64	-43.92947	-3068.1875	712.5747	67.64246
-50121.633	-43.66964	-3082.1208	637.23096	68.98244
-50862.477	-43.92947	-3130.1687	690.65576	68.98244
-50868.805	-43.92947	-3081.6497	827.7151	68.98244
-50939.047	-45.92375	-3088.6196	863.86646	68.98244
-50547.305	-45.92375	-3134.4683	744.0774	73.00068
-50227.37	-45.92375	-3138.2031	681.6323	73.00068
-50118.82	-45.73336	-3117.7012	614.55396	73.00068
-50593.35	-45.73336	-3143.6274	619.7803	72.7438
-50364.17	-45.73336	-3126.3564	597.47217	73.6228
-50654.586	-46.11847	-3135.8625	762.70874	72.16763
-50765.65	-51.41588	-3088.8323	828.0464	70.79426
-50743.324	-59.1056	-3077.663	878.4094	73.21133
-50546.53	-52.85518	-3074.1274	590.99756	86.2778
-50810.37	-45.73336	-3069.3147	634.3257	73.21133
-50643.996	-45.73336	-3077.935	570.7717	73.21133
-50628.656	-45.73336	-3091.9023	592.46313	73.21133
-50726.55	-45.73336	-3054.3599	629.03076	73.21133
-51125.83	-45.73336	-3071.7478	606.9817	74.30264
-50912.816	-45.73336	-3057.3633	654.8374	72.69491
-50637.625	-45.73336	-3084.424	607.86206	72.7438
-50177.457	-45.73336	-3043.3025	522.2107	72.7438
-50572.332	-43.66964	-3092.4192	512.6797	72.7438
-50702.82	-43.66964	-3087.4902	534.3059	72.7438
-50309.45	-45.73336	-3069.9666	525.9895	72.7438
-49927.7	-45.73336	-3062.9312	501.8247	72.7438
-49852.73	-45.73336	-3085.7957	530.68774	72.7438
-50120.6	-45.73336	-3105.711	557.4966	72.7438
-50532.625	-45.73336	-3100.5244	550.9536	73.47451
-50453.316	-45.73336	-3087.199	550.79956	72.7438
-50282.023	-45.73336	-3090.3425	583.1975	72.7438
-50781.707	-46.11847	-3047.5667	877.29565	69.74838
-50448.785	-50.5156	-3036.8179	795.51294	68.53938
-50519.54	-51.05334	-3048.748	827.60645	68.16541
-50461.754	-51.05334	-2990.9775	873.7146	67.8139
-51200.42	-52.60741	-3052.9963	892.39966	72.07375
-50927.746	-52.60741	-3105.9375	770.53125	71.9291
-51103.605	-52.60741	-3082.8518	820.19604	71.9291
-50884.1	-52.60741	-3098.3826	739.9968	71.9291
-50833.17	-52.60741	-3101.8857	728.9324	73.46774
-50734.133	-52.60741	-3049.6016	801.18677	71.00372
-50669.477	-52.60741	-3075.113	734.54614	70.50957
-50739.367	-52.60741	-3055.7295	860.19165	70.50957
-50697.688	-52.60741	-3065.9968	828.4026	70.50957
-50425.81	-52.60741	-3047.193	829.3154	69.52657
-50439.934	-52.60741	-3037.7659	817.46655	69.52657
-50421.92	-54.99712	-3019.7935	827.8574	70.75996
-50193.926	-54.99712	-3061.5789	779.978	72.82789
-50474.1	-54.99712	-3055.5469	739.75366	72.82789
-50253.305	-54.99712	-3055.2063	722.7986	72.82789
-50361.86	-50.2865	-3074.775	701.7058	75.82762
-50393.637	-50.2865	-3093.5054	666.3823	75.98563
-50851.457	-50.2865	-3095.1863	706.4807	75.98563
-50382.58	-50.2865	-3095.621	711.9375	75.98563
-50296.996	-54.99712	-3060.576	725.553	75.98563
-50342.938	-54.99712	-3070.829	728.0925	75.98563
-50350.637	-54.99712	-3072.7944	688.33154	77.12408
-50563.92	-54.99712	-3060.3096	763.60376	72.82789
-50181.35	-54.99712	-3059.1758	746.97217	72.82789
-50417.934	-54.99712	-3084.6677	809.1079	72.82789
-50326.895	-54.99712	-3085.3005	817.9614	72.82789
-50368.95	-54.99712	-3092.9094	827.61597	72.82789
-50285.79	-54.99712	-3091.57	782.4558	73.32973
-50625.63	-54.99712	-3087.691	788.4192	73.32973
-50607.176	-54.99712	-3069.1792	781.60767	72.80252
-50558.395	-53.57693	-3061.2195	755.14136	72.80252
-51048.367	-53.57693	-3081.7866	830.5454	72.82789
-51194.918	-53.57693	-3103.3518	764.99243	74.05933
-51379.117	-53.57693	-3073.272	792.4182	74.16102
-51402.824	-46.11847	-3096.9973	746.22925	74.16102
-51385.38	-46.11847	-3109.2632	735.8533	74.16102
-51625.65	-46.11847	-3111.808	800.0022	74.16102
-51603.195	-50.28931	-3120.3293	715.5469	76.44973
-51044.023	-48.57425	-3073.0967	795.7905	72.7438
-50952.277	-43.92947	-3095.7957	705.8584	73.12088
-51217.984	-43.92947	-3136.0767	685.7654	73.21133
-51102.945	-43.92947	-3139.481	693.1023	73.21133
-50751.38	-43.92947	-3116.556	652.84717	73.40472
-50783.21	-43.92947	-3100.0596	658.4656	73.21133
-50649.133	-50.28931	-3093.3147	735.0901	73.21133
-50614.68	-45.73336	-3125.254	656.2258	73.21133
-51131.555	-67.51029	-2612.541	1330.0449	67.1209
-51355.75	-61.45918	-2599.8494	1383.1843	67.1209
-51764.01	-38.07042	-3008.1313	980.1758	67.1209
-52360.926	-38.22171	-3139.007	881.77783	71.37268
-51984.91	-38.22171	-3136.6333	837.3738	71.37268
-52352.105	-38.22171	-3122.9846	841.2031	71.37268
-52084.586	-52.53377	-3130.999	816.1489	71.37268
-51828.06	-52.53377	-3112.8718	811.2527	73.05701
-51851.168	-55.34689	-3135.9614	852.7905	74.04159
-51459.355	-55.34689	-3106.7236	883.9817	73.05701
-51446.29	-55.34689	-3102.0762	851.20776	73.05701
-51204.855	-60.26007	-3075.3425	886.25586	73.05701
-50855.035	-60.26007	-3088.4788	845.3557	84.14197
-51197.63	-60.26007	-3082.847	868.0281	84.14197
-51045.58	-62.11547	-3099.1135	856.22144	76.6985
-50894.605	-62.11547	-3086.889	826.9165	83.50061
-50498.29	-62.11547	-3060.7725	822.55176	81.45436
-50406.395	-59.34003	-3099.7795	776.0676	81.45436
-50356.85	-59.34003	-3080.0488	845.63794	81.1678
-50734.64	-59.34003	-3104.2898	798.8821	81.26832
-50324.855	-59.34003	-3070.8423	816.0725	81.1678
-50587.1	-59.08652	-3075.6426	817.2258	77.49073
-50565.88	-59.08652	-3088.091	813.15063	76.17896
-50613.55	-59.08652	-3047.4607	836.34326	76.17896
-50681.023	-59.08652	-3071.8396	789.5652	82.91007
-51496.54	-59.08652	-3118.6538	831.6721	82.01817
-51397.996	-59.77117	-3054.5554	880.44653	81.45436
-51471.168	-59.77117	-3058.227	888.0364	81.45436
-50725.453	-59.77117	-3017.4648	666.4258	86.2778
-51018.945	-59.77117	-3025.4546	702.26807	86.2778
-50530.637	-59.8137	-3034.6047	681.0425	86.2778
-50374.473	-63.26168	-3065.7566	630.6946	77.43421
-50640.35	-55.34689	-3069.1487	600.3237	77.43421
-50666.56	-50.04607	-3092.0925	619.2617	77.43421
-51098.72	-50.28931	-3072.7942	606.5237	77.43421
-50921.242	-52.53377	-3056.7126	598.2717	77.43421
-50790.78	-50.14409	-3060.4255	597.18823	77.43421
-50786.914	-50.6273	-3060.9087	586.6929	77.43421
-51076.723	-50.6273	-3047.8472	635.66406	77.49073
-51262.305	-50.6273	-3064.1577	586.49365	82.01817
-51349.387	-50.6273	-3099.7395	610.20825	82.01817
-51383.656	-47.06613	-3106.8254	643.6509	82.01817
-51366.234	-47.06613	-3112.5012	604.3235	82.01817
-51528.562	-47.06613	-3080.0603	692.0818	77.49073
-52245.133	-48.57425	-3119.6887	914.074	77.61024
-52479.82	-43.92947	-3081.3284	909.98145	77.61024
-52253.633	-43.92947	-3104.192	868.7373	77.61024
-51410.562	-43.92947	-3106.3784	635.0403	77.61024
-51597.65	-43.92947	-3111.1985	598.40137	86.2778
-51385.27	-43.92947	-3108.316	581.1904	86.2778
-51350.68	-43.92947	-3120.5823	560.5498	77.49073
-51474.555	-43.92947	-3094.2908	607.17944	76.92278
-51478.316	-43.92947	-3092.093	587.08813	75.6129
-51016.55	-43.92947	-3061.547	627.32104	72.18954
-50980.805	-43.92947	-3073.8552	589.5322	72.18954
-51077.125	-46.89605	-3053.8052	585.458	72.18954
-51215.934	-47.06613	-3023.984	674.90015	72.18954
-51785.242	-47.06613	-3100.0457	808.4812	76.76252
-51637.67	-48.75191	-3121.8179	770.27563	76.76252
-50937.754	-48.75191	-3091.9778	587.02637	76.76252
-51165.52	-48.75191	-3083.7034	651.3801	73.12088
-51381.344	-45.73336	-3073.6694	701.90967	73.12088
-51357.477	-45.73336	-3077.526	675.5547	73.12088
-51118.39	-45.73336	-3041.0256	702.64233	72.82789
-51034.39	-45.73336	-3030.2852	692.1587	69.29471
-50574.28	-50.28931	-2955.2178	700.22925	69.29471
-50757.027	-50.28931	-2988.2986	668.53076	70.55095
-51214.375	-43.66964	-3085.5002	619.176	70.55095
-50551.812	-43.66964	-3100.7576	505.90967	94.12742
-51044.906	-43.66964	-3118.266	556.2871	70.55095
-50594.06	-46.30107	-3011.4592	650.3479	70.55095
-50439.785	-46.30107	-2943.362	755.01074	68.15876
-50383.836	-46.30107	-2972.0972	686.0713	67.12448
-51052.125	-46.30107	-2982.1787	969.626	67.12448
-51104.207	-55.297	-3034.2593	896.48706	69.13283
-50259.39	-55.297	-2998.4937	695.81104	69.13283
-49884.758	-55.95301	-3001.7412	638.3362	69.13283
-50218.86	-55.95301	-2995.049	669.64404	68.70586
-51095.195	-55.95301	-2998.7715	892.4492	68.70586
-51271.906	-50.28931	-3020.3826	861.5991	68.70586
-51238.254	-50.28931	-3032.0835	863.8916	67.75017
-51023.383	-50.28931	-3028.7563	859.6084	70.03203
-50741.99	-48.75191	-3029.6704	825.9033	70.03203
-50375.797	-48.75191	-3068.2332	813.0762	69.13283
-50440.137	-48.75191	-3063.706	801.02563	69.13283
-50798.04	-48.75191	-3034.464	828.386	69.48818
-50631.883	-48.75191	-3041.0054	885.3894	67.75017
-50264.215	-48.75191	-3068.9214	859.1926	67.75017
-50337.71	-48.75191	-3072.597	894.81055	68.70586
-50668.246	-48.75191	-3044.7773	955.82495	67.50425
-50706.594	-54.99712	-3040.0063	889.9336	67.50425
-50391.473	-54.99712	-2996.2322	618.6389	70.50957
-50017.715	-54.51653	-2872.7659	740.52856	67.75017
-49935.27	-54.51653	-2892.9465	731.8999	67.75017
-49717.277	-54.51653	-2937.8848	639.05835	67.75017
-49704.492	-55.07579	-2925.106	698.56445	67.75017
-49740.87	-55.297	-2930.3276	717.7637	67.75017
-49910.605	-50.5156	-2975.979	659.8733	67.75017
-49826.477	-50.60658	-2973.9033	699.41187	67.75017
-49969.957	-50.60658	-2961.503	740.60693	67.50425
-49665.87	-51.09145	-2889.2969	807.2012	67.50425
-49745.902	-51.09145	-2911.0132	834.4309	67.50425
-50045.773	-51.09145	-2902.221	852.7258	67.75017
-50107.273	-50.5156	-2941.5125	798.1909	67.75017
-50538.707	-46.11847	-3032.216	707.0564	68.42986
-51143.035	-46.11847	-3061.192	924.58203	68.42986
-50959.875	-46.11847	-3072.367	904.7346	68.53938
-50778.16	-46.11847	-3079.2358	890.15674	67.75017
-50644.05	-46.11847	-3060.4573	884.8877	69.13283
-50534.31	-46.11847	-3064.18	888.96094	69.13283
-51026.96	-46.11847	-3073.6956	741.96313	70.47028
-51094.926	-45.73336	-3038.4917	742.19824	70.47028
-51029.145	-45.73336	-3078.7002	716.2722	70.47028
-50944.598	-45.73336	-3082.1638	726.70264	70.47028
-51151.938	-45.73336	-3079.407	772.76953	70.47028
-50926.64	-45.73336	-3094.4736	783.21875	70.47028
-51020.992	-45.73336	-3089.3245	836.0403	70.63095
-50770.54	-50.6273	-3062.0134	937.36206	70.63095
-50841.637	-50.60658	-3050.8132	902.86475	70.63095
-51123.332	-48.57425	-3076.2524	907.8059	70.47028
-51693.89	-43.66964	-3088.597	847.3721	70.47028
-51828.785	-43.66964	-3080.5693	886.3452	70.50957
-51644.945	-43.66964	-3039.0881	844.67114	70.47028
-51564.598	-43.66964	-3096.4304	838.73193	70.47028
-51491.4	-43.66964	-3092.5156	795.57007	70.47028
-51178.1	-43.92947	-3079.5024	818.45703	70.47028
-51379.12	-48.75191	-3068.2837	807.1006	70.47028
-51824.27	-38.22171	-3078.6716	828.93994	69.13283
-51855.93	-33.19054	-3084.2651	878.37866	69.13283
-51902.312	-33.19054	-3080.6938	902.3286	69.8792
-51502.184	-33.19054	-3088.5183	929.7302	69.8792
-51565.527	-38.22171	-3081.3508	928.7302	69.74838
-51583.24	-27.91447	-3097.014	892.52783	69.74838
-51237.66	-27.91447	-3094.592	866.1626	69.74838
-51087.95	-27.91447	-3091.5974	863.5569	69.13283
-51109.844	-27.91447	-3090.9387	829.2561	69.13283
