-7319.5244	-167.01422	-1551.6378	169.46423	174.7367
-7693.1616	-156.74846	-1644.0175	110.09839	182.50279
-7512.6226	-166.85081	-1603.4116	131.9707	197.40558
-7579.3936	-171.08647	-1620.1829	182.60962	175.97603
-7553.853	-177.33543	-1592.3724	146.08545	180.78838
-7787.5454	-171.51328	-1626.5204	222.28613	181.7072
-7173.6016	-156.74846	-1551.705	111.322754	181.57945
-7786.53	-156.74846	-1659.0682	120.42627	190.53282
-7446.342	-166.85081	-1573.1028	197.75134	175.80394
-7550.311	-163.62434	-1563.0029	252.28906	175.80394
-7215.9336	-165.39058	-1529.9985	153.85596	177.78789
-7218.7715	-165.39058	-1515.1467	166.60986	177.78789
-7237.455	-165.39058	-1513.2269	131.23755	174.15352
-6942.1885	-165.60847	-1477.2279	135.66077	170.16061
-7125.735	-156.74846	-1543.2996	86.708984	181.57977
-7020.6426	-164.54955	-1506.3444	84.995605	171.56995
-6949.739	-164.54955	-1510.3126	71.656006	172.76732
-6922.2046	-166.60326	-1480.1031	97.56189	172.76732
-7041.2617	-166.60326	-1513.6681	120.24902	174.14421
-7189.969	-169.50111	-1519.5095	210.25806	170.16061
-7130.8525	-158.1165	-1495.7347	173.8435	171.56995
-7037.568	-158.1165	-1464.3774	176.58545	170.16061
-7446.6846	-167.01422	-1560.2184	200.17065	171.51328
-7306.0938	-167.01422	-1564.6893	127.97766	181.57945
-7536.6255	-164.20447	-1606.017	117.82776	191.6762
-7526.279	-177.33543	-1598.4877	133.20056	179.40494
-7040.9795	-169.99121	-1460.9913	213.57922	171.51328
-7090.9614	-169.99121	-1467.7966	214.19946	174.63663
-7676.383	-169.62741	-1625.0986	142.64636	181.69229
-7150.1323	-158.24025	-1531.1598	113.86084	179.12552
-7107.905	-158.24025	-1534.7942	146.3529	179.12552
-7101.9995	-166.81885	-1539.886	109.89624	174.63663
-7195.9565	-151.34694	-1503.8232	236.39148	170.75714
-7149.944	-166.85081	-1504.7189	178.781	170.75714
-7060.094	-156.82692	-1490.1536	131.40808	170.45062
-7058.855	-156.82692	-1533.5349	88.257324	181.57977
-7185.487	-156.74846	-1521.4285	145.42908	174.7367
-7124.002	-156.74846	-1524.6556	114.045044	174.7367
-7112.3096	-158.24025	-1512.9629	122.75293	178.1485
-7080.2744	-154.9508	-1535.7944	101.87244	171.51328
-7855.669	-181.7072	-1694.6453	135.22937	182.50279
-7779.949	-181.7072	-1661.0071	134.40479	190.53282
-7714.225	-169.7106	-1616.26	224.32495	175.98636
-7691.058	-156.74846	-1643.8273	213.55542	180.78838
-7571.851	-166.995	-1615.9642	166.76501	179.29912
-7363.982	-137.71425	-1441.4318	303.5802	169.7106
-7252.771	-137.71425	-1450.9457	319.9768	169.99121
-7672.954	-169.7106	-1620.607	209.20764	175.97603
-7563.171	-169.7106	-1614.6821	177.52576	181.57977
-7510.9805	-169.2478	-1613.1499	150.47668	181.57977
-7307.0005	-156.74846	-1576.5576	150.74951	178.0225
-7384.3003	-156.74846	-1564.491	233.354	174.7367
