-8860.4375	-168.0409	-1696.7697	138.40698	169.76538
-8918.194	-167.20268	-1680.0659	196.6399	169.34273
-9114.181	-174.36157	-1745.7385	123.761475	173.94298
-9263.699	-175.68333	-1774.3354	133.00024	174.36157
-9259.387	-169.52435	-1778.195	161.99963	173.68413
-9360.166	-157.25197	-1747.8824	229.50757	174.36157
-8158.9805	-147.6021	-1581.3438	92.7063	172.24133
-8227.046	-140.45805	-1561.5396	190.9226	162.40852
-8267.786	-140.45805	-1587.416	161.10999	162.89543
-8289.561	-101.97304	-1565.8668	174.15161	162.89543
-8361.543	-140.45805	-1556.96	176.04065	162.28741
-8425.041	-140.45805	-1620.4569	151.33899	164.5721
-8324.028	-140.45805	-1596.5583	144.16199	163.87476
-8356.084	-148.5648	-1622.2943	93.898926	166.68913
-8331.501	-148.5648	-1624.5264	96.88196	170.87012
-8438.348	-148.5648	-1639.7272	103.16223	168.03444
-8000.0537	-130.35652	-1571.3125	59.83606	164.5721
-7985.4204	-137.37761	-1573.8248	55.39502	172.89442
-7955.007	-137.37761	-1562.6606	79.94946	170.66316
-7997.1226	-137.37761	-1571.7542	54.806152	172.89442
-7959.3184	-137.37761	-1562.0632	60.444336	171.66937
-7921.1353	-137.37761	-1554.2274	72.87537	171.48897
-8027.6055	-138.16656	-1563.1357	75.0083	171.66937
-8345.792	-152.47911	-1621.1306	94.93335	168.43683
-8418.921	-152.47911	-1611.4099	120.73804	168.43683
-8563.508	-152.47911	-1651.3806	106.20776	169.23686
-8605.364	-149.40105	-1678.3975	108.4126	171.29735
-8703.56	-127.37673	-1637.9789	210.79456	165.22179
-8486.828	-137.1246	-1534.4469	228.11523	161.9281
-8463.554	-144.72139	-1552.7434	256.41187	161.9281
-9332.976	-138.71661	-1775.5288	284.13257	174.36157
-9163.475	-161.20546	-1664.8584	293.34705	171.58456
-9064.206	-165.02377	-1652.0663	322.28552	171.01344
-8936.354	-158.29262	-1665.031	293.8639	170.53278
-8566.724	-127.38969	-1626.09	180.77905	164.95471
-8579.107	-157.2618	-1617.2693	202.5951	166.60542
-8818.292	-162.55424	-1625.0759	223.84546	167.45956
-8854.26	-161.35983	-1661.0435	176.70923	168.17484
-8870.099	-161.35983	-1678.2815	197.72632	168.0409
-8729.392	-161.35983	-1688.7313	117.46643	172.70096
-8738.088	-160.20432	-1672.811	184.34167	168.0409
-8761.148	-148.49284	-1694.3816	171.22949	167.45956
-8682.392	-133.08179	-1659.2489	154.87634	166.94402
-8562.164	-133.08179	-1665.9961	95.026245	169.34273
-8491.705	-133.08179	-1659.1503	79.89526	169.34273
-8375.046	-133.08179	-1618.5631	123.54895	164.93689
-8447.338	-152.81467	-1616.0995	195.12195	165.33313
-8348.539	-152.60242	-1615.5157	118.61621	164.93689
-8456.815	-152.96815	-1615.2648	167.526	164.93689
-8931.615	-158.90211	-1731.9728	140.65564	169.34042
-8853.144	-158.90211	-1653.5016	223.6023	166.94402
-8824.495	-150.54033	-1627.5382	223.3855	166.94402
-8744.971	-150.54033	-1674.3456	161.62537	167.56277
-8840.0	-151.76624	-1697.2747	178.99976	167.56277
-8791.402	-151.62387	-1675.6759	176.51453	167.56277
-8725.536	-138.06628	-1649.2802	175.51514	165.85138
-8625.924	-147.12909	-1624.7931	246.41614	165.85138
-8668.207	-151.62387	-1615.1844	230.34619	165.85138
-8598.356	-151.62387	-1627.9438	237.45483	165.36847
-8607.866	-151.62387	-1625.9238	198.21887	165.36847
-8433.223	-118.10364	-1632.058	134.58911	165.36847
-8551.218	-155.28241	-1638.5613	143.53076	165.36847
-8628.412	-152.70825	-1674.4144	98.41455	170.5356
-8806.518	-162.24649	-1672.3712	203.19629	166.22246
-8634.322	-158.90211	-1653.1436	178.17651	167.20268
-8278.904	-156.14452	-1600.974	151.82812	167.20268
-8248.812	-156.14452	-1586.6859	160.33057	164.8346
-8280.606	-154.77098	-1597.3246	125.11316	165.22179
-8367.598	-154.77098	-1573.8608	156.34143	165.22179
-8377.567	-148.60617	-1591.0974	162.49304	165.22179
-8355.974	-143.05045	-1606.782	139.52051	165.22179
-9236.334	-161.1099	-1780.9534	136.77148	173.85571
-9232.634	-174.36157	-1807.2134	80.87146	174.62762
-9274.197	-173.69032	-1815.4431	67.64551	176.17882
-9139.211	-173.62341	-1709.0167	177.82751	173.90163
-9297.998	-168.0409	-1773.1975	165.37341	186.23871
-9273.981	-162.78477	-1755.5421	181.29187	174.36157
-8976.464	-146.29237	-1681.2917	242.39575	168.0409
-9043.873	-142.16643	-1692.4446	235.26538	168.12714
-8792.464	-135.95323	-1676.24	172.83423	168.12714
-8676.358	-135.95323	-1631.3198	187.20813	165.34908
-8624.333	-135.95323	-1660.5986	153.29541	166.88687
-8741.061	-135.95323	-1656.2007	164.54199	167.09227
-8724.758	-135.95323	-1639.8988	206.01086	165.34908
-8801.4375	-135.95323	-1696.6344	192.21423	166.55363
-8585.035	-135.95323	-1650.2338	179.29236	165.4615
-8561.422	-135.95323	-1643.9977	167.83301	165.4615
-8542.015	-135.95323	-1638.0735	169.81226	165.34908
-8500.353	-135.68265	-1628.2622	183.35095	165.2001
-8622.687	-135.95323	-1645.3872	171.8833	165.4615
-8615.301	-151.10326	-1624.5225	176.10767	165.4615
-8756.659	-145.11633	-1697.9756	116.42236	170.58655
-8887.682	-142.16643	-1708.1324	134.93262	170.58655
-8900.21	-137.84033	-1703.292	219.79333	169.14557
-8973.277	-144.0198	-1693.6351	218.22363	169.14557
-9067.728	-144.0198	-1749.4019	135.24377	172.4693
-8989.468	-157.25197	-1687.3804	187.36572	170.60704
-8849.694	-151.60834	-1666.218	198.1272	167.77122
-8763.912	-160.61742	-1711.5146	86.325806	172.77094
-8808.071	-148.61626	-1721.5686	98.96521	172.77094
-8789.5625	-151.1534	-1682.3654	119.85962	172.77094
-8077.494	-151.62141	-1560.5994	95.86841	159.73465
-8059.9336	-151.62141	-1561.4537	78.05005	159.7569
-8182.4746	-151.62141	-1577.2506	181.78186	161.9281
-8181.752	-151.62141	-1575.8789	181.8905	159.7569
-8229.609	-149.06984	-1557.3683	187.64148	162.45502
-8357.498	-149.06984	-1534.2793	222.30713	164.61855
-8259.807	-149.06984	-1518.3663	242.26038	159.7569
-7701.7295	-123.38213	-1485.3817	137.59387	157.83769
-8210.421	-137.1246	-1533.6454	183.58704	158.53456
-8172.908	-137.1246	-1532.1552	169.28857	162.79968
-8145.497	-137.1246	-1550.6384	118.08032	158.53456
-8235.569	-137.1246	-1565.1233	193.66907	158.09056
-8267.567	-120.78424	-1510.0566	255.66663	158.53456
-8320.33	-137.1246	-1552.5587	253.53271	158.97757
-8342.005	-137.1246	-1579.3961	171.53943	163.19127
-8333.568	-130.36232	-1609.5168	262.38452	163.19127
-8326.008	-137.5356	-1580.7745	245.61389	163.12764
-8121.105	-135.68265	-1586.1628	75.30957	162.31517
-8351.926	-142.60887	-1569.1456	165.35034	163.19127
-8270.014	-142.60887	-1609.097	83.318115	163.19127
-8309.649	-142.60887	-1620.1318	100.963745	163.19127
-8283.817	-142.60887	-1608.9923	92.51453	166.72133
-8278.017	-147.83372	-1597.1046	96.8385	166.48952
-8263.984	-146.45248	-1622.7583	80.06116	166.48952
-8254.87	-156.15923	-1593.7428	109.71423	169.0815
-8418.29	-156.15923	-1638.5989	103.689575	169.99377
-8427.757	-156.15923	-1621.9702	112.7937	170.69711
-8336.313	-155.4695	-1615.3496	114.298096	169.0815
-8442.164	-155.4695	-1610.0231	126.77356	167.91774
-8530.41	-159.7569	-1654.186	132.49658	168.30898
-8543.0	-157.41553	-1644.3198	172.47766	168.30898
-8516.3955	-157.41553	-1656.5636	161.29858	167.0847
-8641.099	-157.41553	-1681.5072	122.56775	169.23686
-8708.043	-149.40105	-1693.0249	109.6947	169.0815
-8631.393	-133.08179	-1671.8027	96.520996	169.23686
-8704.778	-159.7569	-1696.0933	137.27881	169.23686
-8725.095	-159.7569	-1682.861	173.02405	167.91774
-8740.321	-150.9903	-1698.5015	122.13611	167.91774
-8762.647	-155.85728	-1686.1449	139.57141	167.91774
-8706.475	-149.8208	-1629.9729	217.93762	166.06993
-8574.563	-149.8208	-1621.5422	166.9602	166.88615
-8539.763	-149.8208	-1652.8083	103.76233	170.08435
-8572.331	-155.85728	-1665.8712	117.40369	172.23912
-9186.032	-169.52435	-1792.3448	128.13953	172.54773
-8899.687	-145.9085	-1546.7737	338.8943	166.96347
-8743.583	-145.9085	-1566.397	284.4895	165.67262
-8692.269	-145.9085	-1534.9705	308.08032	165.35995
-8603.534	-156.9105	-1559.7336	282.8844	165.35995
-8548.601	-156.9105	-1560.0071	272.6283	165.35995
-8370.784	-158.34395	-1572.5065	218.625	165.22179
-8356.439	-144.30008	-1545.8613	267.82104	161.35983
-8241.874	-142.69566	-1527.1394	236.32776	161.35983
-8203.308	-144.30008	-1545.8826	181.59717	161.35983
-8305.515	-156.64426	-1585.1256	152.52039	165.22179
-8405.314	-129.54239	-1608.1919	137.7135	165.35995
-8364.006	-156.64426	-1574.8351	191.17114	165.35995
-8132.037	-144.30008	-1545.9813	172.59546	161.3898
-8222.173	-145.81133	-1561.2704	178.51147	161.3898
-8329.737	-156.91127	-1559.0317	206.08472	165.35995
-8269.878	-146.00342	-1559.9495	176.69946	161.50809
-8300.653	-154.77966	-1552.4003	185.81274	161.3898
-8428.977	-145.9085	-1557.9332	216.71448	162.28741
-9410.702	-158.90211	-1798.4182	141.74426	181.34158
-9378.534	-158.90211	-1827.1284	104.23047	180.07396
-9316.964	-158.90211	-1826.5566	91.12756	188.71999
-9356.007	-166.48952	-1805.4309	125.99841	182.40855
-9369.924	-166.48952	-1804.4761	133.5946	175.99098
-9321.816	-164.61855	-1756.3676	198.05713	174.36157
-9008.528	-157.83769	-1641.1375	270.17993	172.11137
-8957.644	-157.83769	-1630.5857	257.50037	169.0815
-8875.079	-157.83769	-1645.2101	248.31323	169.0815
-8631.405	-104.44816	-1545.8949	305.9364	162.94086
-8563.3955	-104.44816	-1517.0281	321.7307	162.45502
