-34051.74	-59.88533	-2601.1064	587.2549	80.25228
-34014.707	-59.88533	-2612.6904	616.04175	89.87119
-33174.887	-68.15492	-2509.982	547.6279	103.803
-33634.934	-65.69004	-2588.9504	529.1821	79.29513
-33634.94	-65.69004	-2588.9507	529.1824	65.34835
-33415.4	-65.34835	-2552.3962	524.53174	74.16573
-33607.387	-68.89751	-2520.6853	577.98267	70.75626
-34018.484	-59.88533	-2614.0308	521.59814	103.803
-33652.523	-59.88533	-2500.3555	661.39844	71.44061
-33655.746	-59.88533	-2491.687	636.3833	71.44061
-33772.375	-59.88533	-2555.083	588.7637	72.3639
-34016.71	-59.88533	-2600.1194	550.2615	74.12405
-33851.715	-59.90779	-2583.423	562.09766	80.27926
-33612.355	-65.34835	-2576.1892	527.19165	80.25228
-33735.97	-68.89751	-2583.2517	577.9783	74.12405
-33874.953	-59.90779	-2566.1929	648.28345	89.72325
-33723.332	-63.7898	-2590.886	576.24927	103.803
