7639.875 4.3254 936.2625 191.09906 38.33129
7396.578 4.3254 801.42755 309.69574 26.31472
7521.5894 6.03521 806.98975 323.85266 29.28648
7628.2344 9.08314 921.45337 219.51257 38.33129
7590.766 6.03521 897.9203 214.09998 35.22947
7360.343 9.08314 887.3708 229.61676 34.64907
7577.3525 4.3254 943.3347 191.79663 38.33129
7622.55 5.80426 947.1221 166.83081 42.47788
7622.7236 4.3254 951.5193 167.0636 42.47788
7565.2314 6.03521 871.35583 245.13684 34.30444
7634.723 4.3254 948.90686 175.89026 42.47788
7602.0386 5.80426 923.3995 222.67413 38.33129
7613.5815 6.03521 930.0187 256.52148 42.58723
7659.776 4.3254 944.6092 200.15216 38.33129
7223.5215 4.3254 881.35004 176.95612 38.33129
6874.3335 3.6656 819.2543 170.0232 33.09188
7569.8354 4.3254 848.2699 289.1958 30.77288
6644.2397 5.80426 789.77264 190.32709 28.17564
7470.7017 4.3254 892.5532 246.38306 34.64907
7511.5557 5.80426 908.94714 181.87366 35.22947
7553.51 4.3254 845.84784 269.9754 32.2121
7514.637 6.03521 841.8763 268.404 28.17564
7625.9946 4.3254 947.7665 176.88306 40.55643
7554.6855 6.03521 917.49866 209.50598 38.01073
7500.453 6.03521 873.7055 284.58893 34.64907
7646.0693 6.03521 922.8632 213.65863 38.33129
7484.8574 4.3254 857.8164 284.97192 32.59545
6565.7764 18.37289 656.15894 398.16028 17.51422
6340.1416 23.03474 644.0751 504.96704 18.37289
6459.2744 18.37289 647.4607 401.5288 17.37529
6569.7583 19.99211 665.4895 437.92712 17.51422
6522.6167 16.64856 675.78375 381.16815 19.52733
6232.75 21.51581 628.8452 490.20923 17.27208
6404.422 21.60812 634.12305 446.48535 30.21963
6310.2275 19.99211 632.7979 385.13312 22.69691
6296.6055 21.60812 630.7499 371.25317 30.21963
6064.884 19.14834 597.9349 396.3437 16.64856
7413.123 9.08314 780.9505 345.9245 28.17564
7255.51 4.3254 795.0037 291.1175 26.31472
7524.5884 6.03521 830.71234 284.2448 34.28632
7430.042 9.08314 843.6231 248.51044 34.30444
7415.772 4.3254 848.2739 269.85413 30.2362
7507.1865 4.3254 855.0161 248.43604 31.29347
7243.889 9.09407 762.5906 359.1211 26.91926
7035.16 10.19582 716.7455 381.42004 24.43549
7162.151 11.83952 810.00415 318.59814 27.85872
7122.3784 11.83952 808.912 273.80957 30.21963
7506.4316 5.80426 854.7704 244.05176 31.29347
7358.676 5.80426 874.1848 253.30896 30.0373
7196.9883 5.80426 860.8948 249.23267 30.0373
7540.5054 4.3254 902.5089 194.32434 38.01073
7318.588 7.04364 770.2749 317.50317 26.20491
7008.8184 8.4868 799.0009 231.3692 26.88716
6996.25 11.83952 786.31793 287.3824 27.36176
7064.5396 11.83952 789.2849 300.81543 26.91926
6804.8105 11.83952 748.84546 348.7832 20.64232
6682.4707 14.09013 758.8825 310.5511 21.60812
6707.2754 12.6661 741.1853 351.04675 21.60812
6899.2847 14.09013 752.795 359.87213 21.60812
6858.092 4.3254 807.0519 210.74835 26.91926
7249.8784 8.4868 800.4233 290.47308 25.31491
7493.7373 9.09407 815.09875 282.11914 34.64907
7424.213 6.82983 789.884 367.10492 28.17564
7450.482 9.09407 765.631 333.32568 28.17564
6953.625 8.18716 841.668 227.56183 30.21963
7291.2256 9.09407 788.9654 288.19122 30.0373
7207.544 11.83952 760.2837 334.34912 26.91926
7161.7476 7.04364 860.8764 232.5965 30.77288
7161.865 11.83952 782.15125 294.69006 29.28648
6399.6333 13.97221 686.88354 348.6931 19.26933
7371.5405 8.4868 862.90393 256.1698 30.0373
7400.448 8.4868 866.55664 256.32336 30.0373
7370.4795 6.82983 880.3784 264.57275 30.0373
7318.8496 5.80426 885.04126 246.2478 30.21963
6957.98 12.62948 758.7164 283.04535 28.23101
6619.1167 10.24273 779.92426 227.26703 24.15528
6629.739 10.19582 756.67957 208.98212 24.15528
6900.2993 3.11481 851.71967 212.09491 30.0373
6719.7373 10.83634 765.29224 243.90247 23.49004
6206.201 11.44046 695.8663 246.40912 22.13576
7123.3315 5.80426 872.1804 213.64453 30.0373
7105.1626 5.80426 854.01025 240.78137 27.62561
6947.7744 6.82983 831.3308 234.06482 27.62561
6870.5986 6.82983 798.82 229.49628 27.62561
6763.197 3.11481 846.6582 197.92163 30.0373
6907.6753 3.11481 846.79724 202.32678 30.0373
6949.87 13.81957 747.96796 268.55536 28.56166
6901.5317 3.11481 851.00464 205.67383 30.0373
6928.8955 12.62948 733.3166 296.96002 26.21495
6881.1426 3.11481 851.8799 199.06018 30.0373
6916.788 10.98809 761.4284 293.862 24.65902
7028.7896 10.98809 733.7026 366.3155 23.03474
6606.743 16.94896 698.6726 403.39612 20.47737
7530.6753 4.3254 875.1655 295.05078 34.64907
6545.265 9.08314 794.4039 153.47693 30.0373
6448.3296 10.19582 786.4832 151.50665 30.0373
6921.97 7.04364 789.138 224.22284 26.91926
7164.1284 4.3254 878.8134 161.68744 36.54747
6973.553 11.83952 734.8785 389.25433 23.03474
7007.7046 9.04912 802.1964 244.44641 26.91926
6475.534 10.19582 783.5134 153.37048 30.0373
7379.425 4.3254 888.5331 218.401 34.64907
6826.5957 8.4868 828.0397 219.64587 29.36699
6935.809 10.19582 826.92084 316.23773 30.0373
6966.8384 12.62948 789.44885 248.08313 30.77288
6885.332 8.4868 838.48206 207.80493 30.40059
7095.6562 8.4868 862.37866 228.375 30.40059
7029.335 9.04912 829.43365 297.84393 27.54886
6261.66 12.2174 712.3513 222.00269 24.65902
7041.1885 5.92998 839.4671 287.0169 26.91926
7377.825 6.03521 880.16705 243.23114 34.64907
6714.8027 6.82983 794.90283 192.65631 28.17564
6948.577 5.92998 826.40857 231.1814 26.91926
6919.036 8.66173 823.09186 230.69183 26.91926
7255.869 3.11481 827.3397 237.271 28.17564
7340.0854 3.11481 831.2347 239.8471 28.17564
7145.3604 3.11481 858.25714 217.44757 28.17564
7290.5015 4.3254 819.9838 235.64716 30.40059
7045.754 10.19582 847.08453 205.90411 34.64907
7482.791 6.03521 924.26105 180.59833 38.33129
7428.2183 6.03521 869.68536 217.08917 30.77288
6584.7197 6.82983 758.0572 191.62701 24.15528
7121.056 8.4868 808.80365 250.50726 27.85872
6921.0747 6.82983 800.79535 227.88715 27.85872
7350.0776 3.11481 828.9462 248.54938 28.17564
7176.1826 3.11481 813.5769 236.23853 28.17564
7115.691 12.2174 774.59503 283.15314 27.36176
5875.3647 12.69145 653.3586 216.40796 29.36699
5850.8696 12.69145 645.6116 226.79468 23.21754
6964.238 9.45388 822.24384 225.86823 30.77288
7114.528 5.80426 865.3127 163.74994 35.67205
6478.232 3.6656 749.44006 188.61859 24.15528
7083.972 3.11481 802.73865 232.00403 26.7055
7034.9424 8.4868 832.0403 192.90442 34.64907
6971.3633 6.03521 853.53784 176.05713 33.09188
7029.2773 9.08314 841.41315 216.24469 30.77288
7143.2734 3.6656 894.0585 146.38306 35.22947
6458.725 3.6656 777.33496 213.21918 24.15528
6898.9653 6.03521 824.54095 202.09283 30.40059
6565.3184 10.98809 754.4744 223.89984 23.49004
6669.048 6.03521 764.118 211.11243 23.49004
6806.5737 13.25628 700.3544 383.84033 20.65559
6920.8955 6.03521 813.6638 214.65308 30.40059
6957.1396 8.66173 838.8748 215.89557 30.40059
6955.928 4.13811 839.2923 212.9151 30.40059
7309.394 5.80426 827.37317 240.07874 26.77596
7101.0093 11.08703 737.14105 373.9649 24.65902
7149.0547 8.4868 843.98413 193.26526 34.64907
6997.981 10.98809 779.4144 265.24036 30.40059
7150.2383 9.08314 860.1401 203.75604 36.48998
7104.329 9.08314 827.492 249.17023 27.36176
7229.956 9.08314 799.8973 248.48553 29.4897
7154.3247 9.08314 791.7967 250.60431 27.36176
6932.0513 7.04364 823.5659 187.943 33.16915
7182.1147 7.04364 849.4551 224.17554 34.8891
7259.2915 7.04364 891.43787 208.67297 38.33129
7202.7837 5.80426 857.3071 244.15503 26.77596
6995.0933 3.11481 801.7839 226.23456 26.77596
6961.904 13.97221 767.70276 307.42932 25.61572
6878.3174 10.83634 762.2814 238.87567 27.36176
6806.402 10.83634 772.8467 252.0614 25.17749
6939.5693 12.2174 759.66016 272.84668 25.17749
6713.8784 12.2174 783.23517 273.09637 25.17749
7335.406 6.82983 804.6534 330.3886 28.17564
7310.3794 9.09407 816.30383 316.70642 28.17564
6587.544 12.62948 740.38745 249.7265 23.49004
7489.357 4.3254 872.0742 268.4502 34.8891
7325.553 4.3254 857.91565 309.29016 29.28648
7167.4634 15.83616 799.59875 313.95044 28.17564
7191.0557 15.83616 798.8667 328.16772 35.16361
7179.4546 15.83616 794.2165 308.09308 30.2279
6715.0664 12.62948 751.2385 282.66187 23.49004
6733.398 12.62948 756.9889 285.15906 23.49004
7516.705 9.08314 867.67346 258.3639 34.64907
7434.5645 4.13811 882.0112 242.9519 34.64907
6978.8706 12.2174 808.44415 266.0689 27.36176
7059.291 7.04364 850.80536 200.48102 34.8891
7373.6274 9.09407 873.82764 256.9353 33.09188
6943.6094 12.2174 805.12726 265.6546 27.36176
7170.9062 9.09407 805.61804 259.13647 27.36176
6322.243 12.85446 706.2984 230.0581 24.15528
6856.0186 13.2815 757.9312 314.36542 23.49004
6299.658 12.85446 711.22943 225.88177 26.21495
6277.18 12.85446 717.8971 242.9779 22.91576
6529.99 12.85446 761.9422 230.46198 30.0373
6999.4014 7.04364 826.02167 178.92108 34.64907
6896.9136 3.6656 819.90216 168.961 34.64907
6379.439 13.25628 715.5899 273.10974 22.91576
7282.991 9.45388 843.80383 258.49353 33.09188
7299.4517 10.19582 878.67163 276.91284 35.22947
7150.8926 9.09407 807.8098 248.69714 27.36176
7307.754 9.45388 869.583 261.5443 33.09188
6709.3325 12.62948 760.0306 249.26428 30.0373
6946.869 11.44046 798.7412 246.18884 30.0373
6917.442 9.09407 702.8724 353.26166 22.6857
6934.1704 9.09407 716.18756 385.64447 22.6857
6112.776 12.62948 660.21796 293.62573 18.78206
6429.1846 3.6656 730.82996 234.48492 22.6857
6384.8257 3.6656 745.8996 248.20361 22.6857
7225.041 10.19582 883.9945 253.25427 33.09188
7186.5405 9.09407 811.8668 246.60901 28.07888
7244.6006 9.08314 802.83746 300.3366 28.3981
7326.2783 11.83952 877.61755 289.08313 33.09188
7178.37 11.83952 864.6707 243.26312 33.09188
7199.6245 11.44046 849.0143 253.54883 35.67205
6588.544 3.6656 770.15607 220.84143 24.15528
6604.918 7.04364 759.16486 215.92761 24.15528
7094.3813 10.19582 812.9044 268.65955 30.40059
7247.9272 11.44046 881.0573 288.0263 33.09188
7111.106 11.44046 748.3023 415.61786 24.15528
7008.124 11.44046 810.9868 268.1305 30.0373
7141.924 9.09407 821.55273 254.67639 30.0373
7088.576 13.25628 762.6862 363.42255 26.21495
6867.1167 9.09407 780.07935 264.87817 24.7509
7330.6406 4.3254 847.5671 278.92877 29.28648
7088.3687 11.44046 736.1392 398.95087 26.1624
6932.156 5.80426 739.8024 412.2271 22.6857
6970.0776 13.25628 784.1525 325.99493 26.21495
6952.0806 15.83616 787.96643 305.4807 24.65902
7335.7485 4.3254 843.8978 282.63684 29.28648
7223.5654 9.09407 830.77527 268.25073 29.28648
7129.2803 11.44046 734.7866 382.11902 26.1624
7203.1694 9.09407 835.0978 255.84705 30.0373
7085.6543 9.09407 820.1033 253.32812 30.21963
7050.2026 4.3254 816.48865 256.55383 25.31491
6892.548 15.83616 771.2133 315.45575 23.49004
6209.524 10.83634 706.2554 262.18256 20.47737
6622.4937 3.41494 806.4254 147.55872 30.40059
6912.5815 4.3254 797.479 273.78516 22.6857
6778.426 10.83634 745.75256 296.37817 20.82905
6786.006 7.04364 741.5213 314.51605 20.82905
6674.0474 7.04364 726.1959 262.59332 20.82905
6001.7627 10.63054 686.5104 225.95526 20.79233
5865.5493 3.11481 664.8884 206.8241 20.47737
7283.186 8.4868 836.8333 245.60773 29.28648
5987.5596 11.83952 609.0337 293.96832 18.43085
5763.2114 8.79305 649.4179 228.36621 20.47737
5928.8135 10.63054 668.56396 236.55444 20.47737
5925.94 10.63054 678.294 237.24927 20.64232
6174.419 8.4868 685.9241 242.93573 20.64232
6265.8066 6.03521 696.0907 256.27905 20.64232
6282.712 6.03521 703.40753 239.68219 22.47896
5818.514 15.96159 599.66974 334.76154 18.43085
6912.1694 10.19582 812.18134 235.0633 30.40059
6840.8765 10.19582 794.7639 320.2185 22.91576
7514.527 4.3254 843.98474 265.53406 30.0373
7387.6416 9.09407 807.2592 313.16815 30.0373
7035.85 9.08314 744.6866 391.6087 23.90247
7354.176 9.08314 866.01416 304.76306 30.77288
6314.8237 17.51422 689.60077 310.93353 20.82905
6206.509 16.68589 677.1111 279.01477 23.03474
7272.8843 9.09407 798.70105 281.396 30.0373
7356.9595 9.08314 860.05334 297.77612 30.77288
6898.044 7.04364 763.21216 303.41626 22.6857
6879.027 5.92998 799.6913 266.547 22.6857
6891.9785 12.62948 809.19904 197.16272 30.40059
7183.2617 11.44046 824.1405 271.8911 28.17564
7234.2915 11.44046 803.30756 319.66998 28.17564
7049.703 9.09407 837.43384 243.65283 30.40059
7221.2593 10.98809 806.2473 292.41553 30.21963
7397.3877 6.03521 760.2024 361.66602 27.54886
7251.8657 6.03521 742.4575 391.21753 25.47872
7387.3745 9.09407 841.6679 269.08368 30.21963
7218.2725 3.11481 863.1998 243.71814 30.21963
5741.2817 15.96159 582.5949 320.1739 17.51422
6572.377 8.4868 756.35516 197.56573 29.39395
7101.002 10.19582 825.92834 297.1068 30.0373
6773.534 6.82983 785.6381 270.32526 22.6857
7407.831 9.09407 857.0216 285.7683 34.64907
7234.338 9.09407 818.37225 300.4001 28.17564
7185.9487 10.19582 842.05444 321.3109 30.0373
6990.019 9.09407 819.63403 246.93628 29.39395
7375.413 9.09407 847.4686 282.9032 36.48998
7241.4736 9.09407 803.506 308.49158 25.61572
6902.566 11.44046 788.00543 289.4228 26.7055
7037.7764 11.83952 774.4595 287.0652 24.7509
7206.2666 9.09407 848.1844 243.25848 30.77288
7015.2603 10.19582 840.7462 283.0409 30.40059
6884.47 11.44046 762.06885 273.0868 26.1624
6818.1074 9.09407 777.15857 263.70105 24.81566
6419.894 10.93273 686.9369 330.3153 19.26933
6326.291 5.27439 706.18896 229.47058 22.6624
7297.8765 3.11481 869.7653 213.90997 30.77288
7029.3657 3.11481 815.1628 213.43292 30.40059
6950.65 9.09407 808.6467 232.99182 29.39395
6725.1953 4.3254 733.36505 313.1208 20.47737
6318.4673 3.11481 728.7006 221.76367 22.6624
5778.706 14.09013 599.45856 303.807 18.75478
6497.723 8.4868 665.64795 377.3977 19.52733
6433.624 8.4868 680.5929 396.87415 19.52733
7404.3154 6.82983 785.2801 362.18317 28.17564
7343.571 9.08314 748.5962 330.1703 28.17564
6471.314 8.4868 745.0206 193.10272 29.39395
6858.614 10.24273 773.06354 264.49152 25.61572
6743.12 17.51422 734.1481 361.07178 27.62561
6769.439 16.28759 748.89233 308.59753 23.49004
6957.73 16.28759 770.1097 305.87067 26.21495
6644.89 10.47395 753.6234 249.03943 22.6857
6646.496 12.62948 763.0066 229.76385 24.65902
6696.413 12.62948 774.8509 221.04852 24.7394
6708.5786 12.62948 780.884 219.68683 26.88716
6609.5225 8.4868 775.2078 216.20789 24.41807
6911.588 9.08314 821.8762 187.33344 33.16915
7357.5728 9.08314 752.8698 341.82013 27.54886
6459.8765 3.11481 718.6819 229.98877 22.6624
7364.0103 4.3254 884.7619 242.8891 32.59545
7361.1045 4.3254 888.72205 254.18799 30.77288
7229.559 3.11481 880.5109 217.54694 30.77288
6288.5547 3.11481 711.98865 215.18884 22.6624
6559.241 10.47395 803.54407 159.67072 30.40059
6351.822 8.18716 755.79425 178.35767 28.45527
6434.788 10.47395 781.6481 211.6427 29.36699
6429.667 8.25139 687.2368 315.2528 19.26933
6659.3945 9.11921 811.1173 191.21234 30.0373
6664.404 10.47395 771.4491 215.3664 30.0373
6774.645 10.98809 756.1279 239.07288 30.0373
7072.563 10.19582 830.1421 194.1222 34.64907
6632.269 10.47395 794.4257 220.12457 26.77596
6633.8477 15.3043 730.43933 295.7173 24.19617
6622.9478 4.3254 781.08154 227.19934 24.15528
6929.57 10.19582 783.7991 287.08667 24.15528
7209.1343 3.11481 881.992 207.04596 30.77288
6485.7275 11.44046 740.2633 252.63763 22.6857
6984.031 16.28759 772.47174 316.2752 24.15528
6824.495 8.18716 802.51685 289.51086 24.15528
7410.6284 9.08314 784.7182 398.33356 28.17564
7338.46 9.08314 758.1665 393.6477 27.85872
7429.252 9.08314 832.5363 294.88226 30.40059
7240.4893 3.11481 872.629 203.51306 30.77288
7155.223 3.11481 866.0954 197.49957 30.77288
6394.582 15.3043 707.5081 261.70807 28.45527
6637.2656 6.53195 799.3933 180.28528 30.0373
6410.9956 4.13811 721.8505 244.69733 22.6624
7022.665 10.19582 795.2317 216.95532 30.0373
7054.026 9.08314 798.8843 217.20709 30.0373
6607.8906 6.53195 791.182 176.96631 30.0373
6252.8823 15.11578 716.43115 229.26239 25.61572
7153.245 3.11481 869.8441 201.30542 30.77288
6569.227 10.19582 721.2091 278.43097 20.47737
6797.6133 10.98809 768.4217 241.1211 26.88716
6725.4326 10.98809 743.96313 249.62854 22.6857
6823.5513 10.98809 766.35754 242.16394 30.21963
7071.0454 9.08314 790.7309 230.64795 30.0373
7032.082 9.08314 816.7328 224.48718 30.0373
7115.991 3.11481 801.6932 208.16846 30.0373
6961.974 3.11481 856.7272 190.66455 30.77288
6646.858 10.47395 763.8062 210.70868 26.77596
6747.7104 10.93273 762.42236 232.13806 26.77596
6595.651 5.80426 794.9428 197.43451 26.77596
6768.512 5.80426 811.6934 163.23962 30.0373
6761.772 11.83952 769.0169 235.49994 30.0373
6950.3804 3.11481 787.3164 210.50134 27.54886
6929.067 9.08314 784.24304 248.82654 27.26857
7159.4385 6.03891 808.7576 230.25323 30.40059
7069.554 6.03891 802.64166 226.35638 30.40059
6973.4443 13.97221 791.8646 274.66418 30.40059
6293.466 12.69145 719.549 233.75598 25.61572
6919.164 3.41494 826.6749 188.2503 30.40059
6761.013 8.4868 731.6673 288.56165 20.47737
6954.4043 16.28759 772.02716 314.3593 26.31472
6948.017 3.6656 844.77966 191.58447 30.40059
7016.8013 3.6656 840.09595 189.91443 30.77288
6766.815 10.93273 756.5656 244.05823 26.7055
7129.9253 15.83616 787.8588 305.36615 33.09188
7245.1206 13.81957 856.1545 294.0611 33.09188
7008.2734 12.6661 813.9996 336.01544 30.40059
6988.854 11.83952 806.33905 260.04242 30.40059
6770.6885 13.97221 778.9029 276.73285 30.2279
6916.744 8.4868 761.18317 339.45294 20.47737
6253.473 22.42028 631.4769 483.57776 26.21495
6330.643 13.25628 683.4967 296.13934 18.24545
6863.706 11.44046 815.99585 260.44128 30.40059
6890.5977 10.47395 750.61224 354.80206 20.47737
6649.487 3.11481 732.1364 282.3651 20.47737
7097.4575 9.09407 813.46765 249.74731 30.40059
7075.7295 9.09407 807.6283 246.12878 30.40059
7030.189 3.6656 838.07556 183.00476 30.77288
6963.272 3.6656 842.7594 190.89624 30.40059
6506.8276 15.11578 721.3893 264.28113 25.61572
6651.002 16.55372 730.27454 293.28094 24.83813
6805.2607 16.55372 742.8218 283.25647 25.17749
6829.322 10.19582 807.3854 194.28418 30.0373
6521.3203 21.51581 681.8182 404.6679 20.82905
6713.2603 19.99211 732.9782 368.23297 23.21754
6510.679 15.11578 718.89014 269.7564 25.61572
6545.5654 15.11578 724.90765 270.63556 25.61572
6737.2734 9.08314 823.06104 195.4447 30.0373
6602.7017 16.55372 732.94946 304.51904 23.21754
6830.5454 16.55372 763.7452 280.25995 33.09188
6783.2656 16.55372 743.5997 283.68585 28.3981
6331.2827 22.01747 636.954 468.8435 19.99211
6917.6074 11.83952 770.7107 246.96106 26.7055
7066.4653 11.44046 810.9323 270.6065 30.40059
6926.8735 3.6656 848.6261 203.52356 30.40059
6928.8623 3.6656 847.71576 192.27875 30.40059
6654.3735 3.11481 734.4133 284.24158 20.82905
6725.5923 9.08314 821.95435 190.26782 30.0373
6764.774 13.81957 758.1659 255.14392 26.7055
6162.2524 5.27439 714.4706 220.63672 22.6624
6081.022 4.13811 700.39746 201.867 22.6624
6895.1675 10.47395 752.88904 345.9856 20.82905
6892.051 11.44046 760.04224 328.13965 20.82905
6707.0454 16.55372 740.67303 280.09833 25.17749
6836.5283 15.33938 756.2449 294.4928 30.52903
6194.6904 16.21669 687.1945 255.94 24.81566
6124.685 4.3254 739.5379 158.23969 24.7394
7100.6387 11.83952 835.4139 291.15985 30.40059
6985.0737 10.19582 845.66046 271.02106 30.40059
6991.835 10.19582 843.4072 270.09875 30.40059
6501.8506 15.33938 716.06 283.05493 23.03474
6963.4155 9.04912 821.82117 327.49585 26.7055
6473.3955 16.21669 696.446 289.68927 24.81566
6930.204 6.03521 801.63104 198.5531 29.28648
6212.211 4.3254 748.5998 172.7251 29.36699
6327.2646 15.78782 715.3121 244.37628 26.7055
7059.0386 3.6656 814.1106 205.37958 30.40059
7011.4775 9.09407 839.9831 265.96857 30.40059
6724.209 4.13811 823.8137 158.77954 33.09188
6442.3135 15.80146 697.84314 337.88562 20.47737
6388.6934 15.80146 689.2258 331.35217 20.47737
6204.613 3.41494 760.02936 155.24127 24.7394
6278.565 3.41494 747.5883 153.1867 24.7394
6356.3447 3.41494 763.31665 171.2713 24.7394
7011.697 3.6656 844.9473 194.78217 30.40059
6933.296 4.3254 842.07324 205.17883 30.40059
6939.264 6.03521 812.7716 214.31909 29.28648
6983.907 6.03521 794.29456 222.40747 29.28648
6861.848 8.4868 781.8103 229.96167 27.26857
6346.446 3.6656 743.5404 184.81958 24.7394
6285.885 3.6656 736.074 182.45746 25.08207
6539.0938 3.41494 787.55475 220.41986 24.7394
6396.5522 21.60812 641.0226 449.61865 19.99211
6885.845 10.19582 836.18896 171.32947 30.40059
6819.218 10.19582 791.33997 226.35956 25.17749
6576.9365 6.82983 794.7087 231.67792 24.7394
6567.085 13.81957 748.16187 241.14374 24.7394
6471.5405 10.47395 780.41705 206.44232 24.7394
7078.4004 11.83952 819.12805 285.35645 30.40059
6923.9224 7.04364 793.25726 242.4123 25.17749
6846.2256 6.82983 806.2472 240.71387 25.17749
6853.865 10.47395 809.9832 224.22919 26.7055
6759.2427 9.09407 738.71924 265.43848 22.69691
6902.5894 4.3254 826.0569 200.36414 30.40059
6804.4478 10.47395 804.2356 223.30005 26.88716
6782.157 6.82983 791.6722 255.7154 24.15528
6386.6494 15.33938 718.8994 282.90833 20.82905
6316.0747 15.3043 662.04095 339.0603 19.50135
6306.9834 15.3043 663.7016 328.3084 19.26933
6323.8394 15.96159 715.74084 251.06335 26.7055
6130.9424 5.27439 719.62244 185.1659 24.41927
6257.445 5.27439 720.9725 243.90424 22.6624
6238.673 15.3043 664.0368 343.69318 19.26933
6179.0557 3.6656 741.8158 173.56232 24.7394
6521.784 6.82983 773.6956 218.01947 24.15528
6929.198 10.19582 761.6325 330.57196 22.69691
6867.804 10.19582 787.72614 353.47455 22.69691
6464.7217 11.83952 738.01965 284.53485 22.47896
6089.6504 3.6656 742.86096 145.8316 24.7394
6151.0645 3.6656 759.2982 141.51746 30.40059
6999.2583 9.09407 779.73553 289.65558 22.69691
6940.188 10.19582 763.319 347.12842 22.69691
6534.094 18.24545 660.72614 402.55035 17.37529
6975.6973 4.3254 808.7345 209.00153 30.40059
6280.4824 10.98809 701.8219 259.75085 22.47896
6255.912 10.98809 689.20654 256.38733 22.47896
6380.3438 10.98809 711.7913 274.58752 22.13576
6890.761 6.82983 782.3624 387.71912 22.69691
6203.005 3.6656 766.7645 144.5044 30.40059
6922.0425 9.09407 776.2398 282.16852 22.69691
6731.135 17.51422 717.0833 427.2342 26.77596
7079.734 16.55372 752.18463 383.94183 26.77596
7101.101 16.55372 773.55164 329.0697 28.3981
6935.4785 5.27439 805.7429 203.72516 30.40059
6147.8843 5.27439 693.9825 207.96045 22.6624
6916.262 5.27439 820.3688 208.90247 30.40059
7007.5244 9.09407 781.4219 306.21216 22.69691
6960.3364 9.09407 780.2919 285.7566 22.69691
6949.302 9.09407 788.5482 284.14978 24.41807
7039.7964 8.4868 804.1639 254.49591 25.31491
7150.727 8.4868 813.81067 268.24707 25.31491
6812.527 16.55372 714.0172 358.60388 22.01747
6795.568 15.01437 710.04846 354.36377 22.01747
7059.7827 9.04912 820.69965 303.88348 26.7055
6329.0054 3.6656 720.95264 223.17786 22.13576
6211.383 17.00098 656.2176 341.69928 19.52733
6287.5913 16.21669 694.7358 318.18176 20.47737
6060.689 3.11481 707.94354 188.90302 22.6624
7080.3086 5.92998 827.02527 296.63123 26.7055
6393.339 14.88415 738.8328 236.28839 30.40059
7088.695 9.09407 754.479 364.4834 24.54395
6997.818 3.41494 827.6024 301.1095 24.65902
6143.9585 8.79305 707.0752 219.43896 22.53658
6058.592 8.79305 681.4832 215.55139 22.6624
5920.247 8.79305 699.4528 200.24695 24.81566
5841.501 8.25139 689.5078 192.29419 24.81566
6338.1353 3.6656 722.95984 230.29895 22.13576
6194.3467 3.6656 758.57385 128.17566 30.40059
6885.74 3.41494 773.0224 229.58002 24.7394
7082.2036 9.09407 806.9369 283.2467 24.65902
6064.5654 3.6656 738.61304 158.85046 24.15528
6267.9814 3.6656 768.8302 176.2746 24.15528
6438.872 3.6656 787.53015 208.92847 24.15528
6840.051 12.2174 793.03204 288.2835 26.88716
6885.952 10.19582 792.9719 270.536 24.15528
7167.1206 4.3254 774.5281 347.8717 24.15528
7125.146 4.3254 830.4358 297.46033 26.7055
6520.0703 8.79305 745.0193 303.60242 20.47737
6973.017 16.55372 770.475 322.6289 23.21754
6962.7085 16.55372 772.6654 315.80847 23.21754
6690.3447 16.64856 747.888 321.72357 23.21754
6143.476 3.6656 709.12683 213.25342 22.21844
6560.148 13.97221 682.8926 455.64514 18.37289
6692.6094 10.19582 711.146 398.77515 19.52733
6916.3306 10.19582 803.03827 259.20367 26.31472
6763.407 10.19582 787.8628 275.53552 23.90247
6597.2607 15.80146 740.21277 314.60217 23.21754
6793.9736 3.41494 796.8067 251.94086 24.7394
6749.575 5.80426 802.69354 240.38068 24.15528
6588.862 16.64856 693.992 398.03326 19.52733
7228.1777 4.3254 826.3317 324.49347 26.7055
6797.345 6.82983 780.3854 219.2384 24.7394
6530.017 16.64856 688.33044 397.93298 19.52733
6193.1543 17.51422 657.2504 322.42633 19.52733
6355.1367 16.55372 656.50464 367.92517 19.52733
6464.171 5.92998 767.0773 216.22229 24.15528
7208.9644 4.3254 827.775 330.6046 26.7055
7270.909 4.3254 832.69226 330.61804 26.7055
7327.555 10.98809 796.7336 352.7696 30.22584
7113.8413 10.98809 776.2334 282.354 26.7055
6917.204 10.47395 787.09827 253.05408 26.7055
6609.5093 5.92998 786.1871 245.13971 25.06802
6555.813 9.11921 759.98706 223.34583 24.15528
6749.998 13.2815 772.08875 271.12878 30.3828
6263.554 14.39771 707.4805 242.17584 24.19617
6549.2725 9.11921 777.5539 212.1048 24.7509
6803.7227 14.88415 776.8557 277.96448 30.2279
6784.9614 14.39771 758.0932 292.10724 28.17564
6776.2764 6.82983 788.5177 222.6333 25.08207
6630.5073 10.83634 736.0431 282.1772 21.51581
6609.756 11.08703 719.6324 275.82556 22.14375
7172.9414 10.19582 849.7355 220.4137 34.64907
6174.682 14.39771 702.8753 225.92389 24.19617
6700.4277 19.04572 728.0102 371.36566 22.53264
6895.2085 16.55372 742.09485 377.71606 22.14375
6155.9536 20.29102 654.74524 332.10913 22.53264
6508.0645 16.64856 714.4533 301.6441 23.21754
6757.98 16.55372 757.7618 291.6176 26.7055
6531.452 5.80426 769.5068 208.53662 24.7509
6144.581 15.54405 704.4001 220.16461 24.19617
6557.7256 16.19792 740.60925 314.57935 23.21754
6829.687 14.39771 774.8654 274.8825 30.52903
6597.0317 5.80426 780.3869 208.65979 24.7509
6607.67 9.09407 751.26373 317.18964 20.47737
6702.5483 16.64856 716.91754 354.75018 20.47737
6799.163 16.64856 695.0737 417.87366 24.15528
6481.986 3.6656 772.25745 206.7572 24.7509
6492.251 5.80426 781.68866 219.99121 24.7509
6820.982 13.2815 767.36273 291.80157 30.21963
6992.145 10.19582 795.3221 264.20392 30.40059
6726.993 13.2815 771.52856 276.02246 24.81566
6922.028 13.2815 778.58386 299.0055 23.61153
7008.6196 13.2815 765.339 334.2699 24.65902
6530.0737 13.97221 734.81274 236.82703 23.21754
6550.234 13.96655 733.8057 264.37323 26.7055
6415.1006 13.96655 649.7877 311.776 19.99211
7209.254 6.82983 865.2228 190.41162 33.09188
7020.0156 6.82983 814.8965 220.92896 30.22584
7076.5767 13.2815 810.0545 271.99518 30.40059
6828.517 9.09407 768.01263 317.93658 20.47737
7022.1187 3.41494 828.9044 227.2544 25.31491
7069.0303 3.41494 815.1101 232.66309 27.54886
6946.059 3.41494 840.68396 226.01477 27.54886
6409.882 15.54405 726.41565 256.06195 30.0373
6757.7188 16.55372 758.0712 291.74677 26.7055
6820.3105 13.96655 752.832 302.16547 26.7055
7047.8525 13.81957 813.3627 334.94385 30.40059
7147.5127 6.82983 865.72125 194.03229 33.09188
6741.138 16.64856 692.8994 413.0349 24.15528
7039.8345 3.41494 804.972 284.1657 24.15528
7049.3677 7.04364 784.04675 280.38977 24.15528
6993.846 13.81957 795.92126 305.22314 30.40059
7141.6763 6.82983 860.1568 184.42401 33.09188
7270.7734 9.09407 820.6654 255.55408 33.09188
6796.277 14.88415 755.8176 288.98596 26.7055
6589.1562 16.28759 708.0172 291.7237 23.49004
6463.8823 13.97221 751.5361 237.43018 30.0373
6963.4556 13.81957 795.0143 278.0935 30.40059
6934.762 13.81957 786.6488 292.27478 30.0373
7339.039 9.09407 872.5781 210.03711 35.22947
6968.879 9.09407 782.307 265.94604 24.7394
6976.6265 16.55372 718.6831 380.38123 26.31472
6490.605 12.69145 705.7598 281.9265 20.47737
6924.5986 8.4868 778.86456 243.46216 24.15528
7001.2573 6.82983 786.62195 226.84753 25.31491
6534.0703 16.55372 654.8315 341.8933 22.6857
6275.8203 15.80146 669.64215 288.22144 20.47737
6707.43 15.33938 706.5968 341.46924 23.03474
6221.41 13.97221 727.4541 223.64716 30.0373
7003.8945 13.2815 754.6296 310.11932 24.7394
6611.853 13.25628 774.0123 251.04736 30.21963
6637.678 13.2815 748.0104 241.49109 30.0373
6396.7227 3.11481 780.7888 165.58289 28.40491
6325.1733 3.11481 782.8551 167.77826 28.40491
6248.6064 3.11481 761.17224 132.18475 28.40491
6269.663 4.13811 757.95654 156.4563 28.40491
6445.308 19.70974 694.12915 329.86664 23.21754
6508.029 19.26933 681.64526 333.8813 28.56166
6364.6226 13.81957 747.93713 212.8078 30.0373
7045.1304 16.21669 736.47943 345.02863 26.31472
6651.5215 13.2815 761.8545 229.3587 30.40059
6584.277 15.33938 692.3192 337.48242 21.85575
6325.342 19.26933 660.42676 340.14984 19.99211
6448.6245 16.53516 654.42804 344.33203 19.04572
6121.8916 4.13811 739.03656 139.93854 28.40491
6146.6455 17.29279 630.52893 332.07062 19.04572
6267.5205 12.91739 737.47437 222.92883 28.45527
6396.089 9.45388 743.609 207.0315 24.41807
6398.831 9.45388 741.71924 207.31909 23.45232
6551.526 6.03521 695.1606 346.4759 19.26933
7025.4478 6.82983 810.9632 233.75116 29.28648
6595.7607 13.25628 784.8869 260.8448 30.40059
6765.4487 13.25628 767.3726 245.76172 30.40059
6475.5703 9.08314 751.19244 207.20984 26.21495
6518.595 9.08314 767.4882 224.29541 22.69691
7015.833 16.21669 742.0103 343.1916 26.31472
7081.6606 13.25628 766.7486 310.47284 24.83813
6593.985 9.11921 720.972 279.4879 20.47737
6325.8706 15.83616 676.51514 333.7127 20.68348
6997.372 6.82983 808.0659 235.30396 26.77596
6855.9194 13.81957 771.047 254.93152 30.40059
6562.1846 7.04364 760.41644 200.15363 22.69691
6294.426 7.04364 692.81134 231.11908 21.51581
6248.7847 7.04364 686.77246 233.21136 20.82905
6224.315 3.6656 695.93384 239.42725 20.82905
6207.451 3.6656 704.8866 214.34454 20.82905
6023.1206 3.6656 691.552 210.79218 20.82905
6918.019 8.4868 797.86554 233.31476 26.77596
7176.37 8.4868 816.8805 263.0536 26.77596
6808.5757 18.37289 728.86633 370.35303 27.26857
6066.762 5.80426 728.0247 159.01953 28.40491
7249.9272 9.09407 789.9787 310.96918 29.28648
6152.9644 20.17996 637.70825 355.34943 20.82905
6468.358 9.11921 719.4653 275.7152 20.47737
7242.3 8.4868 813.9593 308.9605 28.3981
7238.296 8.4868 811.5393 281.93713 28.3981
7219.0693 5.80426 844.0423 280.17365 28.3981
6658.871 18.37289 733.37256 349.2876 26.21495
7080.6655 10.19582 826.41345 201.49438 33.09188
6599.8555 11.83952 712.4354 316.28967 19.70974
6575.755 9.11921 717.5099 275.11566 21.51581
6750.6875 16.55372 731.7059 359.10663 21.85575
6931.9165 10.19582 779.1964 236.53809 26.21495
7245.499 5.80426 845.81885 276.7953 29.28648
6532.0596 18.37289 722.5215 348.1991 23.45232
6662.052 10.63054 746.29535 292.21088 21.51581
6847.6533 12.62948 763.0339 276.60406 24.7394
6469.0474 19.70974 664.72784 338.09113 24.83813
6585.3433 18.24545 721.02747 317.56274 26.7055
6907.8545 16.64856 756.1631 333.09644 32.42335
5995.137 16.28759 619.1389 336.24298 18.75478
6514.07 13.25628 703.7594 318.5782 19.70974
7227.038 8.4868 838.8439 283.78418 29.28648
6011.718 8.25139 730.0743 142.04419 28.40491
6427.5044 19.07155 674.5223 324.34943 22.53658
6224.668 18.24545 670.0735 313.18024 22.53658
6251.2554 18.24545 668.41284 318.01392 22.53658
6456.5796 15.49201 696.47046 315.7077 23.03474
6231.7715 13.97221 699.3246 254.36682 21.85575
6282.4863 15.54405 653.06305 316.50104 18.75478
7167.0864 11.83952 780.67596 310.23993 29.28648
7326.494 10.19582 854.1927 229.37616 34.64907
7348.1494 10.19582 838.08386 258.64417 34.64907
7123.1616 11.83952 808.8071 292.00476 29.39395
6444.378 18.37289 687.9558 363.98035 23.03474
7126.771 11.83952 773.7663 325.07404 26.7055
7183.566 11.83952 789.55927 326.07306 28.3981
6623.5347 18.37289 709.8133 344.9383 30.0373
6258.9053 9.45388 744.61145 171.31592 28.40491
6481.7173 9.45388 787.8961 179.5279 30.0373
6977.188 9.08314 767.2352 255.13324 24.7394
6822.01 16.64856 691.92633 386.63153 28.56166
7075.6045 11.83952 756.83044 369.37683 24.7509
6975.709 9.08314 768.65826 252.1081 24.15528
6263.4824 13.97221 702.2219 254.44739 23.03474
6357.5933 5.27439 709.15955 252.66333 21.85575
6727.93 16.64856 687.1782 382.59814 24.65902
6358.492 17.00725 687.532 307.96136 23.46579
6563.1157 19.04572 714.5211 382.5299 20.82905
6807.892 16.64856 747.8377 330.07574 26.7055
6316.5054 17.00098 671.6717 336.79285 21.51581
7297.58 8.4868 822.2718 284.73383 29.28648
6830.8506 3.6656 806.5379 283.8648 24.15528
6697.804 14.55034 739.66705 285.49078 20.47737
6690.426 14.55034 730.6373 282.94873 24.7509
6340.9 15.49201 698.2795 256.96625 21.85575
6371.5557 19.70974 641.577 357.52563 17.37529
7183.4766 8.4868 821.73303 288.76416 24.41807
7078.581 8.4868 807.4809 285.12042 24.41807
7158.498 9.08314 785.65564 299.97534 24.15528
7047.28 9.09407 801.28687 284.8623 24.15528
7023.498 10.98809 761.78156 343.8631 24.15528
6411.5786 15.49201 712.22845 320.86395 20.82905
7131.2227 12.2174 807.7233 302.3045 30.0373
7072.492 9.08314 805.0276 287.86475 24.41807
6435.547 15.49201 703.60925 317.60193 21.85575
6486.878 15.49201 711.26697 318.17102 21.85575
6359.121 14.55034 668.5933 334.04877 17.51422
6624.607 10.19582 809.4772 216.21716 30.0373
6509.2485 15.49201 716.0246 319.15192 21.85575
6799.865 10.98809 776.7132 251.6402 24.15528
7077.4395 12.2174 802.71484 301.55115 30.0373
6024.9297 15.96159 689.66 241.58746 31.90742
6392.8633 15.54405 652.1528 363.42645 18.75478
6393.7793 15.49201 717.944 325.97644 20.82905
6315.0093 19.70974 636.0011 357.4135 18.24545
6533.064 10.24273 718.81506 258.75098 20.47737
6330.9224 15.54405 644.6024 360.48535 18.75478
6457.486 3.6656 713.20013 256.96405 20.47737
6316.1147 15.49201 699.2704 320.55573 20.82905
6350.2856 15.54405 648.01117 362.07336 18.75478
6702.012 14.55034 743.2653 286.04608 20.82905
6763.687 14.55034 747.99634 284.37305 22.63494
6779.426 12.2174 707.7381 348.54095 22.63494
6793.95 12.62948 756.3601 251.29254 28.3981
7072.6123 12.2174 783.4748 306.2055 24.65902
7138.724 6.82983 826.4174 260.61407 24.41807
6656.7515 10.19582 806.7589 185.5191 30.0373
6768.6895 12.62948 737.5699 326.66315 23.03474
6620.9204 6.53957 736.6156 251.06714 22.13576
6381.875 15.49201 697.4041 286.84247 20.82905
6409.032 13.97221 679.5137 309.787 18.24545
6384.168 13.97221 685.9444 343.8144 18.24545
6433.4136 10.47395 683.4231 387.85083 18.24545
6352.2964 19.07155 640.6921 348.07654 17.37529
6374.642 3.6656 685.07367 287.2633 18.78206
6526.602 3.41494 705.9164 273.28766 18.78206
6538.7466 10.19582 787.6328 181.13538 30.0373
7194.1426 5.92998 836.87054 311.75214 25.31491
6255.8926 13.25628 680.34784 246.54742 20.82905
7064.1113 13.97221 782.99316 338.56372 27.54886
6595.101 10.19582 807.93164 205.73486 30.0373
6452.185 3.6656 674.4428 321.36078 18.43085
6737.054 13.97221 752.2116 274.3449 23.90247
6600.8936 12.62948 716.42957 285.37177 22.13576
6669.5884 12.62948 754.42896 251.76593 24.15528
6950.2515 12.2174 789.92194 297.53888 24.15528
7034.1816 12.2174 752.50494 408.10406 24.15528
7037.1855 13.81957 751.5607 408.6098 24.15528
7302.8633 9.08314 777.4553 378.45764 27.54886
7229.4297 9.08314 797.5699 291.67474 27.54886
6768.3374 13.97221 767.8035 295.56696 27.36176
7215.2573 5.92998 815.3347 272.31702 25.31491
7309.329 3.11481 843.63904 246.38354 26.77596
6666.764 12.62948 751.60406 260.97614 22.6857
6840.2417 12.2174 787.31696 273.47235 22.6857
6827.1606 10.19582 773.309 271.42242 22.6857
6882.501 10.19582 758.7501 306.39832 22.6857
6870.091 10.98809 759.24365 264.30328 24.7394
6588.51 10.98809 732.0652 246.28027 22.6857
6711.942 10.98809 739.6468 237.27661 24.7394
6639.648 3.41494 766.6386 252.39398 22.6857
6516.2324 3.6656 738.4892 271.66864 20.47737
6789.81 13.97221 771.4149 282.2339 30.0373
6629.9385 4.13811 816.9364 179.17682 30.0373
6589.965 3.6656 811.3811 157.62091 30.0373
6839.3296 13.81957 733.7903 305.06348 26.7055
7349.739 3.11481 834.9842 255.31451 26.77596
7044.9717 16.21669 779.3362 306.62683 26.7055
7128.0317 12.56759 778.32043 342.0653 26.7055
6597.0674 3.41494 756.81714 247.67505 22.6857
6625.876 3.41494 755.4404 249.0393 22.6857
6700.2275 10.19582 743.40643 236.64368 22.6857
6704.296 10.19582 747.47375 227.3404 22.69691
6565.0923 9.04912 766.99146 216.21039 22.69691
6454.1025 8.25139 769.3598 236.07788 22.69691
6476.045 3.6656 730.9364 271.27185 20.47737
6640.363 3.6656 817.37506 152.74133 33.09188
6631.9263 11.83952 769.3652 259.0528 24.15528
6693.527 13.97221 774.89154 252.5777 30.0373
7364.285 8.4868 806.5389 334.21674 26.77596
6716.6523 11.83952 771.8113 267.58948 24.15528
6910.4424 11.83952 781.51733 276.3739 24.15528
6803.1294 12.56759 748.3398 285.0423 24.65902
6874.3774 12.56759 752.2961 293.05768 24.65902
7224.749 12.2174 842.82794 206.20905 33.09188
6956.0464 12.56759 741.71747 280.38568 26.7055
6983.9873 12.56759 779.9134 262.90924 28.23101
6578.3687 3.6656 742.17267 275.07806 20.47737
7360.995 9.08314 850.4616 240.33344 30.0373
6973.947 12.56759 745.61017 267.31958 27.26857
6991.5435 12.56759 763.2086 264.2069 30.0373
6796.055 12.56759 757.5276 250.20392 27.51733
6465.878 9.11921 767.1507 265.99982 22.69691
6490.0513 9.11921 748.71497 221.1167 22.69691
7035.337 9.09407 793.882 249.39203 26.91926
6982.17 9.09407 787.6239 269.06543 23.86004
7417.09 9.08314 855.10486 282.7202 30.0373
7262.4707 9.08314 857.16284 256.7699 30.0373
7196.903 9.08314 834.54065 232.79956 30.0373
6495.686 9.45388 731.5047 277.3739 20.47737
6539.683 5.80426 763.46405 209.87451 23.45232
7006.539 9.08314 799.79565 221.32874 30.0373
7239.2603 8.4868 810.9427 280.24152 26.7055
6901.5723 5.27439 785.69543 261.84338 23.86004
6608.96 12.2174 756.665 234.68402 23.86004
6616.281 12.2174 771.6859 212.91107 24.7509
6728.352 12.56759 735.9769 268.60217 24.7509
7265.938 5.80426 821.7293 282.47968 26.7055
7308.4653 5.80426 844.45636 325.3875 26.77596
7102.688 6.03521 804.4315 231.91956 30.0373
7283.826 8.4868 810.4891 309.37506 26.90329
7236.0884 8.4868 807.48944 297.659 25.31491
7212.9844 8.4868 828.8225 338.98804 28.08066
7060.123 5.27439 797.48157 298.26648 23.86004
7018.6973 5.27439 804.78143 285.73517 23.86004
7052.8145 5.27439 802.2148 287.84943 23.90247
7076.9634 10.98809 784.21814 302.64417 27.13057
7044.246 8.25139 786.7866 366.5962 23.90247
7022.4443 8.25139 764.48615 414.2791 23.49004
6961.009 8.4868 782.0337 253.08301 24.7394
6829.092 12.85446 753.50415 273.65295 24.7394
6776.2524 12.85446 749.112 272.35712 24.65902
6936.294 10.47395 798.99414 278.3009 24.65902
6924.0513 8.4868 794.631 309.67712 23.49004
6816.4214 8.4868 785.6772 268.46967 23.49004
7148.7593 10.47395 828.8114 334.20886 24.65902
7210.5938 10.47395 818.71344 268.87225 24.7394
6830.9604 8.4868 779.1715 225.98737 23.49004
7246.7173 10.47395 783.5325 375.364 27.54886
7246.5938 10.47395 796.44635 350.72052 27.36176
7235.5713 13.81957 792.03973 358.30267 27.36176
7263.512 13.81957 819.98 305.4723 33.09188
7147.299 13.81957 791.971 291.24506 33.09188
6979.358 13.81957 724.5538 338.41644 23.03474
7007.5474 13.81957 710.4721 399.7315 21.60812
7063.5605 8.4868 795.941 231.15448 25.31491
6987.858 8.25139 788.35736 224.06238 25.31491
6861.7134 13.81957 695.1806 437.83392 20.65559
6923.258 13.81957 697.8718 452.58997 20.65559
6898.0605 8.25139 820.0936 258.6936 25.31491
6802.2544 13.81957 687.38666 342.07318 20.65559
6762.596 8.25139 797.7136 245.51575 25.31491
6636.9814 14.96835 663.8499 346.8813 19.70974
6708.012 14.96835 682.3594 350.00037 23.03474
6714.2285 14.96835 679.9895 347.83618 23.03474
6912.366 8.4868 818.0618 247.27118 25.31491
6906.989 13.81957 743.59064 297.5025 28.3981
6815.4155 13.81957 743.74365 285.73157 23.49004
6655.351 13.81957 749.7631 282.2536 23.49004
6520.4614 15.83616 748.61804 278.05798 23.49004
6471.3423 15.83616 731.6659 265.56964 24.09773
6843.3643 7.04364 813.1444 206.42145 27.13057
6531.006 16.28759 743.1064 266.97528 28.07888
6597.3325 16.28759 745.2009 253.25348 30.40059
6385.4707 18.24545 651.3115 352.34845 21.85575
6801.772 7.04364 812.19586 201.63159 25.31491
6471.9365 16.53516 656.2926 341.88507 21.85575
6603.0703 16.28759 669.1098 335.8034 21.85575
6606.01 3.6656 798.09375 187.10315 25.31491
6706.098 3.6656 799.7963 187.16974 25.31491
6799.2446 3.6656 816.05853 183.68457 29.28648
6823.4863 7.04364 782.7221 180.89557 28.17564
6581.768 15.11578 684.54395 315.57965 21.85575
6708.4697 7.04364 781.86224 178.50092 28.17564
6728.7466 4.3254 788.2931 177.89618 28.17564
6735.0073 4.3254 786.372 177.45038 28.17564
6823.9795 4.3254 784.2507 188.27203 28.17564
