53049.99 48.57425 3115.6248 936.4966 76.92278
53634.547 36.33923 3416.333 598.36816 78.19034
52951.652 36.33923 3298.6675 653.001 74.85582
53634.543 36.33923 3416.3333 598.3679 78.19034
52784.348 36.33923 3326.4585 649.08057 73.40472
53591.492 43.66964 3390.9238 647.98804 77.49073
53030.89 43.92947 3269.7012 654.2666 77.49073
53271.06 38.22171 3210.8115 810.1848 77.12408
53634.56 36.33923 3416.3328 598.3679 78.19034
53628.773 36.33923 3410.5586 660.3013 77.49073
52998.34 46.11847 3252.0784 786.96606 77.49073
49664.945 68.56447 2818.296 1148.7119 68.01818
50927.99 67.84315 2979.0474 1060.3486 70.03203
52038.57 65.46994 3070.1729 866.6821 77.34038
51126.82 69.93009 3001.2668 938.5244 72.82789
51646.867 66.39945 3058.436 933.4341 67.1209
51344.043 67.64246 2945.9534 993.7932 67.51029
50663.105 66.10358 2992.9434 1024.9456 66.6605
51045.676 67.1209 3013.226 940.81006 83.89106
51587.58 72.16763 3022.5603 967.3286 70.05326
51543.1 66.96457 2988.1692 982.98535 67.1209
50211.28 67.2871 2960.9153 930.1931 77.12408
53102.3 48.57425 3064.143 995.687 76.92278
53196.22 48.57425 3158.0593 908.0034 77.49073
53460.33 36.33923 3410.5215 615.2947 77.49073
53460.312 36.33923 3410.5217 615.29443 77.49073
53146.13 43.66964 3121.398 923.5051 77.12408
52268.58 36.42438 3197.6104 698.4448 74.7702
52809.25 43.92947 3164.5957 770.39404 77.12408
53001.953 43.66964 3145.2437 919.00415 74.01904
52961.152 38.22171 3294.4792 784.33325 72.82789
53009.195 38.22171 3284.2908 734.8091 71.37268
53013.723 38.22171 3288.8032 754.78613 70.55095
53460.336 36.33923 3410.5212 615.29443 77.49073
53036.152 43.66964 3164.5566 828.97437 77.12408
52058.008 59.1056 2806.5332 1247.7446 70.50957
53564.207 36.33923 3386.683 634.35254 77.49073
53514.523 36.33923 3378.9517 620.56274 77.49073
53158.508 43.66964 3072.6506 975.2246 77.12408
53212.637 36.33923 3332.4048 603.6011 77.49073
53168.1 43.66964 3369.9282 582.57983 84.67525
53507.617 43.66964 3347.6914 597.9192 77.61024
53359.867 43.66964 3345.1353 571.95996 91.67604
53212.633 36.33923 3332.4048 603.6008 77.49073
52953.73 43.66964 3191.6833 730.3738 76.58974
53005.594 36.33923 3330.5305 596.38745 78.67049
52319.676 36.33923 3241.0085 577.77075 74.19471
52172.176 36.33923 3241.152 564.47656 78.19034
52188.445 45.73336 3181.7585 767.54956 73.21133
53002.797 48.57425 3046.742 1062.1555 74.85582
52825.008 50.28931 3090.8918 934.44507 71.9291
52998.2 50.28931 3158.133 806.3884 72.33989
52654.035 50.55514 3156.9927 804.93994 76.88929
52370.695 50.55514 3167.315 825.2246 73.32973
52051.934 45.73336 3174.481 760.7429 73.6228
51966.69 45.73336 3176.8457 715.4812 74.01904
52198.492 50.28931 3202.4385 750.8711 76.82097
53060.41 36.33923 3326.0781 687.26685 73.40472
52263.21 48.57425 3052.216 1054.258 70.31247
52970.02 36.33923 3328.9663 655.39404 74.01904
53090.76 36.33923 3310.3794 744.271 74.01904
50735.08 36.42438 3175.263 432.60327 84.67525
50969.062 36.42438 3173.8486 446.292 84.67525
53139.984 36.33923 3315.8884 722.6748 76.50023
52846.38 36.33923 3337.8835 651.2092 74.01904
52695.31 48.75191 3230.386 739.0117 74.01904
52332.766 48.75191 3205.378 708.06836 76.92278
52161.906 48.75191 3228.37 728.8872 76.92278
52077.34 33.19054 3190.7231 564.89355 77.61024
52346.906 48.75191 3229.4668 719.2451 78.27084
52076.16 33.19054 3168.8284 549.41064 77.61024
52198.61 33.19054 3204.36 548.4822 78.38313
49856.348 68.01818 2824.3225 1179.1011 68.56447
49434.5 68.01818 2829.1506 1156.48 68.56447
51540.984 50.28931 3136.819 596.1377 78.19034
52037.19 54.99712 3206.5637 764.6577 81.45436
52063.008 65.46994 3048.6267 898.53076 77.34038
51613.797 67.51029 2599.4275 1402.1042 77.34038
52317.223 52.85518 3211.243 804.47046 71.37268
52119.645 52.85518 3224.047 765.08716 83.5124
52170.06 52.85518 3232.2039 802.103 68.56447
51380.035 48.75191 3188.1094 480.29614 86.2778
51380.965 37.42426 3189.0442 429.8667 86.2778
51489.887 37.42426 3196.2969 469.5432 77.49073
49339.812 45.10657 3012.3406 504.31348 72.16763
49749.688 38.22171 3136.835 403.38013 84.67525
49546.715 45.10657 3009.1282 507.0752 72.16763
50132.086 39.04208 3133.002 396.61597 84.67525
50754.027 39.04208 3163.7336 431.61523 77.49073
51483.668 50.28931 3125.0078 560.15063 77.49073
51266.7 50.28931 3098.093 595.1262 68.53938
50228.45 39.04208 3182.1301 420.56274 84.67525
51467.523 48.57425 3154.7944 520.04346 74.68267
51691.43 48.57425 3134.9822 618.5137 73.00068
51417.15 50.28931 3133.2437 598.8572 72.1282
51036.48 43.92947 3065.5935 620.84644 67.2871
49822.695 45.73336 3040.4014 483.30908 72.82789
51251.63 67.1209 2987.753 951.7676 73.00068
51457.887 67.07116 2993.3667 932.958 77.43744
52075.44 66.52797 3204.6548 789.4734 77.49073
49801.875 53.57693 3074.3765 470.13965 86.2778
50790.008 36.33923 3096.9944 577.6389 68.21146
49928.96 39.04208 3077.1272 482.37158 74.69581
49699.08 39.04208 3103.2583 455.2671 74.69581
50968.44 37.42426 3054.5938 597.407 68.21146
50644.043 43.66964 3105.437 541.603 68.21146
50965.04 43.66964 3079.201 584.68115 68.21146
50794.06 45.73336 3102.5413 613.4824 67.20531
50780.688 45.73336 3134.8596 581.38354 67.75017
50959.11 48.57425 3012.7417 618.09766 67.20531
50861.6 48.57425 2999.1902 656.0183 67.08014
49670.1 55.34689 2994.4739 607.2095 67.08014
49592.43 55.34689 2993.2444 598.01465 67.08014
49853.363 57.73047 3038.6206 624.42676 67.08014
48467.074 59.1523 2976.7463 522.9209 80.52892
48871.266 59.1056 2989.1602 529.51294 80.52892
49540.824 48.57425 3053.8506 455.68506 86.2778
49755.832 45.73336 3076.166 427.28076 83.18227
49235.273 37.55378 3019.1785 523.09424 67.20531
50239.914 43.66964 3106.6152 452.11987 77.8105
50423.258 51.64587 2864.4014 831.6643 66.86431
50000.586 55.06184 2774.068 894.62915 66.74837
50678.703 46.11847 3056.7625 633.13477 67.2871
50238.754 52.85518 2905.912 725.42725 67.2871
50303.055 51.64587 2881.6987 826.052 66.86431
50097.703 51.64587 2919.8823 789.96045 66.86431
51697.78 66.52797 3085.3997 943.6985 67.1209
51797.598 66.52797 3127.942 894.24414 71.37268
51841.76 63.5536 3087.4382 997.53516 71.37268
49059.984 45.51318 2976.272 547.44336 67.50425
51502.43 66.4807 3104.3274 867.27954 68.04924
51489.766 66.4807 3097.5247 855.3425 73.32973
51537.73 62.66764 3140.7869 796.55176 73.32973
51079.3 59.1056 3028.4153 683.23486 74.16102
49538.035 43.66964 3034.2449 532.1011 67.50425
49271.62 56.998 3021.2334 550.5874 68.04924
51810.684 62.66764 3137.7126 804.58813 73.32973
51250.996 62.66764 3119.2783 593.68994 86.2778
51238.914 59.1056 3034.1565 666.92725 77.49073
51351.977 59.77117 3128.999 562.92114 86.2778
48931.9 45.92375 3031.1692 487.7683 72.16763
49429.703 45.51318 2968.4744 550.9292 67.50425
50951.84 59.1056 3013.9263 710.4768 70.50957
50942.805 59.1056 3024.4426 651.4529 71.00372
48953.258 45.92375 3025.925 499.50293 72.16763
48983.35 45.92375 3024.428 505.30273 72.16763
49404.234 45.51318 3027.4258 505.4131 72.16763
50825.688 57.73047 3130.098 834.23535 72.7438
50824.145 57.73047 3119.2014 828.9978 71.27214
50956.97 57.45044 3101.7764 791.74146 71.27214
51443.383 51.05334 3115.597 642.9746 77.43421
50526.047 48.57425 3112.4753 550.71875 69.93009
48435.01 52.53377 2927.444 535.7676 72.16763
50371.945 45.92375 3052.104 553.68066 67.75017
51882.88 43.66964 3235.958 409.4226 98.53106
47767.473 50.28931 2983.9792 426.72046 74.04159
47483.24 50.28931 2964.042 404.25 74.04159
51970.305 43.66964 3228.0825 447.0808 90.40947
51661.254 43.92947 3194.1736 475.66455 90.40947
51506.51 39.04208 3227.887 438.35522 90.40947
51276.316 39.04208 3193.7695 475.3391 77.49073
50889.297 48.57425 3152.5564 469.98755 75.4522
47715.703 52.85518 2948.1128 477.886 72.7438
47262.754 55.95301 2904.579 475.8059 72.7438
51355.004 48.57425 3152.1025 515.29517 75.4522
46811.145 55.95301 2932.1287 468.6577 90.40947
50979.324 55.1918 2993.2422 702.84326 70.8699
51472.23 51.05334 3088.1218 588.47144 77.43421
51445.66 50.28931 3120.1724 608.9888 77.43421
51591.734 48.57425 3111.1387 604.1052 75.4522
50042.543 59.08652 3061.502 573.18286 70.47028
46948.3 55.34689 2937.7317 467.1902 90.40947
50135.78 57.84118 3064.726 557.0171 73.21133
50509.973 57.84118 3060.168 572.5044 72.7438
48321.824 61.10706 2901.3074 683.32983 68.04924
50664.773 59.1056 2963.0867 789.87305 68.04924
50296.965 50.28931 3095.3584 466.62744 90.40947
50788.305 60.26007 2993.832 971.4436 66.55663
51384.18 46.11847 3164.2 568.98755 75.4522
51377.098 43.92947 3161.726 535.115 76.17896
51583.06 43.92947 3166.996 600.36865 76.17896
51648.367 45.73336 3131.7715 672.28076 72.35691
51901.734 45.73336 3165.0947 635.0884 77.49073
52244.676 45.73336 3163.1318 601.0703 77.49073
52044.008 45.73336 3183.4045 587.0513 83.84343
51950.793 43.92947 3150.0007 737.5364 73.21133
51917.734 66.96457 3061.1792 948.8572 72.16763
52017.254 61.73053 3125.5278 900.1499 72.16763
51866.67 61.55918 3150.9639 923.16406 72.16763
50719.64 59.98304 2957.263 947.46094 66.55663
51834.83 61.55918 3148.0203 903.7095 74.16102
51598.344 61.55918 3159.2654 864.999 74.16102
47551.8 52.53377 2976.5298 396.80493 84.67525
47209.34 52.53377 2959.801 378.09106 84.67525
51157.66 56.998 3012.9858 914.0493 67.64246
50841.395 55.297 3029.3508 598.96265 71.33019
47178.45 52.53377 2960.8665 392.96777 84.67525
52131.297 48.57425 3120.7148 632.0818 86.2778
51714.027 59.34003 3151.4543 781.07666 75.4522
50058.465 59.32408 3056.4216 556.60034 73.32973
49952.54 59.32408 3066.4294 547.91455 73.32973
46977.09 52.53377 2955.5647 375.07715 91.42551
47184.918 52.60741 2956.549 433.3755 91.90918
47257.445 52.60741 2936.1265 449.00732 90.40947
51603.37 45.73336 3168.3398 499.3557 77.49073
50799.75 59.32408 3067.9604 793.26294 69.14
50997.902 59.32408 3074.7048 823.6404 69.14
47192.78 52.60741 2949.4373 414.5796 90.40947
50889.39 59.32408 3065.8445 821.96045 69.14
50814.844 56.998 3060.3616 784.7207 69.14
51697.918 50.28931 3121.879 592.7307 81.45436
49790.27 54.24748 3029.5667 539.89624 71.00372
51653.5 50.28931 3131.9692 569.5679 77.49073
51505.883 52.53377 3096.0247 563.0637 78.19034
46901.49 52.60741 2941.909 411.83716 90.40947
49687.75 54.24748 3033.1206 544.4602 71.00372
49879.555 54.99712 3096.527 614.1919 71.9291
51262.707 67.08014 2975.9626 994.855 66.74016
49681.363 54.99712 3079.661 586.3323 71.9291
51672.035 52.53377 3124.5605 572.8657 77.49073
51758.42 52.53377 3082.9443 625.31616 77.49073
51850.84 45.92375 3155.0708 515.3484 86.2778
49575.652 55.34689 3062.7522 539.83203 68.53938
46783.508 52.60741 2931.6387 433.71802 86.2778
51201.043 45.92375 3180.678 473.677 89.24748
51287.85 45.92375 3180.3699 480.0774 89.24748
46815.473 52.60741 2919.106 456.00342 86.2778
46778.324 54.68391 2925.411 459.44946 86.2778
51274.426 62.78147 2990.4846 1020.98364 67.08014
50796.375 45.92375 3167.105 473.01636 86.2778
50645.914 47.06613 3135.4387 467.24756 86.2778
50546.145 45.73336 3174.114 483.7766 78.50802
49968.234 58.16817 3051.3186 782.8696 68.21146
47024.457 54.68391 2920.0342 458.7566 86.2778
49857.2 48.75191 3071.7324 532.0908 68.53938
50478.195 43.66964 3180.1997 455.09424 79.31391
50271.035 38.22171 3177.2295 444.84302 79.31391
49011.33 55.34689 3040.3057 471.58398 84.67525
50196.33 38.22171 3162.1821 427.0105 79.31391
47302.777 53.57693 2917.4727 456.656 86.2778
47735.68 52.85518 2973.7324 457.71387 90.40947
50103.793 59.34003 3088.912 759.2676 73.00068
49462.52 54.21933 2983.1194 633.6968 66.4807
49971.656 38.22171 3175.1658 397.95923 94.12742
47700.727 52.85518 2994.8984 450.38696 90.40947
50820.77 51.41588 3015.9219 649.4878 69.93009
50048.336 38.22171 3160.8528 385.94775 94.12742
50365.023 59.34003 3104.7554 758.46436 73.67786
49998.387 38.22171 3136.5176 405.95435 82.995
49511.65 48.57425 3069.3662 452.92432 84.67525
49377.785 49.84605 3064.59 461.86572 84.67525
49612.977 62.43331 3033.4143 572.77637 83.31369
49433.273 62.43331 2997.502 554.7383 77.47518
51173.805 55.95301 3119.1948 789.7539 70.55095
49467.5 64.27379 2992.9778 572.52075 77.47518
48951.72 64.27379 2986.3838 545.9109 77.47518
48978.953 61.73053 2979.0112 569.48584 77.43421
51697.766 66.96457 3035.7324 935.15137 72.7438
51774.887 66.74016 3081.7644 882.2073 72.7438
49735.33 38.22171 3140.9126 397.74878 82.995
49938.047 38.22171 3143.0527 405.4983 82.995
49813.316 38.22171 3148.3184 414.1504 82.995
51881.19 66.96457 3063.3613 905.6406 81.26832
52158.684 60.26007 3064.7004 914.24927 77.49073
50186.77 38.22171 3175.427 417.1582 82.995
49783.562 38.22171 3119.6814 466.7881 72.18852
51870.375 60.26007 3074.5234 875.6604 75.27856
49982.344 62.66416 3041.3826 570.90576 84.67525
49387.375 61.45918 2992.1978 598.1279 73.00068
51619.055 66.10358 3076.2551 884.7759 68.56447
51488.836 57.45044 3069.7617 839.6028 70.50957
48066.34 51.91515 3004.4275 423.32642 90.40947
49102.285 61.73053 2984.7034 586.67993 77.43421
50914.777 66.10358 3052.1768 640.48047 86.2778
51386.16 45.73336 3180.588 658.1948 72.1282
50852.35 64.93763 3017.2444 613.31396 86.2778
48248.668 45.92375 3007.194 438.1936 72.16763
49099.113 56.43159 2758.7249 1133.6973 64.35159
50606.582 64.93763 3057.8196 592.06616 77.43421
51694.484 46.11847 3136.0469 735.03516 71.94036
51895.45 57.45044 3120.6526 787.2815 71.37268
49521.113 56.43159 2791.0107 1150.7048 65.28069
47656.15 36.33923 2952.5186 396.60107 72.2744
51648.88 59.1056 3072.556 938.2168 68.70586
50418.363 37.42426 3115.73 484.06055 74.01904
49577.15 49.84605 3061.7178 466.95996 84.67525
49977.402 67.2871 2960.087 921.9336 66.96457
49468.465 49.84605 3055.0842 446.07227 91.90918
47662.027 38.22171 2943.3792 405.90234 72.16763
50756.406 43.92947 3117.841 513.5254 69.48818
51685.207 58.47256 3093.0408 893.2986 68.15876
50919.04 53.57693 3066.4211 628.10034 71.60074
50514.01 53.57693 3093.7256 555.50635 71.60074
50760.79 49.04123 3100.7869 497.82837 73.21133
50833.973 49.04123 3100.896 507.2185 73.21133
49897.77 66.96457 2987.3901 948.1387 72.58862
50571.13 53.57693 3100.548 574.05176 71.9291
51043.27 48.57425 3127.5002 472.67236 78.74215
50912.316 48.57425 3147.3428 482.0857 81.86415
50814.45 59.34003 3079.08 591.4087 77.8105
50902.605 48.57425 3178.075 495.4436 82.52579
50251.617 60.26007 3074.5723 552.04346 77.69112
50525.812 50.28931 3095.461 499.7832 73.32973
47385.363 45.11984 2969.9304 417.31348 78.27084
49895.86 66.74016 2971.9448 944.845 72.58862
50486.15 49.84605 3063.383 477.41846 84.67525
50613.652 59.34003 3070.2715 555.03735 77.43421
50111.805 49.84605 3054.064 467.5437 84.67525
50424.234 50.28931 3127.3184 473.3181 78.74215
50447.39 50.28931 3124.0242 470.6726 84.67525
50216.18 50.28931 3118.1436 494.67554 76.65919
50203.03 39.04208 3103.251 485.3496 73.32973
47884.445 38.22171 2962.0266 394.68774 72.35691
51116.266 59.34003 3062.0278 667.7781 77.43421
51280.15 59.34003 3071.7366 632.91284 81.83658
51109.21 59.34003 3049.1387 636.1626 81.45436
50034.074 49.84605 3059.9563 456.10645 84.67525
50524.06 39.04208 3117.306 488.77197 74.85582
50951.297 60.26007 3103.143 635.1084 78.79844
51076.19 60.26007 3101.6787 607.20386 84.67525
51297.01 45.73336 3190.0232 530.97 77.49073
50719.62 39.04208 3115.6458 483.35327 74.85582
51341.766 45.73336 3180.5203 541.9929 77.49073
50918.473 45.73336 3171.4565 522.6682 77.49073
50607.906 46.11847 3108.8535 547.64233 69.14
50470.383 50.04607 3106.3267 527.20776 69.14
50521.082 60.26007 3090.144 590.44946 77.43421
48167.234 45.51318 2965.038 433.2942 72.16763
50981.184 45.73336 3194.646 533.0781 77.49073
50538.723 45.73336 3153.166 409.9895 84.67525
50300.97 39.04208 3160.5017 405.3457 88.88264
50546.145 39.04208 3150.1113 410.36157 88.88264
50513.223 38.22171 3148.2954 408.50513 88.88264
47448.453 43.59718 2988.089 368.86035 93.5369
50260.16 56.55434 3073.7476 490.40747 84.67525
50200.617 54.99712 2998.456 639.3657 67.08014
50248.836 54.99712 2972.2961 725.8938 67.50425
50634.06 59.1056 3080.612 543.23486 77.43421
48845.414 45.10657 2988.742 477.99292 72.16763
50335.875 53.57693 2958.9785 725.54126 67.50425
51037.66 59.1056 3084.7903 581.78076 77.43421
50898.89 60.26007 3094.2192 599.3032 77.43421
49389.816 59.08652 3045.7104 590.8452 68.21146
48834.656 45.73336 2993.6282 485.5337 72.16763
48613.62 45.73336 2984.5522 455.15283 72.16763
50354.062 59.34003 3062.815 532.438 82.995
50277.07 59.34003 3070.9746 522.75977 82.995
50876.484 36.33923 3161.4722 427.2256 94.68767
50803.426 60.26007 3071.4988 594.7554 77.43421
50824.27 36.33923 3178.2754 392.98145 94.68767
49459.105 56.55434 3041.4536 578.3894 68.21146
51586.727 43.92947 3230.7866 604.458 73.37206
50964.023 36.33923 3152.219 413.6106 86.2778
50636.91 36.33923 3141.4944 403.91284 86.2778
50909.652 60.26007 3091.4968 600.50806 77.43421
49125.07 45.73336 3001.2773 496.5315 72.16763
50604.086 36.33923 3148.496 420.55518 84.67525
50563.53 61.45918 3077.0532 563.40234 77.43421
50570.41 61.45918 3069.645 541.9009 77.43421
50716.363 50.28931 3022.9473 616.7937 67.1209
50233.36 36.33923 3156.803 380.64136 92.76247
50800.43 56.55434 3105.0613 490.21045 94.12742
50894.113 61.45918 3101.0125 560.0144 78.79844
50579.418 55.34689 3119.1592 474.68677 94.12742
50433.89 36.33923 3167.7717 388.74414 92.76247
51283.19 55.34689 3120.3574 557.03394 72.58862
51192.383 45.92375 3130.2534 509.32788 72.58862
47660.895 43.92947 2988.8274 377.82544 91.90918
50607.633 36.33923 3187.7224 392.9253 94.91364
51045.613 45.92375 3132.165 508.2871 69.74838
51114.703 45.92375 3134.181 533.6074 69.74838
51570.26 43.92947 3243.8066 601.04663 73.37206
51103.61 43.92947 3220.2969 530.06934 71.94036
47921.16 43.92947 3025.1868 397.8567 91.90918
51357.363 43.92947 3212.41 595.15234 71.94036
51192.125 45.92375 3132.6558 550.81445 73.69425
50530.844 64.13892 3057.5654 635.39746 68.2849
51181.227 43.92947 3165.915 528.2051 73.69425
51149.566 43.92947 3140.1663 544.50146 73.32973
49997.81 57.89303 3074.2878 495.68066 77.43421
48896.844 57.12516 2868.721 976.9907 66.05833
50096.703 57.89303 3079.1323 508.3181 77.43421
49077.66 57.12516 2880.6995 987.6494 66.05833
50535.01 57.89303 3086.491 538.01294 77.43421
52085.754 43.66964 3204.4592 620.4934 77.34038
52285.434 43.66964 3200.6755 687.9946 76.92278
50677.977 65.77201 3072.7058 600.2151 70.95745
50829.598 65.77201 3046.919 614.05054 79.0268
50482.574 56.55434 3135.456 504.35938 77.49073
50441.29 59.1056 3109.7139 541.6704 77.49073
50532.76 59.1056 3130.864 543.7449 77.49073
49148.6 57.73047 2887.5073 1001.7068 66.05833
50201.055 36.33923 3175.589 412.1211 94.28151
51249.332 58.47256 3122.4695 784.7246 72.48589
50661.33 58.16115 3080.3662 587.36816 69.93009
50078.86 33.19054 3187.6365 373.95557 92.76247
51184.117 43.92947 3135.4973 547.32056 73.06075
50273.434 38.22171 3173.871 422.40918 92.76247
48966.805 58.16817 2891.0496 980.199 65.57835
50798.258 54.99712 3127.5295 511.91724 90.40947
51120.51 43.92947 3165.1511 520.167 73.06075
50319.258 38.22171 3186.1401 431.5266 92.76247
51368.94 43.92947 3187.2646 526.01953 76.47926
51251.316 48.75191 3139.3447 701.69727 71.37268
50170.61 38.22171 3196.076 429.13574 92.76247
48861.176 61.50647 2891.644 978.5886 66.52797
50546.457 59.8137 3069.2397 606.44604 68.2849
50260.383 59.8137 3039.184 602.4934 67.64299
49363.805 43.66964 3054.1855 482.35278 72.18954
50153.777 38.22171 3184.2927 398.8391 92.76247
50288.742 36.33923 3169.6685 414.45654 92.76247
51484.87 54.99712 3149.148 565.20605 83.18227
50393.2 36.33923 3188.9456 417.94678 92.76247
51395.88 43.92947 3193.522 505.4077 78.74215
50361.56 59.8137 3042.9983 636.8828 67.8139
51812.605 50.28931 3196.865 495.67407 83.18227
50434.117 36.33923 3164.2952 429.34375 92.76247
49016.254 43.66964 3057.8154 449.66357 72.18954
50286.56 38.22171 3168.737 427.19385 92.76247
50239.805 38.22171 3175.1187 426.90894 92.76247
49281.355 43.66964 3065.1057 458.9431 72.24039
49354.625 43.66964 3034.3525 476.51172 72.18954
49336.656 45.73336 3060.2976 452.60107 72.18954
50289.47 59.8137 2970.9263 672.2405 67.64299
49854.973 38.22171 3174.4783 381.5327 94.28151
51442.438 50.5156 3173.7798 788.5742 68.4972
49376.67 46.11847 3071.0984 448.91162 76.40815
49822.39 38.22171 3164.8545 382.75708 92.76247
51267.863 57.45044 3087.4944 861.82324 67.8139
49717.723 38.22171 3153.272 379.9502 92.76247
49640.516 38.22171 3146.5771 397.50317 81.81037
48996.1 46.11847 3018.7866 507.32153 72.18954
51265.277 57.45044 3083.642 853.9541 67.8139
48908.043 61.98651 2883.7837 997.8252 66.39945
51026.438 50.28931 3154.1345 488.08765 77.8105
50504.03 39.04208 3080.0964 561.3672 67.8139
51048.465 50.28931 3160.744 502.14697 77.8105
51262.492 54.99712 3141.7908 604.5442 77.8105
49520.473 38.22171 3125.5088 380.9214 80.0311
50816.797 36.33923 3044.4507 614.09814 67.1209
49116.05 43.66964 3045.5186 433.1621 72.33989
49526.086 38.22171 3115.6235 398.08496 80.0311
49490.117 38.22171 3110.2158 406.24292 74.29343
49485.74 38.22171 3115.7227 387.37036 74.29343
50689.977 37.42426 3147.9873 610.13745 68.98244
50907.926 51.91515 3160.696 675.61597 78.50802
48916.2 61.98651 2840.048 964.1262 66.39945
49214.184 46.89605 3060.9883 455.5454 72.33989
49114.664 48.57425 3017.9995 493.95776 72.16763
51391.07 37.42426 3155.2942 587.92676 71.9291
48701.664 48.57425 3018.28 482.1621 72.16763
48990.86 48.57425 3045.5725 472.3943 74.85582
51317.855 39.04208 3135.8455 509.33472 70.63095
51387.81 39.04208 3145.3242 500.562 71.9291
51400.312 48.57425 3127.8425 570.9885 73.00068
51076.96 48.57425 3117.9646 606.6267 68.42986
52220.105 36.33923 3283.456 488.66113 81.83658
50727.934 37.42426 3117.8003 572.7571 68.42986
49307.836 61.98651 2861.0425 998.02637 66.39945
52496.95 38.22171 3231.987 530.8396 83.89106
52248.637 38.22171 3231.087 551.52246 79.27297
50651.133 54.66425 3100.0198 503.1443 88.18596
50785.8 37.42426 3128.37 609.8174 68.42986
48817.855 38.22171 3077.2456 372.9624 79.31391
49652.94 60.26007 2889.9539 971.1997 66.39945
49517.145 61.50647 2876.6877 984.3618 66.39945
48563.03 48.75191 3025.114 398.61768 78.79844
48830.14 47.06613 3047.3845 414.84082 78.79844
49021.445 38.22171 3095.483 374.77588 79.31391
50302.977 37.42426 3128.913 501.4392 68.98244
50453.65 37.42426 3117.801 496.1084 70.55095
49095.26 43.66964 3087.8845 382.66772 79.31391
50784.29 37.42426 3133.632 499.9192 72.63032
48782.15 43.66964 3058.1863 381.61304 78.59705
50682.88 37.42426 3133.8845 485.604 72.63032
52013.93 43.66964 3136.3596 738.178 71.9291
52193.348 43.66964 3155.6108 776.21924 72.18954
48759.438 43.66964 3027.6929 412.81445 76.72784
49793.0 59.37528 2917.0894 966.17285 66.39945
48695.688 45.73336 3034.7988 430.32373 76.72784
48688.758 45.73336 3052.2651 417.7334 73.37206
51381.223 54.66425 3094.3457 614.3696 76.92278
48564.027 46.89605 3026.376 433.79175 73.37206
52100.57 36.42438 3181.4392 572.5571 77.61024
51787.47 43.92947 3185.6982 554.09814 76.92278
51506.6 43.92947 3167.399 544.2134 76.92278
51460.973 43.92947 3171.2224 544.1665 76.92278
50250.887 37.42426 3082.0745 546.16016 67.75017
50025.566 37.42426 3072.061 551.4143 67.50425
51416.883 43.92947 3172.7883 512.6616 76.92278
49274.473 59.37528 2759.509 1104.5188 65.57835
48956.816 59.37528 2769.568 1051.8918 65.57835
49690.746 51.64587 2910.6287 738.5161 66.86431
48098.555 39.04208 3007.4666 405.12378 74.60427
49688.742 51.64587 2913.179 740.13916 66.86431
49110.43 59.37528 2793.0203 1052.6848 66.3578
51014.836 57.84118 3063.2139 637.91064 72.35691
50953.324 58.16115 3090.7952 645.0144 72.35691
49857.82 51.41588 2873.0168 777.2595 66.86431
47780.46 39.04208 2977.8252 374.61133 73.21133
49833.81 51.64587 2861.74 749.74097 66.86431
48678.742 59.37528 2779.294 1047.1013 66.3578
49705.91 51.64587 2907.9563 723.37744 66.86431
48078.2 39.04208 3004.758 382.46802 73.21133
49652.05 51.09145 2957.3442 665.63477 66.74837
51053.504 58.16115 3092.326 615.6648 79.90965
51376.676 59.1056 3065.6716 621.93994 79.90965
51435.438 59.1056 3087.8567 625.12256 79.90965
51073.848 58.33273 3119.139 599.24316 82.48898
49556.547 51.64587 2902.1094 718.5884 66.86431
49516.145 51.64587 2921.6614 735.9595 66.86431
51030.047 58.33273 3123.363 582.1448 83.18227
51361.61 43.66964 3016.0693 730.99414 67.50425
51214.56 58.33273 3120.1406 639.8899 83.18227
51285.684 59.1056 3106.5325 657.80566 82.48898
51573.684 43.66964 3139.8892 594.948 70.63095
51913.25 43.66964 3181.2725 595.50415 72.63032
49723.113 51.41588 2993.9182 649.2229 66.86431
51620.434 43.92947 3134.1887 646.52856 71.4955
51218.773 59.1056 3029.6956 688.8318 76.17896
48248.098 39.78634 3027.527 408.91943 72.16763
49634.67 51.41588 2991.1213 647.21313 66.86431
49573.85 51.41588 2958.2754 679.56665 66.39945
49257.977 52.60741 2927.1707 706.2554 66.39945
51096.05 64.54325 3083.0193 613.54224 76.08959
50232.727 52.60741 2961.0251 1032.7944 66.39945
51165.703 43.92947 3052.4856 716.40796 67.64299
48891.535 46.30107 2873.73 744.78174 65.94781
48967.46 46.30107 2872.2068 730.74536 65.94781
50229.09 52.60741 2932.1929 1014.3396 66.39945
50177.438 43.66964 2974.8774 692.15356 66.74837
52062.33 57.45044 3132.8489 803.4358 70.55095
52118.73 57.45044 3168.4949 779.38477 76.6985
50313.79 43.66964 3136.9185 521.6113 68.4972
50418.08 43.92947 3119.8845 508.38965 68.4972
52580.023 54.99712 3208.2654 750.24634 83.18227
52311.082 54.99712 3210.8267 760.71387 83.18227
52516.953 54.99712 3220.1912 774.3723 78.79844
52590.06 48.57425 3233.5823 790.6926 78.79844
50083.645 38.22171 3106.9688 484.89233 73.47451
50259.914 51.09145 2966.626 683.29565 66.74837
50105.71 56.31865 2958.4497 707.12646 67.08014
50629.918 50.55514 3025.6753 707.52686 67.2871
52623.45 48.57425 3247.4746 741.8408 93.87894
52393.55 48.57425 3245.3093 734.9187 78.79844
51161.496 55.43587 3103.021 853.2908 69.93009
50341.254 56.76763 2945.1736 732.84375 67.08014
51033.824 55.43587 3112.0637 824.219 68.56447
49333.03 48.75191 2879.785 799.16675 65.94781
50102.387 52.60741 2941.5486 1023.2876 66.39945
50440.45 38.22171 3133.9233 485.29614 73.47451
50432.387 37.42426 3112.917 482.521 73.47451
50552.008 60.26007 2994.207 640.2676 68.04924
48107.395 56.18236 2842.9346 752.7229 66.96457
48148.125 57.73047 2836.474 745.8286 66.96457
50672.09 50.6273 2959.4385 700.4719 67.75017
52429.918 45.73336 3253.0564 631.7168 78.79844
50660.62 58.16115 2977.168 716.9248 67.75017
52564.88 45.73336 3230.0176 683.2732 78.79844
50767.29 58.16115 2984.8843 741.2361 67.75017
50797.918 50.28931 3053.5156 625.58887 67.75017
48124.38 57.84118 2816.2349 766.5171 66.96457
52510.887 45.73336 3238.5269 710.6448 76.92278
50725.066 50.28931 3044.7517 590.9026 67.75017
48049.17 57.84118 2828.3843 722.2407 66.96457
51668.32 45.73336 3106.6038 613.2776 76.92278
51483.395 45.73336 3104.889 606.0217 74.01904
50814.82 60.26007 3052.6018 547.25195 68.70586
51040.52 50.28931 3040.3955 573.65674 68.70586
47645.258 56.44592 2781.0688 808.8467 66.3578
47317.402 56.44592 2779.6982 778.4424 66.3578
50731.246 50.28931 3081.3977 573.4031 68.4972
51039.207 50.28931 3049.7065 584.3274 68.70586
50631.383 50.28931 3062.3457 553.7346 71.04974
48710.152 43.66964 3032.3552 425.6687 72.16763
49044.637 43.66964 3046.5225 436.14014 73.67786
50890.06 50.28931 3060.437 557.49194 68.04924
50906.55 50.28931 3076.3882 576.8357 68.04924
48825.15 43.66964 3028.7615 464.91992 72.16763
49047.832 55.37424 2874.0547 758.00806 66.39945
48712.38 56.55434 2866.4956 772.282 66.39945
48820.504 47.06613 3004.3767 472.79785 72.16763
50708.25 50.28931 3061.2893 598.9131 67.75017
48760.56 50.2865 2987.1777 485.93652 72.16763
50975.246 37.42426 3098.3 549.07324 68.4972
50974.477 37.42426 3098.586 534.52124 68.4972
48564.13 50.28931 2969.6895 489.5437 72.16763
51463.043 48.57425 3152.165 587.3003 74.01904
50174.008 50.28931 3010.041 617.66943 66.6605
49472.94 50.28931 2778.8003 858.37305 65.46994
51588.797 48.57425 3138.8928 578.79517 81.45436
51448.715 48.57425 3125.8928 578.917 73.00068
51155.145 43.92947 3117.5732 540.8325 68.53938
51390.156 43.66964 3141.3757 527.4436 68.53938
51428.68 43.66964 3129.4526 516.4365 68.53938
48634.44 50.5156 2903.2402 735.76636 64.68629
48670.855 50.5156 2900.053 710.16064 65.46994
51441.598 48.57425 3125.907 573.47095 69.93009
51470.55 45.92375 3116.0955 565.61646 76.40815
51286.633 45.92375 3093.7883 542.8235 69.93009
48100.13 55.43587 2943.9429 536.9165 72.16763
51851.414 33.19054 3188.646 538.88354 69.93009
51964.484 33.19054 3233.2957 519.15015 70.50957
51964.5 39.04208 3234.9326 486.02466 81.45436
48608.824 55.43587 3018.569 472.38013 73.67786
48673.473 56.55434 3012.7764 486.12915 73.00068
51734.016 43.92947 3184.7896 525.7112 82.01817
48524.336 51.05334 3026.639 470.97534 73.00068
51370.81 43.92947 3172.8215 518.5547 76.92278
48931.96 51.05334 3033.785 476.56104 73.00068
49234.96 38.22171 2980.1497 629.92065 65.28069
52089.395 39.04208 3223.0405 512.5581 86.2778
52064.25 43.66964 3209.648 494.94653 86.2778
51153.99 36.33923 3105.0134 597.5735 67.75017
52031.438 50.28931 3209.2615 518.33936 86.2778
51189.867 36.33923 3099.571 612.7024 68.04924
51707.42 51.91515 3165.079 553.4868 86.2778
51549.54 53.57693 3178.5332 534.5337 86.2778
48798.035 38.22171 2961.7883 615.78345 65.36468
51480.887 56.55434 3145.7952 544.7727 86.2778
49048.855 50.28931 3029.0042 461.3413 74.01904
51515.957 36.33923 3085.5396 629.88257 68.04924
48987.348 50.28931 3051.887 435.58813 72.18954
51213.43 56.55434 3149.7415 548.56714 86.2778
51245.742 55.18182 3147.0696 535.0896 86.2778
49389.645 50.28931 3032.3293 468.0381 74.16102
51065.55 36.33923 3077.904 619.1704 67.50425
50962.074 54.99712 3121.4832 511.75854 86.2778
49328.023 52.85518 3021.1624 496.8584 74.16102
49379.98 52.85518 3045.9885 492.50708 77.12408
49164.26 52.85518 3039.651 468.74854 77.43744
49364.164 52.85518 3063.2559 463.8999 80.52892
49060.656 51.41588 3043.9688 435.5547 80.52892
49298.68 51.41588 3088.5625 420.7544 80.59652
49124.035 51.41588 3095.3542 398.65723 90.40947
51228.945 36.33923 3098.8528 591.5288 67.75017
50135.25 43.92947 2999.2703 690.03394 65.36468
50933.45 51.41588 3158.7568 480.11133 86.2778
51236.285 51.41588 3148.1372 507.573 86.2778
51378.465 52.85518 3139.8872 518.8054 86.2778
51295.355 36.33923 3126.8113 615.374 67.75017
51769.332 36.33923 3147.9004 611.4214 69.93009
49385.22 51.41588 3088.577 461.8523 90.40947
51774.2 52.85518 3104.3347 605.8469 91.67604
51658.746 52.85518 3150.7153 559.1594 91.67604
51571.047 52.85518 3169.8425 512.1948 92.5754
51578.043 52.85518 3175.0679 566.50464 86.2778
49889.848 39.04208 3008.172 625.4551 65.36468
47965.375 45.11984 2804.9512 777.7329 62.66764
49535.94 39.04208 3005.2048 621.2871 65.36468
48961.21 39.04208 2957.8206 613.9004 65.36468
49470.75 51.41588 3090.9043 500.5918 76.76252
51809.1 36.33923 3073.5208 629.9961 69.93009
48019.723 45.11984 2794.1255 770.8074 61.98651
51869.94 36.33923 3123.269 588.0156 72.59495
51715.36 52.85518 3164.5442 604.52466 86.2778
51688.043 43.66964 3077.283 630.24194 72.59495
51533.555 43.92947 3192.8723 559.93164 77.49073
49467.848 51.41588 3070.9846 482.4934 74.16102
51595.062 43.66964 3060.1135 620.46216 70.95745
49548.746 43.92947 2971.5222 638.2468 65.36468
49649.992 43.92947 2958.0693 671.2141 65.28069
51758.54 45.73336 3189.5046 555.5781 77.49073
49641.99 45.73336 3125.4136 474.69507 72.7438
51528.9 50.28931 3124.545 538.53564 77.49073
49705.285 45.73336 3133.8052 467.4524 78.38313
49131.562 43.92947 2953.8176 627.2571 65.36468
49172.14 43.92947 2934.33 608.73755 66.6605
49761.523 43.66964 3161.3057 473.52124 78.38313
49544.04 43.66964 3137.2766 435.156 77.34038
49432.81 43.92947 2931.9941 612.64624 66.6605
49125.367 43.92947 2940.0234 603.19116 65.28069
49512.2 43.66964 3147.8184 454.93604 77.34038
48895.58 43.92947 2954.6086 623.25146 65.28069
49159.51 38.22171 2955.8462 629.855 65.28069
51878.36 36.33923 3128.3386 612.4529 71.60074
51194.895 59.1056 3133.4763 557.2212 86.2778
48802.688 43.92947 2967.6587 616.36475 65.28069
49588.883 45.73336 3127.8213 442.7688 72.82789
48792.46 43.92947 2949.4482 601.4634 66.52797
51046.13 59.1056 3120.8792 537.13745 86.2778
50730.18 59.1056 3097.955 518.75366 86.2778
50792.105 59.1056 3102.4402 520.3252 86.2778
49695.824 45.73336 3106.2236 504.0088 72.7438
52363.37 50.28931 3232.6025 655.3718 82.01817
52159.71 50.28931 3242.3726 665.8906 77.49073
49753.37 45.73336 3092.1672 460.70947 73.67786
51809.14 36.42438 3118.0212 613.375 70.95745
51668.254 36.42438 3118.7886 589.81714 70.95745
50978.484 59.1056 3126.087 525.5852 86.2778
52194.62 51.05334 3228.5662 698.9839 77.49073
52110.395 51.41588 3161.3562 771.4253 77.49073
52174.668 36.42438 3115.3403 637.96484 68.53938
52405.113 36.42438 3205.1118 575.95435 77.61024
52199.695 43.66964 3076.5952 643.2615 68.15876
52293.176 43.66964 3071.8918 656.30005 71.9291
52126.31 43.66964 3120.7898 643.27515 76.40815
51945.887 45.73336 3063.6504 664.3657 71.9291
51735.992 45.73336 3092.2905 657.05786 67.84315
52106.344 51.41588 3200.609 677.5508 77.49073
51485.766 48.57425 3064.5789 653.05615 67.75017
51958.324 48.57425 3098.2947 857.43774 67.75017
51264.14 48.57425 3047.9265 845.77295 67.08014
51368.34 51.41588 3182.1768 544.7988 73.97758
51259.55 51.41588 3136.9468 613.4072 72.7438
48588.645 43.92947 2935.159 585.76636 65.28069
49516.984 38.01183 2800.9106 821.22266 64.68629
51285.777 59.77117 3122.4243 554.9158 86.2778
51235.277 52.85518 3136.5881 584.2068 72.7438
50215.797 45.73336 3119.5706 465.25684 77.77138
50915.21 50.5156 3015.2146 810.79224 67.75017
50393.465 45.73336 3145.2466 438.0857 80.93449
51020.37 50.5156 3065.2512 804.31665 67.84315
50582.84 45.73336 3160.9421 460.2495 80.93449
51416.254 59.77117 3093.426 591.80835 86.2778
51260.137 50.5156 3051.4407 836.44824 67.84315
50631.97 45.73336 3105.314 462.90112 77.49073
50421.516 38.22171 3114.3481 482.2893 74.01904
50189.895 38.22171 3126.4734 417.69043 82.48898
49520.7 39.04208 3131.5027 412.94702 77.34038
49532.617 39.04208 3132.061 416.31128 72.18954
49720.875 39.04208 3140.5889 422.104 79.3163
49681.52 39.04208 3136.7383 450.88843 76.08959
51130.883 59.77117 3113.9956 537.6013 86.2778
51276.77 55.34689 3173.3726 692.5847 84.67525
49625.258 39.04208 3132.629 431.9402 76.08959
51484.19 56.998 3112.5154 528.13916 86.2778
51257.21 52.53377 3117.275 504.37134 78.19034
49823.69 43.92947 3129.8083 422.36108 76.08959
51309.926 56.55434 3136.0776 539.12427 79.51257
51161.55 56.55434 3085.3708 647.04785 77.43421
50124.19 43.66964 3119.7654 448.4348 76.08959
50126.152 43.66964 3119.1672 426.93848 77.44059
50077.742 43.66964 3121.3354 431.96655 77.44059
50023.027 43.66964 3119.3105 416.35986 75.27856
50132.484 38.22171 3125.2214 435.19067 75.37029
50075.78 38.22171 3115.5554 424.0603 77.12408
50296.676 38.22171 3153.6335 434.4187 77.12408
50715.152 37.42426 3179.5854 454.71167 78.19034
50856.664 37.42426 3157.8855 440.28418 78.19034
51891.297 43.66964 3154.8792 771.5801 67.50425
50571.133 37.42426 3166.8716 437.61816 78.19034
49125.434 48.06499 2839.5889 804.3528 62.8284
51722.156 43.66964 3179.0474 718.30664 68.4972
49409.965 48.06499 2838.1191 846.36694 63.23935
51440.51 43.66964 3217.8694 730.4929 71.27214
51647.312 56.998 3150.3066 552.87134 86.2778
51842.98 45.73336 3149.4407 586.6321 77.49073
51613.105 45.73336 3144.8281 552.4795 77.49073
51465.664 56.998 3134.967 519.084 77.49073
51524.344 54.99712 3135.069 589.9817 77.49073
50342.7 37.42426 3156.0254 424.5315 78.64849
50164.11 37.42426 3145.8767 435.01978 76.82097
52131.91 43.66964 3189.3208 717.12524 74.16102
49263.055 48.06499 2865.239 769.3523 63.23935
51919.88 48.57425 3202.8235 715.49365 74.16102
51372.51 43.92947 3168.8567 578.9136 74.16102
50011.266 37.42426 3081.9602 446.02808 73.6228
49390.28 48.06499 2859.2747 789.12305 63.23935
49446.68 48.06499 2829.6768 800.60547 65.57835
50155.723 37.42426 3099.0613 450.8999 74.19471
50134.28 37.42426 3106.018 457.64062 73.6228
51525.91 43.92947 3176.9514 538.1968 77.34038
51623.836 43.66964 3206.7908 491.75098 77.44059
51942.406 38.22171 3217.038 482.02393 77.34038
51912.426 38.22171 3213.1038 474.81763 77.34038
51839.9 54.99712 3150.2998 759.41235 77.85011
49642.83 48.06499 2870.3362 807.79785 65.57835
49681.875 45.11984 2875.0789 831.8484 66.25061
52546.633 43.66964 3256.8606 765.62427 74.85582
52684.277 43.66964 3245.319 737.1526 74.85582
49608.754 45.11984 2880.5786 785.68115 66.25061
52755.48 38.22171 3238.246 725.782 74.85582
52467.336 38.22171 3235.9612 681.8423 74.85582
49676.113 45.11984 2889.133 827.2715 66.25061
49283.25 33.19054 3132.6665 376.63916 72.16763
49288.824 50.55514 2890.843 836.2063 66.25061
49708.34 38.22171 3090.5786 430.96362 72.82789
51850.996 38.22171 3236.1782 484.69434 93.87894
49254.973 50.14409 2900.3147 801.9365 66.25061
51843.906 43.66964 3266.061 461.40063 86.2778
48872.832 49.04123 2892.6343 781.5459 66.25061
48909.27 55.297 2861.1946 740.16846 66.6605
48549.15 55.297 2857.4321 720.6416 66.6605
52009.965 43.66964 3273.3186 494.14258 72.7438
48425.723 55.297 2870.206 743.34595 66.6605
51828.035 38.22171 3257.8274 492.77954 76.44973
48363.723 55.297 2878.2188 758.7117 66.6605
51635.336 54.99712 3178.6064 711.0918 76.92278
51840.125 38.22171 3222.8892 491.81665 76.44973
51728.65 38.22171 3228.6965 482.1914 76.44973
51795.895 54.99712 3177.2754 750.31226 76.92278
51472.25 45.73336 3145.384 536.5122 76.44973
51500.727 45.73336 3148.2065 525.824 76.92278
50039.633 33.19054 3168.0442 344.67798 74.19471
51619.94 45.73336 3142.3945 583.7175 76.92278
51614.727 45.73336 3160.4736 573.63257 76.92278
51870.125 54.99712 3162.263 795.99 73.00068
51710.44 52.85518 3146.793 561.31665 86.2778
51933.766 51.41588 3161.8142 621.6692 86.2778
51552.41 51.41588 3177.4978 598.53564 86.2778
52019.164 51.41588 3235.422 712.2024 81.6928
49902.4 38.22171 3101.3345 432.36084 72.16763
49943.07 38.22171 3110.4297 472.37744 73.40472
52033.285 51.41588 3224.1016 789.2195 81.6928
49912.023 38.22171 3128.9714 452.35522 73.40472
51710.824 50.28931 3193.8408 706.1333 75.68555
50005.035 38.22171 3097.2236 466.7749 73.40472
52106.64 56.55434 3237.0544 796.64575 72.82789
51472.457 54.99712 3196.4011 533.81177 90.40947
51326.875 54.99712 3173.148 518.8967 90.40947
50344.58 36.33923 3163.4104 403.63086 72.16763
51732.566 50.28931 3203.1877 707.1472 76.65919
51548.35 54.99712 3180.2656 770.3638 76.65919
51833.473 54.99712 3207.3262 772.8811 74.16102
48392.023 56.80656 2848.5537 784.86475 66.6605
51923.824 54.99712 3161.0144 761.8672 69.93009
51096.04 54.99712 3095.0552 652.38257 69.93009
51263.31 59.1056 3093.7832 657.36475 78.79844
50966.97 59.1056 3062.2952 702.4614 74.68267
50912.02 59.1056 3049.1401 700.92676 72.80252
50159.38 36.33923 3125.568 496.64404 68.4972
51925.31 54.99712 3207.4539 717.1306 80.52892
51901.043 54.99712 3193.3167 708.8696 78.79844
50687.203 59.1056 3088.0847 655.968 73.61608
50359.633 36.33923 3119.3005 491.7527 68.4972
51673.7 54.99712 3189.5942 703.324 78.79844
50589.23 59.37528 3085.5955 589.45557 73.61608
51485.516 45.73336 3181.6848 632.93994 74.68267
51307.297 45.73336 3189.8745 607.6992 79.31391
51461.094 45.73336 3190.516 646.7522 74.68267
51718.98 45.73336 3184.215 689.7185 74.68267
50525.06 59.37528 3091.6033 577.53467 73.61608
48867.47 56.80656 2849.571 811.52246 66.6605
50510.62 36.33923 3116.7097 529.7007 68.4972
51859.86 50.28931 3220.2441 728.71924 73.21133
50447.6 50.55514 3032.3115 636.47925 67.2871
48239.543 56.80656 2831.0417 770.39404 66.6605
50386.418 38.22171 3129.0173 543.4016 68.4972
51228.566 50.55514 3033.4824 840.61816 67.2871
51266.65 50.55514 3071.552 883.9048 67.2871
51362.508 43.92947 3070.9917 872.3237 67.2871
52212.586 45.92375 3206.6975 773.24146 73.21133
52405.027 46.11847 3247.479 708.71216 84.67525
52304.055 46.11847 3240.499 818.53 73.21133
52431.1 46.11847 3259.0518 761.2024 78.3992
52382.63 46.11847 3216.5427 728.6824 78.3992
52233.61 50.28931 3067.5469 915.03174 69.88184
51067.098 43.92947 3038.4673 828.96704 67.2871
52555.74 36.33923 3100.5408 907.3076 67.50425
52423.484 43.66964 3149.707 844.7908 67.64299
47477.82 56.31865 2645.128 964.5232 62.8284
50631.84 45.51318 3125.427 546.92236 68.42986
52325.598 37.55378 3086.9084 937.12354 67.50425
50218.164 45.51318 3096.5283 539.45874 69.02046
51990.555 37.55378 3088.9834 908.78296 67.50425
47067.434 56.31865 2651.154 907.4426 63.53316
47673.23 56.80656 2713.6052 808.82935 65.57835
50103.992 45.51318 3079.9119 541.9458 67.99218
49765.965 45.51318 3065.8188 520.8242 68.4972
51088.176 36.42438 3047.1992 935.9829 66.39945
51036.145 43.92947 3057.0713 880.4133 66.39945
47466.504 56.80656 2747.1187 739.9783 66.05127
47476.81 56.80656 2715.7148 761.68506 66.05127
51537.64 37.55378 3018.4792 936.8469 66.80084
49651.113 45.51318 3039.4067 514.93066 68.4972
50017.29 45.51318 3102.4219 511.10547 69.02046
47980.695 56.80656 2747.9016 793.0637 66.05127
50132.293 45.51318 3121.4238 537.6448 69.02046
51185.195 56.84866 3076.151 934.1675 67.08014
51264.535 52.60741 3045.7722 892.28394 67.64299
50335.645 57.89303 2958.2026 994.4978 66.52797
50664.836 57.89303 3074.3406 871.5928 67.08014
50668.797 57.79947 3083.4775 846.9834 67.08014
50163.18 50.5156 3065.214 578.7202 67.75017
50023.38 47.06613 3099.0264 543.2046 67.75017
49858.215 50.5156 3078.3875 534.93677 67.75017
49864.03 48.75191 3080.95 561.2256 67.75017
50176.133 37.42426 3083.6497 551.8157 67.75017
51033.887 54.99712 3072.3115 865.5537 67.2871
50625.926 50.04607 3144.7605 557.4946 68.15876
50635.145 50.04607 3113.1697 602.2815 68.15876
47781.906 56.998 2736.0334 788.084 66.05127
47964.44 56.998 2699.688 883.3428 65.57835
50932.25 46.6412 3107.2993 845.9348 67.2871
51104.637 64.68629 3074.9636 878.5476 67.08014
50500.727 50.04607 3120.579 583.80225 68.04924
50575.016 50.04607 3111.2422 595.81616 68.04924
50945.145 64.68629 3077.2898 851.7102 70.7155
50672.254 46.6412 3125.2964 581.10376 69.02046
47306.31 56.69903 2667.77 927.1013 62.59374
50429.344 61.55918 3077.8127 812.0996 73.00068
50451.85 59.1056 3099.0347 812.3994 73.00068
47372.258 55.1918 2675.847 889.5635 63.23935
50626.062 43.92947 3135.5266 533.792 69.02046
50626.453 50.04607 3116.425 551.55664 69.02046
50794.23 59.1056 3116.5276 813.1797 73.00068
50287.22 39.04208 3128.094 513.65625 69.02046
50928.684 59.1056 3129.017 750.74023 75.06137
50500.477 39.04208 3172.112 496.80884 72.18954
50941.945 58.16115 3129.2073 741.6599 75.06137
50841.668 50.04607 3158.0337 536.4951 72.18954
51168.625 58.16115 3130.0916 725.406 83.50061
50785.777 52.85518 3143.5781 485.33667 84.67525
51139.54 58.16115 3152.7874 733.02075 83.50061
51223.82 58.16115 3147.5315 759.1421 83.50061
50726.402 54.99712 3131.78 506.40894 74.68267
50862.188 33.19054 3166.0388 485.8462 74.68267
51192.465 58.16115 3154.4023 750.74585 83.50061
50748.594 57.89303 3070.569 874.4946 67.2871
50688.44 58.15936 3068.419 877.16943 67.2871
51121.82 33.19054 3144.2815 491.95215 74.68267
50580.023 58.15936 3058.352 843.6919 68.13146
50970.766 33.19054 3165.279 497.90552 72.18954
51131.406 56.998 3153.009 512.38257 72.18954
51070.613 48.57425 3148.259 510.10742 72.18954
50537.473 56.998 3054.9907 825.9822 67.2871
51352.914 47.06613 3183.301 553.3716 69.14
51017.625 47.06613 3121.142 590.5337 68.31635
51242.07 47.06613 3127.5537 615.6094 68.31635
50285.004 58.15936 3018.6514 874.62305 67.2871
48146.453 54.24748 2876.6226 718.9834 66.96457
51212.73 58.33273 3135.64 753.1907 83.50061
51119.594 45.92375 3101.8462 549.2102 68.31635
52015.51 48.57425 3212.2888 785.47046 68.31635
51510.953 58.33273 3129.74 780.48804 82.48898
52034.785 46.11847 3213.9426 780.87427 68.31635
47062.098 54.24748 2857.3738 657.4834 63.23935
52064.367 36.42438 3178.779 850.78394 68.04924
50560.78 57.89303 3057.7217 810.2859 68.13146
52092.527 36.42438 3180.7468 877.6433 67.64246
51863.645 48.57425 3034.5955 981.6389 66.74837
51652.29 58.33273 3133.4597 805.71924 72.82789
50316.805 55.07579 3062.3086 819.7522 67.08014
51727.22 59.1056 3208.3894 725.68726 84.67525
51379.066 59.1056 3158.9365 777.0156 80.0311
47628.734 54.85442 2883.2349 644.93677 64.16189
51937.812 48.57425 3108.7705 909.958 67.84315
50386.008 54.99712 3050.279 780.20654 67.08014
51272.855 59.1056 3143.5754 772.94653 80.59652
51075.297 59.1056 3150.0305 753.8501 75.27856
51085.773 59.1056 3141.404 745.4297 82.48898
50962.895 59.1056 3142.3613 744.1089 79.0268
50871.594 54.99712 3100.7695 805.2539 67.08014
47698.75 54.85442 2864.6646 685.0503 64.16189
51309.836 48.57425 3080.8076 870.4763 67.07116
50983.82 48.57425 3087.5742 889.56323 67.07116
51103.945 50.28931 3137.0842 805.60425 67.50425
47906.363 54.85442 2911.6147 625.12646 66.6605
47863.906 54.85442 2869.1597 702.4741 65.29282
50767.73 48.57425 3089.975 913.5491 67.07116
50807.53 59.1056 3118.2458 737.55884 79.0268
50729.844 59.1056 3129.6848 703.449 82.48898
50938.86 50.28931 3102.7324 780.02026 67.08014
50521.125 50.28931 3075.287 554.478 67.08014
47809.12 45.59028 2900.543 670.11084 65.29282
47757.75 45.59028 2908.359 666.73413 65.29282
50528.48 59.08652 3106.3086 736.06274 77.4305
50610.004 59.08652 3115.9688 778.8862 73.00068
47284.53 45.59028 2888.1467 657.1467 65.29282
50923.223 48.57425 3053.5024 957.7915 66.74016
51121.7 59.08652 3082.599 852.22754 67.50425
51163.49 55.43587 3049.8145 915.96387 66.74016
51110.91 54.99712 3027.598 881.3291 66.74016
51128.0 54.99712 3019.738 900.91064 67.2871
51755.195 54.99712 3151.7874 774.1575 68.98244
51816.35 54.99712 3156.067 812.7612 68.98244
51697.832 54.99712 3174.5742 765.14844 68.98244
51676.938 55.34689 3162.8035 806.095 68.98244
50748.73 56.18236 3090.552 807.97754 67.50425
50744.19 56.18236 3089.8867 789.5615 68.21146
50603.58 56.18236 3132.9246 727.4243 68.37698
50364.906 58.16115 3086.7825 725.85693 69.93009
51628.848 43.92947 3158.848 654.5608 71.9291
51731.695 43.92947 3150.5334 690.0398 68.98244
50631.766 58.16115 3125.5105 741.34204 72.7438
51717.53 43.92947 3145.9229 682.92896 68.98244
47763.598 54.18109 2906.1445 695.4846 63.22761
50223.29 58.16115 3114.5974 736.1758 72.7438
48033.547 40.95588 2908.2417 655.4912 63.23935
50601.96 59.1056 3093.3396 756.29126 69.93009
50855.98 50.28931 3165.7175 724.2241 69.93009
50584.836 56.55434 3146.075 777.97217 69.93009
48341.125 56.31865 2866.725 970.3755 62.48832
50511.26 56.55434 3129.3918 804.83813 68.21146
50612.957 56.55434 3120.9043 749.78125 69.02046
48692.688 54.18109 2933.5693 881.80566 62.94702
50740.477 56.55434 3114.0237 755.31177 68.04924
50995.285 56.998 3083.4949 805.37695 68.04924
48400.266 54.18109 2925.2017 881.08594 62.48832
48400.26 50.55514 2925.1912 844.86523 62.48832
50891.836 56.998 3073.9573 789.23145 68.04924
51663.668 45.73336 3146.807 707.51855 69.52657
48292.36 50.55514 2944.3257 857.07983 64.09615
51679.387 45.73336 3146.7605 732.05444 69.52657
50948.492 43.92947 3158.076 663.44946 68.04924
51152.58 43.92947 3148.629 665.12524 68.04924
48576.496 54.18109 2957.049 898.2051 64.09615
51133.0 48.75191 3161.065 681.1489 68.04924
50777.02 48.75191 3177.992 643.022 73.00068
51158.484 48.75191 3154.1963 706.91895 73.00068
51603.098 45.51318 3205.9817 674.688 68.04924
51638.914 48.75191 3188.7332 716.4116 68.04924
51534.01 45.73336 3217.307 666.8408 74.85582
51646.363 43.66964 3193.4067 700.4077 70.03203
51760.1 43.66964 3197.7092 728.05347 70.03203
49119.863 49.84605 2954.1343 871.23584 64.68629
52217.125 45.73336 3233.468 669.9546 74.85582
51743.78 43.66964 3193.7407 710.9507 69.74838
52324.586 48.75191 3266.2432 687.0034 84.67525
51892.86 48.75191 3215.4453 696.8164 76.44973
51633.594 43.66964 3180.414 692.3291 69.74838
51354.043 48.75191 3220.7842 643.17944 76.44973
51808.363 43.66964 3183.8662 697.9131 70.03203
51626.12 43.66964 3181.4553 673.103 70.03203
49773.617 48.75191 2976.843 867.855 64.68629
51363.79 48.75191 3197.8857 687.15576 76.44973
51457.613 43.66964 3152.9329 652.6079 70.03203
51790.656 48.75191 3165.6978 760.32837 68.98244
51885.395 48.75191 3163.621 817.8003 67.50425
51916.402 57.73047 3194.3508 787.666 74.04159
51543.664 57.30064 2821.5908 1145.6306 67.08014
51768.086 55.95301 3046.0193 931.8562 67.08014
51527.16 52.85518 3072.692 903.9133 67.08014
50970.26 52.85518 3065.0227 870.5984 66.96457
49637.613 49.84605 2997.3728 886.4458 64.68629
50900.586 45.51318 3119.0942 767.58936 66.74837
50592.68 45.51318 3088.9177 805.83813 66.74016
51780.25 36.33923 3188.5293 621.22 70.55095
51603.656 43.66964 3191.1868 628.12964 70.55095
51413.816 43.66964 3183.0505 629.7937 69.52657
51373.824 40.97726 3167.552 622.417 69.52657
51453.49 40.97726 3122.054 669.94946 69.52657
50256.52 45.59028 2982.7725 878.2522 64.68629
49924.617 45.59028 2996.9392 888.9751 64.68629
51778.273 45.73336 3144.3193 695.3008 69.52657
51796.297 45.73336 3131.6528 674.6279 69.52657
50870.293 45.51318 3088.555 811.3882 66.74016
51301.555 45.51318 3096.224 844.70386 67.08014
51536.348 45.51318 3060.0894 900.17236 67.08014
50003.543 56.18236 3015.7341 922.2617 64.68629
51056.0 45.51318 3015.7217 925.584 66.05127
51911.68 48.75191 3129.556 714.93286 69.52657
52022.055 48.75191 3144.5151 683.5217 75.86512
51651.934 48.75191 3139.0264 675.1113 76.44973
52087.965 48.75191 3157.8372 698.75146 76.44973
52028.516 54.99712 3111.61 767.3274 81.05618
51245.895 45.51318 3050.3613 949.65454 66.39945
51029.387 45.51318 3069.5315 921.21606 66.39945
51852.38 54.99712 3144.6128 737.20483 76.44973
50397.78 48.75191 3004.3677 863.7107 65.28069
51432.004 54.99712 3140.5024 685.3635 76.44973
50372.887 46.07086 3032.2773 892.12427 65.28069
50284.92 50.28931 3006.7046 899.9248 63.23935
50295.902 50.28931 3017.682 892.9353 65.28069
50067.12 50.2865 3022.548 860.2119 65.28069
49745.45 56.18236 3011.5542 875.93384 64.84218
49395.543 54.99712 3005.2937 855.3367 64.84218
49769.902 54.99712 3000.6323 880.42847 66.55663
49903.508 54.99712 2980.191 887.73755 65.28069
49778.13 54.99712 2984.346 918.3833 66.55663
50580.84 43.92947 3055.1365 804.8611 65.39774
50543.043 43.92947 3046.3953 760.0952 65.39774
50220.465 43.92947 3056.06 772.0947 65.28069
50063.9 43.92947 2997.0422 839.45044 64.98795
50314.26 38.22171 3046.2864 816.1365 65.28069
51398.43 46.11847 3155.16 683.3701 74.05933
49766.23 48.75191 3032.0535 797.75464 66.55663
49137.977 45.73336 3006.9297 711.15576 66.55663
49098.426 45.73336 2991.138 659.45776 66.55663
50533.938 43.92947 3044.2583 829.1084 65.28069
48947.723 45.73336 2996.0522 671.11597 66.55663
50737.473 43.92947 3067.5862 819.2783 65.39774
48916.86 45.73336 2998.4512 704.1692 66.55663
49548.78 45.73336 2996.0833 755.1858 66.55663
51755.414 57.45044 3172.6262 685.69824 74.05933
51223.953 57.45044 3142.73 679.2007 81.6928
50024.035 51.09145 3031.9895 850.7532 66.55663
51259.426 56.18236 3176.1187 662.82227 81.6928
50767.777 43.92947 3064.8445 806.49097 65.39774
50731.863 43.92947 3070.5527 823.79565 65.39774
51270.793 57.45044 3144.6614 721.4326 73.32973
50687.848 43.92947 3065.258 800.2634 66.4807
51077.66 57.45044 3154.4907 710.74854 73.32973
50810.566 43.92947 3050.5095 830.76685 66.4807
50788.31 43.92947 3048.2146 829.12524 66.52797
49984.64 43.92947 3034.1184 637.24023 66.4807
51029.188 57.45044 3175.334 684.90674 72.7438
49910.21 43.92947 3032.116 611.906 66.74837
51294.676 57.45044 3149.455 742.9807 72.80252
50194.402 38.22171 3013.5515 652.66406 66.74837
51045.99 57.45044 3104.5667 767.6362 72.58862
51520.395 57.45044 3125.4875 780.9136 72.58862
50048.46 36.33923 3040.9695 629.7029 66.74837
50290.785 45.73336 2996.1416 801.1255 66.39945
51443.8 57.45044 3116.747 793.26074 70.50957
51522.246 54.99712 3153.4363 724.2151 73.00068
51409.117 54.99712 3151.8037 683.84814 82.91007
52001.215 54.99712 3170.279 722.5615 82.01817
51937.297 54.99712 3184.414 698.01733 82.01817
51169.727 54.99712 3114.8506 552.1255 72.63032
50206.695 45.73336 3028.6655 763.19434 66.39945
50248.055 45.73336 3041.079 769.8508 66.55663
50489.996 36.33923 3133.384 535.04663 67.84315
50406.215 45.73336 3011.1052 829.7595 66.55663
50816.72 54.99712 3071.71 569.2092 68.04924
50628.793 36.33923 3095.2139 563.6006 67.84315
50901.555 54.99712 3094.2527 594.7783 70.50957
50608.477 45.73336 3007.113 858.93994 66.39945
50584.9 54.99712 3092.175 587.20215 68.04924
50421.8 37.42426 3082.9512 529.7776 68.04924
50307.45 36.33923 3113.3884 525.66797 67.84315
50371.188 37.42426 3085.4172 548.97705 67.8139
50567.195 36.33923 3133.922 531.1907 68.04924
50717.42 36.33923 3119.2812 539.6057 68.04924
50617.742 54.99712 3086.4316 770.03687 67.8139
50766.12 36.33923 3168.0002 478.7234 69.29471
50897.266 54.99712 3118.9263 732.04297 68.04924
50401.867 36.33923 3142.4675 507.22046 68.16422
50692.562 54.99712 3133.8018 716.9946 68.37698
49985.34 51.09145 2998.6282 895.6194 65.28069
50362.44 38.22171 3184.1484 479.68408 74.63951
51012.18 38.22171 3208.1775 643.4353 68.16422
50843.36 43.66964 3187.9407 633.63184 68.16422
50120.13 43.66964 3098.3604 561.68115 67.84315
50386.117 43.66964 3095.8792 579.2329 67.84315
50343.68 43.66964 3102.6643 567.7949 67.84315
50189.723 43.66964 3076.624 576.8916 67.75017
50954.74 54.99712 3135.5981 749.50146 68.37698
51198.184 56.22593 3095.494 845.4597 68.37698
51477.684 51.09145 3041.4834 943.4004 66.05833
51317.574 48.75191 3020.991 917.3933 66.05833
50959.555 50.60658 3034.91 912.78564 65.28069
51022.19 51.09145 2995.8645 1018.80444 65.28069
50919.2 51.09145 3016.0703 988.55176 65.28069
50799.684 51.09145 3058.713 915.97437 65.68388
50385.06 56.22593 3054.266 584.551 68.37698
50980.5 45.59028 2981.926 922.61304 65.29282
51259.99 45.59028 3002.9116 950.80273 65.29282
50258.156 56.22593 3057.716 584.60986 70.79426
51062.746 51.09145 2957.1086 1054.0806 65.28069
50968.46 51.09145 3006.7595 960.1714 65.28069
50788.406 51.09145 3055.4846 875.96313 65.29282
50373.723 51.09145 3038.4944 864.16406 65.29282
50550.67 45.92375 3056.4846 862.3706 65.29282
50225.58 45.11984 2977.0813 857.90015 65.29282
50841.43 45.92375 3072.7126 879.33594 65.28069
50641.58 45.86737 3030.4033 923.7283 64.68629
50933.254 45.86737 3040.335 932.1599 64.68629
50717.61 45.86737 2959.649 945.87305 64.54325
50430.824 45.86737 3009.391 902.9409 64.54325
50203.543 45.73336 2966.6873 876.91235 64.54325
50492.25 45.73336 3000.6223 840.9114 66.74016
50570.566 45.73336 2999.5725 844.86865 66.74016
50813.223 45.73336 3044.1194 846.6863 66.74016
51059.43 45.73336 3054.0662 817.8916 67.1209
50491.887 45.73336 2984.205 736.4031 66.74016
50422.484 45.73336 2977.0996 732.4778 66.74016
50436.836 45.73336 2984.7256 711.3303 66.96457
50734.496 37.42426 3037.7478 663.6072 66.96457
50823.68 37.42426 2997.0205 691.95825 66.96457
50215.543 45.73336 2981.4941 732.2241 66.74016
50202.562 45.73336 2974.0667 708.49927 66.96457
50573.03 45.73336 2963.2363 755.46094 66.96457
50550.508 45.73336 2970.2666 744.947 66.74016
50054.24 45.73336 2839.5122 852.6929 64.72212
49759.645 45.73336 2813.1646 836.1941 64.72212
49662.223 45.73336 2792.8733 829.7102 64.16189
49491.13 45.73336 2849.3528 802.18677 64.16189
49127.668 45.73336 2891.6746 747.3142 64.72212
49528.33 45.73336 2882.7756 771.9927 64.72212
49505.582 45.73336 2908.0051 740.7759 65.94781
49419.117 45.73336 2925.7986 717.1394 65.94781
49277.613 45.73336 2921.004 692.7998 65.94781
49375.848 45.73336 2881.2542 723.2053 64.72212
48916.52 45.73336 2886.619 689.5315 64.35159
48529.11 45.73336 2867.2341 662.0425 64.54325
48360.41 26.65704 2868.9153 662.6106 64.54325
48635.402 45.73336 2879.6118 670.10596 64.54325
49056.66 45.73336 2882.6067 689.6057 64.35159
48944.44 45.73336 2888.6763 708.58887 64.72212
48590.03 52.85518 2883.8608 663.6389 64.35159
49183.2 52.85518 2872.328 731.4624 64.35159
48866.395 52.85518 2879.3445 694.1072 64.35159
48720.266 55.43587 2865.4644 732.8013 64.35159
49598.0 55.43587 2865.8809 1006.8843 64.35159
48946.16 55.43587 2845.4854 990.36475 64.35159
49148.49 55.43587 2874.1465 1008.6511 64.35159
48091.78 55.43587 2826.1162 721.76074 64.35159
48460.34 43.92947 2878.7825 731.3865 64.16189
48151.297 43.92947 2874.0017 713.4863 64.16189
48050.793 43.92947 2824.4985 753.2251 62.66256
48476.1 43.92947 2878.6123 715.02 62.66416
48276.75 43.92947 2899.6472 728.8887 64.72212
47729.727 42.50214 2881.8528 717.66284 62.66416
47830.105 40.8563 2842.842 731.0957 62.64811
47851.453 36.33923 2838.3386 788.2368 62.64811
48109.527 40.8563 2834.744 787.1968 62.64811
48117.926 42.50214 2834.6196 745.5742 62.64811
48166.97 42.50214 2875.293 695.9497 62.66416
48460.332 36.42438 2863.624 756.34106 62.66256
48645.316 36.42438 2845.2168 779.4956 63.02725
48249.973 42.50214 2810.8972 786.0635 62.66256
48384.152 42.50214 2832.6692 806.8694 62.66256
48438.566 42.50214 2818.6797 810.9597 62.66256
48278.742 42.50214 2807.7134 769.84424 62.66256
48891.44 42.50214 2841.8635 1062.7202 62.43331
48974.918 38.01183 2800.3984 1111.1838 62.43331
49195.016 38.01183 2814.6577 1152.6387 62.43331
49034.676 35.28355 2725.516 1216.5913 62.11547
48986.785 36.42438 2871.816 1044.6636 62.43331
49038.55 36.42438 2884.0715 1066.2971 62.43331
49053.254 45.59028 2929.9885 1034.5103 63.02725
48448.7 54.66425 2856.9949 1143.5806 63.02725
48779.594 24.04966 2930.2502 968.2439 62.43331
48692.867 50.5156 2915.33 977.68384 63.02725
47802.543 43.92947 2813.4272 700.0891 62.66416
47869.2 33.77858 2853.0596 659.2051 62.66416
48050.83 33.77858 2856.5854 692.605 62.66416
48012.82 33.77858 2873.8704 678.6953 62.66416
47931.496 33.77858 2873.6582 702.1626 62.66256
48072.6 33.77858 2864.2332 702.3584 62.66256
47925.09 33.77858 2818.5105 777.36255 62.59374
47477.26 33.77858 2797.9429 778.9656 62.43331
48100.9 33.77858 2814.6265 928.9531 62.43331
48492.023 43.92947 2854.5361 958.5344 62.43331
48481.016 43.92947 2862.8782 980.0747 62.43331
48120.72 43.92947 2840.9844 1052.96 62.06884
48637.383 43.92947 2937.307 960.63086 62.65995
49015.01 43.92947 2917.4802 927.969 62.65995
49516.082 43.92947 3009.029 834.1416 62.66416
48630.01 43.92947 2711.795 1106.2363 61.73053
48664.586 43.92947 2732.0283 1125.3606 61.73053
48432.99 43.92947 2732.1685 1121.7966 61.73053
48347.086 43.92947 2738.9216 1093.8611 61.73053
48034.906 43.92947 2712.5325 1102.0339 61.63363
48179.97 43.92947 2723.55 1105.9136 61.63363
48441.03 43.92947 2719.6792 1135.3789 61.50647
48887.23 38.01183 2757.482 1083.436 61.73053
48088.945 38.01183 2713.2354 1049.1445 61.73053
47992.664 38.01183 2725.6514 1017.73 61.92234
48145.363 36.33923 2715.9768 1010.6824 62.0617
48564.785 36.33923 2723.861 1054.1108 62.0617
48587.566 43.92947 2714.4817 1049.5972 62.0617
48159.684 43.92947 2726.316 1043.9619 62.0617
48206.492 43.92947 2756.6335 1044.4485 62.0617
48560.6 43.92947 2782.2097 1040.5793 62.54368
