6952.5356 19.55452 1095.0892 107.174194 67.2597
7010.3555 39.63217 1114.5278 94.517944 76.21087
7019.598 43.02202 1091.4878 134.55017 64.66654
7125.3457 24.83442 1124.5989 127.11157 76.21087
7032.7324 44.4066 1091.5005 179.71313 76.21087
7059.691 24.83442 1091.2103 173.34949 64.66654
7029.0454 43.02202 1082.5975 136.00427 66.70453
7043.0723 43.02202 1096.3878 163.62451 64.66654
7062.4536 28.56982 1118.8638 131.13501 68.10639
7023.158 26.33491 1108.6218 120.229126 68.80523
6507.749 64.62117 987.7805 171.7843 57.95742
6541.1406 60.03695 980.84863 193.87402 54.86895
6285.008 56.73611 952.7986 184.09973 53.59465
6942.939 63.67736 1077.8989 136.12671 61.31929
6554.2803 61.16368 901.56683 259.73212 57.20359
6586.537 47.54001 1001.09845 191.43536 57.62215
6447.8027 50.69683 963.8649 167.70074 57.62215
6434.418 50.33316 991.0798 143.16376 57.62215
6925.058 19.55452 1101.8505 134.79065 67.2597
6952.0215 44.4066 1072.6302 151.62756 68.80523
6831.252 44.4066 1081.079 111.32947 78.94771
6979.8013 43.02202 1094.4192 152.79016 70.59364
6922.248 43.02202 1095.7205 145.8208 76.26277
6662.11 64.62117 985.0771 193.73663 62.80075
6645.11 53.89002 892.1418 282.66705 54.86895
6364.612 33.14784 983.7322 163.46411 56.04556
7036.6577 43.29747 1070.3119 209.43237 72.78552
6955.2114 43.29747 1083.3655 180.12073 69.06072
6539.8657 64.62117 978.2677 213.4126 57.37252
6776.704 48.9174 1005.30975 235.03741 57.75995
6652.6094 54.66814 933.65857 277.75598 57.75995
6772.6064 44.4066 1068.1572 103.242676 78.94771
6561.9985 64.62117 974.1713 215.32965 57.95742
6223.9424 44.34787 924.0128 182.59644 56.04556
7029.6304 34.30858 1077.3496 156.83679 68.80523
6575.38 34.86095 899.2033 302.3426 55.77814
6264.4854 49.1285 1003.6875 108.17041 77.50932
6782.2666 32.08496 959.2314 240.52228 55.92247
6909.2305 26.16173 1086.1973 127.48804 61.09666
6811.3965 26.16173 1041.5239 157.17651 59.23911
6842.911 26.64654 1086.9147 150.67358 63.11359
7037.3535 28.56982 1108.2789 125.26135 68.10639
6909.865 43.29747 1105.6237 128.6289 64.66654
6988.902 34.30858 1036.6215 208.20325 64.62117
6888.3477 32.08496 1051.9288 152.59119 59.24962
6771.4873 42.61839 1012.09503 186.83954 58.93387
6887.391 43.02202 1032.1104 185.6687 59.23911
6253.2095 51.52621 992.13574 96.25867 77.50932
6249.5083 35.6964 928.73486 173.10364 55.90015
6314.9517 35.6964 954.2585 184.544 56.04556
6626.8164 33.14244 1049.6661 105.98218 63.99561
7008.816 28.56982 1115.0265 112.13745 80.01286
7048.796 28.56982 1096.5157 140.47888 64.62117
6264.135 51.52621 982.2797 115.37775 77.50932
6900.7676 43.29747 1113.1724 106.383545 64.66654
6876.1855 39.4376 1094.594 99.3811 64.66654
6813.1206 64.62117 990.97107 224.19836 67.74534
6245.8857 56.73611 953.26514 179.03723 57.51766
6941.387 32.67483 1078.37 125.52771 64.28429
6979.3364 50.63661 1071.3656 136.29211 63.51992
6920.7505 47.74063 1082.6536 156.89502 71.41825
6844.111 64.62117 992.9798 225.85419 68.14945
6899.457 44.31553 1060.4768 130.63928 71.41825
6716.9546 43.02202 957.5617 229.84344 56.62727
6771.4873 42.61839 1012.095 186.83948 58.93387
6998.9917 26.64654 1070.0232 133.83594 64.47437
6750.5684 43.02202 991.17584 223.38983 59.0506
6651.5884 38.33417 1025.7478 178.21033 59.0506
6488.1675 38.33417 1006.1585 147.20746 56.62727
6722.6436 38.0459 1025.5122 168.40271 60.23899
6792.5967 44.31553 1059.6178 124.61902 61.31929
6755.6533 63.57337 992.7904 185.18628 60.23899
6570.2153 57.81812 807.3531 360.44232 59.23911
5527.5327 50.45699 843.25415 160.98059 59.97424
6572.6284 43.02202 975.9781 209.58624 56.62727
6798.084 47.87917 1075.6381 115.2323 61.66431
6924.4478 26.64654 1087.1299 133.58984 64.47437
6681.1104 43.02202 991.4354 200.00598 58.57526
6599.3296 49.41675 984.9532 212.50165 59.24962
6781.751 47.74063 854.922 376.4989 61.09666
6548.577 49.41675 990.0881 202.1048 58.57526
6515.2217 43.29747 1018.0338 177.54333 58.53434
6166.9053 47.18692 948.3697 176.65363 55.6672
6789.5996 39.4376 1065.2633 109.00232 60.84615
6988.591 47.74063 1061.76 194.7981 64.66654
6712.3735 64.62117 975.29736 228.5658 62.80075
6468.257 45.33125 1002.60455 177.04852 58.53434
5993.6104 47.27172 911.07306 156.57721 55.5852
5385.909 50.45699 837.513 137.28009 59.97424
5151.1655 48.42498 782.09125 132.6435 59.97424
5206.2793 34.90692 800.8385 111.07507 59.97424
5265.592 34.90692 823.64514 113.05621 59.97424
6928.676 26.64654 1085.6061 140.86365 64.47437
6953.45 43.02202 1079.6256 129.72632 68.79864
6886.087 26.64654 1089.5298 115.14807 64.47437
6790.3994 26.64654 1092.1702 90.37158 74.29896
6009.335 33.69389 910.43567 145.96936 55.5852
6739.5 52.79583 1075.1699 119.045654 61.66431
5172.718 37.02857 811.5898 96.38513 59.51512
6740.828 52.79583 1056.264 133.23169 61.46766
6863.7065 26.64654 1018.501 200.72375 58.966
6671.553 45.30687 998.1701 202.9173 57.98466
6777.5044 26.64654 1094.2028 78.03247 63.99561
6155.95 48.75454 952.2904 159.37952 53.59238
6635.514 47.74063 1007.3495 194.8971 57.98466
6571.4067 49.41675 960.13385 233.7099 57.75995
6792.071 63.11359 1054.9945 124.78284 62.80075
6478.3774 45.33125 1000.2151 181.92566 58.53434
6794.463 52.79583 1085.0328 119.816895 64.21339
6710.123 41.13568 1074.7299 126.01416 61.46766
6676.2666 46.74719 1019.91626 171.54492 58.65578
6531.4023 53.6649 981.5619 170.63245 58.65578
6148.134 46.93594 954.6921 182.90973 55.66837
6732.473 32.08496 1077.0952 84.86072 62.05171
6589.918 43.02202 1027.1819 180.20642 57.98466
6291.2603 45.33125 976.8166 168.40607 57.36559
6739.4277 32.08496 1070.9094 108.556885 60.84615
6784.4287 24.83442 1080.9073 121.63843 64.12527
6533.454 54.87546 1006.0647 190.05615 57.98466
5372.1445 20.21467 841.0578 107.80481 59.51512
6816.219 24.83442 1090.5743 161.42786 63.99561
6727.941 32.08496 1078.6549 101.36597 60.73545
6735.933 32.08496 1064.2762 106.32141 63.11359
6677.978 26.64654 1000.42236 186.65857 58.53197
6510.386 54.87546 997.5338 175.5216 57.98466
5683.924 35.30567 895.8954 96.863464 65.81427
6528.336 54.99989 995.5684 187.12201 55.3122
5676.9116 35.30567 896.5523 98.5827 65.81427
6729.6724 26.64654 1002.90765 215.8034 57.20359
6709.339 26.64654 982.57355 195.71222 57.31869
6552.7437 31.8558 969.0008 214.64606 55.72735
6469.838 55.13396 991.7332 180.05121 56.10987
6576.9893 45.30687 959.79846 246.54443 56.10987
6608.233 31.8558 973.7153 202.0462 56.73611
6619.454 45.30687 966.71655 231.70105 57.95742
6555.044 34.0967 996.1199 167.70178 56.73611
6333.1855 27.93332 970.8559 159.17023 56.10987
6573.4785 44.4066 1017.4136 190.41699 56.73611
6487.709 38.33417 1011.9749 162.87201 56.73611
6701.9224 38.33417 1029.1332 193.91711 57.75848
6628.3516 43.02202 994.8743 198.60858 57.20359
6669.3296 43.02202 1013.2764 164.31903 58.79998
6584.3853 47.87917 1034.3671 139.78223 58.57526
6682.9204 47.74063 1026.9281 141.24146 60.27118
6678.5425 47.87917 1040.7827 144.36292 60.84615
6640.675 47.87917 1037.1476 119.8739 59.20862
6672.3843 47.87917 1032.0845 132.64954 59.20862
6667.695 47.87917 1039.8275 114.27905 60.15955
6603.406 53.79684 975.537 218.03381 60.03695
6695.728 26.64654 1051.3683 119.035645 60.03695
6584.138 53.79684 956.2711 211.59863 60.03695
6604.9204 54.04918 969.2208 230.83972 60.03695
6545.434 54.04918 978.29926 199.59064 59.51512
6534.0605 54.04918 995.0744 173.4898 59.51512
6400.661 52.45424 978.0806 157.77618 60.61271
