-678.84863	-96.66178	-317.72235	62.46698	108.74766
-755.0209	-80.48987	-347.43585	70.67221	110.00793
-690.4026	-61.70518	-315.1026	59.28305	115.79839
-642.90845	-80.45151	-292.92136	47.890106	122.97256
-654.7187	-74.99131	-308.68518	30.489044	103.83735
-635.7834	-75.07494	-294.8151	49.46826	117.48476
-615.3895	-79.84884	-280.33102	48.109467	115.79839
-726.83563	-59.19674	-336.5564	43.093018	127.06961
-681.03	-57.36215	-267.57092	152.6572	104.8258
-496.00665	-74.70626	-235.04497	28.622757	130.68417
-714.3517	-60.56433	-324.07245	56.94455	127.06961
-665.1361	-81.43288	-315.9639	59.243927	111.70015
-527.0243	-57.36215	-250.62221	22.577682	143.41849
-666.033	-57.36215	-271.59473	133.63638	104.8258
-670.1613	-89.75665	-277.00662	88.23715	107.17459
-478.54877	-57.36215	-227.57031	27.800964	127.06961
-612.5105	-84.07114	-288.4756	52.617096	115.94933
-664.5869	-60.56433	-303.6148	56.21643	122.97256
