-118518.445	-36.03664	-4730.1567	1771.7534	94.03415
-113162.516	-44.07973	-4306.4893	1733.3247	100.65503
-121576.91	-42.49723	-4513.0024	1723.0684	93.35587
-117491.39	-44.81031	-4614.1016	1610.5806	103.02704
-116526.164	-42.49723	-4472.0835	1604.9849	96.10025
-115402.64	-42.49723	-4444.3438	1462.769	93.24556
-116939.125	-44.07973	-4473.2266	1509.0488	108.59107
-118144.23	-36.03664	-4028.9414	2611.5444	86.69402
-120118.8	-43.20989	-4617.8716	2064.8843	95.37956
-119662.47	-42.49723	-4677.051	1731.5474	102.22691
-113859.03	-42.49723	-4530.751	1711.1406	96.80206
-113708.88	-44.07973	-4420.451	1776.2861	94.83002
-118834.29	-42.49723	-4522.0005	1878.0562	91.62334
-119147.93	-36.03664	-4668.06	1252.3218	94.83002
-116153.84	-36.03664	-4625.8633	1292.5942	92.13472
-114505.53	-42.49723	-4476.185	1259.4756	94.83002
-121940.77	-42.49723	-4656.6475	1776.5376	93.87543
-120002.97	-43.20989	-4738.7793	1970.9858	91.22048
-118791.94	-42.49723	-4618.436	1448.5337	100.69228
-118525.484	-43.64046	-4484.4453	1648.3481	91.62334
-117598.25	-36.03664	-4673.4575	1416.7974	96.10025
-119086.484	-43.64046	-4586.554	1883.439	96.26885
-117551.3	-42.49723	-4741.1914	1515.5239	100.69228
-112271.65	-36.03664	-4402.542	1095.793	100.69228
-114100.75	-42.49723	-4589.7256	1068.8364	102.34
