-8371.994	-87.04281	-1561.2563	278.66052	174.74765
-7915.7866	-101.97304	-1372.449	375.6101	173.90327
-8149.3643	-101.65858	-1507.6324	293.17712	172.25597
-7751.1895	-101.97304	-1467.5969	237.22754	166.16057
-7426.4463	-87.04281	-1417.4333	130.74097	177.16368
-7033.2866	-97.2794	-1231.219	412.9652	165.22179
-8221.52	-101.65858	-1457.5948	371.24817	183.42244
-8373.784	-87.04281	-1559.2252	253.70752	188.44112
-7753.3857	-103.63505	-1438.8485	324.46436	186.59082
-7691.5044	-100.8534	-1415.4578	189.76514	176.15634
-7878.3486	-107.69135	-1404.1812	316.03882	184.32466
-7830.522	-106.27166	-1439.1213	325.44946	196.13316
-7718.7188	-106.27166	-1366.4019	294.5387	173.68011
-7901.4907	-106.27166	-1404.4752	337.2932	173.78304
-7807.793	-97.34637	-1400.3838	273.99915	177.95999
-7618.655	-103.63505	-1440.937	176.78857	167.20268
-7853.4683	-97.34637	-1389.4929	368.15588	171.79488
-7758.7793	-99.93108	-1360.8104	340.39563	170.53278
-7969.5254	-101.97304	-1412.3776	389.5708	185.46388
-7236.5083	-107.57156	-1340.2799	294.73987	186.50624
-7539.2188	-106.27166	-1434.9618	226.41675	165.44508
-7822.6973	-106.27166	-1419.7681	299.33765	179.65944
