-45426.61	-24.11566	-2497.8755	1490.7556	81.45436
-43615.73	-16.78162	-2339.438	1095.5122	77.43421
-44641.28	-16.78162	-2661.3896	1220.886	86.34459
-44802.715	-24.04966	-2620.6626	1017.249	94.56174
-43747.406	-26.65704	-2461.3765	837.9844	81.26832
-43760.816	-24.04966	-2561.6677	843.82886	80.20006
-46600.75	-33.19054	-2605.158	1386.4685	81.83658
-44256.266	-16.78162	-2525.569	1116.324	91.5129
-45028.652	-24.04966	-2540.4172	1335.2192	95.71224
-43852.316	-16.78162	-2474.9973	1159.2017	84.43291
-45866.305	-26.65704	-2435.398	1358.2339	83.31369
-44904.77	-27.91447	-2475.9084	930.2988	84.67525
-43320.46	-16.78162	-2346.888	1324.2654	77.43421
-45440.28	-24.04966	-2540.0034	1210.7952	82.48898
-42707.895	-16.78162	-2374.5745	1044.8066	78.50431
-42007.83	-24.11566	-2172.5745	1244.6887	77.43421
-44325.336	-24.04966	-2378.4084	1082.501	80.5973
-43814.562	-16.78162	-2537.2227	930.5298	82.52579
-44814.38	-16.78162	-2337.6023	1202.072	77.43421
-43461.125	-26.65704	-2429.0818	1477.8225	80.20006
-45291.367	-24.04966	-2454.044	1099.4785	78.50431
-43635.348	-24.11566	-2338.792	967.49854	78.50431
