-15260.415	-3.27414	-534.3897	160.41522	10.77265
-15682.518	-3.48425	-527.0588	201.81976	10.57261
-15113.397	-3.43948	-524.43066	160.05438	11.13283
-15523.146	-3.53695	-518.09827	235.18433	10.59528
-14991.374	-3.27414	-503.49484	213.78757	10.25817
-15986.6	-3.48425	-542.1535	170.79633	10.58017
-16362.787	-3.28024	-557.13025	185.31677	11.21115
-15880.983	-3.58887	-557.29004	192.26117	10.94943
-15124.153	-3.28024	-515.16077	165.61377	10.8402
-15964.617	-3.53695	-542.4394	192.97198	11.28007
-15387.616	-3.27414	-534.89276	187.1745	10.4427
-15154.3955	-3.48425	-516.01	167.35858	10.3769
-15164.592	-3.48425	-484.67206	210.3775	10.37497
-15912.524	-3.71214	-551.2746	183.42114	10.97315
-15126.576	-4.29418	-523.1532	224.85388	12.21966
-15533.878	-3.91024	-532.5982	161.0119	11.06119
-15473.226	-3.43948	-543.28723	213.83057	10.74849
-15618.69	-3.48425	-520.0491	226.56226	10.52853
-15386.935	-3.58887	-515.438	238.13763	10.45084
-15047.859	-3.82361	-508.6483	201.05539	10.45084
-15457.078	-3.43948	-518.92694	221.6128	10.30631
-15510.101	-3.85746	-532.5534	209.81763	10.78518
-15065.881	-3.82361	-490.894	201.46048	10.34601
-16019.9795	-3.87169	-538.1149	236.96234	11.00091
-15369.571	-4.27668	-535.3141	175.43121	10.7963
-15086.546	-3.27414	-528.16815	148.88135	11.0227
-15169.873	-3.48425	-539.7035	142.83276	11.17676
-15227.303	-3.27414	-525.8258	159.14673	10.47044
-15882.563	-3.43948	-556.7253	202.1756	10.9695
-15274.729	-3.54965	-513.3228	193.68585	10.50143
