3514 57.735 755.5217 252.60553 73.80039
3597 71.5662 802.9901 261.86267 89.59596
3597 71.5662 802.9901 261.8628 89.59596
3485 57.735 756.46826 231.15155 88.14948
3212 71.5662 742.62836 202.85297 118.25951
3547 75.17252 772.3678 291.26794 71.5662
3543 75.17252 785.8306 252.62262 71.5662
3543 75.17252 785.83057 252.62268 71.5662
3547 75.17252 772.3678 291.26782 73.80039
3514 57.735 755.52167 252.60553 73.80039
3523 71.5662 801.6179 256.6421 89.59596
3594 57.735 798.41187 236.11487 92.31979
3594 57.735 798.41187 236.11499 92.31979
3547 75.17252 772.3678 291.26782 102.43683
3543 75.17252 785.83057 252.6228 71.5662
3592 71.5662 797.4886 245.6435 75.17252
3323 57.735 762.94366 209.97174 118.25951
3293 71.5662 744.0005 221.52612 124.85231
3523 71.5662 801.6179 256.6421 102.43683
3323 57.735 762.9436 209.97174 118.25951
3287 57.735 728.2049 197.96454 118.25951
3523 71.5662 801.6179 256.6422 102.43683
3064 57.735 703.1018 173.07996 118.25951
3287 57.735 728.20496 197.9646 118.25951
3064 57.735 703.1018 173.08002 118.25951
3287 57.735 728.2049 197.9646 118.25951
3212 71.5662 742.62836 202.85303 118.25951
3507 71.5662 784.4136 252.12561 73.80039
3592 71.5662 797.4886 245.6435 124.85231
3523 71.5662 801.61786 256.64215 118.25951
3293 71.5662 744.0004 221.52625 124.85231
3485 57.735 756.46826 231.15161 88.14948
3592 71.5662 797.4885 245.64343 75.17252
3550 57.735 772.9569 260.35278 73.80039
3064 57.735 703.10175 173.08002 118.25951
3323 57.735 762.9436 209.9718 118.25951
3597 71.5662 802.99005 261.86273 89.59596
3543 75.17252 785.83057 252.62268 73.80039
3594 57.735 798.4118 236.11505 92.31979
3217 57.735 711.0454 204.70782 124.85231
3212 71.5662 742.6283 202.85315 118.25951
3323 57.735 762.94354 209.97198 118.25951
3547 75.17252 772.36774 291.26788 71.5662
3064 57.735 703.1018 173.08008 118.25951
3514 57.735 755.52167 252.60559 73.80039
3458 73.80039 771.5871 260.27338 71.5662
3293 71.5662 744.0004 221.5263 124.85231
3543 75.17252 785.8305 252.62274 75.17252
3064 57.735 703.1018 173.08002 124.85231
3466 73.80039 770.9956 286.04736 71.5662
3592 71.5662 797.4885 245.64355 75.17252
