8158 65.51919 1295.4115 207.02856 113.89917
9226 86.75997 1325.7543 452.97363 101.29108
7504 62.69273 1151.3535 206.85474 109.25022
9456 89.89233 1412.2915 359.03162 123.76806
9003 87.09884 1355.2021 363.06592 115.4123
8699 88.96979 1329.181 253.13135 113.89917
9043 84.14158 1331.7638 407.26587 103.30733
8201 77.05969 1252.8833 244.12256 110.6323
9051 80.38397 1333.4966 416.53113 101.29108
9158 68.84997 1381.6211 297.1272 110.13322
9118 64.55431 1368.7462 302.47742 105.27278
8921 87.00871 1344.2189 323.8601 110.6323
9292 84.14158 1431.7887 286.37708 112.54993
8617 88.07538 1332.9766 307.45947 109.3161
8254 80.38397 1261.8663 282.54065 107.30006
9463 80.38397 1410.6426 440.22925 123.76806
8930 88.96979 1296.2501 384.85864 117.57994
8749 93.77971 1323.4603 398.64673 112.54993
8879 89.65084 1338.4503 371.6239 112.54993
9115 90.00122 1380.2552 352.58472 139.94841
8403 77.8428 1271.1068 291.71887 107.30006
8632 80.38397 1336.2153 280.14783 108.52393
7613 52.80035 1153.1665 189.25879 113.3139
8859 77.8428 1384.2297 257.0288 125.24764
8928 87.00871 1280.8336 338.15662 110.45381
8438 77.28542 1320.5225 219.42444 113.89917
8781 77.28542 1391.5483 248.8617 112.54993
7947 61.66238 1218.0461 185.1123 120.2123
9188 88.96979 1390.4934 389.49927 111.98675
9049 83.60989 1334.6473 453.97388 110.6323
8742 77.28542 1315.5201 294.51477 112.54993
7681 68.74437 1208.6299 166.88574 116.109
8854 52.80035 1264.1118 440.11572 100.98484
8631 78.93966 1309.9619 309.49023 107.30006
8908 84.14158 1357.672 323.9879 112.54993
8637 61.98713 1177.6895 500.23108 98.75867
8470 61.66238 1297.2096 230.94641 109.3161
9458 80.38397 1462.3479 264.9286 114.4467
9216 86.08568 1348.0732 456.86877 112.73807
8954 88.07538 1370.2722 301.20117 126.01772
7687 68.44505 1193.5531 216.55298 115.19083
9216 77.8428 1406.6813 323.1687 106.05346
9413 61.66238 1419.9556 381.92224 104.69769
9030 61.66238 1385.0952 256.96606 123.76806
9160 86.75997 1252.1945 423.51245 111.98675
9000 87.00871 1329.748 342.93774 101.02262
8172 83.60989 1260.2544 222.78857 107.30006
8550 83.60989 1309.1196 259.2002 109.3161
8253 82.74417 1237.8342 248.63257 116.62251
8946 92.71658 1327.7484 381.1781 120.2123
8710 52.80035 1239.3921 480.0299 101.00632
8351 65.51919 1310.1864 221.09631 107.30006
8706 61.98713 1259.4246 378.06848 98.90352
8741 77.8428 1337.3812 231.01855 111.98675
8893 65.51919 1343.7375 244.20605 107.30006
8949 77.8428 1377.6292 367.63196 109.3161
9296 80.38397 1305.79 501.6001 119.73064
8515 68.74437 1332.7874 177.65332 125.24764
8985 89.89233 1328.6396 400.8734 123.76806
8926 88.07538 1398.7542 301.74182 112.73807
8266 80.38397 1258.053 231.92676 115.19083
8538 70.71254 1283.6462 244.37585 107.30006
8366 61.98713 1264.8596 339.56104 105.27278
8507 86.75997 1271.5742 296.14966 109.3161
9144 78.93966 1370.9805 371.09558 102.31753
8539 83.60989 1329.8679 279.703 115.19083
