510 167.59914 336.99304 6.61792 157.18512
603 197.09119 395.61243 11.640686 213.087
526 171.32765 345.91064 10.32489 152.26842
597 198.451 396.97226 3.0174866 197.09119
505 167.04855 334.6477 4.64917 171.32765
522 173.68564 347.9027 1.8670044 171.67844
631 185.0846 398.1716 48.556732 178.71121
600 197.23964 396.59344 7.5429688 175.222
575 179.99962 377.23926 19.092133 175.222
600 197.23964 396.59344 7.5429688 197.09119
597 197.09119 394.3308 6.0270386 213.087
615 174.21709 382.94897 59.424255 171.67844
513 167.0998 338.79755 8.45285 171.67844
572 177.11452 374.35416 20.90866 159.80043
631 185.0846 398.1716 48.556732 185.0846
624 197.09119 410.1782 17.879059 181.23859
564 152.78123 350.80438 62.189026 159.80043
