12239 138.56314 1910.4801 284.3573 168.61818
12634 133.40611 2009.1365 228.2478 174.53357
12481 141.69342 1961.619 325.6068 163.26498
12186 135.53696 1913.4418 278.37463 154.91226
12040 125.76857 1931.0345 185.58435 174.64319
12695 131.792 2048.123 229.50781 186.02533
12133 138.56314 1911.5421 237.61438 171.04549
11895 141.69342 1891.7692 267.69714 163.15564
12902 148.29288 1990.8328 321.3401 174.53357
12245 141.6561 1900.6288 289.6737 167.81146
12741 149.90413 1937.2502 410.71533 171.95918
12059 138.56314 1902.6857 214.96521 168.49812
12922 143.53703 2040.287 248.14734 171.08514
12349 134.0533 1934.4133 225.93652 167.80144
12373 131.792 1929.3735 362.39893 156.96474
12204 138.56314 1964.6274 157.11304 174.8578
12592 133.40611 2001.9928 214.97424 172.81453
12905 133.40611 2055.7922 235.16113 168.49812
12905 136.25552 2058.897 263.01562 170.60553
12184 146.85585 1911.4586 226.19275 167.81146
12291 136.25552 1974.3455 146.69385 178.81693
12671 125.76857 2025.7185 208.88867 166.8972
13029 152.09225 2056.5063 254.38232 185.18051
12705 147.52928 1932.8735 352.4912 171.04549
11974 131.792 1883.6942 245.06726 161.99841
12632 133.40611 1974.8596 291.05762 161.99841
11939 134.0533 1904.8756 203.86243 168.61818
12370 134.0533 1954.0686 302.02563 161.99841
12229 145.5904 1935.8115 241.44434 171.04549
12639 144.71611 2032.8088 221.57495 185.59195
12773 151.78658 2004.7559 232.14111 179.21344
12550 152.09225 1944.1621 360.9016 171.95918
12041 131.792 1913.2104 200.27148 170.13309
11987 131.792 1918.4792 165.20752 172.17824
12471 136.25552 1968.2993 201.72974 172.17824
12624 141.69342 1988.431 305.96643 167.48991
12355 131.792 1925.3066 229.469 171.95918
12637 151.78658 1966.5619 313.38635 171.63333
12886 144.71611 2020.7065 405.68384 174.4967
12352 131.792 1945.2462 248.93079 161.99841
12569 149.51031 1958.5193 263.88257 171.95918
12393 141.6561 1879.8177 334.94104 157.15065
12787 135.53696 1978.2013 285.6996 170.60553
12637 146.47507 1958.2981 349.0188 169.3875
12472 146.84097 1960.19 308.24585 172.8571
12560 138.56314 1913.7656 423.18506 167.05603
12125 125.76857 1931.9703 212.77966 170.13309
12575 135.53696 1994.7118 236.98914 163.26498
12634 133.40611 1986.2623 214.43982 174.53357
12241 135.53696 1941.603 258.41235 162.71527
12481 146.47507 1919.0945 279.15332 170.60553
12634 134.0533 1983.2208 339.52478 170.13309
12343 145.5904 1935.1532 292.9298 168.61818
12791 141.6561 1920.9038 412.28564 169.31316
12732 153.49106 2026.998 247.48145 176.02988
12355 135.53696 1954.6892 289.57275 156.96474
11962 134.0533 1899.2816 229.56604 163.15564
13206 148.89748 2085.459 251.32495 175.03278
12497 143.53703 1974.1235 213.36841 174.8578
12081 131.792 1900.7954 235.0232 163.15564
12379 136.25552 1939.7008 274.2694 171.04549
12173 144.71611 1944.9279 234.34119 174.8578
12856 135.71527 2019.2354 231.56763 182.35216
13277 136.25552 2087.4604 271.84814 178.81693
12249 136.25552 1908.707 323.1665 161.99841
12593 135.71527 2000.2284 309.86877 168.49812
12277 145.5904 1900.0215 277.13892 168.49812
12570 151.78658 1939.066 330.17395 169.3875
11980 131.792 1897.9033 214.00122 171.95918
12508 135.71527 1962.9741 287.6526 164.81308
12096 134.0533 1929.0625 232.56201 171.63333
12800 146.47507 1999.8202 364.4923 169.3875
12277 145.5904 1888.08 293.0326 169.45988
12697 143.53703 2022.0232 223.23022 174.8578
12295 143.53703 1991.5835 162.06665 186.16582
12268 134.0533 1972.0078 234.38257 172.8571
12590 148.48198 1980.7261 282.15356 174.53357
12421 148.86508 2001.851 176.00989 174.97682
12680 131.792 1947.8843 407.92114 168.49812
12359 133.40611 1945.9385 272.0525 161.99841
12192 133.40611 1909.1095 246.00891 161.99841
12400 141.69342 1903.8475 428.5177 163.96014
12099 146.84097 1915.214 260.58606 167.05603
