401 112.15291 255.99686 34.5278 111.75416
424 139.52573 281.90408 4.318207 119.08111
325 101.75065 213.90356 11.182373 105.07045
419 131.6733 275.51724 14.048676 119.08111
434 139.52573 279.94196 16.244812 113.29613
344 103.7502 216.68323 26.004395 105.07045
410 128.39003 268.80624 14.016418 113.29613
434 139.52573 279.94196 16.244812 119.08111
395 119.08111 248.8357 28.48346 105.07045
424 139.52573 281.90408 4.318207 131.6733
371 102.79917 232.55374 37.617035 105.07045
360 105.07045 218.00348 38.10367 104.76054
407 128.39003 268.2057 12.364441 115.16565
329 102.79917 215.73221 12.366486 105.07045
417 122.26257 263.01703 33.507996 113.29613
