9980 107.67623 1548.299 245.99329 129.3651
10241 76.67819 1551.1202 382.78833 124.86697
9296 94.37682 1427.6776 346.1151 119.222
10470 104.32045 1602.019 279.95935 135.91411
9173 93.1523 1423.3555 191.82568 156.52348
10076 115.3528 1543.0098 296.7787 137.54306
9894 76.67819 1498.4689 362.40247 122.1362
10207 108.00185 1611.5782 235.78247 141.12996
9311 105.97665 1451.7096 212.5481 125.18014
9826 104.05197 1509.2262 243.60852 135.82974
10534 93.1523 1595.2772 338.6007 142.15636
10192 108.63129 1563.6573 349.3158 123.08891
9653 97.43981 1459.6425 450.20483 121.50094
9638 101.36645 1490.7214 219.15234 129.3651
10146 102.43249 1560.5927 255.34326 122.14462
9830 107.67623 1555.3623 258.27856 129.3651
10124 105.17415 1509.4778 345.57153 124.02102
9890 94.27248 1520.7405 229.82861 140.84782
9911 103.06843 1530.113 297.0581 124.86697
10473 108.63129 1610.7094 320.67773 134.87064
9852 93.1523 1548.2351 322.6089 118.45149
9991 115.909 1568.1293 297.26416 133.52386
9611 94.27248 1500.5728 208.18994 140.84782
9979 94.27248 1436.123 477.5735 120.44604
10189 112.16941 1566.5869 289.49316 136.31915
9789 109.47255 1513.9097 226.2981 128.11613
9851 93.1523 1551.4668 231.45752 128.11613
10519 101.36645 1540.6237 403.76672 129.91858
10226 108.63129 1587.3147 280.2881 125.83985
9464 94.37682 1355.7043 466.92603 118.45149
10011 104.95368 1447.7637 375.33008 120.4745
9708 105.97665 1429.811 319.18237 125.18014
10442 105.17415 1607.6161 246.8612 128.96672
10496 113.41286 1574.4805 325.46118 141.50572
10035 108.86918 1462.163 429.15393 122.87355
10332 115.909 1634.1553 240.80896 140.84782
10358 108.00185 1579.7993 311.4452 125.83985
9844 97.43981 1548.2578 213.31592 139.65651
10157 111.53091 1530.049 303.9762 125.83985
10339 108.75415 1535.9344 347.31458 138.64104
9860 108.63129 1541.7905 273.7433 129.3651
9926 109.52561 1551.2693 229.39893 147.36087
9858 101.36645 1519.8688 306.7854 122.14462
9621 104.05197 1483.6793 248.35999 123.08891
9613 103.06843 1471.4135 263.60583 122.14462
9997 101.65392 1458.0293 423.66907 120.4745
9808 104.95368 1451.1083 367.98743 119.222
10060 108.75415 1548.706 268.56104 137.54306
9693 94.45551 1457.584 249.47559 123.03136
10287 97.43981 1538.34 282.5736 128.96672
10383 104.66827 1582.8856 327.64563 128.67598
10086 104.66827 1554.5768 252.06995 128.09222
10112 107.80118 1543.7317 272.6776 128.11613
9787 93.1523 1535.0825 240.72241 128.11613
9324 94.37682 1356.4929 316.4585 120.44604
9953 105.17415 1514.0802 292.30652 123.08891
9524 76.67819 1473.6265 265.08887 122.1362
