2687 119.96345 871.2549 49.021973 178.98338
2548 142.88564 843.97955 20.043274 175.80763
2893 153.86288 907.45215 93.20978 168.26527
2535 149.42737 810.89935 61.02191 163.86292
2674 152.7385 873.3198 61.461548 164.9951
2881 161.94368 926.0935 91.34631 178.49908
2737 153.30304 867.036 99.550964 168.26527
2704 153.70541 846.8764 102.61072 167.9446
2796 128.11784 876.79407 111.50012 159.43568
2697 145.99791 860.5929 75.2605 167.761
2676 142.93393 839.63403 126.20508 164.4875
2807 161.99843 875.6426 94.73999 171.20187
2670 142.93393 865.80054 57.291748 176.97615
2718 150.1088 846.15924 144.14386 165.38774
3011 158.9783 953.1527 152.7915 188.14505
2869 153.30304 902.91003 112.71863 167.18295
2648 148.67029 859.60767 46.751587 170.25201
2982 126.33987 940.1497 143.26093 184.73093
2974 159.76889 960.8158 57.92865 174.8939
2860 157.1795 905.2498 137.9455 167.18295
2895 155.51724 921.0642 119.58948 174.8939
2668 155.14458 841.39594 105.698364 165.75706
2773 160.82262 881.1187 89.88397 183.14975
2771 144.9216 891.98413 75.36182 167.31593
2691 152.30336 842.7357 152.52075 162.49292
2689 155.14458 868.36017 73.80237 170.50987
2772 147.17853 864.77966 133.60754 165.30528
2544 155.14458 808.75653 85.220276 174.8939
2883 159.43568 919.90466 90.66498 169.14674
2769 119.96345 895.8073 59.278137 169.44739
2823 165.30528 863.69037 138.2221 173.3207
2591 144.9216 839.6466 48.16626 159.43568
2903 159.76889 905.71387 113.772766 188.02397
2581 151.3236 832.3767 50.434998 168.26527
2769 155.1915 887.2341 115.68561 168.56285
2551 146.95068 808.5603 72.936035 161.94368
2642 153.70541 855.962 86.582214 164.4875
2729 155.49753 857.8527 107.04047 165.48412
2639 140.12907 838.19025 108.18994 160.76062
2911 165.75706 892.15906 150.15405 190.3419
2653 146.95068 837.9814 149.89404 162.2185
2780 151.13753 885.44 89.53131 168.4893
2756 140.12907 845.67535 114.246765 160.76062
2677 153.70541 856.3585 75.634155 165.18307
2627 143.89714 852.7185 45.0224 161.50957
2889 168.4893 920.67957 111.262085 174.8939
2773 144.07857 840.8471 153.07703 166.817
2658 133.49658 819.7921 115.229675 159.43568
2695 149.04271 853.032 121.920166 164.9951
2755 148.67029 877.6662 85.27118 169.14674
2729 160.50967 876.0265 75.34497 182.24394
2841 151.66461 922.7472 53.945923 183.63881
