4208 66.04369 885.3108 143.40259 103.92075
3802 77.4619 808.34045 96.04437 83.65358
3933 75.2684 802.8264 146.66003 79.9677
3865 76.0042 760.12964 176.91333 83.65358
3590 52.96056 751.8667 119.23364 83.65358
3966 66.04369 806.21564 139.40363 76.22686
3990 76.0042 829.9104 203.49011 88.97238
4030 72.85335 795.8556 192.53467 76.22686
3878 66.04369 783.3656 136.39868 93.60771
4073 75.82846 828.9552 153.79321 93.36777
3759 72.85335 741.85895 143.02399 83.65358
4097 75.82846 823.5561 183.71075 77.4619
4077 59.0252 833.8238 140.15442 103.75939
3942 54.65382 813.6817 123.94214 98.46816
3990 72.78455 800.75665 144.88129 87.27187
3790 66.04369 782.35913 128.56085 80.49599
4117 80.49599 820.771 194.7655 87.27187
4217 77.4619 847.5469 154.31482 92.92496
3956 59.0252 807.5375 140.96423 80.49599
4029 66.04369 832.4245 125.92352 98.46816
3815 72.85335 792.38995 104.50409 85.29194
4048 72.78455 826.4923 152.1239 79.9677
3996 76.0042 823.3746 184.71039 83.65358
4174 66.04369 852.81805 147.45306 83.65358
4025 76.22686 795.2592 205.89893 75.2684
4070 72.78455 824.6607 173.9931 87.27187
4087 59.0252 860.1972 160.81989 88.97238
4128 66.04369 807.6681 209.60968 87.27187
4107 72.78455 793.0429 176.47339 92.92496
3973 72.78455 794.45874 171.30475 76.0042
3844 56.63684 775.5168 156.9881 76.22686
4037 72.78455 808.39 165.53925 92.92496
3984 72.78455 769.59766 183.24298 84.29008
4099 72.78455 790.6317 192.78003 92.92496
3874 59.0252 788.2676 131.4862 80.49599
4084 78.93328 826.32 199.30292 76.0042
3918 72.78455 803.9398 158.11713 88.97238
4242 80.49599 857.6289 140.35895 103.92075
4047 72.85335 782.33777 176.5824 85.29194
3934 77.4619 797.11145 162.36987 92.92496
4135 72.78455 797.74316 227.01355 88.96828
3839 72.85335 752.51886 182.90302 77.4619
4077 59.0252 833.8237 140.15454 103.75939
4138 66.04369 816.3272 223.89862 92.41882
4096 72.78455 805.0455 170.33539 92.92496
3998 72.78455 791.3942 164.59515 92.92496
4167 54.65382 850.46735 138.41876 85.29194
3984 72.78455 769.59753 183.24316 84.29008
