2278 135.75308 724.68225 90.34912 135.75308
2248 124.95812 707.81885 78.25659 139.75119
2224 117.42927 703.2423 80.83368 113.71856
2280 117.42927 730.59344 86.56683 135.75308
2122 105.56086 677.1074 78.51013 134.5901
2327 113.71856 758.6924 46.784973 135.63007
2341 110.54152 759.111 39.919983 135.63007
2328 113.71856 733.4686 73.68945 135.63007
2224 117.42927 703.2423 80.83374 117.42927
2328 113.71856 733.4686 73.68945 142.24413
2280 117.42927 730.5935 86.56677 154.70999
2278 135.75308 724.68225 90.34918 113.71856
2343 110.54152 748.13245 76.572205 142.24413
2224 117.42927 703.24225 80.8338 113.71856
2224 117.42927 703.2423 80.83368 120.44387
2285 110.54152 735.8096 88.15625 117.42927
2224 117.42927 703.2422 80.83386 120.44387
2248 124.95812 707.81885 78.256714 135.75308
2272 135.63007 724.4324 97.197266 113.71856
2343 110.54152 748.13245 76.572266 142.24413
2327 113.71856 758.6924 46.785034 135.63007
2295 113.71856 726.1192 63.587097 142.24413
2341 110.54152 759.11096 39.920044 135.63007
2224 113.71856 703.1855 84.2522 135.75308
2305 110.54152 744.45544 45.41736 135.63007
2265 117.42927 707.94763 92.91528 113.71856
2321 113.71856 726.4289 90.49164 142.24413
2288 113.71856 727.6603 112.503296 142.66275
2139 105.56086 676.4756 75.02081 134.5901
