26307 31.61128 1962.3905 548.67224 54.21107
25877 31.61128 1921.922 540.44714 53.7794
25263 33.49905 1845.7633 605.2831 69.3874
26458 31.61128 1961.3336 725.506 44.02455
26073 37.07085 1893.6276 809.6283 55.78107
25248 31.61128 1896.4587 557.78174 53.7794
26218 33.27364 1945.8472 621.6616 53.7794
26296 31.61128 1995.3597 728.25354 50.72876
26336 33.27364 1947.9388 662.1293 54.14791
26763 33.49905 1946.3 729.4087 53.66539
25431 31.61128 1886.6803 547.0314 70.8894
25977 31.61128 1935.4976 584.1914 57.72969
26743 33.49905 1987.2191 674.7323 50.72876
26263 31.61128 1952.8187 553.1156 58.43356
26709 31.61128 1988.5875 691.1881 54.21107
26259 33.27364 1939.9097 673.2561 41.45892
26656 33.49905 1974.8168 657.71765 70.47243
26689 33.49905 1928.032 771.22363 65.55164
25243 33.27364 1882.2311 581.51184 59.85804
26058 33.49905 1890.8859 617.681 55.78107
25470 31.61128 1873.5912 580.94055 55.22795
25296 33.27364 1864.6678 630.2257 54.21107
26812 33.27364 2002.9451 616.6372 55.22795
26506 31.61128 1953.5579 708.37085 42.47851
25924 31.61128 1881.0581 613.522 53.7794
25733 33.27364 1888.3392 632.38074 54.21107
26674 34.3645 1956.7295 665.89795 44.02455
25214 34.3645 1829.2109 661.38745 67.40914
26489 33.49905 1961.6659 715.1625 60.40291
25014 31.61128 1832.6942 566.9342 57.32447
26574 34.3645 1945.0634 697.8292 55.78107
26098 34.3645 1903.4413 728.8988 58.43356
26193 33.27364 1948.3206 586.2173 58.43356
25867 33.27364 1891.3038 661.0812 57.32447
25948 31.61128 1931.2284 575.808 55.78107
25980 34.3645 1890.7391 697.14636 54.14791
25957 33.27364 1914.7922 679.87915 42.47851
26202 34.3645 1923.9476 751.55945 55.78107
26121 31.61128 1960.8488 592.2352 67.40914
26113 34.3645 1893.6279 805.1858 55.78107
