467 145.45479 296.06592 26.657715 146.43787
539 159.81966 347.3601 33.90985 139.29945
403 130.67728 265.45233 9.319153 128.49323
403 130.67728 265.45233 9.319153 130.67728
413 133.85262 273.95624 6.8013 134.77507
500 157.99124 329.94522 14.121246 156.34158
528 169.07219 341.1847 18.468262 156.34158
460 145.45479 291.89264 23.617432 150.61115
539 159.81966 347.3601 33.90985 187.54044
500 157.99124 329.94522 14.121246 171.95398
423 133.26335 278.67145 12.191467 146.43787
482 156.34158 314.33282 12.730591 171.95398
467 145.45479 296.06592 26.657715 150.61115
505 156.83743 319.10846 30.703003 139.99641
413 134.51497 269.29004 10.893127 133.26335
463 145.40811 294.9298 23.664093 139.99641
428 133.26335 279.70123 16.258362 145.40811
419 134.77507 274.8787 10.679718 133.85262
452 139.29945 293.65826 19.744934 128.33656
528 169.07219 341.1847 18.468262 156.83743
428 133.26335 279.70123 16.258362 150.61115
407 133.26335 267.77832 6.840271 134.77507
478 126.27719 285.8768 67.4523 134.77507
392 128.49323 259.1705 6.021759 134.77507
391 126.27719 257.96646 8.237762 134.77507
528 169.07219 341.1847 18.468262 172.1125
450 134.78511 292.77637 24.259277 128.33656
