10031 100.11245 1541.538 269.82605 109.67484
9250 101.93018 1407.3279 218.2373 123.80757
9870 100.11245 1520.843 225.23474 117.48178
10109 100.11245 1581.2139 239.3822 117.48178
9943 100.11245 1540.4453 220.37024 123.80757
9726 103.7563 1487.0895 340.04773 109.67484
9633 103.7563 1459.1932 271.2848 103.74214
10036 100.11245 1556.594 230.86621 116.44267
10036 100.11245 1556.594 230.86621 122.87611
9973 103.74214 1545.6578 302.14514 105.14414
9753 103.7563 1470.0182 366.06567 109.67484
9753 103.7563 1470.0183 366.06555 114.23766
9935 100.11245 1550.9489 258.52417 108.94662
9970 100.11245 1495.4882 300.91125 105.14414
9832 101.93018 1497.8555 288.66772 117.05941
9830 103.74214 1528.2124 254.8612 109.67484
9916 100.11245 1537.8687 255.85547 105.14414
9517 103.74214 1469.7288 225.8479 123.80757
9643 100.11245 1472.766 251.90271 108.94662
9633 103.7563 1459.1931 271.2849 103.74214
10068 100.11245 1539.2584 303.68298 104.97414
9633 103.7563 1459.1932 271.2849 104.97414
9633 103.7563 1459.1932 271.2849 117.05941
9866 100.11245 1502.7661 259.96143 103.7563
9883 101.93018 1501.8878 299.37305 114.23766
9973 103.74214 1545.6578 302.14526 109.67484
9424 101.93018 1444.7565 270.92126 108.94662
9520 101.93018 1474.0317 218.34827 123.80757
9647 101.93018 1496.3193 275.63135 108.94662
9998 100.11245 1508.8706 290.16357 109.67484
9878 101.93018 1522.6011 280.6477 117.48178
9597 103.7563 1475.2576 251.54297 137.30865
9955 100.11245 1521.8044 272.86 105.14414
9749 103.7563 1486.0825 349.0614 103.90331
10041 100.11245 1560.6577 244.71204 116.44267
9608 103.74214 1471.193 286.56995 117.48178
9597 103.7563 1475.2574 251.54297 117.75346
9641 101.93018 1459.8723 282.37646 103.90331
9603 103.7563 1462.7183 286.53662 103.74214
9318 101.93018 1443.0222 225.13135 123.80757
9602 101.93018 1462.1375 278.85083 109.67484
10036 100.11245 1556.5938 230.86633 116.44267
10005 100.11245 1534.9086 263.1338 117.48178
9878 101.93018 1522.6011 280.64783 117.48178
9819 103.74214 1518.3636 287.16443 103.7563
9940 100.11245 1508.5529 268.4297 103.7563
9971 100.11245 1541.0555 249.57642 117.48178
9866 100.11245 1502.7661 259.96155 103.7563
9741 103.7563 1482.5576 345.51965 103.90331
9726 103.7563 1487.0894 340.04785 103.90331
9935 100.11245 1550.949 258.5243 108.94662
9753 103.7563 1470.0182 366.0658 103.74214
9883 101.93018 1501.8877 299.3733 105.14414
9657 100.11245 1482.0629 241.50146 117.85892
9694 103.74214 1478.4443 257.28967 117.75346
10041 100.11245 1560.6577 244.71204 132.07411
9723 100.11245 1524.4658 238.36157 123.80757
9967 103.74214 1538.6521 301.14417 103.7563
9827 100.11245 1537.9305 240.64832 123.80757
9729 100.11245 1490.5769 251.45435 123.80757
9898 100.11245 1521.5797 256.93115 104.97414
9882 103.74214 1489.7517 363.03198 109.67484
9964 100.11245 1520.1692 253.99573 109.67484
9897 100.11245 1487.6462 294.01526 117.05941
9517 103.74214 1469.7286 225.84814 123.80757
9687 103.74214 1452.6084 316.17798 117.48178
9649 103.74214 1440.7288 328.12805 117.75346
