598 82.15592 289.5799 24.16272 63.51571
554 54.92068 238.97667 84.624405 60.24285
579 82.49026 282.70618 18.320587 60.47482
311 38.07038 151.49202 12.426651 82.15592
648 89.0332 301.86942 49.191376 73.17694
598 82.15592 289.5799 24.16275 63.51571
497 54.92068 221.19786 67.9319 59.26894
579 82.49026 282.70618 18.320587 89.0332
603 73.53641 257.5924 74.9393 67.7264
612 80.51785 275.8167 54.374542 73.17694
552 71.22728 268.09344 15.477356 60.24285
648 89.0332 301.8694 49.191437 91.23692
532 73.53641 239.81358 58.24681 60.47482
510 54.92068 233.28726 44.3956 60.24285
598 82.15592 289.5799 24.16272 71.22728
598 71.22728 261.504 68.98599 62.78145
