739 112.10912 365.73364 9.666199 119.42939
672 106.22484 334.43573 5.6850586 107.10871
843 113.14194 404.66037 25.850616 113.14194
806 102.62786 360.68372 87.70044 105.26381
801 113.77252 374.3797 66.40326 107.10871
782 119.42939 370.52618 48.241028 108.19735
732 112.10912 359.16806 16.684784 97.91937
795 122.06136 382.9731 31.834167 122.06136
748 112.10912 361.5446 30.925476 97.91937
785 116.99382 368.09064 43.507782 113.77252
734 101.02018 353.1494 25.572021 110.35366
758 113.77252 370.8639 25.983429 107.10871
782 119.42939 370.52618 48.241028 122.06136
732 112.10912 359.16803 16.684814 97.91937
843 113.14194 404.66037 25.850647 108.19735
843 113.14194 404.66037 25.850647 122.06136
672 106.22484 334.43573 5.6850586 123.84803
785 99.50481 373.4419 29.183777 106.22484
784 102.62786 359.2504 67.48038 105.26381
756 106.99088 349.50037 69.79443 105.26381
739 112.10912 365.7336 9.666229 111.47368
793 81.3617 366.64032 53.367676 107.10871
626 65.12663 293.73035 37.89456 97.91937
