875.77325 112.16711 418.31055 41.470764 108.74766
695.58057 92.96057 328.93164 33.621277 103.83735
687.169 96.66178 310.37762 47.22345 99.04942
735.7608 106.14812 350.99005 29.920898 110.44346
801.55286 88.00696 357.9613 80.93753 104.8258
815.0509 59.19674 346.406 113.99219 107.17459
768.0548 108.74766 335.16553 87.6651 107.17459
771.7711 107.17459 364.64545 52.08313 104.8258
800.2434 115.79839 380.58887 35.146088 113.80575
810.838 113.80575 376.31094 64.19412 108.7458
770.31354 110.44346 355.36313 56.811523 108.7458
758.9498 108.74766 350.79907 42.274445 103.83735
791.19763 104.8258 391.19904 12.16864 104.6066
831.3743 107.17459 398.48505 32.958313 108.74766
872.8634 127.06961 410.98648 70.016846 113.80575
872.86346 127.06961 410.98648 70.016815 127.34239
858.17017 112.16711 408.30804 36.99774 108.74766
703.1602 92.96057 306.6669 94.8696 99.74776
738.24023 108.7458 353.0885 31.378052 108.74766
680.75696 108.74766 332.09073 15.101532 136.09615
875.7733 112.16711 418.31052 41.470795 108.74766
