3853.1475 117.03864 1077.7528 46.427124 159.20638
3788.3228 138.8136 1043.7721 95.210815 149.62454
3849.768 116.11183 1064.8932 81.59631 149.62454
3862.8057 116.11183 1064.7433 82.03296 149.62454
3687.8962 149.62454 984.63416 115.4021 151.80461
3650.6633 149.33876 946.5734 126.38397 145.62318
3675.271 142.87265 1023.9181 58.683716 158.40257
3787.6775 142.87265 1028.0504 83.53955 149.62454
3873.5117 142.87265 1087.6736 59.97473 151.80461
3752.5845 116.11183 1039.4866 106.70691 145.20337
3759.2102 147.34499 1018.9168 94.51288 149.62454
3660.7246 148.16591 1004.64166 127.71161 151.80461
3678.251 146.81595 1015.37494 70.388855 151.80461
3785.7822 116.11183 1019.33386 145.23633 145.20337
3235.9133 120.12996 907.41565 31.177612 148.66559
3226.4863 120.12996 898.75806 37.020752 148.16591
3276.997 120.12996 897.3568 54.250916 147.05627
3216.0134 120.58631 887.959 57.686768 150.77164
3533.6255 134.31729 974.995 66.00696 145.62318
3678.7622 142.15053 964.2263 200.21667 145.62318
3590.154 145.20337 992.6554 70.05139 156.50897
3557.9219 145.20337 984.73926 64.60474 152.81738
3625.711 145.20337 1018.88556 39.0058 159.20638
3624.2214 116.11183 1016.9728 48.519897 148.47684
3758.2502 145.62318 1039.8986 86.63574 149.33876
3782.8945 142.87265 1064.543 65.16528 149.62454
3673.5156 139.43135 935.46606 171.52588 145.04329
3785.736 147.03775 1024.106 102.53528 156.002
3814.635 147.03775 1037.3926 112.87463 151.80461
3755.854 138.8136 1040.6458 51.192017 156.50897
3655.2976 139.43135 1015.13885 53.54828 156.50897
3664.3384 139.43135 991.40607 138.89764 146.76599
3630.1619 140.76094 963.8492 142.44135 146.81595
3659.0864 140.76094 953.85077 158.42719 145.62318
3713.6821 109.15797 1036.9215 50.786377 148.11465
3755.2065 138.49104 1029.3428 72.2948 145.20337
3710.7708 138.49104 1030.5194 80.32568 145.20337
3651.3599 140.63513 986.8428 93.75903 140.76094
3700.6602 139.43135 998.5177 82.650024 147.34499
3606.656 132.29478 1008.098 49.75708 150.77475
3613.5708 139.43135 992.47076 89.387634 146.76599
3536.566 142.87265 943.1427 116.92163 143.94437
3562.4365 142.25969 969.0135 101.39813 140.76094
3575.6677 139.43135 981.4322 81.18109 142.29216
3535.809 139.22101 989.0731 53.0166 150.77475
3754.8108 146.81595 1032.6702 82.810425 151.80461
3615.675 147.03775 976.3447 106.67859 147.34499
3515.1074 147.03775 978.78064 58.13684 156.50897
3573.7502 147.03775 972.4913 73.99628 148.47684
3575.0142 147.03775 972.4708 99.44739 148.47684
3588.3867 148.66559 983.8072 87.701355 149.62454
3528.6802 148.47684 971.0897 80.743286 148.66559
3632.5461 146.81595 998.5957 79.62268 149.62454
3528.68 148.47684 971.0897 80.743164 148.66559
3552.144 145.20337 986.0825 58.658325 149.62454
3570.3665 145.20337 981.10803 61.432007 154.6745
3552.1443 145.20337 986.08246 58.65851 149.62454
3578.8032 147.03775 987.52954 81.52881 149.62454
3543.561 141.64267 978.0237 109.15784 146.81595
3515.0867 140.76094 962.22614 74.34393 146.81595
3770.7056 149.62454 1011.7864 136.16089 160.5631
3718.2927 154.6745 1019.99384 109.013 156.50897
3732.556 147.03775 1029.1559 99.829956 170.66707
3723.5586 148.66559 1009.818 105.09888 156.50897
3703.6672 154.6745 1023.8639 73.52124 157.1538
