7718.896 156.74846 1644.9268 107.83594 188.35666
7855.671 181.7072 1694.6451 135.22949 182.50279
7423.6455 169.2478 1593.6815 105.233154 174.63663
7789.479 184.04543 1628.4531 206.09314 180.78838
7644.7197 181.57977 1650.9258 82.15662 177.18243
7027.7554 158.1165 1504.1871 131.52539 169.7106
7476.853 174.63663 1539.37 226.7478 171.08647
7574.3784 167.01422 1579.4302 211.10474 174.13953
7694.4233 174.13953 1581.427 229.88977 171.51328
7471.174 169.2478 1592.3252 161.67505 171.51328
7723.484 166.85081 1639.7554 146.82043 172.76732
7050.3086 160.6915 1484.2675 144.7622 171.51328
7128.071 158.1165 1523.9556 127.1228 171.51328
7018.4595 158.1165 1497.1156 103.02295 173.22226
6902.487 158.1165 1484.1649 99.18616 173.22226
7800.5137 182.50279 1639.4883 199.54492 182.50279
7792.7 182.50279 1632.8646 176.22803 181.7072
7734.345 181.57977 1646.4049 122.19348 175.97603
7737.5684 166.85081 1649.627 122.639404 182.50279
7658.856 156.74846 1655.6204 116.09131 191.6762
7686.53 182.50279 1637.3855 127.37134 177.18243
7693.162 156.74846 1644.0175 110.09827 182.50279
7027.8813 158.1165 1494.0969 199.41309 169.7106
7104.65 158.1165 1491.2329 180.53711 169.7106
7160.9277 158.1165 1495.0544 211.4524 169.99121
7258.45 157.82498 1474.4247 213.30676 169.97078
7137.131 148.37038 1429.8186 210.29712 169.97078
7134.0615 163.62434 1502.0675 164.39001 169.99121
7233.607 167.01422 1521.729 138.10498 171.56995
7394.408 156.74846 1592.2949 107.36206 172.14256
