19382.014 7.20833 741.0096 77.5683 11.00818
16488.422 5.60625 602.5368 124.31598 10.65833
19135.791 7.37631 643.2824 176.87463 11.00818
19224.762 7.25741 671.16406 151.05878 10.75546
19265.21 7.25741 669.8191 152.53351 11.24589
17068.922 5.47449 629.4718 131.16284 10.6
17186.682 5.75326 625.3662 128.8609 10.54988
18953.953 7.35527 681.3168 140.56165 11.22052
19211.576 6.36553 698.65875 129.9325 10.76894
19384.768 6.66858 690.7856 139.59753 11.26499
17995.52 5.74195 643.2227 119.6189 10.84343
19295.611 7.20833 742.37225 86.17279 11.00818
19452.4 6.73276 750.95123 76.04419 11.45164
19428.402 7.20833 749.6898 73.483765 11.27342
19225.69 7.25741 659.70264 158.41083 11.00818
19466.928 5.37587 754.9155 83.69318 11.49913
18749.78 7.25741 686.10486 125.56793 10.7694
19355.703 7.25741 737.6584 88.518616 11.45164
19401.252 5.37587 722.86707 103.34509 10.8379
16103.019 6.48537 573.5497 145.79553 10.27765
16130.111 4.56618 579.8118 147.89667 10.27083
18598.188 6.92532 692.31885 122.85852 10.99727
16834.117 6.11719 619.4733 111.75604 10.98727
19455.15 5.37587 752.205 82.98511 11.23833
17000.797 5.15461 618.29 115.857544 10.73499
19431.346 5.37587 753.44574 77.63916 11.49913
18264.78 9.38509 620.47894 187.13922 9.89798
18495.773 9.9 643.9629 150.2987 9.92371
18653.578 10.02148 668.0103 151.14825 10.02647
18370.434 9.7811 663.74835 132.53741 10.36822
16245.476 4.58039 601.05756 145.41705 10.32327
