129404.73 122.43136 6757.638 626.87744 148.81927
129242.34 113.14942 6732.1763 656.1416 147.45378
128487.64 123.52054 6594.339 693.7451 146.72157
129026.93 123.81409 6714.047 609.2539 155.68494
129157.8 123.81409 6622.8486 683.3091 150.68959
129368.55 122.43136 6721.5176 647.5669 147.45378
129237.89 123.81409 6747.786 627.8086 153.41919
129270.87 106.63748 6731.617 621.812 150.68959
129027.53 123.81409 6560.955 734.20215 147.03877
128353.336 123.24324 6635.9404 673.98535 149.90457
128496.86 106.63748 6714.6855 614.29736 149.67123
129139.93 122.43136 6692.9478 598.2256 154.28375
129434.414 122.43136 6787.3936 542.2173 162.33377
126319.44 142.50319 6354.7207 908.0405 142.50557
125945.54 142.50557 6364.4565 855.6787 142.50319
126221.86 142.50557 6158.1045 1077.2588 145.10898
126557.44 142.04971 6364.206 864.9336 142.99063
126849.3 141.46008 6527.3413 704.5947 151.2861
126868.05 140.47026 6430.5967 808.06104 145.14844
126421.94 140.47026 6455.7607 829.76855 140.73134
124928.59 138.94272 6150.6465 1057.3716 138.6243
125270.836 140.73134 6376.7446 765.65967 145.35521
