19002.73 7.40675 690.80066 119.17651 11.51955
18959.445 7.2208 715.9013 103.02948 11.00364
18703.436 7.57958 653.1267 166.60553 11.27652
18968.092 6.96778 703.7456 122.651855 10.5513
19101.604 7.3253 699.5608 120.67938 11.16288
19263.033 7.1211 673.4295 151.57593 10.67239
18302.98 7.25879 675.93 114.73181 11.26144
19357.367 7.1211 750.2645 74.34381 10.71634
19220.512 7.19792 740.00604 85.92297 11.01272
19361.818 6.98212 754.54297 71.08917 10.85495
18220.809 9.6902 676.2922 110.25592 10.28056
18403.102 9.97146 674.89124 128.42651 10.01698
15714.29 4.5111 569.96576 112.99951 10.24695
16685.654 5.91016 542.71783 232.58752 9.82548
