7316.9023 9.09407 820.95087 319.8188 26.77596
7634.4272 4.3254 912.8624 187.28003 38.50505
7541.407 4.3254 845.9518 267.27966 29.28648
6548.7163 19.99211 701.2002 414.2379 29.36699
6525.0693 18.37289 651.6369 399.6541 29.36699
6985.441 3.41494 716.8256 420.18927 26.21495
7057.18 8.25139 826.2316 243.54767 30.0373
7427.921 6.03521 880.10583 272.90662 33.09188
7600.0146 9.09407 928.12854 198.61292 38.33129
7551.9106 4.3254 892.992 242.34198 34.64907
6513.2676 19.99211 699.5911 414.9759 17.51422
6487.7915 21.51581 678.77985 407.13654 20.82905
6587.693 13.81957 732.34283 342.5489 22.21844
6391.985 20.64232 637.0072 476.57727 19.99211
6317.0654 21.60812 627.5107 446.62653 19.99211
6534.1636 18.75478 652.6702 438.05963 19.70974
6533.718 17.37529 677.12695 504.08374 27.62561
6597.6694 19.99211 699.1923 404.56 29.36699
6282.1807 23.03474 633.36224 500.81415 26.21495
7629.0444 4.3254 941.2793 184.71777 42.38684
7643.082 6.03521 949.20667 185.13855 42.66518
7227.9463 9.09407 857.0352 241.02911 34.64907
6751.6943 3.41494 737.90735 270.33075 28.17564
6842.131 3.11481 811.67725 200.84521 30.77288
7659.777 4.3254 944.6093 200.15204 38.33129
7577.761 9.08314 892.59204 223.89319 35.22947
7502.8267 6.03521 882.0152 287.09357 34.64907
7651.1323 6.03521 928.94275 203.9386 38.50505
6245.45 13.2815 691.97437 307.61255 23.49004
7651.133 6.03521 928.9427 203.93866 38.50505
6491.7925 16.55389 695.5578 350.7697 22.6857
5996.726 16.94896 631.77454 314.5641 26.35776
6349.164 22.01747 665.28876 417.8432 22.53658
6643.4595 8.66173 702.03064 327.23364 25.52544
6595.7817 10.47395 718.06964 252.38397 24.7509
6465.717 18.37289 646.061 399.4682 29.36699
7411.7437 8.66173 851.6913 239.91028 30.77288
7579.0063 4.3254 871.34436 244.54504 32.2121
7080.901 5.80426 807.30597 292.5711 27.62561
6671.5063 8.25139 752.2177 350.2896 25.61572
7652.353 4.3254 944.5819 194.12744 38.33129
7536.0137 6.03521 886.235 307.59387 34.64907
7628.8237 9.08314 915.7503 239.90521 38.33129
7553.5083 4.3254 845.84784 269.97528 29.28648
7477.6167 9.09407 771.21954 344.4981 28.56166
7612.852 9.09407 906.45575 230.46185 38.50505
7431.4575 6.82983 853.6109 256.74188 33.09188
7625.8535 4.3254 945.607 179.48114 40.55643
6840.7095 6.03521 735.18195 288.9721 28.3981
6903.104 6.82983 727.2693 362.81372 25.31491
7130.346 8.4868 861.0487 281.5133 30.40059
6926.041 6.03521 712.35223 429.02716 26.20491
7064.596 10.19582 766.8905 286.37463 28.78408
6688.4995 3.11481 760.7058 212.95581 30.2279
7360.9585 6.82983 872.4553 244.25879 34.64907
7516.0454 9.09407 841.5377 264.51477 29.28648
7635.573 4.3254 945.1535 177.66803 42.66518
7038.2866 3.41494 807.06384 227.06152 30.40059
6347.618 10.98809 654.08826 327.37323 24.56118
7400.1577 6.03521 882.58685 244.82672 33.09188
7572.243 4.3254 914.89557 249.95966 34.64907
7616.317 8.4868 903.24426 206.2362 38.50505
7098.024 3.11481 782.2387 288.18842 26.91926
6262.326 3.6656 701.21893 249.01465 28.07888
7546.031 4.3254 866.8737 249.85016 31.29347
7109.6846 9.09407 787.96313 297.22742 27.62561
7283.074 6.03521 869.60657 180.04724 33.09188
7507.672 9.09407 924.16785 197.40698 35.22947
7489.467 9.09407 894.48193 252.31543 34.64907
6860.04 3.41494 795.1315 225.26099 30.40059
6725.746 10.93273 789.79 215.06055 33.09188
7391.6455 8.4868 900.4867 159.67334 38.33129
7151.7686 8.4868 851.4153 270.69897 30.40059
7273.4976 4.3254 816.2219 269.59607 28.78408
7624.116 6.82983 943.3534 173.32593 38.33129
6190.0273 12.62948 695.0541 323.05457 27.51733
7415.3857 4.3254 860.09235 299.7802 30.0373
7649.99 6.03521 926.78326 206.53656 38.33129
7017.153 3.6656 853.7831 177.98059 33.09188
7563.075 6.03521 846.23755 281.0614 30.77288
7145.7476 3.11481 887.45435 156.03552 35.22947
6779.3384 10.83634 789.1374 218.34216 30.0373
7600.5996 9.09407 915.75 235.5321 35.22947
7530.768 6.03521 916.82416 222.47723 35.22947
6994.0815 3.11481 762.69135 354.1275 26.20491
7472.5073 9.08314 765.7249 335.67816 28.17564
7334.8867 5.92998 902.2237 191.17316 33.09188
6885.3975 3.6656 733.7537 397.87677 26.20491
7593.593 6.03521 925.43176 162.46301 38.33129
7367.0215 5.80426 902.52795 213.07776 34.64907
7227.096 3.11481 876.186 190.77618 35.22947
6665.683 3.11481 783.7028 217.98608 30.40059
6284.0537 15.11578 675.9687 339.9178 30.21963
7496.383 4.3254 774.8177 339.1944 28.17564
7529.218 6.82983 875.61816 271.40125 34.64907
7650.874 4.3254 943.1045 189.62964 38.33129
7590.793 4.3254 931.2648 186.72449 38.01073
6446.839 3.6656 732.3262 226.01111 28.95294
6299.119 10.24273 679.2256 290.00464 24.43549
7635.3906 4.3254 942.0781 204.28516 35.22947
6602.0444 3.11481 807.9538 153.20984 34.64907
7334.172 3.11481 824.2412 317.84998 28.07888
6335.4004 4.13811 728.66376 262.53058 29.28648
7496.256 6.03521 773.04944 336.77124 28.17564
7625.2017 9.09407 918.8052 230.87512 38.33129
7634.513 4.3254 941.2009 199.18713 35.22947
6282.266 9.08314 641.6142 298.30548 23.91942
7538.732 6.03521 844.8574 263.82104 29.28648
6909.091 6.82983 826.0122 216.0592 33.09188
6070.7534 9.04912 661.3177 336.57172 20.82905
6881.8564 9.09407 751.8788 345.85437 23.21754
7398.6113 6.03521 900.2165 246.68622 34.64907
7479.5493 4.3254 784.09546 320.65112 28.56166
7639.2505 5.80426 938.4367 182.69366 42.19945
7644.0244 6.82983 937.24286 190.86127 38.33129
5870.56 12.2174 679.1776 246.98651 34.46936
6751.2705 10.24273 714.9662 361.29724 26.20491
7247.679 3.6656 907.88684 198.8761 34.64907
7562.331 6.03521 920.25946 228.37433 35.22947
7008.671 9.45388 716.495 441.4032 25.47872
7495.588 6.03521 773.39746 335.98474 28.17564
7397.2856 4.3254 831.2565 273.94604 28.17564
7633.838 6.03521 948.8192 171.3479 42.47788
7512.3115 5.92998 892.8887 249.77197 34.64907
7566.015 9.08314 859.23474 247.33179 34.64907
6858.3306 9.09407 757.0104 371.46582 26.7055
6759.274 6.03521 744.96857 339.039 25.06802
7546.2686 5.80426 840.14246 277.8844 31.29347
6702.6777 9.11921 796.3307 305.1809 30.21963
6789.498 6.03521 748.9365 281.28235 27.37853
6650.7075 10.19582 764.1255 267.27588 29.39395
7221.5776 9.09407 848.5085 305.46283 30.40059
6990.7026 6.03521 853.4757 177.84875 35.22947
7318.0024 10.98809 853.51715 253.39227 38.01073
7651.132 6.03521 928.94275 203.93848 38.50505
7594.51 5.80426 924.0067 161.50403 38.40141
7172.4673 9.11921 834.15704 357.92316 30.0373
7604.105 9.08314 912.6951 244.56232 35.22947
6629.949 10.19582 749.2839 271.3496 24.7394
7408.768 5.80426 774.38745 338.37195 28.17564
