52878.914 48.57425 3097.6921 912.3716 77.61024
52358.293 36.33923 3223.5564 741.2627 73.32973
51618.285 45.73336 3135.546 793.2849 82.48898
52882.953 36.33923 3173.015 844.64087 73.00068
53355.48 36.33923 3172.9907 881.7732 72.82789
53551.605 43.66964 3377.1733 658.79614 77.49073
53246.832 36.33923 3297.96 660.0642 77.12408
53628.77 36.33923 3410.5586 660.3015 77.49073
52844.418 43.66964 2660.736 1345.7219 72.33237
47345.35 38.22171 2852.0647 603.1399 93.82481
53634.52 36.33923 3416.3328 598.3684 78.19034
53237.45 43.66964 3098.8445 962.1958 77.35117
53473.758 38.22171 3340.2327 682.33716 74.01904
48513.387 39.04208 2951.4146 627.8589 88.18596
53259.293 36.33923 3296.1367 647.54956 77.8105
53272.156 38.22171 3313.8323 656.89575 78.57414
48149.723 58.82927 2849.9578 720.9851 86.2778
51566.61 70.63095 2826.9229 1184.0757 70.05326
50296.54 66.6605 2951.8914 995.8816 66.39945
50564.61 67.64246 2977.022 985.4922 68.04924
46584.633 45.92375 2766.3096 754.6238 81.83658
51759.71 67.64246 3026.959 957.6111 68.37698
50632.598 66.39945 3047.5393 902.4104 67.54603
50884.426 67.1209 3074.065 938.50366 66.74837
51529.715 67.41291 2836.3027 1157.0093 68.04924
52258.04 67.64246 3145.616 836.5735 68.42986
50238.125 68.04924 2889.4407 1026.4807 72.7438
46715.477 52.53377 2743.902 802.39087 77.43421
51580.24 65.46994 3011.5112 963.0571 67.1209
51133.05 69.29471 2978.0808 981.05493 72.82789
45395.69 41.57807 2649.5588 756.18774 77.43421
45453.16 36.33923 2801.2595 548.6011 89.24748
