7060.6035 43.02202 1109.2251 126.76892 74.43851
6823.356 34.30858 920.7934 311.65436 64.66654
6193.1567 37.02857 977.4188 142.78748 73.39449
6824.737 35.6964 1050.7216 220.89941 65.77544
6796.855 41.91291 1008.712 225.02667 60.84615
7006.8804 32.08496 1114.2351 97.7229 68.02489
6816.984 26.64654 1009.9141 192.22162 61.88343
6739.7026 26.33491 1059.46 155.7843 65.56113
7096.11 24.83442 1095.3625 198.104 76.21087
6845.002 32.08496 1056.6053 152.59619 67.74534
6539.9873 36.86383 1004.4486 168.45776 67.2597
7011.0386 43.27327 1046.3767 190.85828 65.06538
6785.4907 43.02202 1012.75916 183.5835 67.59782
7086.0684 24.83442 1136.9075 116.5708 76.21087
7071.253 43.27327 1085.7811 165.34326 68.72882
6956.7754 26.33491 1052.5449 195.39087 65.06538
6719.231 32.67483 1045.2634 134.22302 65.77544
7100.3804 26.64654 1094.9658 138.86353 76.21087
6626.6064 32.64738 1000.1764 199.73267 64.95645
7048.156 26.33491 1090.6348 170.17908 69.49595
6072.1113 12.0222 916.6322 215.6969 56.81541
6737.882 43.29747 1021.3126 214.53723 63.29283
6932.9917 44.4066 1079.8036 150.76941 69.71666
6192.619 32.08496 972.86566 122.436584 62.19437
7090.776 24.83442 1108.3816 148.92786 69.69477
6907.0654 43.02202 914.23846 311.46417 60.99189
6386.411 60.40619 905.94653 249.12903 53.28449
6516.641 63.20523 951.08405 224.15973 68.48935
6452.254 58.35139 970.9377 203.19647 57.51766
6347.2476 55.72735 942.05786 181.36243 57.20359
6777.5444 64.62117 943.68585 247.216 61.09666
6420.1953 57.20359 937.1388 245.5216 55.29988
6621.433 61.55199 963.98346 235.5373 58.65578
6484.7886 61.44586 948.35736 285.24933 57.66101
6586.351 63.55306 836.58203 337.38623 57.75995
5414.4204 43.78222 833.6301 157.37311 58.70201
5992.9805 47.89979 935.9762 126.64905 63.94848
6410.066 58.65578 898.0458 268.38647 56.04411
6428.6675 65.04 968.46655 197.71289 63.87067
6382.327 53.15207 960.6196 198.22998 57.44123
5833.5337 44.34543 903.85565 176.8891 58.37429
6114.1147 55.83956 916.8719 242.71942 56.52375
6493.644 57.95742 886.18884 295.50415 57.40421
6571.039 63.11359 1020.8109 186.54224 58.65578
5724.7695 20.45957 858.3664 171.7702 62.17474
6550.3047 55.5852 839.74084 333.2356 57.47566
6789.5337 47.74063 839.7062 369.3059 63.11359
6796.8184 43.27327 846.94794 376.5208 66.35283
6787.439 47.54001 854.09595 359.8103 63.87067
