19341.86 6.64981 742.7285 73.8349 11.40219
19329.678 7.76015 722.42865 86.98773 11.36486
19410.055 6.03158 708.97797 106.080444 10.99273
19448.656 6.03158 756.73376 58.191772 11.241
19376.39 6.03158 738.2363 78.27527 10.95399
17348.96 4.51553 653.34375 102.5202 10.93435
19389.092 6.03158 690.6175 127.794556 10.95171
19362.492 6.94046 690.32 126.329285 11.077
19426.193 6.03158 752.2464 69.355896 11.03947
17257.309 6.16117 653.3596 95.69635 10.80972
19285.752 7.4054 711.39417 99.37439 11.12789
19311.906 6.94046 736.4536 79.75958 11.00364
19459.5 6.03158 756.6474 60.4317 11.09009
19295.19 6.94046 715.36774 95.63849 11.077
19439.844 6.03158 742.6972 73.72357 11.03947
19057.258 6.64981 730.7632 65.977295 11.53473
17697.264 5.96573 651.93207 120.53119 10.85541
19387.613 6.03158 698.3614 119.289795 10.99273
16301.772 4.51553 593.5199 117.46979 10.55178
19171.633 7.34234 728.0986 90.65466 11.5862
19426.2 6.03158 738.84216 77.189026 11.03947
19128.85 6.03158 696.34766 118.559326 10.90642
19380.578 6.03158 730.55505 90.72662 11.11215
19387.643 6.03158 683.88116 130.91956 11.6413
18566.168 9.97998 624.1052 182.81677 9.88484
18537.945 9.992 673.3661 136.5877 10.02597
18147.682 9.06366 662.8222 119.87683 10.86968
18396.406 10.02597 671.10596 121.16455 10.19265
18408.275 9.87725 682.4765 124.68439 9.96845
