7792.7 182.50279 1632.8647 176.22803 201.64563
7020.7876 156.82692 1467.2272 163.55676 169.91818
7489.84 164.20447 1583.6222 119.09314 171.51328
7214.441 156.74846 1559.3546 104.01172 181.57945
7308.9624 166.995 1536.7726 181.56494 169.7106
7301.3037 177.49312 1562.2153 186.8302 171.08647
7789.478 184.04543 1628.4534 206.09277 180.78838
7681.9424 181.7072 1604.1329 201.79248 175.97603
7312.613 169.2478 1516.9634 204.47327 170.07141
7524.8716 179.38376 1613.7473 126.65869 175.97603
7175.295 164.54955 1517.256 148.82275 170.07141
7198.606 157.265 1549.166 95.628174 185.38005
7572.5186 178.14653 1591.4773 137.54895 171.51328
7686.5312 182.50279 1637.3855 127.37158 182.50279
7599.5513 181.57977 1633.8057 109.89746 177.18243
7443.095 171.51328 1553.8822 202.7262 171.08647
7555.232 182.50279 1553.326 236.51978 180.09651
6627.4 147.8012 1439.0939 62.65222 191.3263
7033.243 164.45074 1520.9385 92.84778 174.7367
7014.399 166.23059 1527.0393 75.42493 181.57945
7351.3887 174.7367 1573.7067 102.0376 185.95882
7786.227 181.57945 1667.2845 137.90076 171.51328
7482.1313 135.31004 1523.7322 254.89941 170.16061
7119.7856 155.74196 1538.8677 93.3042 187.54404
7616.796 166.85081 1642.2738 113.07556 180.78838
7696.981 172.76732 1644.0093 130.44373 181.7072
7855.671 181.7072 1694.6453 135.22937 182.50279
7388.9097 151.34694 1584.2836 109.31238 201.4187
7468.925 170.16061 1537.9681 230.17065 169.7106
7371.5854 151.34694 1583.8755 105.96924 181.69229
