69.39484 69.39484 69.39484 0.0 65.11695
105.45971 105.45971 105.45971 0.0 67.6312
115.66267 115.66267 115.66267 0.0 95.93041
121.24863 121.24863 121.24863 0.0 98.39362
109.69799 109.69799 109.69799 0.0 69.14738
115.52646 115.52646 115.52646 0.0 83.06258
104.23495 104.23495 104.23495 0.0 77.60063
121.24863 121.24863 121.24863 0.0 102.38081
109.9808 109.9808 109.9808 0.0 80.73903
85.65445 85.65445 85.65445 0.0 67.6312
107.85876 107.85876 107.85876 0.0 79.97657
112.60157 112.60157 112.60157 0.0 98.39362
115.52646 115.52646 115.52646 0.0 115.52646
111.40755 111.40755 111.40755 0.0 96.78043
103.78619 103.78619 103.78619 0.0 71.76292
106.36067 106.36067 106.36067 0.0 98.39362
88.49314 88.49314 88.49314 0.0 95.80834
