7540.321 0.04 271.14 62.23001 1.38
7397.875 0.02 261.21002 66.52002 0.91
7557.344 0.02 278.09 55.410004 1.06
7575.788 0.0 264.95004 85.08002 1.04
7451.3945 0.0 281.80994 52.000122 1.2
7279.8896 0.02 257.84003 66.15994 1.03
7235.0366 0.03 259.78998 56.170044 1.06
7581.576 0.0 272.4 79.31998 1.14
7509.819 0.03 272.47998 66.95007 1.19
7519.476 0.04 275.47998 58.880005 1.29
7217.6104 0.06 254.82 81.620026 1.1
7524.8433 0.05 269.08002 73.43997 1.14
7122.2007 0.05 225.4 96.05005 1.08
7436.8105 0.02 276.2 51.75 1.47
7500.775 0.04 273.75 75.619995 1.04
7025.3994 0.01 259.32004 49.409912 1.2
7039.294 0.0 256.49005 51.17993 1.12
7505.2925 0.01 273.3 50.669983 1.17
7507.7324 0.0 278.27994 51.50009 1.02
7647.114 0.01 280.98 60.939972 1.32
7576.9937 0.01 280.72003 61.98999 1.28
7492.833 0.01 272.38998 55.090057 1.15
7560.1646 0.01 276.46002 67.91995 1.23
7541.5303 0.01 275.21 59.689972 0.93
7574.317 0.0 275.72998 55.850067 0.9
7567.5356 0.02 260.23 74.860016 1.32
7574.43 0.01 261.88 81.72998 0.95
7473.2695 0.01 278.10004 64.72995 1.25
6782.05 0.8 217.88998 94.1001 0.74
6875.0327 0.54 239.12001 79.260025 0.72
6630.6807 0.51 234.58 59.799942 0.74
6993.4 0.75 245.14001 73.140015 0.74
6797.005 0.81 234.68 93.46002 0.78
6775.7495 0.65 236.12994 72.87009 0.78
6680.875 0.74 227.39 98.07002 0.69
6721.0947 0.73 223.49995 86.71007 0.7
6896.7217 0.69 221.10002 119.219955 0.69
6756.837 0.73 221.41 85.83005 0.7
6835.32 0.7 232.73999 80.400024 0.64
7020.9883 0.65 227.96002 103.100006 0.82
6878.612 0.72 235.01 84.479996 0.67
6760.5195 0.74 229.31999 93.91005 0.72
