1153.0 0.0 103.0 25.0 1.0
1163.0 0.0 101.0 33.0 2.0
1160.0 0.0 105.0 26.0 1.0
1139.0 0.0 102.0 28.0 1.0
1109.0 0.0 101.0 27.0 1.0
1098.0 0.0 99.0 27.0 1.0
1128.0 0.0 102.0 30.0 1.0
1051.0 0.0 93.0 27.0 1.0
969.0 0.0 89.0 21.0 1.0
1171.0 0.0 105.0 34.0 1.0
1011.0 0.0 90.0 26.0 2.0
1154.0 0.0 100.0 28.0 1.0
1126.0 0.0 98.0 40.0 1.0
1100.0 0.0 96.0 31.0 1.0
1152.0 0.0 96.0 39.0 1.0
998.0 1.0 85.0 35.0 0.0
976.0 1.0 88.0 22.0 1.0
987.0 1.0 88.0 26.0 1.0
1062.0 1.0 91.0 41.0 1.0
975.0 1.0 84.0 26.0 1.0
1055.0 1.0 86.0 31.0 1.0
1006.0 1.0 83.0 39.0 0.0
1054.0 1.0 90.0 31.0 1.0
1046.0 1.0 79.0 43.0 0.0
1063.0 1.0 84.0 43.0 1.0
968.0 1.0 81.0 27.0 1.0
1006.0 1.0 81.0 33.0 1.0
951.0 1.0 79.0 27.0 1.0
1027.0 1.0 83.0 40.0 0.0
1049.0 1.0 88.0 36.0 1.0
1056.0 1.0 83.0 52.0 1.0
1070.0 1.0 79.0 56.0 1.0
990.0 1.0 83.0 35.0 1.0
1048.0 1.0 86.0 36.0 1.0
966.0 1.0 86.0 29.0 1.0
1030.0 1.0 85.0 40.0 1.0
1067.0 1.0 82.0 49.0 1.0
1017.0 1.0 86.0 38.0 1.0
1064.0 1.0 80.0 47.0 3.0
1028.0 1.0 86.0 40.0 2.0
958.0 1.0 81.0 31.0 2.0
957.0 1.0 78.0 38.0 0.0
1058.0 1.0 82.0 43.0 1.0
965.0 0.0 78.0 31.0 0.0
1034.0 1.0 87.0 41.0 1.0
968.0 1.0 78.0 44.0 0.0
955.0 1.0 75.0 43.0 0.0
944.0 1.0 74.0 42.0 0.0
946.0 1.0 80.0 32.0 1.0
1031.0 1.0 80.0 45.0 0.0
1016.0 1.0 82.0 34.0 1.0
964.0 1.0 81.0 36.0 2.0
947.0 1.0 74.0 37.0 1.0
861.0 0.0 66.0 35.0 0.0
982.0 1.0 80.0 48.0 1.0
981.0 1.0 80.0 43.0 1.0
943.0 1.0 74.0 41.0 1.0
920.0 0.0 81.0 27.0 1.0
931.0 0.0 76.0 31.0 1.0
901.0 0.0 72.0 34.0 1.0
