16685.0 0.0 376.0 80.0 0.0
16684.0 0.0 375.0 81.0 0.0
16748.0 0.0 386.0 82.0 0.0
16734.0 0.0 372.0 102.0 1.0
16588.0 0.0 383.0 74.0 0.0
16715.0 0.0 372.0 107.0 0.0
16709.0 0.0 363.0 107.0 0.0
16670.0 0.0 387.0 76.0 0.0
16578.0 0.0 378.0 100.0 0.0
16478.0 0.0 368.0 100.0 0.0
15058.0 0.0 329.0 107.0 0.0
15161.0 0.0 310.0 147.0 0.0
14971.0 0.0 321.0 99.0 0.0
14838.0 0.0 301.0 119.0 0.0
14881.0 0.0 306.0 128.0 0.0
14754.0 0.0 300.0 105.0 0.0
14867.0 0.0 300.0 138.0 0.0
14868.0 0.0 301.0 140.0 0.0
14857.0 0.0 311.0 120.0 0.0
14747.0 0.0 298.0 127.0 0.0
14468.0 0.0 312.0 94.0 1.0
14556.0 0.0 308.0 101.0 0.0
14697.0 0.0 316.0 112.0 0.0
14439.0 0.0 316.0 113.0 0.0
14386.0 0.0 314.0 97.0 0.0
14644.0 0.0 308.0 123.0 0.0
14494.0 0.0 320.0 145.0 0.0
14622.0 0.0 315.0 103.0 0.0
14539.0 0.0 313.0 97.0 1.0
14396.0 0.0 304.0 101.0 0.0
14371.0 0.0 321.0 92.0 0.0
14441.0 0.0 307.0 103.0 0.0
14269.0 0.0 302.0 104.0 0.0
14641.0 0.0 315.0 112.0 0.0
14566.0 0.0 310.0 131.0 0.0
14077.0 0.0 302.0 101.0 0.0
14261.0 0.0 313.0 96.0 1.0
14448.0 0.0 305.0 114.0 0.0
14579.0 0.0 305.0 122.0 0.0
14424.0 0.0 299.0 111.0 1.0
14327.0 0.0 307.0 107.0 0.0
14438.0 0.0 302.0 114.0 0.0
14227.0 0.0 301.0 97.0 0.0
14348.0 0.0 311.0 118.0 0.0
14763.0 0.0 287.0 152.0 0.0
14810.0 0.0 278.0 151.0 0.0
14436.0 0.0 305.0 119.0 0.0
14577.0 0.0 306.0 120.0 0.0
14522.0 0.0 301.0 117.0 0.0
14520.0 0.0 300.0 126.0 0.0
14759.0 0.0 298.0 134.0 0.0
14544.0 0.0 297.0 124.0 0.0
14357.0 0.0 303.0 143.0 0.0
14698.0 0.0 299.0 128.0 0.0
14736.0 0.0 297.0 134.0 0.0
14713.0 0.0 282.0 150.0 0.0
14434.0 0.0 294.0 134.0 0.0
14830.0 0.0 281.0 157.0 0.0
14475.0 0.0 291.0 131.0 0.0
14168.0 0.0 298.0 143.0 0.0
14497.0 0.0 300.0 150.0 0.0
14290.0 0.0 289.0 126.0 0.0
14663.0 0.0 292.0 133.0 0.0
14678.0 0.0 279.0 148.0 0.0
14563.0 0.0 297.0 135.0 0.0
14377.0 0.0 292.0 131.0 0.0
14654.0 0.0 291.0 133.0 0.0
14348.0 0.0 296.0 131.0 0.0
14187.0 0.0 296.0 130.0 0.0
14273.0 0.0 294.0 128.0 1.0
14456.0 0.0 287.0 132.0 0.0
14518.0 0.0 295.0 138.0 0.0
14537.0 0.0 296.0 180.0 1.0
14615.0 0.0 289.0 137.0 0.0
14355.0 0.0 290.0 145.0 0.0
14364.0 0.0 284.0 133.0 0.0
