7060.6035 43.02202 1109.2251 126.76892 74.43851
6796.855 41.91291 1008.712 225.02667 60.84615
7006.8804 32.08496 1114.2351 97.7229 68.02489
7096.11 24.83442 1095.3625 198.104 76.21087
7011.0386 43.27327 1046.3767 190.85828 65.06538
7086.0684 24.83442 1136.9075 116.5708 76.21087
7071.253 43.27327 1085.7811 165.34326 68.72882
6440.84 58.57526 966.1301 216.27844 60.03695
5899.237 53.73195 875.3661 205.86365 55.44438
6517.2095 56.81541 972.5148 166.69763 56.45317
6637.049 60.99189 916.3369 289.3817 58.966
6386.411 60.40619 905.94653 249.12903 53.28449
6452.254 58.35139 970.9377 203.19647 57.51766
6777.5444 64.62117 943.68585 247.216 61.09666
6510.276 62.78536 969.0421 254.65198 60.03695
6420.1953 57.20359 937.1388 245.5216 55.29988
6724.2334 43.02202 821.0286 388.5208 57.81812
6881.815 52.79583 1089.4521 187.07263 66.80471
6895.091 63.67736 1023.58514 178.51715 63.29283
6535.7227 48.81497 792.4171 419.47998 58.57526
6733.143 52.79583 1033.9216 174.17932 60.23899
6986.5464 43.27327 1021.8843 228.55591 64.66654
6965.727 26.64654 1075.2897 145.05798 61.54085
6860.981 26.64654 1050.5414 135.91003 61.54085
6808.5327 26.33491 1099.1936 82.08374 64.39249
6687.297 54.2989 943.992 258.20966 58.65578
7027.064 43.27327 1060.8972 207.82971 64.97086
6465.0693 57.37252 982.0801 255.84912 61.63964
6829.1826 60.84615 1056.7836 160.32263 63.87067
6793.794 64.62984 1043.8606 165.59753 62.40581
6921.7896 52.79583 1086.314 110.57666 63.51992
6661.0073 58.26154 897.7004 324.48688 61.08266
6929.6055 32.08496 993.15076 271.41516 64.62117
6931.694 52.61756 1023.3624 188.20007 76.21087
6575.2817 49.56928 915.7031 252.24756 60.03695
6689.5806 32.49293 942.3722 236.94128 59.97424
5999.949 47.18692 895.7052 243.82812 55.44438
6619.145 32.49293 956.4282 203.3075 59.97424
6273.6577 58.12601 934.1407 199.16473 60.03695
7047.827 47.54001 1081.2384 156.10144 80.01286
6982.7383 47.54001 1065.9197 133.73291 68.72882
6801.8237 51.96175 893.49225 305.57806 63.16225
