9473.18 160.12071 1856.5979 94.36987 185.39194
9295.535 158.90211 1764.2013 177.31665 174.38966
9191.304 137.84033 1745.3672 187.36023 170.75787
9355.014 163.93184 1785.1543 194.93799 174.36157
9271.926 154.48308 1789.7244 142.86157 174.36157
9148.451 136.51692 1621.0121 341.06396 169.25342
9148.272 147.12909 1773.8059 100.84729 178.80188
8817.338 160.10626 1707.3121 140.6449 165.36847
7836.108 138.16656 1527.9502 77.3136 168.11316
8860.477 175.30458 1678.2439 153.55737 173.4757
9023.302 172.7754 1737.5149 120.38489 168.03444
8823.586 169.3332 1652.5326 230.23914 166.79442
9165.662 175.99098 1743.1191 162.09326 173.78304
8904.134 174.36157 1681.8488 224.16516 172.24133
7856.0254 109.84933 1405.842 355.3329 157.52885
9163.479 136.51692 1611.4124 321.06665 169.25342
9403.26 165.67262 1786.6781 182.09998 179.90074
9257.955 149.45412 1645.6693 271.1355 172.27257
9266.962 172.7754 1799.064 108.69861 174.62762
9081.929 159.65512 1764.56 121.59009 173.90163
9300.193 156.83092 1784.9287 154.91382 174.36157
9353.749 154.96564 1727.0972 198.73914 173.99953
9227.08 138.71661 1648.1345 289.10254 173.69032
9100.61 142.16643 1599.4758 317.0818 170.67177
8574.269 145.67773 1684.2201 67.70715 178.43755
9035.879 172.5982 1767.4381 92.224 178.33012
9192.365 154.96564 1742.1373 156.71448 172.7427
9412.494 165.67262 1795.9116 173.07678 186.23871
9402.02 164.94165 1828.241 111.538086 174.52417
9275.403 158.90211 1788.5896 147.13354 173.7842
9186.293 161.46465 1612.5138 279.2661 172.23912
9048.678 136.51692 1640.0706 341.40564 168.0409
8105.8735 137.84033 1589.647 72.16199 172.24133
8906.716 164.9046 1665.7277 213.406 165.89938
9134.993 160.86064 1703.0958 242.02283 172.96335
9284.605 167.56459 1763.7893 152.07788 174.36157
9124.037 166.06993 1668.7815 226.91711 172.23912
7866.948 127.37673 1491.3108 170.30908 161.4
9063.705 147.12909 1776.9869 104.75757 180.02988
8296.995 150.53212 1592.6885 110.26135 172.24133
8137.8315 143.94014 1554.4991 123.637085 167.263
8273.497 150.53212 1611.8716 74.03882 172.24133
8782.384 165.36847 1681.419 136.44641 163.93184
8210.165 150.53212 1598.5745 110.597534 169.48607
8265.041 151.76624 1590.8062 110.57434 169.48607
8931.986 168.03444 1748.218 129.02954 172.7754
9215.525 173.78304 1752.677 150.07959 189.04315
8324.259 133.25206 1616.3315 105.87964 167.91774
7983.8325 142.49605 1539.139 108.738525 166.60542
7885.711 141.32265 1503.6908 127.31848 163.28625
9326.351 178.43755 1808.2495 152.65564 175.3321
8024.791 141.32265 1514.294 140.51465 163.19127
8423.507 133.25206 1621.4648 114.90869 172.24133
8133.5034 109.84933 1439.1965 336.68872 162.03156
8135.503 141.32265 1559.864 110.063965 168.12646
9362.803 158.90211 1793.8851 185.34033 174.36157
9441.396 158.90211 1827.5067 119.01404 181.34158
8182.0303 151.62141 1575.0245 144.13965 162.92406
8079.7856 141.32265 1570.5632 83.19458 171.95023
9125.565 151.0039 1669.4843 240.9972 172.27257
8071.336 138.10489 1553.1405 132.87744 162.92406
9251.046 172.7754 1783.1466 111.11438 174.59618
8124.6875 128.60052 1478.7561 316.1079 161.9281
7830.957 128.60052 1483.3248 145.9945 161.96129
7788.3726 128.60052 1495.5222 140.70544 162.07912
9146.785 134.9192 1754.5342 178.79736 168.64224
8147.459 141.32265 1583.8552 87.9646 169.8031
9212.673 172.23912 1721.8931 190.48865 174.36157
9027.074 151.0039 1684.0023 242.40955 171.97859
9027.174 151.0039 1670.4158 300.1256 171.97859
9079.134 161.35983 1721.7222 153.85095 173.2176
9092.409 158.90211 1728.045 164.4635 172.11137
8070.429 143.94583 1449.1511 274.9397 162.66907
8119.204 138.58897 1576.7483 81.10303 164.86464
9094.087 156.64426 1589.3921 309.099 170.08435
8615.671 145.67773 1667.49 102.297485 178.03792
9043.219 156.64426 1597.5181 312.03552 171.58456
8156.8755 137.57477 1576.5042 118.94934 164.86464
7926.894 128.60052 1477.1027 197.4945 160.14868
9080.219 154.96564 1737.8293 148.66516 172.77094
8660.642 152.24823 1684.4441 108.196045 178.03792
8211.887 137.1246 1594.0605 101.98779 164.86464
8599.845 161.45923 1665.4706 109.701904 173.84338
8630.765 161.45923 1661.9849 107.46509 173.84338
7873.4517 139.28186 1465.619 185.9336 160.40916
8274.967 132.57597 1609.5807 88.84314 165.03769
7951.244 128.60052 1465.4264 228.3252 160.14868
8127.5596 128.60052 1497.6206 227.86731 162.07912
8291.261 130.51761 1475.9137 252.56433 163.70543
8100.446 140.09077 1564.0557 149.91577 161.71059
8046.2275 145.81133 1511.0879 215.2262 161.71059
7998.9155 136.53955 1504.7532 212.76343 161.67987
8150.166 130.36232 1573.6229 121.89868 163.80563
8069.1587 119.97869 1558.1432 116.33887 163.19127
