1336.9601 99.13725 522.3906 22.52472 117.62522
1342.7957 70.89317 524.098 21.73169 106.6561
1193.8668 98.69046 451.4582 62.57428 93.95355
1302.3779 100.76008 482.84998 94.68268 97.87094
1314.6927 96.35551 488.9166 69.20584 94.45287
1315.1907 103.51913 499.82178 57.470215 98.51948
1282.9324 103.89035 478.9095 60.920837 100.2166
1266.4753 72.52646 487.3687 60.733337 94.68919
1246.7875 96.35551 443.9394 83.04547 94.33003
1221.9977 103.91702 442.22354 81.02182 94.33003
1363.703 94.68919 520.4366 54.768127 104.04767
1338.6031 105.8597 506.40726 60.40805 101.88488
1207.859 98.6992 429.81522 100.97464 93.95355
1254.0106 94.47625 471.2129 61.078125 91.58457
1281.0239 105.97981 498.3608 22.011505 98.93358
1068.5745 78.77225 365.8911 83.069885 84.81982
1189.0507 100.22431 442.86932 67.44208 88.06473
1248.5109 115.86172 493.1945 11.626007 96.44807
1331.8882 115.35474 514.2185 37.961792 105.8597
1290.5198 98.6758 461.8463 87.13086 94.45287
1268.2646 103.89035 488.69214 55.485718 98.03545
1149.4214 98.69046 431.59448 53.41107 86.77349
1014.4337 78.37756 388.3387 44.65335 91.67013
988.8091 70.84381 341.8801 135.43338 84.58547
1343.1921 91.36565 528.1912 17.682922 107.64108
1261.2605 94.68919 455.05188 88.97052 94.33003
1339.245 100.2166 521.5043 35.837708 96.17577
1213.7783 94.56456 413.84943 124.339355 93.7702
1163.7161 106.55519 451.69193 40.590485 93.16113
1281.739 107.15253 476.97534 61.779053 100.16016
980.0098 78.10289 368.1844 43.1698 93.1381
1365.7021 106.27953 537.10254 23.189941 105.8597
1255.2183 89.64525 439.8897 88.96088 93.7702
