20496.0 0.0 421.0 102.0 0.0
20478.0 0.0 415.0 88.0 0.0
20506.0 0.0 417.0 111.0 0.0
20531.0 0.0 414.0 102.0 0.0
20457.0 0.0 422.0 107.0 0.0
20508.0 0.0 418.0 118.0 0.0
20443.0 0.0 416.0 76.0 0.0
20452.0 0.0 411.0 86.0 0.0
20488.0 0.0 412.0 101.0 0.0
19078.0 0.0 394.0 69.0 0.0
20436.0 0.0 417.0 81.0 0.0
20412.0 0.0 417.0 80.0 0.0
20411.0 0.0 419.0 79.0 0.0
20467.0 0.0 423.0 109.0 0.0
20482.0 0.0 414.0 93.0 0.0
20385.0 0.0 420.0 80.0 0.0
20461.0 0.0 416.0 88.0 0.0
19061.0 0.0 396.0 69.0 0.0
20460.0 0.0 417.0 90.0 0.0
20449.0 0.0 419.0 96.0 0.0
20433.0 0.0 422.0 106.0 0.0
20393.0 0.0 421.0 101.0 0.0
20447.0 0.0 419.0 93.0 0.0
20347.0 0.0 418.0 78.0 0.0
20274.0 0.0 417.0 75.0 0.0
19217.0 0.0 394.0 71.0 0.0
19172.0 0.0 393.0 69.0 0.0
20243.0 0.0 417.0 74.0 0.0
19183.0 0.0 396.0 70.0 0.0
20419.0 0.0 419.0 91.0 0.0
19173.0 0.0 397.0 73.0 0.0
20390.0 0.0 422.0 91.0 0.0
20366.0 0.0 421.0 88.0 0.0
