-51492.004	-33.19054	-3189.4119	534.3093	86.2778
-53634.555	-36.33923	-3416.3333	598.3677	78.19034
-53558.164	-43.66964	-3398.9495	608.1931	77.49073
-53560.613	-43.66964	-3373.736	664.0093	79.3163
-53607.758	-36.33923	-3397.2683	610.2832	77.61024
-53621.293	-36.33923	-3403.0947	679.48706	77.49073
-51592.207	-39.25367	-2994.534	1007.22217	67.50425
-52625.57	-36.33923	-3252.8184	752.2715	73.61608
-53569.727	-43.66964	-3382.8606	672.60767	77.49073
-53067.418	-43.92947	-3257.229	770.6233	78.3992
-51570.54	-67.75017	-3021.766	957.0266	67.1209
-50554.3	-67.51029	-2550.152	1445.0911	66.74016
-49303.805	-65.27628	-2928.499	687.03394	86.2778
-50061.516	-64.27379	-2976.1785	980.7986	65.77201
-51768.656	-71.37268	-3117.6746	851.27954	67.51029
-48916.176	-50.28931	-3009.9268	612.97876	77.49073
-49141.637	-50.28931	-3004.591	659.5198	77.49073
-53460.33	-36.33923	-3410.5217	615.2942	77.49073
-53114.61	-43.66964	-3127.5413	885.5925	77.12408
-52889.6	-48.57425	-3147.926	883.6118	80.37395
-51222.887	-33.19054	-3193.9958	523.5635	86.2778
-52401.59	-44.33604	-3006.3325	1063.8784	76.82097
-50966.53	-33.19054	-3186.3162	517.60254	86.2778
-53149.17	-38.22171	-3204.1606	811.1074	77.02238
-53092.453	-38.22171	-3200.8357	820.0525	71.9291
-51312.188	-37.42426	-3148.1187	561.44507	74.19471
-52950.793	-50.28931	-3156.07	837.6853	80.52892
-52581.965	-51.41588	-3151.7695	835.1338	79.90965
-52177.4	-57.45044	-2919.1597	1033.4968	77.49073
-53316.953	-43.66964	-3130.0835	898.9844	77.12408
-50354.426	-50.28931	-3060.0889	650.7505	78.57414
-50451.047	-39.04208	-3088.6018	600.3777	78.57414
-52989.56	-43.66964	-3136.345	916.2556	72.7438
-49940.79	-50.5156	-3063.3125	841.9895	77.08528
-51835.81	-48.57425	-3238.136	720.6853	68.04924
-50491.535	-33.19054	-3172.2483	485.3982	86.2778
-50775.76	-33.19054	-3135.0295	495.83765	86.2778
-49981.355	-43.66964	-2974.0706	711.0913	72.16763
-49578.902	-50.5156	-3029.4495	834.61865	76.08959
-50733.867	-33.19054	-3138.2976	500.74585	86.2778
-53087.555	-36.33923	-3318.0688	619.12573	76.92278
-52827.2	-38.22171	-3232.2227	742.5947	76.92278
-52106.113	-48.57425	-3252.8647	745.9011	91.67604
-49304.113	-50.5156	-3035.374	796.39233	76.08959
-52134.98	-48.57425	-3179.876	781.28687	91.67604
-52565.332	-43.66964	-3170.1274	782.405	76.92278
-52430.137	-43.66964	-3185.1943	702.75195	76.92278
-51961.723	-57.45044	-2947.194	1027.3689	76.72784
-50446.527	-52.53377	-2963.4077	754.22	75.15705
-49654.523	-50.28931	-3036.092	792.9175	76.08959
-51937.82	-50.28931	-3180.6558	774.90625	91.67604
-51414.87	-50.28931	-3148.9658	519.6821	91.67604
-51521.555	-50.28931	-3135.0417	545.5298	91.67604
-51004.37	-46.30107	-3023.7827	673.9509	90.9364
-50538.62	-43.66964	-3127.644	519.3589	86.2778
-50618.89	-52.53377	-2968.5142	773.958	75.15705
-50504.88	-52.53377	-2968.54	801.11597	74.85582
-50721.75	-43.66964	-3129.0508	533.1577	86.2778
-53151.703	-36.33923	-3063.4312	963.5122	76.50023
-50233.977	-56.18236	-2939.9944	814.2981	74.85582
-50197.047	-55.34689	-2958.7183	754.0652	78.19034
-50359.297	-55.34689	-2977.0	769.0112	81.02251
-53121.715	-43.66964	-3144.6038	916.8557	72.7438
-50093.277	-52.11852	-2970.3137	710.7112	78.19034
-51153.086	-43.66964	-3078.8828	602.9822	86.2778
-50290.55	-52.11852	-2971.112	707.86597	78.79844
-51319.96	-43.66964	-3133.1816	609.08984	73.00068
-51472.133	-43.66964	-3104.9387	613.32104	72.7438
-51540.207	-36.33923	-3100.4224	603.6929	72.7438
-53000.633	-43.66964	-3168.4495	912.35474	73.21133
-50759.03	-50.28931	-3034.2695	660.2146	76.17896
-50538.438	-49.98691	-3042.2285	637.3701	80.52892
-50246.777	-49.98691	-3037.2761	612.82153	81.55035
-48639.367	-45.92375	-2955.7603	495.84448	77.54655
-51621.58	-36.33923	-3120.8616	637.19727	73.00068
-52907.414	-43.92947	-3265.044	783.46094	77.49073
-53098.715	-48.57425	-3249.9207	805.1145	87.26105
-49824.492	-52.11852	-2921.828	695.3777	78.79844
-49959.38	-45.92375	-3050.2083	551.30835	76.40815
-48702.02	-45.51318	-2991.789	493.6731	84.67525
-48720.285	-52.11852	-2895.9895	636.3552	77.43421
-49015.95	-45.51318	-2960.5542	518.08594	89.24748
-49116.44	-45.51318	-2952.8948	544.3379	89.24748
-52931.996	-48.57425	-3196.7305	895.5383	78.79844
-52206.062	-45.92375	-3101.0186	934.75146	78.50802
-51812.33	-36.33923	-3121.3882	664.2002	73.00068
-49756.45	-52.11852	-2922.9888	691.9973	78.79844
-49765.906	-48.75191	-3024.9	584.28735	78.01184
-52795.46	-45.92375	-2972.0586	1047.1646	77.12408
-50008.477	-48.75191	-3017.788	615.72095	76.40815
-52578.33	-48.57425	-2942.2012	1083.168	75.18198
-52186.234	-48.57425	-2960.7688	1096.5222	73.6228
-50070.38	-49.98691	-3031.0068	555.7014	81.55035
-52293.96	-33.19054	-2755.5886	1285.0181	70.50957
-52104.51	-33.19054	-2776.8574	1281.3015	70.50957
-50295.41	-50.28931	-3035.7483	597.9072	81.55035
-50182.758	-46.6412	-3014.2163	579.9429	81.55035
-52872.074	-48.57425	-3193.0273	855.93115	78.79844
-52113.574	-45.92375	-3133.1038	877.61255	78.50802
-51930.63	-45.92375	-3160.632	842.4734	78.50802
-51587.895	-43.66964	-3108.9163	683.7273	73.00068
-51540.97	-43.66964	-3140.4421	616.37866	73.00068
-50555.36	-48.75191	-3097.5688	766.4746	76.40815
-51905.883	-48.57425	-2954.7441	1068.2432	73.6228
-52103.87	-48.57425	-2659.831	1359.6289	73.32973
-51122.516	-46.11847	-3065.6226	689.9282	73.00068
-50094.152	-48.75191	-3049.12	765.4524	76.40815
-50154.15	-46.6412	-3032.208	580.75146	80.52892
-49207.277	-52.11852	-2939.9192	635.1638	80.20006
-48850.035	-52.11852	-2939.3035	622.5134	82.65041
-50632.66	-46.11847	-3040.3875	678.1367	78.67049
-50319.344	-46.11847	-3056.8848	650.8535	72.7438
-51782.555	-33.19054	-2778.554	1285.8906	67.75017
-50028.098	-45.92375	-3048.6406	598.8086	80.52892
-49077.42	-45.51318	-2974.8147	490.69092	99.12666
-48800.387	-45.51318	-3008.6204	500.1848	99.12666
-50916.797	-45.92375	-2989.2803	656.4553	86.2778
-51789.504	-50.28931	-2919.4304	1020.9968	73.6228
-51295.207	-50.28931	-3043.5254	689.45996	89.6342
-50146.27	-43.66964	-3048.002	573.49414	80.52892
-49851.914	-50.28931	-3040.6584	804.0515	76.40815
-50005.344	-43.70429	-3045.632	644.69995	74.5965
-49229.508	-65.27628	-2916.7778	693.625	77.43421
-51881.168	-50.28931	-2648.9346	1343.6936	73.32973
-48584.57	-52.11852	-2926.0422	607.71216	80.20006
-49427.062	-64.68629	-2935.3025	661.85254	77.43421
-48629.832	-52.11852	-2913.1077	616.9507	84.67525
-49617.902	-64.68629	-2919.5828	709.6577	77.43421
-50321.258	-43.66964	-3036.4229	572.47656	81.6928
-48899.26	-52.11852	-2933.9678	633.4907	80.20006
-49423.074	-43.70429	-3042.162	643.0659	74.5965
-49219.934	-43.70429	-3008.4841	618.666	74.5965
-50935.438	-50.28931	-3061.4897	694.9231	87.70889
-49451.57	-62.8284	-2927.0015	708.2666	77.43421
-50657.766	-50.28931	-3053.0242	647.28076	87.70889
-50172.74	-63.5536	-2982.208	1009.8972	66.3578
-48926.773	-43.70429	-2989.7683	611.69653	74.5965
-49003.645	-43.70429	-2983.1204	596.4004	74.5965
-50845.844	-43.66964	-3074.9407	577.5293	77.61024
-51014.227	-43.66964	-3080.9797	589.67847	76.40815
-50562.37	-45.73336	-2992.584	651.48047	74.85582
-50191.707	-60.67036	-3001.177	1010.1709	66.96457
-50657.64	-48.57425	-3013.114	646.8108	86.2778
-50616.668	-48.57425	-3021.4248	640.7141	86.2778
-51806.96	-66.96457	-3056.743	947.2278	78.79844
-48911.242	-43.59718	-2964.9524	553.4143	74.5965
-48944.215	-52.11852	-2956.3953	600.76953	89.33669
-49769.406	-59.37528	-2967.909	706.6677	77.43421
-49584.95	-59.37528	-2988.7212	696.2278	77.43421
-49481.992	-59.37528	-2965.1416	653.969	77.43421
-49145.258	-59.37528	-2979.0486	655.3301	77.43421
-49140.312	-59.21268	-2989.5835	677.3418	77.43421
-50430.31	-50.28931	-3066.4873	676.43066	87.70889
-50572.02	-45.73336	-3020.933	647.5842	77.13229
-51769.43	-63.5536	-3066.1016	976.6416	78.79844
-50189.008	-45.73336	-2952.173	708.5757	69.56013
-52107.855	-60.26007	-3065.6	1014.18726	78.79844
-49693.34	-45.59028	-2973.2996	637.2512	69.56013
-50435.297	-50.28931	-3066.1592	694.24097	87.70889
-48936.63	-45.51318	-3004.7139	473.34644	98.53106
-50103.58	-48.57425	-3008.007	615.145	78.79844
-48685.734	-53.57693	-2965.1628	537.2427	86.2778
-51927.59	-58.82927	-3021.2578	997.4971	77.49073
-50915.082	-50.28931	-3090.4856	753.6343	82.01817
-50499.902	-50.28931	-3050.3574	714.5796	86.2778
-48818.535	-46.6412	-2966.5083	519.68945	86.2778
-49190.617	-43.66964	-2982.0056	514.33203	86.2778
-51805.055	-58.82927	-3041.118	975.407	77.49073
-48879.484	-59.21268	-2983.3599	660.6467	77.43421
-50851.395	-56.22593	-3035.8315	652.86646	86.2778
-48885.67	-46.6412	-2963.9045	489.4973	86.2778
-50184.18	-46.07086	-3050.905	620.2849	82.52579
-49959.45	-46.07086	-3050.651	628.2864	77.12408
-49876.387	-46.6412	-3040.6382	548.9441	78.79844
-49448.44	-46.07086	-3006.8066	693.28467	72.56092
-50890.863	-51.05334	-3049.4805	642.28076	87.79668
-50916.562	-51.05334	-3013.577	687.67993	86.2778
-49445.25	-38.22171	-3007.1494	674.5127	72.56092
-48908.812	-45.51318	-2960.7412	495.7827	89.24748
-49403.395	-45.59028	-2972.3018	619.2422	71.13811
-49960.906	-50.28931	-3063.7693	564.33813	78.79844
-51077.246	-43.92947	-3036.1077	662.28174	86.2778
-50360.113	-50.28931	-3052.1	818.14624	78.79844
-48913.598	-45.51318	-2965.5266	510.19263	89.24748
-50497.363	-43.92947	-3039.348	584.6836	90.40947
-49666.836	-45.59028	-2982.0215	644.9109	69.56013
-48829.12	-46.6412	-2973.2986	527.64526	86.2778
-48577.863	-46.6412	-2978.105	543.47437	86.2778
-48849.797	-45.51318	-2995.3298	482.5381	89.24748
-49573.957	-45.59028	-2975.2932	630.8838	69.56013
-49549.04	-45.59028	-2971.8645	615.62134	69.56013
-49829.273	-45.59028	-2982.2458	628.5696	74.85582
-50200.316	-50.28931	-3075.3916	842.3357	78.79844
-48774.33	-52.11852	-2894.7388	684.5442	75.15705
-49052.754	-52.11852	-2904.346	712.39355	75.15705
-49344.273	-45.59028	-2973.7676	630.4414	72.18954
-50722.164	-43.92947	-3041.3584	605.1614	90.40947
-48416.953	-46.6412	-2964.9868	507.0205	86.2778
-48719.223	-45.92375	-2968.5352	518.29175	83.31369
-48918.316	-52.11852	-2901.3953	653.3198	78.79844
-49785.38	-50.28931	-3038.278	565.9529	78.67049
-49725.62	-50.28931	-3029.6758	562.4302	78.67049
-50080.164	-50.28931	-3058.4548	612.9995	78.67049
-49086.844	-45.59028	-2948.8655	614.97	72.18954
-48685.727	-45.92375	-2988.1455	548.22925	83.31369
-48838.055	-45.59028	-2942.5894	588.4131	72.16763
-49213.457	-45.59028	-2944.3801	606.15283	72.16763
-48884.48	-43.59718	-2946.7014	610.78345	72.16763
-50791.08	-45.92375	-3032.9402	594.4773	77.49073
-50636.977	-45.92375	-2977.8572	634.5747	77.43744
-48572.8	-45.92375	-2987.7905	509.8628	95.951
-49754.56	-50.55514	-3010.4456	676.4536	81.6928
-50587.57	-45.92375	-2998.7998	584.1477	77.43744
-48808.227	-43.59718	-2955.8367	575.90967	72.16763
-49119.0	-36.33923	-2954.4924	614.18555	72.63032
-50379.37	-45.92375	-2973.6892	623.4282	73.37206
-49490.316	-50.55514	-3021.2705	666.71924	78.67049
-48564.207	-45.92375	-2979.2214	507.7744	83.31369
-48719.207	-36.33923	-2957.3936	579.7954	72.16763
-50132.77	-45.92375	-2957.922	607.2473	73.37206
-49749.113	-50.28931	-2931.8147	630.27344	73.32973
-49322.137	-50.28931	-2898.2734	664.801	73.21133
-48811.844	-50.28931	-2883.7117	649.3508	73.21133
-48768.457	-36.33923	-2946.9177	573.52954	72.16763
-48411.684	-36.33923	-2924.0632	535.5925	77.12408
-48005.727	-36.33923	-2936.8733	505.39014	76.40815
-48303.66	-36.42438	-2997.8547	515.5969	83.31369
-48010.586	-36.42438	-2992.4194	511.75806	87.19223
-47823.33	-45.11984	-2922.2668	522.19214	76.40815
-48247.125	-55.07579	-2787.711	781.5947	70.50049
-47919.117	-36.42438	-2998.4614	465.48267	83.31369
-47910.82	-53.57693	-2815.368	733.1765	73.46774
-47730.387	-45.11984	-2919.6387	521.8279	76.40815
-47724.85	-36.42438	-3004.0652	438.17236	83.31369
-47498.0	-45.11984	-2886.7876	565.3479	74.60427
-48038.89	-55.07579	-2793.1318	770.71533	68.65038
-47180.887	-45.10657	-2850.1567	584.49365	74.04159
-47118.29	-45.10657	-2850.1152	568.1731	74.04159
-47909.09	-55.07579	-2838.5493	707.16943	68.65038
-48007.496	-49.84605	-2811.0044	726.77734	68.65038
-47827.535	-36.42438	-3006.563	495.83374	83.31369
-49903.367	-50.55514	-2978.466	685.0266	69.93009
-49539.39	-50.55514	-2945.062	683.4524	71.37268
-47987.72	-38.22171	-2939.119	544.7656	74.04159
-48098.5	-39.25367	-2913.9753	543.6599	74.04159
-48121.703	-39.25367	-2907.1475	566.2285	74.04159
-47947.684	-39.25367	-2934.5066	481.35254	74.04159
-47954.14	-39.25367	-2937.517	513.50366	77.12408
-48100.5	-49.84605	-2812.6394	754.6157	68.65038
-48589.48	-36.42438	-3032.759	518.7705	77.73965
-48044.99	-56.998	-2836.1387	736.36743	73.21133
-48278.684	-39.04208	-2932.2388	548.1604	77.12408
-48963.742	-36.42438	-3022.7217	551.17114	77.73965
-47823.8	-55.34689	-2807.2283	736.62573	68.65038
-48578.418	-56.998	-2834.0483	768.5918	73.21133
-48623.45	-56.998	-2856.808	774.54443	73.21133
-48225.52	-39.04208	-2938.2175	514.90894	76.58974
-48784.023	-36.42438	-3012.0364	547.13354	77.73965
-47985.92	-54.99712	-2812.18	748.6721	69.48818
-48198.91	-54.99712	-2880.7947	716.8093	75.27856
-48333.945	-39.04208	-2913.837	545.3025	76.58974
-48271.016	-39.04208	-2930.3826	531.3086	76.58974
-48159.41	-55.07579	-2826.5986	762.80225	77.13229
-48088.29	-36.33923	-2940.2014	538.8838	77.34038
-48966.594	-36.42438	-3024.344	532.43726	83.31369
-48200.152	-54.99712	-2942.504	697.9509	76.76252
-49650.176	-50.60658	-2990.5867	637.3994	76.76252
-50081.414	-50.5156	-3030.6125	579.3628	80.52892
-50301.14	-50.5156	-2991.481	687.49536	75.88405
-50255.66	-50.60658	-3002.2747	648.1343	75.88405
-49973.234	-50.60658	-3031.1406	582.5364	90.40947
-49926.348	-50.60658	-3034.1653	567.7378	90.40947
-49858.566	-50.60658	-3006.2627	648.65845	78.79844
-49589.02	-50.60658	-3001.903	624.88306	78.79844
-49535.004	-50.60658	-2985.6675	613.1633	78.79844
-48917.203	-54.85442	-2928.441	644.54395	78.79844
-49457.04	-54.85442	-2969.5925	627.6001	80.43668
-49645.793	-54.99712	-2981.7107	630.3379	80.43668
-49769.24	-54.99712	-2979.2432	627.6907	90.40947
-49607.37	-54.99712	-2991.2944	596.62085	90.40947
-49516.863	-54.99712	-2994.4238	627.8618	86.2778
-49700.434	-54.99712	-3022.6375	628.37134	86.2778
-50341.81	-51.91515	-3074.8372	593.47974	86.2778
-50434.04	-45.73336	-3057.8445	651.39453	76.65204
-50600.88	-45.73336	-3054.881	650.48804	76.65204
-50529.168	-45.73336	-3069.0496	641.7942	77.61024
-50444.395	-45.73336	-3068.4653	681.35376	76.65204
