-7085.307	-0.03	-253.95	56.58	1.22
-7584.3887	-0.04	-276.38	58.619995	1.11
-7596.42	-0.0	-272.84998	66.25	1.26
-7600.9424	-0.04	-276.64005	68.05994	1.15
-7478.8823	-0.06	-273.71002	57.45993	0.97
-7465.5874	-0.08	-271.51	69.80997	1.03
-7590.7305	-0.05	-270.19998	76.08005	1.17
-7523.8013	-0.04	-271.84998	74.82001	0.82
-7548.077	-0.01	-267.33997	76.03006	1.03
-7527.4326	-0.01	-277.43	52.23004	0.95
-7574.221	-0.0	-280.77997	62.140076	1.08
-7484.5386	-0.01	-266.32	74.81006	0.83
-6887.494	-0.63	-229.43001	101.489975	0.65
-7006.74	-0.61	-234.16005	79.61998	0.74
-6843.1055	-0.75	-228.69998	84.71005	0.71
-7029.4253	-0.81	-240.06998	80.350006	0.81
-6899.067	-0.77	-244.50002	92.90996	0.76
-6918.373	-0.73	-239.17998	73.14003	0.73
-6897.3735	-0.68	-210.03996	118.84004	0.68
-6958.3076	-0.74	-229.22	98.160065	0.78
-7531.928	-0.04	-264.63998	71.850006	1.05
-7062.7754	-0.03	-258.44998	55.03003	1.22
-7452.264	-0.06	-262.68	67.890015	0.93
-7428.158	-0.08	-265.24002	81.21994	0.77
-7542.86	-0.08	-265.16995	78.140076	1.26
-7494.707	-0.04	-250.80002	95.92996	0.81
-7395.275	-0.06	-260.24997	70.99002	0.91
-7526.389	-0.08	-267.63995	68.46008	1.26
-7509.647	-0.05	-266.47003	72.380005	1.05
-7493.86	-0.08	-261.26	70.96005	1.16
-7466.2007	-0.08	-261.06995	68.920044	1.16
-7411.6675	-0.08	-264.53003	80.92993	0.84
-7595.443	-0.04	-280.40997	58.629974	1.15
-7473.387	-0.05	-256.71002	81.67999	0.86
-7535.9995	-0.08	-266.14	76.18002	1.22
-7384.088	-0.09	-260.52	78.20001	0.88
-7521.439	-0.08	-268.13998	67.870056	1.22
-7357.714	-0.06	-260.16	70.69998	0.82
-7328.523	-0.06	-261.31998	64.27005	0.92
-7035.9077	-0.03	-259.24	55.210022	1.22
-7027.4375	-0.03	-259.47	56.70999	1.46
-7447.822	-0.08	-257.30997	76.96002	1.0
-7460.21	-0.13	-241.55	97.750015	1.22
-7282.346	-0.06	-257.09	64.47998	0.82
-7436.7686	-0.13	-242.0	90.77002	1.19
-7435.1187	-0.13	-247.16	81.160034	1.24
-7394.462	-0.09	-249.49998	82.469955	1.18
-7421.827	-0.13	-245.58002	83.68002	1.08
-7391.902	-0.09	-251.12999	86.82997	1.29
-7319.745	-0.09	-250.64005	86.600006	0.87
-7364.4507	-0.1	-245.8	81.90996	1.08
-7216.361	-0.0	-255.58	61.689987	0.82
-6983.157	-0.03	-251.61003	55.80995	1.1
-7295.5464	-0.09	-251.83005	77.57999	0.87
-7256.863	-0.09	-244.79001	76.76999	0.87
-7247.5728	-0.09	-245.53001	75.969955	0.87
-7337.891	-0.09	-258.75998	75.47009	1.0
-7226.4224	-0.0	-255.48001	64.19	0.82
-7245.764	-0.09	-249.39001	69.45999	0.87
-7208.8438	-0.11	-254.68004	66.709946	0.87
-7549.303	-0.04	-276.17996	78.45001	0.97
-7209.1924	-0.0	-259.43	54.940063	0.94
-7157.344	-0.11	-253.25002	65.739944	0.87
-7113.2827	-0.06	-254.40002	59.320007	0.94
-7089.7534	-0.18	-235.04002	91.28999	0.87
-7073.463	-0.06	-252.70996	59.100037	0.96
-7051.8423	-0.18	-234.56999	85.31004	0.87
-7539.322	-0.04	-272.45996	88.47	0.87
-7036.6675	-0.18	-233.74002	80.25995	0.87
-6979.038	-0.18	-236.05002	75.03998	0.87
-6946.9604	-0.18	-234.65001	74.62996	0.9
-7054.1914	-0.06	-248.90999	58.92	0.96
-7026.4233	-0.06	-251.68001	58.92006	0.96
-7019.7295	-0.02	-254.40004	51.89998	1.21
-7031.943	-0.02	-254.99995	54.830093	1.21
-7512.6704	-0.04	-273.13995	82.430084	0.87
-7525.2056	-0.0	-256.31	81.379974	0.94
-7519.0586	-0.04	-273.85004	87.76996	0.87
-7405.997	-0.0	-256.34003	64.48996	0.94
-7037.1865	-0.15	-189.44998	127.31	0.86
-7466.562	-0.04	-249.71	113.39003	0.8
-7481.91	-0.01	-252.08003	72.509964	0.9
-7468.0586	-0.01	-257.50003	69.349976	0.88
-7539.7217	-0.0	-258.87997	82.34	0.91
-7533.311	-0.0	-259.18997	91.17999	0.81
-7400.429	-0.01	-256.54	65.599976	0.93
-7361.386	-0.1	-256.61002	63.299988	0.93
-7360.4355	-0.1	-258.58	62.03006	0.93
-7306.417	-0.1	-259.90002	62.089966	1.16
-7117.759	-0.09	-255.78	66.05997	0.92
-7501.211	-0.0	-258.95	85.42996	0.8
-7493.779	-0.0	-259.52005	90.20996	0.8
-7216.9775	-0.14	-209.45	111.79002	1.38
-7117.83	-0.09	-254.94998	66.29001	0.92
-7189.837	-0.14	-213.63998	113.41998	1.38
-7127.3364	-0.14	-214.81	111.34003	1.38
-7101.967	-0.14	-220.28998	106.150055	1.38
-7465.3413	-0.04	-257.48	93.350006	0.8
-7460.7295	-0.06	-254.40999	96.56001	0.85
-7119.8057	-0.09	-253.69997	65.990005	0.92
-7433.6704	-0.08	-263.38	77.55005	0.85
-7064.318	-0.09	-252.89998	62.86	0.92
-7434.265	-0.04	-250.08002	104.50998	0.73
-7381.4424	-0.04	-249.91002	104.17	0.73
-7436.383	-0.04	-260.14	91.95996	0.8
-7376.812	-0.04	-247.68999	98.93007	0.73
-7322.071	-0.04	-248.88995	90.23007	0.68
-7096.153	-0.14	-228.94998	87.48001	1.23
-7379.9556	-0.04	-256.46997	94.34006	0.74
-7339.3237	-0.1	-243.68001	101.510056	0.74
-7330.773	-0.1	-244.48001	95.61005	0.74
-7300.962	-0.1	-248.52	85.17006	0.74
-7301.8228	-0.1	-249.53003	84.140045	0.91
-7283.517	-0.04	-250.54001	91.129944	0.75
-7272.2925	-0.1	-249.23003	83.199936	0.91
-7480.7876	-0.01	-269.90997	70.900024	0.83
-7405.7583	-0.08	-265.02002	72.47992	0.81
-7149.4307	-0.2	-200.46	130.92995	1.12
-7089.022	-0.2	-202.52	132.84999	1.12
-7075.3613	-0.08	-255.43002	58.309906	1.16
-7057.5195	-0.08	-254.21	56.800003	1.21
-7050.419	-0.07	-253.12999	57.210007	1.16
-7234.178	-0.04	-250.34004	90.38994	0.75
-7000.671	-0.07	-253.23999	56.130035	0.92
-6981.1	-0.07	-251.34003	53.579987	0.99
-6933.38	-0.07	-254.85002	55.61003	0.92
-7462.4087	-0.01	-271.96	68.01001	0.83
-7044.21	-0.2	-207.76996	127.69006	1.12
-7436.079	-0.01	-274.44	67.39993	0.83
-7398.438	-0.04	-261.80002	78.74994	0.78
-6944.9253	-0.13	-244.09999	69.40001	0.87
-7089.5205	-0.23	-224.62	99.32999	1.45
-7103.209	-0.23	-219.68	110.26007	1.45
-6950.709	-0.13	-244.31998	73.05005	0.87
-7258.468	-0.01	-256.34003	59.880005	0.9
-6966.756	-0.13	-242.53001	68.479965	0.88
-6935.5347	-0.13	-244.65996	65.38005	0.92
-7368.1284	-0.04	-261.29	77.80002	0.78
-6933.484	-0.13	-245.71002	64.45999	0.95
-7208.32	-0.01	-259.02	60.200043	0.9
-7397.9985	-0.01	-272.67	61.269928	0.83
-7345.9556	-0.01	-264.22998	73.07999	0.79
-7338.788	-0.04	-259.90002	74.41998	0.78
-6930.532	-0.03	-255.33002	53.76001	0.92
-7287.222	-0.01	-262.37003	68.29993	0.79
-7171.104	-0.01	-260.38995	53.870026	0.9
-7209.4897	-0.04	-251.51001	81.69995	0.75
-7163.657	-0.04	-248.50002	78.59996	0.75
-7076.6006	-0.23	-242.95995	79.94005	1.31
-7142.5996	-0.04	-246.26999	77.78	0.75
-7078.4097	-0.23	-242.53995	82.24005	1.31
-7280.5903	-0.01	-262.13995	65.71005	0.79
-6884.7886	-0.13	-244.93	64.75998	0.92
-7302.8145	-0.0	-253.12	79.91998	0.75
-6872.4004	-0.21	-242.56999	66.18996	0.92
-7272.3647	-0.0	-253.79999	80.350006	0.74
-7021.151	-0.18	-249.40997	72.06003	1.21
-7265.299	-0.0	-254.30002	79.82001	0.74
-7022.28	-0.18	-249.18001	74.38002	1.3
-7229.5767	-0.0	-255.24	75.82005	0.74
-7183.664	-0.0	-261.03998	55.070007	0.9
-6991.558	-0.18	-253.19998	70.650055	1.3
-6977.3306	-0.18	-250.99002	64.47998	1.37
-6953.721	-0.18	-250.87996	62.17009	1.37
-6938.721	-0.18	-248.34	62.01001	1.37
-6928.8984	-0.16	-248.06999	57.770004	1.37
-6915.831	-0.13	-244.73999	63.929993	1.3
-7145.5425	-0.0	-258.33002	55.439972	0.81
-7184.1235	-0.0	-254.16997	63.93004	0.74
-7141.637	-0.0	-230.52995	88.57005	0.73
-7119.5454	-0.0	-236.21999	84.77998	0.73
-7097.145	-0.0	-237.51996	78.4501	0.73
-7008.041	-0.0	-240.58997	84.48996	0.7
-7131.1665	-0.05	-247.32004	75.650055	0.75
-7158.208	-0.05	-242.79001	82.58002	0.75
-7292.0005	-0.01	-263.28998	66.32001	0.81
-7116.225	-0.05	-240.54993	81.10007	0.74
-7074.0166	-0.05	-241.01993	79.30008	0.74
-7024.999	-0.05	-237.25998	87.53	0.71
-6973.029	-0.05	-238.98001	83.25003	0.71
-6997.2915	-0.05	-238.64998	84.35008	0.71
-6923.4463	-0.07	-249.38	64.08002	0.9
-6981.6562	-0.05	-243.21999	85.64003	0.71
-7076.0166	-0.0	-258.75006	57.119873	0.81
-6952.198	-0.05	-237.36	90.31001	0.67
-6942.795	-0.05	-238.43001	90.64	0.67
-6957.5728	-0.05	-235.69	92.61005	0.67
-7264.521	-0.01	-262.71002	66.19998	0.81
-6796.5664	-0.13	-251.08	53.10002	1.3
-6901.6616	-0.05	-238.42998	86.44005	0.67
-7262.746	-0.01	-260.94	64.80997	0.81
-7243.512	-0.01	-261.30002	64.630005	0.81
-6873.237	-0.05	-237.65001	83.65999	0.67
-7065.695	-0.0	-260.16003	56.669983	0.81
-7068.335	-0.0	-258.24	53.850037	0.81
-7208.7393	-0.01	-262.53998	62.76004	0.81
-7181.2075	-0.01	-258.75003	62.20996	0.81
-6988.427	-0.0	-255.50006	51.72992	0.81
-7145.3296	-0.0	-260.75995	58.47003	0.79
-7145.391	-0.0	-259.32	57.299957	0.79
-6980.9536	-0.0	-252.26996	50.210022	0.85
-6740.7417	-0.05	-214.79999	95.25003	0.62
-6738.311	-0.05	-222.75	92.36005	0.61
-6735.422	-0.05	-230.45	83.90004	0.61
-6737.1216	-0.02	-235.57994	77.780106	0.61
-7149.943	-0.0	-257.18	59.23001	0.84
-7127.3315	-0.0	-261.63	54.920013	0.84
-7127.8916	-0.0	-261.22998	57.51999	0.93
-7067.3623	-0.0	-258.00003	51.99997	0.79
-6927.5967	-0.0	-255.91	44.28	0.93
-7096.8765	-0.0	-257.31	53.089966	0.79
-6939.612	-0.0	-256.06	44.819977	0.93
-6929.8354	-0.0	-256.31998	44.890015	0.86
-6949.1245	-0.0	-257.22998	49.51999	0.98
-7068.5996	-0.03	-253.50998	60.169983	0.79
-7071.1597	-0.03	-252.86002	57.49997	0.88
-7062.703	-0.03	-254.58998	57.239975	0.88
-7052.062	-0.03	-257.03998	54.710052	1.27
-6920.167	-0.62	-231.06999	101.990005	0.65
-6899.3687	-0.51	-228.6	95.97998	0.67
-6859.133	-0.43	-227.63002	83.02998	0.67
-6868.7817	-0.43	-226.07002	83.55998	0.67
-6950.0645	-0.0	-260.19998	43.049957	1.16
-6836.3438	-0.43	-228.55002	74.02997	0.68
-6608.043	-0.04	-249.56006	34.269897	0.94
-6614.7563	-0.18	-246.17003	41.199997	1.0
-6599.4805	-0.18	-241.89	45.61998	0.97
-6597.918	-0.19	-240.32997	50.86998	0.88
-6756.8916	-0.29	-243.55994	52.100037	1.37
-6772.1323	-0.26	-243.24998	51.94005	1.37
-6827.2964	-0.02	-249.92001	54.26996	0.76
-6750.152	-0.24	-239.14996	54.100067	1.05
-7046.1016	-0.03	-257.2	49.44998	1.27
-6772.49	-0.24	-239.62996	54.67006	1.05
-7042.342	-0.03	-258.75995	50.22003	1.27
-7038.332	-0.03	-257.88	45.579956	1.27
-7035.186	-0.01	-258.09	47.170013	1.52
-7020.4927	-0.01	-259.3	46.630005	1.52
-7005.0337	-0.0	-261.06	45.840027	1.32
-6985.1436	-0.0	-255.63	49.420013	0.99
-7004.792	-0.0	-254.39	48.730057	0.99
-6990.3203	-0.0	-255.38004	50.189972	0.99
-6966.388	-0.0	-257.36002	46.359924	0.99
-6955.1597	-0.0	-259.04004	48.389954	0.99
-6948.779	-0.0	-256.34	44.929993	0.99
-6989.259	-0.61	-235.88002	76.94997	1.05
-6956.5376	-0.53	-235.75002	79.56996	1.04
-6900.5176	-0.47	-241.92003	72.81999	1.32
-6864.5835	-0.43	-242.42	69.88994	1.32
-6944.669	-0.0	-252.93002	47.149933	0.92
-6758.581	-0.24	-246.49	54.239975	1.24
-6939.6807	-0.0	-257.37003	48.72998	0.88
-6733.6724	-0.23	-242.26001	54.089996	1.15
-6916.053	-0.0	-259.04	48.80002	0.88
-6919.6123	-0.0	-259.80002	51.56006	0.88
-6883.7505	-0.03	-254.99002	56.43994	0.88
-6761.1377	-0.09	-248.01	39.240036	1.36
-6832.562	-0.05	-251.44	48.01001	0.9
-6425.8896	-0.0	-245.06001	29.909988	0.95
-6806.7173	-0.03	-250.85999	45.820007	0.81
-6895.556	-0.66	-239.25996	75.530045	1.07
-6873.5264	-0.6	-243.15004	71.239944	1.37
-6906.0967	-0.54	-242.97	65.42999	1.37
-6922.515	-0.54	-244.55002	65.44995	1.64
-6907.1045	-0.54	-244.33	65.72002	1.37
-6902.4355	-0.46	-243.48003	64.80995	1.37
-6867.335	-0.46	-240.31003	64.24994	1.37
-6846.915	-0.46	-240.66002	64.06993	1.37
-6811.0273	-0.02	-255.32	40.70996	1.0
-6818.177	-0.43	-239.07	63.799957	1.47
-6768.2314	-0.36	-244.43999	54.770004	1.59
-6765.7505	-0.36	-244.94	55.109985	1.59
-6809.024	-0.36	-248.19	55.179993	1.59
-6442.2305	-0.0	-242.65996	29.080032	1.17
-6539.79	-0.09	-212.29002	90.55998	0.63
-6734.782	-0.19	-248.12999	54.499985	1.2
-6705.2896	-0.19	-244.80998	51.86	1.2
-6716.2563	-0.19	-246.55003	52.029922	1.2
-6464.301	-0.0	-242.43997	29.870026	0.95
-6458.0386	-0.0	-241.86002	32.069977	0.84
-6582.398	-0.08	-218.13	82.089966	0.63
-6594.098	-0.08	-220.2	82.67003	0.63
-6464.7734	-0.0	-241.92001	32.200012	0.92
-6610.0786	-0.08	-219.49004	82.58989	0.64
-6604.899	-0.08	-220.61003	80.979965	0.64
-6755.3223	-0.07	-247.77997	45.420013	0.83
-6810.779	-0.02	-253.68999	41.320053	0.91
-6837.3687	-0.02	-254.93997	52.76001	0.89
-6786.8213	-0.01	-252.46	53.729996	0.74
-6828.0767	-0.02	-255.85999	46.81006	0.94
-7010.3936	-0.81	-238.71997	80.29999	1.16
-7071.853	-0.77	-247.12999	73.64998	1.16
-7046.323	-0.73	-246.96999	72.00993	1.56
-7026.763	-0.61	-247.06998	73.21997	1.56
-7007.2314	-0.53	-241.02998	80.93999	0.91
-6946.139	-0.29	-242.88998	73.339966	1.0
-6966.559	-0.29	-250.17	67.15999	1.26
-6969.2783	-0.29	-244.98003	73.37996	1.0
-6979.11	-0.29	-245.03004	76.82997	1.0
-6928.791	-0.29	-250.07002	65.95998	1.0
-6887.3716	-0.29	-250.08003	60.759964	1.07
-6865.5415	-0.29	-245.53998	65.25006	0.84
-6866.5996	-0.29	-244.08002	65.16	0.91
-6879.1675	-0.29	-248.35002	63.189926	1.05
-6894.0024	-0.29	-248.03001	60.85002	1.24
-6906.751	-0.29	-246.78	60.840027	1.05
-6867.4346	-0.09	-244.45004	54.359955	0.92
-6950.736	-0.11	-246.88004	61.72998	1.35
-6936.9023	-0.11	-252.55005	56.179993	1.0
-6840.839	-0.09	-248.78	48.98996	1.0
-6907.368	-0.01	-251.51003	46.790024	0.91
-6905.2188	-0.01	-253.10999	44.53006	0.91
-6791.1562	-0.03	-255.55	37.06996	1.05
-6790.738	-0.03	-255.56	33.02997	1.0
-6807.3667	-0.03	-255.73996	38.369995	1.17
-6802.711	-0.03	-254.45999	40.48001	1.0
-6903.7866	-0.76	-244.38002	93.10997	1.01
-6919.9917	-0.49	-242.62997	93.31003	1.06
-6868.7754	-0.49	-240.3	79.33	1.06
-6870.0933	-0.49	-243.11	82.45998	1.04
-6918.9023	-0.01	-255.73003	42.569992	1.04
-6868.142	-0.49	-244.24	86.14995	1.04
-6855.8516	-0.04	-252.77997	40.190033	1.06
-6913.9116	-0.43	-242.00002	82.37999	1.04
-6923.5405	-0.43	-243.93005	72.819916	1.05
-6910.888	-0.43	-244.34001	71.57997	1.03
-6899.3193	-0.38	-244.13004	70.119965	1.03
-6888.9297	-0.38	-241.1	69.66	1.07
-6849.391	-0.06	-249.87997	43.049988	1.01
-6873.5317	-0.38	-241.84003	67.69995	0.99
-6871.887	-0.32	-243.11	54.43004	1.11
-6821.698	-0.06	-250.04001	41.649963	1.01
-6940.52	-0.01	-255.28998	42.080048	1.0
-6943.5713	-0.0	-257.85	41.109985	1.0
-6931.249	-0.0	-257.87	43.03	1.0
-6933.2124	-0.0	-253.11005	46.4299	0.92
-6677.7305	-0.2	-242.13998	54.059998	1.09
-6692.5	-0.11	-245.68999	41.36998	1.16
-6862.843	-0.01	-250.48003	45.050003	0.88
-6687.561	-0.11	-247.2	42.550034	0.85
-6898.418	-0.01	-247.65002	53.579987	0.77
-6716.212	-0.16	-243.66003	52.51004	0.9
-6874.883	-0.73	-236.17001	69.369965	1.18
-6876.613	-0.73	-237.62001	65.98003	1.79
-6850.0015	-0.51	-247.43001	64.999985	1.2
-6853.6934	-0.51	-246.03004	65.939926	1.2
-6789.4155	-0.1	-250.01003	46.809982	0.93
-6812.7495	-0.51	-239.51001	64.51004	1.2
-6808.0513	-0.46	-245.22002	58.08998	1.2
-6795.743	-0.46	-244.14003	57.979965	1.49
-6520.2017	-0.03	-231.57	56.52997	0.62
-6778.074	-0.09	-246.39998	49.800034	0.82
-6784.904	-0.15	-244.95	56.790024	0.95
-6803.7046	-0.15	-252.09	52.24002	1.93
-6825.4805	-0.15	-251.46002	54.869934	1.93
-6694.781	-0.19	-242.30997	52.7601	1.12
-6708.22	-0.19	-243.24002	53.059967	1.04
-6672.7783	-0.18	-242.33997	51.97	1.04
-6746.969	-0.14	-231.73	68.55995	0.74
-6698.598	-0.13	-232.88997	68.35997	0.72
-6686.8594	-0.13	-234.92996	65.83005	0.72
-6802.0483	-0.08	-248.33998	73.17	0.71
-6676.89	-0.16	-241.19997	52.800003	0.85
-6777.03	-0.08	-249.67995	58.620102	0.79
-6561.1177	-0.19	-238.88004	50.549957	0.99
-6581.8853	-0.19	-239.39001	49.789978	1.16
-6567.188	-0.19	-239.65005	45.899963	1.16
-6676.863	-0.05	-248.51	46.310043	0.77
-6616.3857	-0.19	-233.61998	55.189987	0.99
-6612.968	-0.19	-234.12003	54.45996	0.99
-6546.053	-0.0	-247.10997	32.41002	0.92
-6602.59	-0.19	-235.66002	50.55995	0.99
-6527.3643	-0.0	-246.91003	34.01999	0.76
-6743.6226	-0.05	-248.20003	44.459976	0.81
-6474.625	-0.05	-233.44997	50.080093	0.65
-6714.0317	-0.08	-241.70999	47.51001	0.78
-6703.061	-0.08	-243.48997	45.060043	0.78
-6712.475	-0.1	-245.98006	48.489975	0.75
-6695.6826	-0.19	-239.39001	50.51996	1.02
-6605.715	-0.05	-220.64001	72.72998	0.61
-6590.79	-0.05	-227.46002	66.39996	0.61
-6676.7534	-0.19	-235.37001	56.61998	0.91
-6700.5913	-0.19	-239.65002	64.49997	0.88
-6703.4736	-0.19	-237.87001	61.049942	0.88
-6719.763	-0.03	-248.95998	45.789963	0.77
-6679.951	-0.19	-240.19002	58.449966	0.89
-6718.76	-0.03	-250.18	42.569977	0.77
-6689.9517	-0.03	-249.75	39.410034	0.77
-6726.461	-0.03	-249.79001	39.49997	0.85
-6766.724	-0.0	-250.99	47.65001	0.77
-6719.0396	-0.03	-251.39001	39.960022	0.78
-6698.5034	-0.19	-238.95996	63.350037	0.88
-6666.0947	-0.19	-240.89001	56.580017	0.91
-6755.007	-0.03	-249.10002	46.459946	0.78
-6659.833	-0.02	-237.51997	59.980026	0.61
-6667.6226	-0.02	-233.20001	68.82001	0.61
-6746.053	-0.03	-245.87999	44.820023	0.78
-6667.2544	-0.02	-235.74	67.31999	0.61
-6703.0327	-0.02	-238.73996	70.399994	0.59
-6678.113	-0.12	-248.93001	41.85002	0.99
-6684.995	-0.02	-240.86998	74.96001	0.63
-6739.0874	-0.02	-250.98999	47.619965	0.77
-6861.1235	-0.8	-243.15001	66.59999	0.81
-6872.2715	-0.73	-238.33003	68.62999	1.29
-6849.151	-0.73	-243.67001	64.98996	1.29
-6804.3716	-0.56	-245.39	68.89	1.29
-6829.1284	-0.56	-244.76999	70.03003	1.31
-6828.1978	-0.52	-243.82997	66.71004	1.31
-6709.7236	-0.04	-251.01	37.310043	0.95
-6947.2275	-0.51	-231.41995	95.71008	0.68
-6801.497	-0.52	-246.77	60.700027	1.31
-6794.644	-0.52	-247.29	60.34001	1.31
-6727.22	-0.03	-251.21999	47.7101	0.83
-6951.6763	-0.51	-231.15997	101.83008	0.68
-6808.123	-0.44	-246.93001	60.399918	0.97
-6863.1504	-0.4	-251.07997	56.490005	0.97
-6858.104	-0.4	-251.15	58.369995	0.97
-6682.97	-0.07	-241.80003	50.969986	0.63
-6865.1655	-0.4	-251.13997	55.33	0.99
-6869.4097	-0.36	-233.53003	74.44992	0.68
-6883.21	-0.36	-234.61	77.37001	0.71
-6679.9927	-0.07	-242.51999	50.98999	0.63
-6872.3906	-0.33	-244.76003	62.489944	0.99
-6794.098	-0.02	-250.78996	48.240067	0.77
-6667.1543	-0.09	-248.82999	39.360077	1.43
-6871.651	-0.33	-246.81003	56.889984	1.16
-6652.1245	-0.09	-251.51999	38.120026	1.43
-6876.803	-0.33	-243.8	57.37004	1.44
-6660.1304	-0.07	-243.97002	45.769974	0.68
-6861.22	-0.22	-244.18	52.72	1.44
-6647.414	-0.09	-251.71997	35.970062	1.43
-6809.708	-0.14	-248.60999	52.710052	1.44
-6880.7236	-0.46	-232.10999	87.339966	0.68
-6813.6216	-0.41	-229.36005	83.77997	0.68
-6799.673	-0.41	-233.26	80.020004	0.68
-6782.3774	-0.06	-248.26003	46.060013	0.76
-6733.419	-0.24	-237.40997	71.96994	0.75
-6740.561	-0.19	-233.88998	74.889984	0.72
-6714.499	-0.19	-232.0	73.77997	0.72
-6658.203	-0.09	-244.99998	39.810043	0.98
-6672.4307	-0.17	-232.25	70.55994	0.77
-6646.2744	-0.17	-229.76997	71.15001	0.71
-6623.803	-0.14	-243.17004	43.559967	0.83
-6780.988	-0.08	-248.27005	55.21994	0.76
-6845.8594	-0.02	-247.70998	56.020065	0.74
-6664.51	-0.09	-251.33	37.59001	1.12
-6707.9004	-0.14	-245.85999	51.380035	0.81
-6674.505	-0.14	-242.59999	60.62001	0.76
-6710.328	-0.0	-248.48001	50.139984	0.68
-6670.5625	-0.14	-241.81999	58.549942	0.76
-6659.432	-0.13	-244.70004	60.93994	0.76
-6931.8994	-0.62	-231.26	101.45	0.78
-6639.6836	-0.14	-245.52	62.669937	0.76
-6707.7153	-0.14	-244.04	71.04997	0.76
-6732.4976	-0.0	-245.4	44.680023	0.68
-6742.8164	-0.0	-244.42003	47.259933	0.68
-6924.2856	-0.2	-234.29	99.35002	0.78
-6660.8	-0.14	-246.55997	53.08008	0.78
-6923.7993	-0.19	-240.89003	89.16991	0.78
-6932.3394	-0.19	-241.20001	86.40994	0.9
-6884.6396	-0.16	-243.47998	77.71002	0.83
-6937.312	-0.11	-244.53001	64.40993	0.95
-6926.502	-0.11	-247.24004	63.86989	0.95
-6858.314	-0.11	-251.22	51.869965	0.92
-6872.5083	-0.15	-246.62	74.41995	0.9
-6868.3623	-0.11	-253.03003	60.46997	0.93
-6898.605	-0.15	-242.01	75.989944	0.9
-6882.4414	-0.15	-245.72	73.16995	0.9
-6815.405	-0.13	-248.40001	50.85002	1.11
-6867.4243	-0.15	-245.21	72.33	0.83
-6806.471	-0.13	-248.37997	50.78	1.11
-6793.5225	-0.13	-251.55002	48.690002	1.11
-6882.605	-0.15	-241.07	76.03995	0.83
-6790.6157	-0.15	-238.53001	60.289932	0.88
-6772.478	-0.15	-239.34001	63.449966	0.88
-6794.6475	-0.15	-236.61	70.34996	0.79
-6759.035	-0.15	-239.86	61.66002	0.79
-6618.987	-0.03	-247.5	31.040009	0.95
-6909.09	-0.15	-241.79001	79.76001	0.83
-6895.273	-0.15	-241.96997	76.06003	0.87
-6887.4326	-0.15	-244.27998	74.56001	0.87
-6889.709	-0.15	-242.29999	75.72006	0.87
-6854.422	-0.05	-239.46999	72.89	0.67
-6885.418	-0.15	-240.80997	73.640015	0.87
-6791.61	-0.13	-240.44	66.94	0.79
-6822.037	-0.13	-243.82	62.03	0.87
-6820.84	-0.05	-243.01	67.07008	0.67
-6920.5796	-0.15	-238.93	71.58005	0.98
-6773.9624	-0.04	-256.78998	40.97003	1.37
-6927.048	-0.15	-236.06999	75.03999	0.98
-6918.2505	-0.15	-244.07002	65.81004	0.98
-6811.1978	-0.13	-247.19	69.379944	0.9
-6671.625	-0.09	-248.20995	45.590073	0.8
-6882.224	-0.15	-244.29999	66.98001	0.98
-6629.2925	-0.07	-248.96999	49.17003	0.83
-6615.3794	-0.0	-241.27005	39.98001	0.66
-6806.384	-0.14	-249.67003	49.249954	0.85
-6857.1147	-0.17	-246.2	63.92	0.94
-6913.462	-0.17	-241.27	74.53999	0.94
-6858.9517	-0.14	-245.86	76.95998	0.85
-6853.7188	-0.14	-246.61	67.979996	0.87
-6877.481	-0.12	-244.55003	68.06996	0.87
-6691.266	-0.02	-244.41	52.48999	0.67
-6690.2695	-0.02	-242.13998	51.44998	0.67
-6781.8477	-0.05	-249.75	37.78	0.96
-6881.523	-0.17	-242.38002	81.86995	0.94
-6809.2725	-0.05	-252.54001	40.140015	0.96
-6794.4614	-0.05	-251.67003	41.59996	0.89
-6793.831	-0.09	-242.24997	54.23999	0.78
-6873.5063	-0.21	-242.82	77.19998	0.93
-6884.712	-0.21	-241.03	74.839966	0.93
-6906.759	-0.21	-241.77998	76.94997	0.93
-6885.9033	-0.21	-241.34998	80.23001	0.87
-6877.1104	-0.21	-248.94	70.879974	0.98
-6685.2227	-0.02	-246.91998	47.309998	0.67
-6903.328	-0.21	-242.65004	75.19002	0.98
-6920.698	-0.21	-237.34006	77.94998	0.94
-6672.6997	-0.02	-250.06001	45.680008	0.67
-6665.677	-0.02	-247.09999	43.990036	0.75
-6909.648	-0.2	-241.40002	76.06995	0.89
-6881.6587	-0.2	-241.74002	73.27994	0.89
-6874.091	-0.2	-246.12	61.47	0.89
-6863.59	-0.2	-251.59999	55.340042	0.99
-6814.8486	-0.18	-246.84999	56.950027	0.89
-6669.697	-0.02	-248.14998	44.560013	0.75
-6718.231	-0.06	-244.22998	52.77005	0.72
-6622.3066	-0.03	-246.00003	41.47998	0.72
-6700.539	-0.06	-244.08	50.690018	0.73
-6820.2817	-0.18	-246.16997	58.830032	0.89
-6620.186	-0.07	-249.11	38.580032	0.79
-6779.9355	-0.18	-247.22003	54.929993	1.09
-6665.553	-0.02	-250.41	46.100006	0.75
-6627.38	-0.03	-244.11002	44.25	0.66
-6752.8896	-0.18	-245.34	53.549988	1.04
-6638.504	-0.02	-250.03	45.660004	0.75
-6743.441	-0.18	-247.11995	53.520096	1.04
-6759.7305	-0.17	-245.91995	53.370056	1.04
-6767.7603	-0.17	-244.00002	55.300003	1.04
-6635.247	-0.04	-241.97005	42.62999	0.66
-6610.963	-0.09	-248.00998	36.74005	0.93
-6747.407	-0.17	-247.19997	47.730026	1.04
-6750.0596	-0.12	-248.82997	43.479996	1.04
-6648.576	-0.04	-241.22998	45.02011	0.66
-6624.2993	-0.04	-242.14	49.000076	0.66
-6762.6167	-0.1	-251.82	39.860046	1.03
-6777.2544	-0.1	-251.76001	42.620026	1.0
-6813.05	-0.01	-251.77997	41.879974	0.88
-6641.796	-0.04	-244.78998	49.75998	0.66
-6800.0024	-0.04	-248.42001	43.319977	0.88
-6654.2783	-0.07	-246.60999	50.700012	0.74
-6675.288	-0.06	-245.46	48.36	0.74
-6806.661	-0.02	-251.59	42.580048	0.84
-6650.3237	-0.09	-247.27998	40.289963	0.86
-6766.922	-0.04	-246.88997	45.270035	0.82
-6759.3774	-0.04	-251.11003	44.749985	0.82
-6771.933	-0.09	-255.94	47.379974	1.08
-6775.6226	-0.04	-250.13	46.77005	0.82
-6764.576	-0.07	-248.82999	54.210022	0.74
-6766.176	-0.07	-248.39001	55.69995	0.74
-6751.782	-0.1	-251.22002	48.969955	0.87
-6674.6484	-0.05	-247.64001	36.349976	0.89
-6786.71	-0.02	-251.91002	47.07994	0.82
-6745.8726	-0.1	-253.79002	47.759964	1.05
-6739.433	-0.07	-246.85999	54.039978	0.73
-6849.4224	-0.02	-256.21002	57.07007	0.93
-6771.097	-0.09	-245.13998	56.30005	0.73
-6799.21	-0.02	-254.95001	54.110016	0.85
-6839.3364	-0.05	-248.12	62.150055	0.73
-6795.21	-0.02	-255.12001	42.919937	0.85
-6811.5386	-0.02	-253.68997	53.679962	0.83
-6813.525	-0.04	-251.14	50.529984	0.83
-6856.3184	-0.04	-251.53	51.829956	0.83
-6841.723	-0.05	-249.50998	53.350006	0.78
-6858.97	-0.05	-246.59998	49.340057	0.84
-6839.3027	-0.05	-248.98997	49.12996	0.84
-6746.5195	-0.02	-250.16	48.079987	0.75
-6751.156	-0.02	-250.62999	48.56996	0.75
-6828.0825	-0.05	-254.02	43.940018	0.84
-6841.454	-0.05	-251.15001	50.83998	0.84
-6832.177	-0.02	-248.95004	50.149933	0.77
-6873.484	-0.02	-252.24	53.949966	0.77
-6701.822	-0.08	-253.59998	33.809998	0.95
-6853.347	-0.03	-251.56	49.47998	0.85
-6787.805	-0.02	-251.46	55.020004	0.73
-6867.7847	-0.02	-250.33	46.189957	0.92
-6848.1396	-0.05	-253.5	40.69998	1.23
-6904.882	-0.02	-250.98999	46.539978	0.86
-6806.138	-0.09	-253.01	44.230026	0.95
-6791.4717	-0.03	-250.90996	56.480057	0.72
-6802.355	-0.03	-251.79001	56.630005	0.75
-6788.3086	-0.03	-252.06998	56.79001	0.75
-6892.8423	-0.05	-258.88	43.320007	1.05
-6899.5034	-0.05	-257.98	41.409973	1.05
-6873.484	-0.05	-258.65002	42.44995	1.05
-6868.948	-0.04	-254.12001	43.729965	0.94
-6877.8604	-0.04	-256.03	43.370026	0.98
-6785.916	-0.03	-251.49997	56.24002	0.75
-6877.9604	-0.04	-255.97002	46.689987	0.98
-6912.141	-0.05	-253.55998	56.90001	0.82
-6845.9976	-0.02	-246.93999	54.259964	0.76
-6936.6357	-0.02	-257.07996	50.28003	0.98
-6772.82	-0.05	-249.35	56.930023	0.72
-6743.843	-0.05	-247.99002	51.72	0.72
-6713.334	-0.1	-250.14	46.710007	0.95
-6714.972	-0.08	-251.16998	43.24005	0.93
-6695.6016	-0.08	-250.26001	41.080017	0.93
-6941.0303	-0.08	-247.20999	58.809998	0.86
-6932.6816	-0.08	-249.18001	55.39998	0.86
-6694.053	-0.08	-251.76001	39.48999	0.93
-6956.748	-0.02	-256.05	65.26999	0.81
-6701.522	-0.08	-250.51	41.519974	0.93
-6689.07	-0.02	-242.89	45.820023	0.7
-6932.0005	-0.02	-258.15997	60.059998	0.77
-6696.284	-0.04	-242.33002	48.929993	0.7
-6800.301	-0.08	-246.92996	54.730072	0.77
-6858.0093	-0.02	-251.83	65.86998	0.75
-6843.34	-0.13	-245.52998	50.550034	1.2
-6818.832	-0.02	-251.11002	51.45996	0.76
-6693.229	-0.05	-244.34999	40.709946	0.74
-6701.381	-0.05	-240.38997	45.790054	0.74
-6879.2637	-0.02	-249.17998	62.87007	0.73
-6866.1943	-0.02	-252.74	71.81001	0.73
-6899.5933	-0.14	-245.14001	63.839966	1.03
-6900.3267	-0.13	-245.86998	61.750046	0.95
-6877.4263	-0.02	-254.25002	55.60997	0.79
-6887.082	-0.13	-248.84003	51.919983	0.95
-6893.2705	-0.02	-253.6	55.299957	0.76
-6872.935	-0.03	-247.20001	61.42993	0.73
-6895.71	-0.03	-248.26996	62.04007	0.73
-6812.9897	-0.14	-247.85999	52.95999	0.95
-6861.4663	-0.03	-246.71	57.65999	0.73
-6882.4004	-0.14	-249.59998	54.860046	0.95
-6883.693	-0.14	-244.98996	62.150085	0.96
-6898.7764	-0.14	-239.74998	70.90001	0.94
-6901.9653	-0.14	-232.74998	72.40004	0.94
-6925.783	-0.11	-252.11002	55.269928	0.94
-6921.8604	-0.11	-252.97997	54.570023	0.94
-6909.513	-0.11	-253.01	56.710037	0.94
-6891.0347	-0.11	-246.71999	71.250046	0.84
-6885.846	-0.11	-244.81996	77.42006	0.83
-6879.8384	-0.11	-244.58	75.86998	0.83
-6793.3335	-0.04	-251.37004	60.36992	0.75
-6781.2124	-0.09	-248.43004	64.969925	0.75
-6859.139	-0.0	-251.52	51.009964	0.81
-6767.7705	-0.09	-249.04001	71.870026	0.75
-6798.8613	-0.09	-248.48004	73.5	0.75
-6876.186	-0.11	-246.16002	56.06996	0.88
-6855.5503	-0.0	-251.49005	49.619965	0.81
-6905.781	-0.11	-246.03	58.889984	0.88
-6906.191	-0.11	-245.11998	59.020035	0.88
-6887.0903	-0.01	-251.17998	50.92006	0.81
-6904.208	-0.11	-242.51001	64.79001	0.87
-6895.958	-0.11	-243.41	63.829987	0.84
-6914.214	-0.11	-240.92998	68.42	0.84
-6896.102	-0.11	-244.48997	66.010025	0.84
-6901.3423	-0.11	-243.60999	65.97	0.84
-6868.698	-0.11	-249.80002	58.120026	0.8
-6884.362	-0.11	-243.72002	67.37004	0.8
-6727.5605	-0.05	-250.02002	40.789978	0.84
-6887.9854	-0.11	-242.54004	72.67001	0.8
-6703.0483	-0.1	-249.29997	45.09999	0.92
-6893.2764	-0.11	-242.61998	74.21004	0.8
-6724.1	-0.05	-250.07999	39.120056	0.84
-6743.05	-0.05	-251.15005	41.45987	0.84
-6677.341	-0.1	-248.94002	42.810013	0.92
-6669.5806	-0.11	-247.90001	38.979996	1.33
-6733.7866	-0.05	-248.29999	43.49002	0.8
-6712.0903	-0.05	-249.67998	38.39995	0.81
-6658.0317	-0.11	-248.80998	38.290024	1.33
-6853.071	-0.11	-250.34999	60.84996	0.85
-6629.003	-0.11	-246.74997	37.350067	1.33
-6589.878	-0.11	-244.14996	36.860016	1.63
-6873.592	-0.11	-248.83	67.97005	0.85
-6884.0674	-0.11	-247.95	69.13005	0.85
-6886.4897	-0.11	-246.57002	65.37996	0.85
-6591.9795	-0.11	-244.41998	37.01001	1.07
-6587.719	-0.11	-245.01	35.999985	1.07
-6894.881	-0.11	-245.59001	59.91002	0.85
-6878.279	-0.11	-245.04	59.230057	0.8
-6575.9175	-0.11	-245.12996	38.070023	1.32
-6553.068	-0.11	-244.73	36.65999	0.95
-6816.526	-0.11	-242.34003	57.919983	0.78
-6755.3687	-0.11	-243.85999	54.74002	0.78
-6751.3784	-0.11	-246.10999	58.210052	0.78
-6890.8994	-0.05	-253.89001	49.54007	0.87
-6768.06	-0.11	-240.81001	59.83998	0.75
-6887.923	-0.05	-245.15	59.950012	0.69
-6900.4204	-0.05	-241.78001	65.11992	0.72
-6906.7515	-0.05	-239.72002	66.43999	0.72
-6776.9443	-0.06	-255.08998	33.88002	0.98
-6825.7334	-0.09	-246.86	57.490036	0.76
-6966.3203	-0.08	-247.46004	65.479935	0.84
-6966.7183	-0.08	-244.87004	62.729904	0.84
-6944.672	-0.08	-246.12004	61.689926	0.84
-6826.2847	-0.09	-249.54996	57.609985	0.76
-6818.6465	-0.04	-250.95999	53.099976	0.76
-6801.8667	-0.06	-256.34998	42.069977	0.98
-6827.755	-0.04	-248.93	51.22998	0.76
-6804.3447	-0.01	-250.93	49.359985	0.76
-6786.601	-0.06	-255.64996	38.120056	0.98
-6784.457	-0.01	-250.13002	45.979996	0.78
-6795.2944	-0.08	-254.46997	39.02002	0.94
-6788.5728	-0.08	-251.26	38.83	0.95
-6928.1333	-0.08	-242.82002	60.239975	0.84
-6890.0317	-0.08	-244.25	55.060028	0.84
-6888.551	-0.1	-245.05002	55.26999	0.84
-6812.8154	-0.04	-250.04	48.09999	0.78
-6816.5054	-0.04	-250.01004	49.289948	0.78
-6812.996	-0.04	-250.52998	50.63994	0.78
-6817.3237	-0.08	-254.94003	45.059937	0.99
-6822.504	-0.03	-254.79	41.310043	0.99
-6842.01	-0.07	-249.30998	51.59001	0.9
-6847.9043	-0.01	-254.10997	42.68007	0.83
-6823.634	-0.08	-251.25002	44.250015	0.99
-6871.5566	-0.04	-249.95001	46.369995	0.83
-6799.259	-0.07	-251.83002	56.909912	0.8
-6877.3433	-0.04	-250.51999	49.25	0.83
-6821.3633	-0.09	-252.81996	43.810043	0.91
-6767.042	-0.07	-250.03	57.690033	0.77
-6753.0366	-0.05	-250.77	49.759964	0.82
-6759.7915	-0.05	-250.27	47.749985	0.82
-6774.7876	-0.01	-252.55998	47.940018	0.82
-6851.7896	-0.09	-252.30997	54.26004	0.92
-6862.1157	-0.09	-246.98	54.559982	0.94
-6885.2896	-0.03	-248.08997	50.380066	0.83
-6845.3193	-0.09	-248.30998	48.470078	0.94
-6808.066	-0.01	-250.12003	48.390015	0.82
-6945.3784	-0.03	-250.94998	52.77997	0.83
-6902.9253	-0.09	-256.48	42.060028	1.18
-6942.3755	-0.09	-249.39005	54.299927	1.18
-6930.1646	-0.09	-252.92003	51.32997	1.18
-6509.028	-0.11	-241.24002	40.319946	0.84
-6502.8823	-0.11	-242.38004	36.96991	0.84
-6508.022	-0.11	-241.62	39.639984	0.84
-6827.1636	-0.01	-251.73999	50.629974	0.82
-6896.3125	-0.09	-254.19002	52.82991	1.08
-6873.192	-0.09	-254.38004	51.21991	1.08
-6535.7627	-0.11	-241.06	39.25003	0.83
-6867.7334	-0.09	-248.92	50.92	1.08
-6820.8623	-0.05	-250.6	50.899994	0.82
-6783.9453	-0.07	-246.30002	50.76996	0.79
-6839.375	-0.09	-253.12999	49.320023	1.08
-6759.84	-0.07	-245.24997	52.440033	0.77
-6770.4062	-0.07	-244.67	46.510025	0.77
-6841.2124	-0.09	-253.50003	55.369934	1.02
-6834.665	-0.05	-249.93997	52.49002	0.82
-6762.7163	-0.08	-247.70004	45.00998	0.79
-6834.3013	-0.05	-251.06996	51.19008	0.82
-6766.7915	-0.08	-245.29997	52.18004	0.79
-6824.9453	-0.05	-249.61	49.87999	0.82
-6763.2856	-0.08	-243.8	51.290024	0.79
-6807.062	-0.02	-250.38997	49.279984	0.82
-6810.41	-0.08	-253.69998	44.98004	1.02
-6539.682	-0.11	-240.12999	40.510025	0.76
-6813.503	-0.02	-250.11002	48.889984	0.82
-6966.446	-0.02	-252.97002	52.050034	0.92
-6855.1094	-0.02	-249.04999	49.110046	0.82
-6827.769	-0.08	-254.00996	46.08	1.02
-6871.255	-0.08	-253.49	48.89998	1.05
-6802.4644	-0.08	-244.71	53.199966	0.76
-6976.381	-0.02	-252.84998	54.660095	0.92
-6942.831	-0.02	-253.18997	51.890045	0.83
-6791.815	-0.06	-250.57999	48.639954	0.8
-6787.716	-0.06	-249.43999	53.969986	0.76
-6934.879	-0.02	-255.30002	54.79004	0.83
-6921.522	-0.02	-253.23001	50.76999	0.83
-6962.603	-0.02	-252.87	53.089905	0.83
-6818.739	-0.07	-254.42003	44.85994	1.02
-6808.5947	-0.06	-250.48	51.690018	0.81
-6864.8013	-0.02	-254.28996	40.340042	0.92
-6880.633	-0.02	-253.92	46.810013	0.92
-6874.628	-0.05	-249.36	48.229965	0.92
-6837.8315	-0.07	-252.28004	40.86995	1.02
-6893.516	-0.05	-248.49997	50.670044	0.92
-6861.7524	-0.05	-248.00002	50.64998	0.85
-6862.1445	-0.08	-246.56001	51.39995	0.86
-6844.986	-0.08	-247.45004	50.549896	0.86
-6851.421	-0.08	-248.87994	53.710022	0.86
-6856.511	-0.08	-248.82997	52.710007	0.86
-6828.4775	-0.07	-252.94997	39.480026	1.28
-6841.8765	-0.08	-247.68999	54.85005	0.79
-6849.984	-0.08	-247.57999	52.54007	0.79
-6845.8516	-0.08	-247.23996	58.26004	0.78
-6838.9307	-0.08	-249.85997	49.020035	0.86
-6828.0415	-0.08	-249.38998	47.170013	0.86
-6796.35	-0.07	-251.95001	38.660065	1.28
-6969.8545	-0.01	-255.65004	47.55995	0.83
-6822.567	-0.06	-249.63	51.110016	0.82
-6816.457	-0.07	-252.41	41.420013	1.02
-6827.0044	-0.08	-241.91997	51.749954	0.79
-6788.871	-0.08	-243.52998	49.930008	0.75
-6813.3076	-0.08	-241.05998	55.81993	0.75
-6968.73	-0.01	-257.99997	47.01004	1.04
-6801.2607	-0.09	-252.97002	40.32997	1.02
-6814.3916	-0.09	-250.47	43.170013	1.02
-6805.0825	-0.03	-250.65	64.20001	0.74
-6838.047	-0.09	-249.60002	45.000015	1.02
-6823.5024	-0.09	-253.97003	54.939972	1.0
-6826.264	-0.05	-249.45001	47.02002	0.75
-6843.8066	-0.09	-253.25002	52.189987	1.0
-6838.3774	-0.09	-252.67001	51.289978	0.91
-6821.959	-0.09	-254.56	46.690033	0.91
-7001.608	-0.01	-254.78	51.589996	0.83
-6988.7397	-0.02	-249.17996	59.920074	0.83
-6852.429	-0.09	-251.32997	53.200027	0.91
-6803.8594	-0.06	-243.84	55.24005	0.73
-6777.257	-0.06	-244.81998	53.390076	0.73
-6841.6377	-0.14	-248.16	54.620026	0.91
-6830.451	-0.14	-248.72	54.30002	0.91
-6755.8203	-0.06	-244.09001	54.32997	0.71
-6804.8	-0.11	-251.14998	48.490036	0.91
-6841.8364	-0.06	-252.09	48.04001	0.91
-6856.57	-0.06	-256.04004	49.369934	0.91
-6986.9004	-0.02	-251.65994	58.870056	0.83
-6863.1436	-0.08	-256.58002	48.25995	0.97
-6857.506	-0.08	-251.71999	53.09993	0.91
-6848.1963	-0.08	-254.35995	49.570038	0.91
-6828.2935	-0.08	-251.31001	47.60002	0.91
-6983.5635	-0.02	-250.62996	57.460068	0.83
-6795.916	-0.11	-251.29002	45.029984	0.97
-6966.457	-0.02	-257.31	51.600037	1.04
-6835.622	-0.11	-252.82999	45.390045	0.97
-6805.1206	-0.11	-253.02	48.61998	0.97
-6827.696	-0.08	-255.45	46.63997	0.97
-6849.006	-0.08	-252.83	43.209915	1.14
-6872.825	-0.07	-251.76	45.000046	1.03
-6686.169	-0.11	-245.72002	51.429977	0.78
-6872.28	-0.07	-252.38997	47.080032	1.03
-6809.959	-0.11	-248.02	44.210007	0.95
-6920.2715	-0.02	-256.16	55.95993	0.94
-6875.847	-0.07	-251.18	52.670013	1.08
-6741.0044	-0.12	-250.90001	42.41002	0.97
-6893.941	-0.07	-251.50003	52.69995	1.08
-6719.3804	-0.12	-251.15997	44.23999	0.97
-6680.9297	-0.09	-241.02002	52.31006	0.73
-6761.327	-0.15	-249.51003	46.389908	0.97
-6786.3057	-0.15	-247.35002	47.689926	0.97
-6911.249	-0.07	-250.35004	53.00998	1.08
-6829.413	-0.15	-246.03998	52.24002	1.16
-6892.917	-0.07	-249.47998	52.130127	1.08
-6832.1914	-0.15	-245.61998	55.540054	0.97
-6832.753	-0.15	-242.52995	55.300064	0.97
-6856.3545	-0.15	-247.27998	53.15001	1.01
-6852.508	-0.15	-247.66002	52.419937	1.01
-6699.9136	-0.08	-245.3	50.940018	0.73
-6712.2705	-0.08	-243.75	52.070007	0.73
-6683.1445	-0.08	-243.74998	49.239914	0.73
-6837.1255	-0.15	-243.12	50.920044	1.17
-6837.9453	-0.15	-242.31999	49.669968	1.17
-6832.9976	-0.15	-243.43005	51.619934	1.17
-6829.7583	-0.15	-245.04004	51.029938	1.17
-6800.1567	-0.16	-242.20998	52.59999	1.26
-6744.3647	-0.08	-242.47002	55.520035	0.73
-6746.681	-0.0	-247.13998	46.120026	0.74
-6743.8203	-0.08	-242.89998	53.790024	0.73
-6764.9907	-0.16	-245.87	52.440002	1.04
-6716.4478	-0.09	-242.09999	59.37004	0.69
-6773.4897	-0.16	-249.19997	52.770004	1.04
-6801.826	-0.16	-246.81999	54.530014	1.04
-6916.92	-0.03	-254.91005	52.61998	0.93
-6755.4067	-0.03	-249.76	49.050003	0.76
-6780.885	-0.16	-251.10999	42.51001	1.07
-6744.6963	-0.03	-249.47003	48.679962	0.76
-6799.7515	-0.16	-250.58006	45.989914	1.07
-6681.3247	-0.05	-244.72998	46.450012	0.71
-6671.713	-0.05	-245.99002	43.549988	0.76
-6788.436	-0.16	-251.04	46.189987	1.07
-6683.758	-0.04	-246.39001	43.329987	0.76
-6771.4316	-0.12	-254.43001	42.35997	1.07
-6937.1216	-0.05	-255.54	44.15001	0.99
-6774.126	-0.12	-252.29	47.050034	0.98
-6909.901	-0.05	-247.64001	53.029938	0.86
-6834.3	-0.12	-251.63002	52.810013	0.8
-6845.419	-0.12	-249.94998	53.110046	0.8
-6685.613	-0.04	-246.76997	45.10002	0.71
-6865.9995	-0.12	-245.25002	58.34996	0.76
-6945.1245	-0.02	-254.59001	49.41002	0.85
-6873.9517	-0.01	-251.29001	51.899994	0.76
-6840.9014	-0.12	-250.77998	60.080063	0.76
-6673.81	-0.03	-242.26996	47.640015	0.69
-6864.2476	-0.12	-252.27998	61.760025	0.76
-6892.301	-0.01	-251.43996	52.219986	0.76
-6845.628	-0.12	-253.29001	63.119995	0.76
-6895.898	-0.01	-252.46997	53.150024	0.76
-6749.9883	-0.02	-248.65	46.75	0.76
-6781.212	-0.01	-240.85	61.880005	0.64
-6838.5415	-0.12	-251.54	60.37001	0.76
-6779.8745	-0.01	-244.34003	58.73999	0.6
-6816.9224	-0.12	-245.79	58.439987	0.76
-6783.051	-0.01	-238.06	64.98999	0.61
-6741.841	-0.01	-238.45001	56.74002	0.61
-6811.169	-0.12	-253.73001	49.98001	0.83
-6836.295	-0.12	-252.1	49.059998	0.85
-6742.6875	-0.02	-248.45001	44.80002	0.76
-6974.0996	-0.02	-250.73999	44.319946	1.0
-6833.789	-0.12	-250.74997	47.30005	0.85
-6694.015	-0.03	-239.28996	55.91005	0.64
-6830.9004	-0.12	-249.01	44.979996	0.85
-6848.3926	-0.12	-248.91998	50.77002	0.8
-6995.624	-0.02	-256.45	44.600006	1.0
-6850.3774	-0.12	-247.13	50.360046	0.8
-6833.6167	-0.03	-243.6	49.170013	0.81
-6999.189	-0.02	-254.36003	46.62001	1.0
-7017.632	-0.01	-256.73004	48.71994	1.0
-7018.7007	-0.01	-255.28998	48.430023	1.0
-6743.61	-0.03	-244.66998	45.150024	0.74
-6748.239	-0.03	-245.18997	45.380035	0.74
-6743.895	-0.03	-246.30002	45.679993	0.74
-7030.7134	-0.01	-256.65	50.329987	0.95
-6995.5835	-0.01	-253.87001	49.959976	0.96
-6996.185	-0.01	-253.17001	48.919983	0.96
-6746.9233	-0.01	-239.30002	58.73001	0.61
-6990.5894	-0.01	-254.42998	48.259995	0.96
-6735.6694	-0.0	-239.43001	57.67003	0.61
-6960.23	-0.01	-253.43001	43.550003	0.96
-6811.305	-0.03	-251.68	52.23999	0.81
-6699.0625	-0.01	-237.29001	55.97	0.63
-6740.31	-0.03	-242.44003	43.879974	0.74
-6903.0063	-0.03	-249.7	51.790024	0.87
-6893.5605	-0.03	-252.33002	53.139984	0.87
-6738.8013	-0.01	-242.56001	56.68004	0.64
-6727.969	-0.01	-241.58002	55.829926	0.64
-6701.1055	-0.03	-232.7	74.010025	0.63
-6696.573	-0.03	-240.45993	45.55011	0.72
-6932.9463	-0.02	-252.51996	56.80002	0.77
-6694.1597	-0.03	-234.12	72.41	0.63
-6710.6997	-0.01	-243.34999	51.229965	0.64
-6658.8467	-0.03	-232.11	69.08003	0.62
-6645.8364	-0.03	-231.82	64.80002	0.6
-6685.551	-0.03	-231.93999	70.34004	0.6
-6668.3604	-0.03	-232.79997	72.10008	0.6
-6933.68	-0.02	-252.43999	55.740005	0.77
-6620.104	-0.03	-233.71002	66.24997	0.6
-6729.442	-0.01	-239.26001	58.619934	0.61
-6984.4443	-0.03	-255.71997	56.54001	1.12
-6719.972	-0.01	-243.07999	57.07007	0.61
-6992.206	-0.03	-255.49998	52.710007	1.16
-6628.0464	-0.03	-233.17	62.430008	0.6
-6990.0605	-0.03	-256.33997	51.04004	1.16
-6638.379	-0.02	-233.76001	65.29996	0.6
-6696.669	-0.01	-239.63998	56.860016	0.6
-6927.19	-0.01	-251.13005	54.39998	0.76
-6980.3247	-0.03	-259.20996	50.410034	1.16
-6900.7285	-0.1	-248.78995	56.49005	0.8
-6910.703	-0.01	-249.69998	57.570007	0.74
-6617.494	-0.02	-234.96002	63.130005	0.6
-6914.102	-0.09	-243.29	63.67	0.8
-6911.806	-0.09	-246.37997	59.98001	0.8
-6909.806	-0.09	-243.48	58.58	0.8
-6676.6313	-0.01	-238.34998	53.570038	0.62
-6872.9424	-0.01	-252.22003	56.630035	0.74
-6642.935	-0.02	-233.25998	63.170013	0.6
-6641.022	-0.01	-239.57	52.01999	0.6
-6650.903	-0.02	-230.62999	64.57002	0.6
-6654.472	-0.01	-240.92	57.86995	0.6
-6921.413	-0.1	-244.84999	65.520035	0.77
-6657.366	-0.03	-224.04001	70.19006	0.6
-6631.781	-0.01	-240.18999	54.740036	0.61
-6621.351	-0.04	-220.22	76.32001	0.62
-6622.2134	-0.04	-219.34	76.399994	0.62
-6627.2627	-0.01	-240.43997	56.640015	0.61
-6648.2314	-0.01	-244.74	49.09001	0.62
-6660.192	-0.01	-244.06	53.32007	0.62
-6680.1646	-0.01	-242.10004	54.95999	0.62
-6624.7197	-0.04	-218.04001	73.660065	0.62
-6727.1025	-0.01	-241.94	56.569977	0.62
-6608.2886	-0.04	-227.18	67.620026	0.62
-6572.9697	-0.04	-226.60997	63.460037	0.62
-6977.5444	-0.03	-256.0	52.119934	1.07
-6864.9326	-0.01	-247.45003	60.36998	0.71
-6951.1704	-0.03	-256.63998	47.680023	1.07
-6719.0933	-0.01	-240.16	51.670013	0.66
-6954.6484	-0.03	-256.16003	51.69995	1.07
-6543.651	-0.04	-227.56999	65.99007	0.62
-6863.588	-0.01	-248.84999	55.930008	0.7
-6870.0635	-0.01	-246.39001	57.849945	0.7
-6856.533	-0.01	-246.91998	51.73004	0.7
-6864.674	-0.01	-249.66997	46.61003	0.72
-6721.6016	-0.05	-246.38002	59.449997	0.7
-6842.0283	-0.03	-248.15999	49.779984	0.74
-6685.3022	-0.05	-240.38995	50.29007	0.7
-6722.264	-0.05	-244.23004	50.349976	0.7
-6962.0054	-0.03	-244.90999	74.469986	0.74
-6486.6606	-0.05	-223.01001	65.82004	0.62
-6462.1924	-0.05	-225.78	59.590088	0.62
-6740.1504	-0.04	-241.60997	50.68007	0.7
-6734.9873	-0.04	-242.39001	51.849945	0.7
-6427.187	-0.05	-227.17996	56.179993	0.62
-6451.5713	-0.05	-230.87001	56.809982	0.62
-6484.31	-0.05	-226.52998	66.259995	0.62
-6899.002	-0.03	-253.45	44.09001	0.96
-6528.883	-0.04	-230.81998	57.79007	0.62
-6715.8765	-0.02	-240.22	51.47998	0.66
-6509.391	-0.04	-230.06	57.640045	0.62
-6948.221	-0.01	-243.02	68.95	0.7
-6973.391	-0.01	-245.89	69.000015	0.7
-6946.999	-0.06	-248.97998	52.570007	0.96
-6760.439	-0.07	-234.52998	65.65001	0.66
-6760.0063	-0.07	-239.51997	59.85002	0.66
-6912.197	-0.06	-251.81001	45.419968	0.96
-6922.682	-0.06	-253.65999	44.989975	1.07
-6906.0015	-0.06	-255.35994	42.11003	1.14
-6889.231	-0.06	-254.3	43.06996	0.96
-6865.7495	-0.06	-256.55002	44.039978	1.16
-6513.247	-0.04	-220.31	65.370056	0.6
-6488.307	-0.04	-226.20999	58.130066	0.6
-6743.744	-0.02	-245.90999	58.760056	0.66
-6984.7134	-0.0	-250.96002	59.26004	0.77
-6779.4307	-0.03	-245.99998	57.010025	0.7
-6494.454	-0.04	-225.91002	64.93004	0.6
-6950.6055	-0.0	-254.58	57.60002	0.76
-6695.123	-0.07	-241.79001	54.939972	0.66
-6530.4067	-0.04	-221.47	71.05002	0.6
-6894.447	-0.06	-255.82	44.899963	1.16
-6536.2993	-0.04	-222.37996	78.59007	0.6
-6921.283	-0.0	-252.70001	56.670013	0.7
-6676.139	-0.07	-240.84998	50.30005	0.66
-6923.6616	-0.0	-253.77	56.500015	0.76
-6668.961	-0.04	-244.12	50.97	0.66
-6938.825	-0.0	-251.09	57.73004	0.7
-6501.367	-0.04	-224.46002	68.850006	0.6
-6950.6855	-0.0	-250.36998	55.37007	0.7
-6700.762	-0.02	-248.33995	47.980087	0.68
-6950.5854	-0.0	-248.78996	55.1501	0.7
-6976.6963	-0.0	-251.17998	58.080032	0.7
-6498.9644	-0.02	-225.30003	58.749954	0.6
-6934.2627	-0.06	-248.39	57.61	0.74
-6723.7417	-0.02	-247.74	50.88997	0.68
-6735.5493	-0.02	-250.48997	50.680008	0.72
-6956.8315	-0.06	-250.49998	59.489975	0.74
-6744.4536	-0.05	-247.49998	51.41002	0.72
-6478.326	-0.02	-226.86003	54.63997	0.6
-6953.3604	-0.06	-251.25002	64.91994	0.73
-6744.4263	-0.05	-251.00995	47.900055	0.77
-6933.762	-0.06	-252.33	53.89	0.78
-6957.783	-0.06	-246.84998	62.869995	0.78
-6735.5894	-0.05	-248.96002	54.47995	0.73
-6743.081	-0.05	-245.72995	53.180023	0.66
-6710.514	-0.02	-246.94	54.53	0.66
-6712.6245	-0.05	-250.15001	47.679947	0.77
-6713.5957	-0.02	-246.61	57.90999	0.66
-6729.7373	-0.02	-244.27	51.919968	0.66
-6705.7017	-0.04	-245.99	54.499954	0.66
-6946.6387	-0.06	-252.84003	48.129944	1.26
-6953.508	-0.02	-253.54	67.780045	0.78
-6952.414	-0.06	-249.39	51.14003	1.49
-6437.835	-0.02	-231.83997	48.80005	0.62
-6714.6484	-0.0	-251.98999	43.460083	0.77
-6949.851	-0.06	-252.74995	50.730118	1.49
-6953.978	-0.06	-252.36998	52.040024	1.49
-6978.1846	-0.06	-253.75993	53.010025	1.52
-6962.705	-0.06	-255.49007	52.83989	1.52
-6712.9473	-0.05	-249.93001	47.64	0.77
-6964.818	-0.02	-254.58997	71.110016	0.78
-6951.333	-0.06	-252.40999	51.030075	1.52
-6684.613	-0.05	-245.83998	58.780014	0.69
-6942.2554	-0.08	-250.82996	51.350067	1.1
-6650.3003	-0.05	-246.43	56.04007	0.69
-6639.7603	-0.05	-247.16002	55.000015	0.69
-6934.4507	-0.08	-251.70996	50.619965	1.1
-6614.7383	-0.05	-244.52995	49.17006	0.69
-6396.6104	-0.02	-232.12001	47.38005	0.62
-6901.876	-0.08	-254.90002	44.919983	1.1
-6919.784	-0.08	-254.30997	48.82007	1.1
-6593.3037	-0.06	-245.50996	52.040085	0.69
-6930.6167	-0.08	-254.1	52.23996	1.1
-6974.9326	-0.08	-255.36998	54.810074	1.1
-6943.049	-0.05	-255.17998	50.409958	1.4
-6958.333	-0.06	-252.90997	63.78003	0.83
-6710.7617	-0.01	-247.90999	51.86	0.65
-6595.601	-0.06	-246.96999	48.60005	0.72
-6950.0215	-0.06	-256.91998	57.170013	0.76
-6956.852	-0.06	-253.37	61.859985	0.78
-6953.271	-0.06	-251.05	61.319992	0.78
-6967.4727	-0.04	-254.02	55.919937	1.01
-6588.8306	-0.06	-247.55997	49.900085	0.74
-6999.2896	-0.06	-249.26997	68.07002	0.78
-6590.545	-0.06	-249.49994	48.420074	0.78
-6963.558	-0.06	-251.4	68.93002	0.76
-6987.7246	-0.04	-258.08002	51.02002	1.4
-6699.8	-0.01	-247.54002	53.14	0.64
-6802.832	-0.06	-242.33	57.36	0.69
-6971.761	-0.06	-247.20999	66.91998	0.76
-6960.312	-0.06	-248.94002	63.64995	0.76
-6611.397	-0.06	-243.38997	43.09001	0.72
-6971.6514	-0.06	-250.49002	65.47995	0.76
-6977.5684	-0.05	-247.08003	70.62996	0.76
-6676.8804	-0.01	-247.57002	50.029984	0.64
-6984.3584	-0.05	-248.69	67.56998	0.78
-6848.832	-0.08	-244.68999	58.199997	0.68
-6876.8936	-0.08	-246.39	55.999954	0.71
-6846.7026	-0.08	-247.35	58.51001	0.71
-6810.983	-0.08	-247.06998	55.75006	0.71
-6978.332	-0.05	-249.19003	66.78995	0.78
-6815.4697	-0.0	-248.74	51.010025	0.71
-6990.31	-0.04	-258.19	56.359955	1.4
-6952.5625	-0.02	-251.75002	57.179916	0.78
-6976.619	-0.05	-253.61998	54.330032	1.19
-6818.6567	-0.0	-249.24998	51.229996	0.71
-6933.9194	-0.02	-253.19997	56.690018	0.82
-6966.6953	-0.05	-254.49997	51.869965	1.52
-6950.7383	-0.05	-255.00996	52.679977	1.52
-6940.934	-0.05	-255.80003	57.049973	1.19
-6666.6006	-0.01	-249.26	37.940018	0.76
-6655.461	-0.01	-248.20998	49.42003	0.64
-6937.079	-0.02	-250.18999	57.020004	0.78
-6822.088	-0.0	-249.37004	51.61998	0.71
-6669.4604	-0.01	-244.24998	48.91002	0.64
-6965.9873	-0.02	-248.23	60.69005	0.78
-6797.217	-0.02	-250.34001	50.5399	0.71
-6963.3447	-0.02	-248.42004	60.46997	0.78
-6947.1377	-0.0	-251.58998	52.67003	0.78
-6951.8027	-0.0	-251.04001	53.289886	0.76
-6934.491	-0.05	-254.54001	55.160034	0.93
-6832.616	-0.05	-247.33998	47.519974	0.71
-6697.1606	-0.0	-250.1	40.97	0.76
-6843.836	-0.04	-249.48006	51.799942	0.71
-6689.738	-0.06	-247.53998	43.74005	0.76
-6651.0474	-0.06	-245.87999	40.699966	0.77
-6955.48	-0.0	-252.72997	54.030045	0.76
-6657.2266	-0.06	-245.87996	41.570114	0.77
-6940.075	-0.05	-253.77998	48.239975	0.93
-6671.596	-0.06	-249.39996	41.580017	0.81
-6663.741	-0.06	-250.61003	40.699936	0.81
-6966.064	-0.03	-252.79001	53.7099	0.93
-6932.097	-0.03	-253.88	51.919952	0.93
-6666.11	-0.06	-247.21002	41.100006	0.85
-6661.3774	-0.06	-247.54002	39.65999	0.85
-6736.389	-0.0	-248.76999	39.690002	0.91
-6961.3174	-0.0	-249.74	57.000015	0.76
-6890.6406	-0.04	-251.05995	50.949997	0.77
-6725.4683	-0.0	-248.13998	42.470062	0.65
-6980.6597	-0.0	-245.60999	61.55002	0.76
-6699.299	-0.0	-243.10999	41.939972	0.63
-6977.5464	-0.0	-248.82	63.630005	0.76
-6657.039	-0.06	-249.71	38.09001	0.85
-6964.7524	-0.03	-254.46999	54.63002	0.93
-6964.4863	-0.03	-255.91002	53.44005	0.93
-6993.758	-0.0	-243.2	77.15001	0.69
-6669.0166	-0.1	-250.65999	42.240005	0.85
-6882.128	-0.01	-247.86003	55.530045	0.72
-6901.024	-0.01	-249.76001	56.139984	0.72
-6882.273	-0.03	-246.52002	62.029907	0.72
-6954.185	-0.03	-243.74	72.05003	0.68
-6962.4634	-0.03	-258.06003	47.149963	1.08
-6966.808	-0.03	-257.86002	48.21994	1.08
-6954.1274	-0.03	-257.05002	46.549927	1.08
-6903.3643	-0.03	-246.42	59.479965	0.72
-6947.6104	-0.03	-245.49	69.62001	0.72
-6891.085	-0.02	-248.54001	61.920013	0.72
-6920.579	-0.03	-255.69	45.179993	1.08
-6865.7407	-0.03	-248.02002	61.619965	0.72
-6668.6353	-0.1	-246.89	41.530014	0.88
-6643.1206	-0.12	-244.92	42.40999	0.88
-6628.4014	-0.12	-246.33	38.85002	0.88
-6619.284	-0.12	-245.09995	38.06006	1.43
-6854.491	-0.04	-248.68999	58.84001	0.72
-6703.2896	-0.0	-248.98	40.949936	0.77
-6827.07	-0.02	-251.03001	52.80992	0.72
-6813.6606	-0.02	-251.85999	55.650024	0.72
-6721.0605	-0.0	-250.06004	45.469894	0.77
-6718.059	-0.0	-248.39003	42.449905	0.77
-6905.94	-0.03	-257.41	40.390045	1.37
-6717.291	-0.01	-248.38998	42.48999	0.77
-6850.04	-0.02	-250.41998	58.909973	0.72
-6645.8267	-0.08	-248.89003	33.08	0.78
-6650.46	-0.02	-249.38004	32.96994	0.95
-6968.8096	-0.03	-244.3	67.64	0.72
-6975.0503	-0.03	-244.72	70.92999	0.72
-6936.2983	-0.03	-256.31	41.0	1.37
-6912.531	-0.03	-257.22	40.329987	1.37
-6885.625	-0.03	-256.93	37.80002	1.37
-6858.1055	-0.02	-251.40001	62.220016	0.75
-6669.739	-0.08	-245.73994	39.060074	0.78
-6915.986	-0.02	-255.26999	37.04004	0.97
-6981.6694	-0.01	-247.43001	69.52995	0.68
-6684.5405	-0.08	-247.03004	40.939987	0.78
-6918.9067	-0.02	-252.27003	43.320023	0.97
-6934.196	-0.02	-247.78003	47.339905	0.97
-6697.119	-0.08	-244.11	42.39	0.77
-6914.8755	-0.01	-246.88997	65.05	0.67
-6667.54	-0.08	-247.01001	44.609985	0.77
-6910.341	-0.01	-247.96002	61.97992	0.67
-6487.6255	-0.02	-232.27002	55.609985	0.6
-6924.467	-0.02	-250.99002	46.76996	0.97
-6904.505	-0.01	-245.37999	61.810043	0.72
-6707.589	-0.01	-246.19002	39.979996	0.76
-6893.8203	-0.02	-256.33	43.330017	0.97
-6472.2305	-0.02	-234.52998	51.299973	0.6
-6931.3975	-0.02	-256.83002	47.93994	0.97
-6459.3413	-0.02	-233.68	50.98999	0.6
-6436.0625	-0.02	-235.01003	50.07994	0.6
-6695.147	-0.01	-249.65999	39.979965	0.76
-6430.205	-0.02	-235.59999	52.740036	0.6
-6895.5063	-0.02	-256.72	45.01996	0.97
-6860.166	-0.01	-240.87001	75.57997	0.64
-6838.387	-0.01	-240.34999	72.45998	0.64
-6825.1597	-0.02	-237.56996	75.64009	0.64
-6820.144	-0.02	-237.27998	72.490005	0.64
-6834.3867	-0.02	-249.83	58.05995	0.75
-6738.4614	-0.01	-246.92996	43.50003	0.76
-6673.0664	-0.08	-247.25	48.899994	0.77
-6858.9976	-0.02	-246.70999	61.429962	0.72
-6889.034	-0.04	-256.9	49.00998	0.97
-6727.9883	-0.01	-249.66002	44.469986	0.76
-6678.019	-0.08	-248.14	49.310013	0.77
-6766.486	-0.02	-241.64001	60.329987	0.65
-6743.9404	-0.02	-245.51997	61.13005	0.65
-6715.8203	-0.01	-249.18001	41.159958	0.73
-6701.1377	-0.01	-248.81001	38.559982	0.72
-6895.027	-0.04	-255.16998	46.690033	0.97
-6849.1763	-0.02	-247.55	64.00008	0.66
-6686.9185	-0.0	-249.34004	42.029953	0.72
-6896.6826	-0.04	-253.87997	46.940033	0.97
-6884.725	-0.02	-249.15001	65.4001	0.66
-6868.4336	-0.02	-245.34001	63.789963	0.67
-6857.8706	-0.02	-247.32004	60.899994	0.68
-6685.01	-0.0	-250.80998	43.180008	0.72
-6677.1704	-0.0	-248.53003	49.22992	0.7
-6721.907	-0.02	-245.89998	57.500015	0.65
-6931.371	-0.06	-255.03001	49.81996	0.94
-6689.1064	-0.01	-246.12999	45.240067	0.7
-6684.919	-0.01	-247.25	43.05005	0.66
-6663.9966	-0.01	-246.51001	40.420044	0.66
-6935.3535	-0.06	-255.65002	51.129944	0.94
-6650.8677	-0.01	-247.84998	34.98999	0.87
-6659.907	-0.08	-248.17003	48.449966	0.77
-6871.131	-0.04	-245.26999	65.21002	0.68
-6920.1445	-0.06	-256.84998	46.950012	0.94
-6887.531	-0.04	-247.03	67.18002	0.68
-6904.38	-0.06	-254.43001	51.65001	0.9
-6746.3105	-0.01	-246.37001	52.189957	0.65
-6921.5527	-0.04	-244.16	71.349976	0.68
-6398.2847	-0.02	-234.70999	48.05002	0.6
-6898.7666	-0.06	-253.89003	54.33998	0.89
-6754.9863	-0.01	-250.11998	51.460007	0.67
-6916.3794	-0.09	-252.79	56.550034	0.89
-6902.589	-0.09	-251.72	56.23996	0.89
-6890.9297	-0.11	-247.97002	60.959976	0.89
-6394.451	-0.02	-232.83998	45.520035	0.6
-6908.9033	-0.04	-240.34999	68.78999	0.68
-6763.063	-0.01	-245.50002	51.930008	0.67
-6895.2197	-0.04	-244.73999	62.680054	0.68
-6870.3203	-0.04	-243.42	60.789963	0.65
-6877.2563	-0.04	-241.42001	67.5	0.65
-6887.0786	-0.11	-252.31998	61.440002	0.87
-6406.503	-0.02	-233.23997	49.93007	0.6
-6666.942	-0.08	-248.75998	50.789978	0.77
-6393.975	-0.02	-235.81	50.200043	0.6
-6373.9463	-0.02	-239.20998	42.59999	0.61
-6626.357	-0.01	-248.96997	35.580017	0.87
-6753.2173	-0.01	-245.83002	48.379913	0.68
-6382.6177	-0.02	-236.83003	42.509964	0.61
-6361.199	-0.02	-235.90002	42.129974	0.61
-6771.1206	-0.01	-246.23999	50.589996	0.68
-6649.8354	-0.06	-248.35	49.579987	0.77
-6877.3926	-0.01	-242.29001	59.78003	0.65
-6890.4478	-0.01	-241.45999	64.599976	0.65
-6639.878	-0.06	-249.44997	51.990067	0.77
-6893.279	-0.1	-251.9	63.03006	0.87
-6884.527	-0.1	-254.75	57.0	0.87
-6890.4834	-0.04	-234.76	75.19997	0.65
-6881.309	-0.04	-236.65	69.390015	0.65
-6418.2534	-0.02	-228.68997	49.649994	0.61
-6824.1494	-0.04	-240.11998	57.540024	0.65
-6761.4404	-0.07	-232.60999	73.02005	0.65
-6398.4243	-0.02	-233.29	48.229996	0.61
-6393.513	-0.02	-235.62001	42.799942	0.61
-6748.9536	-0.07	-231.60997	70.12007	0.65
-6703.6816	-0.07	-236.90001	56.300003	0.65
-6407.9214	-0.02	-235.84	44.50998	0.65
-6394.549	-0.02	-235.03003	42.879913	0.65
-6697.1006	-0.05	-237.84	52.53	0.66
-6616.2524	-0.01	-249.48004	34.420013	0.87
-6372.1587	-0.02	-234.56001	41.569992	0.65
-6805.6987	-0.01	-241.91	52.640015	0.67
-6809.399	-0.01	-245.43001	52.90001	0.67
-6617.6187	-0.01	-248.25998	35.690063	0.69
-6617.1772	-0.01	-247.59998	35.630005	0.77
-6812.153	-0.01	-240.19997	59.459976	0.67
-6806.217	-0.01	-246.66003	59.669952	0.68
-6802.6987	-0.01	-245.46997	54.440063	0.68
-6799.3774	-0.01	-245.73003	55.509964	0.67
-6807.051	-0.0	-248.07004	53.049957	0.67
-6370.9214	-0.02	-235.73004	42.109955	0.65
-6388.4688	-0.02	-234.81999	42.590042	0.65
-6601.0776	-0.01	-248.34	36.77002	0.77
-6829.647	-0.0	-246.85	54.23996	0.64
-6842.498	-0.0	-247.82002	59.049973	0.63
-6601.246	-0.01	-248.62997	36.900055	0.77
-6708.797	-0.05	-241.72997	50.709976	0.67
-6856.2812	-0.0	-248.12997	54.810028	0.67
-6373.767	-0.02	-235.60002	42.009995	0.67
-6626.7173	-0.01	-247.92998	37.38002	0.77
-6638.2783	-0.01	-249.88997	39.950058	0.77
-6861.376	-0.0	-249.37	56.870056	0.68
-6341.9297	-0.02	-235.12001	39.39	0.67
-6692.5557	-0.07	-241.16003	52.369934	0.67
-6878.9185	-0.01	-247.97002	61.740036	0.68
-6614.899	-0.0	-252.01004	37.089935	0.77
-6871.304	-0.01	-249.61002	63.340027	0.68
-6719.616	-0.07	-241.67003	55.409958	0.71
-6931.769	-0.09	-257.39	57.04007	1.22
-6733.085	-0.07	-240.87001	57.960007	0.67
-6616.209	-0.0	-248.93	42.50998	0.69
-6738.368	-0.07	-239.86003	57.769943	0.67
-6914.168	-0.01	-249.52005	68.48996	0.68
-6765.9233	-0.07	-239.88998	65.69	0.67
-6721.9644	-0.07	-240.25003	57.669952	0.67
-6694.4316	-0.09	-234.46002	63.200012	0.67
-6943.4644	-0.01	-249.50998	62.620026	0.68
-6635.418	-0.0	-249.09	44.360046	0.69
-6967.502	-0.09	-259.25003	57.98996	1.22
-7000.4277	-0.01	-254.35999	63.670044	0.72
-6642.8027	-0.0	-248.76003	38.439957	0.69
-6639.259	-0.0	-246.28	37.680054	0.69
-7001.7188	-0.01	-255.59998	65.74005	0.72
-7002.421	-0.01	-255.09003	69.69998	0.72
-6967.41	-0.09	-258.08	57.79004	1.18
-7051.774	-0.01	-250.48001	77.29999	0.72
-7074.1294	-0.01	-253.67	72.739975	0.73
-6700.9634	-0.09	-235.84	64.48007	0.67
-7093.1074	-0.01	-248.51	77.97002	0.73
-6985.899	-0.08	-254.71	55.980087	1.18
-7053.523	-0.05	-227.97002	99.05998	0.73
-6983.7275	-0.08	-255.37	58.02008	1.18
-7028.8296	-0.05	-232.06003	91.72998	0.73
-7002.2017	-0.05	-238.39001	83.869995	0.73
-6652.52	-0.0	-247.90004	38.529953	0.69
-7011.193	-0.08	-254.81999	53.790024	1.22
-7011.8047	-0.09	-253.4	57.660004	1.28
-6999.351	-0.07	-243.72997	71.39003	0.74
-7012.887	-0.09	-253.98001	56.079956	1.44
-7011.1562	-0.09	-254.95	59.760025	1.44
-6972.666	-0.09	-242.86995	69.58006	0.74
-6956.3257	-0.09	-255.26003	55.549942	1.57
-6944.8247	-0.09	-257.24	55.389984	1.57
-6930.3765	-0.09	-245.7	68.250015	0.74
-6965.576	-0.09	-254.57999	56.100037	1.81
-6962.0806	-0.08	-256.49	53.079987	1.81
-6905.8745	-0.09	-247.00996	63.12004	0.74
-6683.7065	-0.11	-231.34	77.31	0.67
-6908.7373	-0.09	-247.26	60.030014	0.86
-6875.678	-0.09	-245.95999	57.25998	0.74
-6635.4663	-0.01	-248.51999	38.55005	0.69
-6841.9756	-0.11	-241.85002	65.499985	0.74
-6701.629	-0.11	-228.33003	91.08998	0.66
-6838.9854	-0.11	-241.06004	62.749954	0.74
-6828.2534	-0.11	-242.15	66.16	0.74
-6844.451	-0.11	-237.56999	70.33	0.74
-6849.8457	-0.1	-239.05002	67.95996	0.74
-6658.9756	-0.01	-248.33	43.84999	0.69
-6838.691	-0.1	-242.78	63.669983	0.74
-6344.179	-0.04	-234.05002	33.79001	0.75
-6790.353	-0.1	-243.55998	55.13002	0.76
-6596.999	-0.1	-228.88	66.74997	0.65
-6774.42	-0.1	-244.18999	55.179977	0.76
-6405.3506	-0.04	-238.2	34.61003	0.75
-6778.5996	-0.07	-244.79	52.559982	0.74
-6796.8906	-0.07	-244.14001	54.129913	0.74
-6807.831	-0.07	-240.42004	55.23993	0.74
-6391.906	-0.04	-238.53003	35.600006	0.75
-6404.7363	-0.04	-240.50003	32.289978	0.81
-6805.2314	-0.07	-243.04	55.570023	0.74
-6416.685	-0.03	-239.78001	33.14998	0.75
-6816.156	-0.07	-244.42001	54.880005	0.76
-6416.034	-0.03	-236.43999	36.950027	0.73
-6797.268	-0.06	-249.01999	50.360016	0.76
-6829.849	-0.06	-253.93997	43.47	0.84
-6408.1704	-0.04	-238.03001	34.14995	0.73
-6811.3267	-0.06	-252.96002	42.850006	1.07
-6636.861	-0.01	-246.6	41.00995	0.69
-6579.214	-0.08	-233.45007	57.20996	0.65
-6573.25	-0.08	-234.83994	56.150024	0.65
-6810.6816	-0.06	-253.74	42.58992	1.07
-6547.722	-0.08	-235.25	58.350006	0.65
-6412.4854	-0.04	-236.45999	36.77002	0.75
-6809.669	-0.06	-251.98999	40.090027	1.07
-6396.653	-0.04	-236.54999	33.820038	0.75
-6798.878	-0.06	-250.70003	42.949966	0.84
-6785.0933	-0.06	-254.87003	39.99994	0.88
-6619.3433	-0.08	-231.81996	67.56001	0.65
-6796.0557	-0.07	-251.80002	45.44995	0.89
-6800.6846	-0.07	-252.69997	49.16005	0.89
-6814.9106	-0.07	-253.73	55.049942	0.89
-6839.801	-0.07	-253.54004	52.920013	0.89
-6666.008	-0.13	-236.21002	65.65994	0.67
-6680.248	-0.13	-235.3	71.11003	0.67
-6700.1577	-0.13	-239.64	66.43004	0.75
-6699.6577	-0.13	-238.93004	64.52998	0.75
-6678.6284	-0.13	-240.91	59.77997	0.75
-6820.759	-0.07	-252.12004	51.769974	0.89
-6688.4336	-0.13	-238.60999	61.309998	0.76
-6697.5337	-0.13	-239.77002	62.410004	0.76
-6841.819	-0.1	-251.32999	51.76004	0.89
-6759.526	-0.13	-237.45999	61.01004	0.76
-6757.557	-0.13	-235.26001	59.450012	0.76
-6834.999	-0.1	-252.37003	52.01999	0.89
-6838.3096	-0.1	-257.33002	50.080048	1.02
-6836.0303	-0.1	-257.48	52.090027	1.02
-6841.131	-0.1	-259.16998	47.06006	1.1
-6866.673	-0.1	-258.1	50.03	1.1
-6865.488	-0.1	-257.29	47.909943	1.1
-6839.881	-0.1	-253.62001	45.190018	1.1
-6928.562	-0.1	-258.17996	46.73001	1.14
-6944.521	-0.07	-253.23	51.759995	1.14
-6940.06	-0.07	-254.03998	54.600006	1.14
-6931.2705	-0.07	-255.13998	53.99005	1.3
-6714.614	-0.13	-236.38998	56.03	0.76
-6668.8086	-0.13	-232.49997	55.99005	0.76
-6704.7324	-0.14	-228.94998	62.54001	0.76
-6890.4536	-0.07	-255.15999	51.37007	1.13
-6768.058	-0.08	-243.57	51.679993	0.77
-6420.132	-0.04	-239.77002	40.110016	0.72
-6409.3096	-0.04	-241.66998	35.619995	0.73
-6804.8164	-0.08	-246.74002	53.23996	0.76
-6388.8984	-0.04	-242.87997	37.76999	0.72
-6788.53	-0.12	-240.48004	56.639984	0.76
-6759.4175	-0.12	-240.51001	57.299957	0.76
-6390.242	-0.04	-241.20996	32.960052	0.76
-6746.5234	-0.12	-245.50996	47.62007	0.77
-6727.484	-0.14	-241.47998	56.360046	0.81
-6733.9043	-0.14	-243.04999	56.690063	0.81
-6720.804	-0.14	-240.43997	55.390076	0.81
-6393.919	-0.04	-241.20996	34.320007	0.76
-6374.141	-0.04	-240.08998	31.040024	0.76
-6371.4478	-0.05	-237.63	33.069977	0.85
-6357.68	-0.05	-237.60999	35.450043	0.76
-6730.8804	-0.14	-238.48001	64.660034	0.76
-6710.9	-0.14	-238.54999	64.430084	0.76
-6694.547	-0.14	-235.10999	62.73999	0.76
-6649.566	-0.14	-239.89001	53.660034	0.76
-6647.068	-0.14	-240.38004	52.299988	0.76
-6656.9614	-0.14	-238.10999	56.79007	0.76
-6692.854	-0.14	-237.78003	57.829987	0.76
-6340.122	-0.05	-234.07996	37.470062	0.74
-6649.2505	-0.17	-232.03	59.360016	0.73
-6659.627	-0.17	-232.62999	61.439987	0.73
-6643.3955	-0.14	-237.20001	54.649994	0.7
-6592.538	-0.14	-227.92	66.05	0.65
-6470.759	-0.12	-230.48001	57.059998	0.64
-6486.0596	-0.12	-224.61003	61.700027	0.64
-6493.129	-0.11	-224.78001	60.65001	0.64
-6504.672	-0.11	-221.26997	65.39	0.64
-6517.7495	-0.11	-220.81999	68.740036	0.64
-6496.8584	-0.11	-223.26997	67.08	0.64
-6504.6846	-0.11	-223.93	68.120026	0.64
-6533.9	-0.11	-224.87997	71.859955	0.62
-6387.172	-0.08	-230.16003	51.21997	0.67
-6538.4644	-0.11	-223.64	75.479996	0.62
-6372.712	-0.07	-227.8	48.87999	0.67
-6540.9585	-0.11	-232.12001	53.210037	0.69
-6378.7344	-0.07	-228.36	49.030014	0.67
-6369.1196	-0.07	-231.39998	46.260056	0.67
-6361.609	-0.07	-233.05003	40.10997	0.72
-6351.14	-0.07	-227.85	43.95999	0.67
-6360.17	-0.07	-228.39001	44.91992	0.67
-6676.2114	-0.12	-237.24	60.179947	0.69
-6672.76	-0.16	-235.18999	60.08998	0.69
-6356.859	-0.06	-231.68001	45.039963	0.67
-6691.217	-0.16	-233.95996	62.72003	0.69
-6722.5166	-0.16	-237.08997	59.24005	0.77
-6695.9097	-0.16	-235.24	58.729965	0.77
-6356.234	-0.06	-236.04002	44.17	0.67
-6687.8525	-0.16	-241.74	55.570023	0.77
-6372.2144	-0.06	-235.65007	45.169937	0.67
-6654.7964	-0.15	-243.65997	59.379974	0.77
-6478.685	-0.06	-237.04	47.85002	0.67
-6474.244	-0.06	-236.48006	46.409958	0.67
-6670.5396	-0.15	-243.01996	58.640045	0.77
-6693.738	-0.13	-245.32999	58.30002	0.77
-6478.134	-0.06	-236.16002	45.65007	0.67
-6704.1113	-0.13	-243.69002	56.67003	0.77
-6473.2544	-0.02	-234.46	46.950027	0.65
-6731.8804	-0.13	-247.99002	44.26999	0.8
-6754.608	-0.13	-248.61	47.93007	0.8
-6756.388	-0.13	-248.22003	47.570007	0.8
-6759.306	-0.03	-249.92	47.15999	0.8
-6747.3774	-0.03	-247.75003	42.679962	0.8
-6506.3643	-0.06	-235.95	49.239975	0.67
-6483.4023	-0.06	-234.57999	48.79001	0.67
-6775.6167	-0.03	-247.38	45.450012	0.8
-6795.7188	-0.03	-246.88004	46.569977	0.8
-6438.889	-0.06	-237.97998	49.440033	0.67
-6444.6436	-0.06	-237.27002	50.189972	0.67
-6787.478	-0.13	-243.64003	51.699966	0.8
-6748.03	-0.13	-229.04001	71.03	0.74
-6740.8696	-0.13	-234.06998	65.59	0.74
-6717.8887	-0.13	-233.89	62.489975	0.74
-6697.93	-0.13	-235.95001	60.389984	0.74
-6725.3286	-0.13	-238.26001	63.560028	0.74
-6714.0166	-0.11	-236.49998	62.059982	0.72
-6427.792	-0.05	-237.81001	47.61	0.67
-6420.0947	-0.05	-236.97	42.539978	0.67
-6588.9077	-0.11	-242.47003	66.43994	0.72
-6571.387	-0.11	-242.63002	69.17998	0.72
-6440.836	-0.04	-239.66	39.890045	0.69
-6440.119	-0.04	-237.79	38.940018	0.72
-6456.274	-0.04	-237.56998	40.25	0.72
-6474.2715	-0.05	-237.37	40.169983	0.72
-6492.331	-0.03	-239.30998	39.230026	0.72
-6516.934	-0.03	-242.78003	39.519897	0.68
-6509.5044	-0.04	-242.74998	44.290054	0.68
-6639.737	-0.09	-241.98003	51.419968	0.71
-6501.8135	-0.05	-240.75	41.75995	0.68
-6521.0034	-0.09	-240.20999	48.910034	0.68
-6540.077	-0.09	-233.25998	55.390015	0.68
-6538.529	-0.03	-239.35002	41.789993	0.68
-6649.627	-0.09	-243.37	57.51996	0.71
-6648.7397	-0.09	-243.93999	56.319992	0.71
-6643.5444	-0.09	-243.59003	52.809998	0.71
-6674.2017	-0.09	-242.43997	57.24002	0.71
-6682.0645	-0.11	-240.92	55.700058	0.66
-6672.882	-0.11	-240.99998	54.490005	0.69
-6649.6113	-0.11	-241.72002	53.779984	0.71
-6628.359	-0.15	-238.79996	57.950043	0.69
-6607.0254	-0.15	-236.86	57.239944	0.69
-6587.229	-0.15	-237.52002	57.519928	0.69
-6537.4233	-0.1	-235.70999	49.02002	0.69
-6531.3247	-0.1	-239.41002	43.669937	0.69
-6521.5845	-0.1	-238.83	41.909958	0.69
-6519.885	-0.08	-241.72	40.46991	0.69
-6619.6055	-0.15	-244.64998	49.40001	0.75
-6622.2007	-0.15	-242.89	52.790024	0.75
-6593.4673	-0.17	-247.11	51.549942	0.87
-6671.3237	-0.16	-246.81003	44.080017	1.06
-6701.995	-0.16	-246.49998	51.320084	1.02
-6708.3604	-0.16	-244.34998	52.96997	0.83
-6719.979	-0.17	-243.00998	54.97003	0.79
-6712.26	-0.17	-243.28001	56.469986	0.79
-6701.9756	-0.17	-245.17003	54.64998	0.79
-6716.213	-0.17	-243.10004	61.72998	0.79
-6759.955	-0.17	-244.65	63.809998	0.79
-6730.7354	-0.17	-246.19998	63.350006	0.85
-6711.937	-0.17	-245.52002	58.650024	0.85
-6758.699	-0.17	-244.79	57.980026	0.85
-6727.652	-0.17	-242.97998	57.660034	0.85
-6743.313	-0.1	-239.24002	62.619995	0.71
-6515.506	-0.02	-239.71002	37.420013	0.76
-6720.3726	-0.1	-239.75998	64.54004	0.71
-6682.686	-0.13	-240.69002	61.86	0.75
-6690.607	-0.13	-236.56996	60.560013	0.75
-6695.627	-0.13	-236.65996	61.010056	0.75
-6712.8867	-0.11	-238.19002	69.41002	0.71
-6708.2964	-0.13	-234.95	69.16002	0.71
-6664.49	-0.13	-238.67001	67.31	0.71
-6665.589	-0.13	-237.94998	69.91998	0.71
-6712.408	-0.12	-242.01001	59.51996	0.71
-6733.459	-0.12	-237.30997	69.03	0.71
-6772.944	-0.12	-236.44997	71.39003	0.7
-6740.6914	-0.12	-239.38	70.09	0.73
-6793.671	-0.12	-242.36002	69.18997	0.74
-6794.1807	-0.12	-240.31004	67.78993	0.74
-6800.899	-0.12	-239.58002	65.64996	0.74
-6781.634	-0.12	-242.17	63.699997	0.74
-6734.848	-0.12	-241.52002	57.869965	0.74
-6736.8125	-0.12	-241.64998	50.540024	0.75
-6725.959	-0.12	-243.20003	50.09999	0.75
-6749.81	-0.12	-249.22	53.460022	0.75
-6730.6235	-0.12	-247.38004	52.52997	0.74
-6738.195	-0.12	-242.73997	59.19008	0.74
-6718.714	-0.08	-243.25	55.50995	0.73
-6717.228	-0.12	-243.11002	52.850006	0.73
-6724.341	-0.12	-239.76	57.82997	0.73
-6707.7646	-0.12	-238.22995	52.230103	0.73
-6680.1885	-0.11	-240.13998	50.73001	0.73
-6667.85	-0.11	-240.93997	48.630005	0.73
-6649.528	-0.11	-241.12997	46.98001	0.71
-6670.7417	-0.11	-238.64	50.42006	0.71
-6637.759	-0.11	-242.30003	45.719986	0.71
-6642.895	-0.09	-244.87999	44.729996	0.74
-6659.1978	-0.09	-241.21004	48.32994	0.74
-6618.2554	-0.09	-243.02	44.209976	0.74
-6628.397	-0.09	-245.76001	49.839996	0.74
-6622.499	-0.09	-246.40002	47.22	0.74
-6635.5913	-0.09	-246.18	52.00003	0.71
-6612.595	-0.09	-245.68999	50.669968	0.71
-6597.9863	-0.09	-242.64996	48.549988	0.71
-6594.432	-0.09	-242.01001	43.04001	0.71
-6592.4746	-0.09	-245.03	41.879974	0.69
-6602.3438	-0.09	-242.33	50.199966	0.69
-6573.7896	-0.08	-246.32996	37.75	0.73
-6614.0728	-0.11	-247.31003	41.119965	0.73
-6614.638	-0.11	-245.04004	43.059937	0.79
-6640.12	-0.11	-244.69997	46.84999	0.78
-6644.0317	-0.11	-244.62	43.05002	0.78
-6650.395	-0.11	-241.41995	43.330048	0.8
-6661.453	-0.09	-244.75006	41.109924	0.8
-6657.5996	-0.09	-245.51	39.779953	0.8
-6655.6177	-0.09	-247.65	41.799988	0.86
-6664.314	-0.1	-248.84998	43.26001	0.8
-6667.0117	-0.1	-246.11996	51.420013	0.78
-6691.369	-0.1	-247.81999	43.219986	0.91
-6689.909	-0.1	-247.37997	43.109955	0.91
-6671.9565	-0.1	-247.86003	41.310013	0.91
-6675.9673	-0.1	-248.05002	40.859985	0.92
-6673.5083	-0.1	-246.67004	40.039948	1.01
-6688.1367	-0.1	-250.07999	39.829956	1.3
-6702.417	-0.1	-250.99998	41.87004	1.01
-6720.15	-0.13	-253.22002	42.469986	1.01
-6694.4766	-0.17	-244.09001	53.10997	1.01
-6689.2876	-0.17	-245.66002	52.289932	1.01
-6670.8843	-0.17	-250.41	40.22998	0.92
-6672.7637	-0.14	-248.08	41.260025	0.92
-6687.143	-0.11	-248.41998	44.20999	0.95
-6654.845	-0.1	-249.02002	40.079987	0.92
-6635.5107	-0.1	-250.65001	40.990005	0.92
-6649.196	-0.09	-251.14	37.479996	0.92
-6641.2573	-0.09	-247.55	35.659958	0.92
-6642.1567	-0.09	-246.96997	38.49002	0.9
-6647.861	-0.09	-250.07997	32.870102	1.21
-6625.4365	-0.09	-250.45999	33.44998	1.21
-6626.02	-0.0	-251.11996	30.869995	1.56
-6631.3223	-0.0	-249.05002	30.409973	1.56
-6632.6597	-0.0	-248.12	30.170013	1.56
-6632.5874	-0.0	-249.97002	31.809921	1.56
-6637.6987	-0.0	-246.91002	30.979935	1.56
-6621.942	-0.0	-250.66998	29.600037	1.56
-6623.5195	-0.0	-251.51001	31.149994	1.21
-6628.825	-0.0	-250.98003	32.549973	1.15
-6600.19	-0.0	-248.98999	32.350006	1.09
-6602.3174	-0.0	-250.11002	32.829987	1.09
-6582.954	-0.0	-247.69003	32.279938	1.09
-6572.3564	-0.01	-249.58998	31.550034	1.94
-6584.482	-0.01	-248.96	32.07994	1.94
-6581.076	-0.01	-249.82002	32.40999	1.05
