1326.322 100.76008 497.6485 70.43591 99.05415
1338.603 105.8597 506.40726 60.40805 101.88488
1281.739 107.15253 476.97534 61.779053 100.16016
1299.3666 106.033 467.3122 84.79767 100.36589
1285.9255 104.86311 485.81644 63.93393 93.7702
1248.5109 115.86172 493.1945 11.625977 96.44807
1307.4226 99.86883 489.6818 63.28311 98.93358
1276.4242 112.82114 480.15118 51.57898 100.16016
1331.8882 115.35474 514.2185 37.961792 105.8597
1276.5547 105.97981 470.66016 68.200195 94.08121
1301.5535 100.76008 511.607 31.708801 99.05415
1342.7957 70.89317 524.098 21.73169 106.6561
1310.8479 104.86311 488.25104 70.62506 96.44807
1329.2821 94.45287 500.60864 60.309814 100.76008
1276.7977 91.3699 477.9727 76.11838 92.52419
1365.702 106.27953 537.10254 23.189941 105.8597
1306.7754 100.2166 497.4607 51.544556 96.1054
1327.8965 96.35551 511.9524 33.14624 100.76008
1302.3236 81.9603 514.8792 18.084229 99.3271
1303.9652 94.45287 507.4627 32.105408 100.76008
1224.3572 98.30341 462.4383 63.231873 93.7702
1080.7313 93.7702 417.68985 24.663208 88.88132
1180.8297 98.30341 439.94458 62.841553 93.7702
1199.713 100.76008 469.85803 18.960907 94.01542
1230.4514 105.8597 458.66364 63.751587 91.59799
1258.8862 94.47625 456.7468 69.860016 91.58457
1321.259 99.13725 506.68964 42.854553 100.16016
1273.3611 103.45034 477.08807 48.006104 99.97337
1278.8685 114.37209 499.1607 26.335266 105.8597
968.9861 80.76955 348.0709 98.79251 83.3755
868.48254 70.29255 342.0196 10.036346 97.21925
1163.7161 106.55519 451.6919 40.590485 93.16113
1157.101 96.52511 426.2258 84.24176 86.77349
1298.6134 105.97981 490.85754 70.69208 94.61427
1200.179 97.93336 428.39114 102.509125 86.77349
1272.6067 109.51099 489.45142 42.546448 96.44807
1276.5548 105.97981 470.66016 68.20026 94.08121
1225.8496 106.81544 449.2276 69.58856 94.08121
1288.5936 107.15253 501.92053 32.4505 100.76008
1183.9789 86.08819 440.44525 61.39444 89.22254
1264.0986 106.82649 456.3428 100.72226 94.08121
1156.4583 106.53047 445.5643 34.63449 93.47442
939.5172 72.28247 357.35602 42.207153 79.56651
941.59796 72.28247 350.6677 40.761047 79.56651
1202.5908 106.82649 455.3437 54.722107 94.08121
1300.1492 107.15253 485.14832 82.62439 100.76008
1304.4528 87.29479 503.25418 32.835052 100.76008
1215.8088 77.49811 463.8179 55.075043 93.01144
1063.2655 79.50018 386.1785 111.353485 82.91817
1256.2714 90.92028 494.79077 20.28833 98.82887
1318.9474 103.46128 496.35046 61.12378 101.4792
1172.473 87.54034 457.59677 36.50998 91.90675
1363.7031 94.68919 520.43665 54.768066 104.04767
1301.8861 107.64108 486.8853 67.17267 104.04767
1329.6439 103.51913 514.643 42.349182 104.04767
1323.1134 115.72777 500.51636 69.224365 105.8597
1317.3477 94.45287 501.32605 35.81079 99.3271
1239.906 105.97981 475.7218 68.76398 94.08121
1004.07623 76.57748 375.8741 48.605713 83.67594
1234.1655 89.64525 450.66357 59.974487 93.7702
1179.7595 96.35551 436.4196 66.80606 90.92028
1312.8257 103.51913 506.9107 33.263245 104.04767
1323.1133 115.72777 500.51642 69.224304 105.8597
1023.8648 77.79063 380.23056 42.87271 85.63253
1011.1956 55.23769 367.9556 68.20145 79.56651
1038.1627 76.8026 389.5205 72.08148 83.31849
1242.1963 102.8194 455.5232 62.82245 95.83216
1210.1399 102.1236 462.8928 52.84262 94.08121
1010.8522 69.50156 382.21945 47.108063 83.31849
1042.292 71.20705 383.92493 68.8371 79.56651
1250.921 107.54245 449.88477 82.33844 87.0201
1196.4069 93.16113 458.24164 43.233704 93.7702
1159.095 87.54034 444.2187 46.423004 91.3699
1274.7015 107.64108 488.0284 41.64102 104.04767
1218.359 98.03545 471.11188 31.601257 94.08121
1281.8787 111.84595 455.81192 98.83072 100.2166
1288.5935 107.15253 501.92056 32.45041 100.76008
1280.4432 109.73079 448.24738 89.9176 100.67884
1333.4037 96.35551 510.80676 39.79901 101.4792
1135.8583 57.8844 434.81638 50.021698 90.92028
1119.32 72.43349 423.95184 45.6409 90.92028
956.1942 74.17943 359.89203 44.927002 83.47963
978.1938 81.45215 374.089 27.343628 84.70788
1030.615 83.47963 397.58804 38.529297 85.95661
1024.1978 83.47963 388.19943 43.096466 84.70788
1009.505 65.44353 364.98975 66.16742 82.38903
1044.1661 92.20595 384.93365 62.688965 83.47963
1053.1815 93.59584 393.4526 51.766144 86.47375
1013.0439 88.00196 387.85876 46.52173 85.07687
1033.2795 76.57748 401.83743 27.520874 85.07687
1086.766 83.67594 401.9181 72.94287 83.47963
1050.6461 83.67594 394.04672 55.400635 83.47963
1038.1909 55.29372 388.46378 46.67169 84.6319
1096.5253 77.79063 413.64706 41.241364 90.92028
1066.4968 84.55772 401.29108 48.652557 85.07687
1082.0007 74.25349 421.87177 20.56604 90.92028
1115.5134 69.73188 421.25024 44.53598 90.92028
1157.8367 69.73188 434.3135 53.140015 90.92028
1254.0107 94.47625 471.21286 61.078156 91.58457
1165.4219 93.56606 443.70212 54.030914 84.58547
