3062.0781 180.30351 958.69574 126.65607 180.30351
3032.61 162.65744 919.6613 146.73297 170.29402
2715.1624 136.44456 842.85876 112.6969 152.48749
3123.7302 148.9879 974.28296 162.52002 175.56256
2998.4568 165.63431 911.56335 157.29321 170.43655
3000.3513 158.81538 940.2696 152.47906 167.80708
3131.7378 148.9879 982.9878 116.92871 180.10432
3123.73 148.9879 974.283 162.52008 175.56256
2969.1426 171.11234 932.8626 95.11664 175.56256
3094.608 180.10432 945.85785 144.73248 174.07896
2971.8376 175.39734 934.2384 125.03992 163.04944
2941.6511 174.51805 903.1519 122.47162 160.57045
2978.1082 151.46977 963.7375 65.784 176.18057
3073.7097 152.81651 967.9088 136.85632 166.57277
3123.7297 148.9879 974.283 162.51996 175.56256
3074.1238 167.80708 961.1749 185.15112 166.57277
3082.3142 139.48946 949.8872 140.18372 170.43655
3082.867 168.37735 961.55853 158.9477 174.07896
3003.0076 151.46977 962.63696 66.674805 171.11234
2989.507 168.37735 925.55804 139.42767 163.04944
2991.9883 156.6483 948.2642 96.49432 171.11234
3087.1423 151.46977 949.4146 140.27118 175.56256
3036.6387 175.56256 933.2563 114.18536 174.07896
3066.7078 170.29402 953.7591 134.22821 178.6093
3026.4026 161.11539 939.5094 160.30615 170.43655
2842.271 136.44456 826.62396 171.68494 148.29529
3004.1384 152.48749 854.6914 243.12598 164.93126
3060.4248 139.48946 931.0442 168.5404 161.11539
2694.9463 150.07303 874.71686 43.07379 168.37735
3064.936 158.15666 915.48914 175.9729 168.23352
3001.0767 159.08867 914.1832 175.94067 166.57277
2992.789 170.43655 905.89545 185.2027 166.57277
3113.1035 172.59387 963.6561 142.24316 175.56256
3094.0127 145.06038 944.5656 133.80023 162.65744
3060.5295 151.46977 965.9415 110.717285 163.30281
3113.103 172.59387 963.65607 142.2431 176.18057
2935.358 175.56256 916.82245 101.75336 171.11234
2867.958 172.16602 938.65985 41.88684 171.11234
2779.9531 150.07303 912.42474 47.536682 169.51671
2604.3135 139.75049 853.46405 29.771118 158.81538
3098.2646 146.42358 948.81757 130.91144 175.56256
3073.041 139.48946 943.6599 132.91553 171.11234
3018.0244 151.46977 951.9461 103.56427 167.80708
2985.4236 148.9879 949.1438 92.70935 163.30281
3018.024 151.46977 951.9461 103.56427 163.30281
2549.4807 142.18704 817.42755 81.608215 151.46977
2751.674 149.79512 874.5582 73.217285 158.76811
2550.5488 132.45357 806.92957 71.99475 150.28746
3103.042 148.9879 956.8664 133.40814 175.56256
2656.0483 160.57045 855.9424 77.39148 161.69604
2726.6885 148.9879 889.71643 46.500305 154.18167
2579.4758 146.36084 809.06274 91.99048 148.22198
2567.4473 148.19414 813.813 83.91095 152.81651
2556.4697 135.1452 842.7922 17.390198 156.44406
2789.939 151.46977 894.7656 60.96991 169.73242
2797.4727 163.04944 891.1162 86.50421 152.81651
3010.3335 148.9879 962.0449 102.33301 175.56256
2750.3003 139.75049 869.5583 84.78027 156.44406
2548.6582 155.03871 842.30963 13.734436 148.22198
3078.5273 151.46977 940.79956 123.357056 171.11234
3018.0244 151.46977 951.9461 103.56439 163.30281
3082.315 139.48946 949.88715 140.18378 170.43655
2641.811 136.44456 777.9457 190.25159 148.22198
3094.6077 180.10432 945.85785 144.73236 174.07896
2575.9736 155.03871 839.9696 31.524292 165.63431
2713.9912 167.80708 865.30237 77.634766 167.80708
2739.0884 167.80708 864.24664 86.16522 171.10156
2753.1533 167.80708 859.0995 86.07434 162.17918
2697.4895 160.57045 876.35095 49.089783 162.17918
2742.1255 152.81651 888.32007 68.23108 161.11539
2561.0244 155.60138 833.3532 34.10846 160.6806
3026.403 161.11539 939.5094 160.30627 170.43655
2976.131 148.9879 952.2432 124.593445 163.04944
2951.5945 175.56256 944.3905 77.9917 172.59387
3014.356 159.1573 950.4068 113.19806 174.07896
2975.627 156.44406 934.2075 118.805664 158.15666
2975.6267 156.44406 934.2076 118.805725 158.15666
2927.932 133.31015 877.17883 182.65674 150.29782
2914.829 148.9879 886.5632 181.40192 156.26208
2806.5303 145.06038 848.74225 138.21362 151.46977
2633.8745 148.9879 863.3461 37.792786 163.08928
3066.7078 170.29402 953.75903 134.22827 175.56256
2982.9192 170.43655 957.14246 82.81384 172.59387
3060.5295 151.46977 965.94147 110.717224 169.55957
2978.2363 166.75435 919.35913 171.44641 162.17918
2728.6516 154.11949 878.1207 77.82617 158.81538
2735.452 150.98189 853.7262 113.57092 150.98189
3094.608 180.10432 945.85785 144.73236 180.10432
3062.078 180.30351 958.6957 126.65613 174.07896
2783.1702 149.79512 895.73956 93.111145 154.18167
2533.1174 125.31791 770.3818 158.83417 148.06262
2669.0059 151.57996 876.6631 31.791138 169.51671
2696.7444 151.46977 868.7152 66.107544 158.52834
2640.782 142.18704 828.43567 82.558044 153.38155
3005.3481 161.11539 923.512 155.49713 170.29402
2986.9653 167.80708 925.55896 174.03491 167.80708
2966.144 163.30281 960.79877 68.98895 162.17918
2695.6956 155.03871 834.1978 111.476135 151.46977
2906.6763 151.46977 914.3222 97.180725 156.26208
2843.9355 156.44406 886.25195 100.09961 152.81651
2761.7668 156.44406 863.2799 130.19995 150.28746
2765.746 156.26208 852.67816 118.25061 151.46977
2983.4526 170.43655 942.0331 114.27991 175.56256
2975.004 165.63431 926.9241 121.12598 170.43655
3005.5396 163.30281 960.4717 74.554565 175.56256
2982.9194 170.43655 957.1424 82.8139 172.59387
2873.8025 170.29402 930.8396 68.11072 176.18057
2735.0298 146.85654 884.46533 54.28943 163.28447
2714.7886 156.65688 870.3874 83.88812 159.31747
2724.4832 151.46977 873.78296 80.28705 154.18167
3069.8977 172.59387 937.47034 133.45532 180.44133
2713.9233 159.09889 879.07245 73.94763 157.04668
2686.4285 149.47963 835.7283 91.65662 148.9879
2975.6272 156.44406 934.2075 118.805664 165.63431
2898.1301 165.63431 946.5962 82.114136 172.59387
3001.103 172.59387 947.43726 99.12109 176.18057
2633.4585 152.70178 863.56586 33.26886 172.59387
2632.4597 152.70178 857.4994 34.760315 168.37735
2590.9036 140.68813 850.20245 33.102783 158.15666
3058.805 175.56256 909.3577 202.55695 172.59387
2621.02 140.68813 850.89575 42.132996 158.15666
2587.9783 147.01022 847.7587 24.639221 162.17918
2599.6497 148.9879 842.8888 38.671814 159.33563
2581.5798 151.73593 841.64 60.12744 158.15666
3058.8047 175.56256 909.3578 202.55688 172.59387
2906.2893 133.31015 890.6426 152.02258 150.29782
2693.2952 133.31015 829.67126 166.80164 148.9879
3033.4531 175.56256 920.50433 161.84174 170.29402
3014.3562 159.1573 950.4068 113.19818 175.56256
2989.665 167.80708 936.28174 179.1405 166.57277
3105.7505 139.48946 957.0004 153.00323 170.43655
2951.5942 175.56256 944.3905 77.99164 172.59387
3005.3574 172.59387 929.5239 113.83276 180.44133
2893.871 155.5343 942.7641 49.046875 172.59387
2935.3582 175.56256 916.8224 101.75348 171.11234
2841.326 165.63431 908.801 63.716064 171.10156
2739.0881 167.80708 864.2467 86.1651 169.7348
2685.163 167.80708 865.6319 63.90204 162.17918
2620.5693 159.26941 864.9403 26.069214 168.37735
2969.1428 171.11234 932.8626 95.11676 174.07896
2930.6995 175.56256 927.969 87.79492 162.17918
2848.8926 171.11234 932.11053 29.371033 176.18057
2578.179 148.9879 840.2799 34.29486 163.82455
2628.3271 151.11108 862.24335 34.949463 168.37735
2648.2012 155.56047 864.41345 47.673218 168.37735
3077.3848 139.48946 948.00366 195.52112 165.63431
2986.0166 133.08548 949.73663 98.828186 163.30281
2896.3003 171.11234 946.06165 48.311584 178.6093
2969.1426 171.11234 932.8626 95.11676 156.6483
2969.1426 171.11234 932.8627 95.1167 165.63431
2985.4238 148.9879 949.14374 92.70953 163.30281
2887.101 163.04944 905.5295 105.62836 152.65053
2591.887 155.56047 855.3372 25.253357 169.55957
2656.6062 147.01022 874.0862 27.310913 172.59387
2658.8037 147.01022 874.2182 29.376587 172.59387
2650.5674 147.01022 871.32764 30.615356 168.82925
3103.0417 148.9879 956.86646 133.4082 175.56256
2650.9504 147.01022 864.39923 37.927185 160.6806
2830.825 154.18167 906.5991 73.361145 161.09023
2841.3262 165.63431 908.801 63.716187 171.10156
2982.8784 165.63431 928.5953 154.7652 161.11539
2890.674 165.63431 918.2092 93.17578 161.09023
2666.3213 146.85654 868.6782 36.31067 164.4339
2664.7393 127.88705 867.09625 40.553772 162.12308
3083.7441 147.01022 946.0163 160.21112 168.37735
2841.3257 165.63431 908.801 63.716064 165.63431
2730.0303 147.01022 881.4679 50.919373 162.17918
