7522.557 5.92998 844.8763 278.23505 30.77288
7658.7827 4.3254 943.616 195.1701 38.33129
7606.2427 9.09407 898.7981 241.73364 38.33129
7628.113 4.3254 942.05084 198.26044 35.22947
7425.3013 9.09407 863.60785 258.71124 30.0373
7576.9707 6.03521 922.95807 192.88629 38.33129
7636.651 6.03521 945.0658 173.12573 42.66518
7632.647 6.82983 919.5735 210.45764 38.50505
7659.776 4.3254 944.6092 200.15216 38.33129
7644.518 4.3254 939.6009 192.13458 42.19945
7622.6763 6.03521 915.8306 228.38763 38.33129
7540.684 6.03521 826.08185 273.6148 34.64907
7583.1963 4.3254 920.396 190.6283 38.33129
7644.5176 4.3254 939.60095 192.13464 42.19945
7532.3784 8.4868 931.98126 164.32489 38.01073
7629.939 5.80426 923.1588 226.72095 38.33129
7485.3457 4.3254 772.4743 335.48578 28.17564
6357.8086 23.21754 648.2231 484.278 19.25949
6548.641 18.75478 647.87524 406.8147 17.37529
6523.562 23.03474 677.04675 448.3246 29.36699
6415.68 19.99211 666.4126 389.7506 19.26933
7475.831 9.09407 768.38477 329.40857 28.17564
7493.472 6.03521 770.2652 357.9184 28.56166
7410.4805 4.3254 849.297 279.91956 27.85872
7330.4004 9.08314 832.49524 253.18054 27.85872
6899.51 9.08314 772.2866 302.2472 21.60812
6959.7935 12.62948 760.504 270.24878 24.65902
7102.2964 15.83616 791.5685 289.79407 28.3981
7146.1797 13.2815 801.1213 287.1502 23.49004
7150.845 15.83616 801.1796 286.2226 29.39395
6997.0757 9.09407 794.85895 244.55951 24.43549
7090.0117 9.09407 826.9744 219.76605 30.2279
6645.728 18.24545 732.16064 301.50488 30.2279
6537.3896 18.24545 721.2622 281.39148 30.2279
6581.776 10.19582 744.94635 223.60083 23.61153
6483.2373 16.64856 737.1823 278.83618 27.51733
6910.0723 12.62948 782.62683 272.6919 23.49004
7458.5283 9.08314 778.6285 328.3747 28.56166
6506.4736 10.98809 737.9959 216.3728 23.49004
6014.6846 3.6656 684.4324 192.47955 21.85575
6328.805 8.18716 769.85364 173.55115 26.77596
6301.1104 8.18716 764.74567 173.39697 26.77596
6620.3574 9.08314 822.6257 132.6554 33.09188
6609.2944 4.3254 824.9459 133.43604 33.09188
6550.9067 12.69145 718.79315 265.45282 22.14375
6657.5312 7.04364 796.23047 163.23553 30.0373
6097.4683 15.33938 686.2959 247.23352 20.82905
6894.2197 9.08314 806.52264 202.48566 26.91926
6836.7437 10.24273 785.12555 232.15063 24.7394
6531.3047 10.24273 751.24835 196.79541 23.49004
6561.965 16.55372 736.01385 254.89911 23.03474
6562.828 16.55372 735.1846 252.34406 23.45232
6487.3853 10.24273 747.943 192.6911 23.49004
5721.5156 13.97221 652.436 208.21545 20.82905
5797.6 13.97221 653.34265 223.18152 20.82905
6223.898 13.96655 687.87933 232.92426 20.82905
6745.0967 14.55034 761.3212 261.401 30.0373
6256.2476 3.6656 743.3897 147.9859 24.41807
6801.151 10.24273 809.9937 191.76929 24.15528
6725.4087 3.6656 801.89307 191.39539 24.15528
6825.966 3.6656 817.4439 199.71844 25.31491
6365.0713 10.98809 704.1651 236.72162 20.82905
7035.3003 9.08314 796.6314 253.77716 24.15528
6355.4946 8.79305 697.65955 279.99188 18.97013
6146.8647 8.79305 663.1905 277.30054 18.75478
6242.5786 9.08314 675.01855 280.13434 18.53034
6252.0967 8.4868 677.3338 279.66425 18.24545
6945.4355 10.24273 764.3097 259.28235 24.15528
6248.0737 3.6656 764.2693 155.72424 22.69691
6349.012 12.69145 730.80035 244.10516 22.6857
6818.305 10.19582 767.70917 289.60822 20.82905
6915.357 5.92998 795.4075 245.44385 24.65902
6282.021 10.24273 730.81244 221.72614 23.21754
6056.4575 16.25401 660.31104 286.26007 18.75478
6884.98 6.03521 787.652 243.87366 24.15528
6804.32 6.03521 778.6555 247.89111 23.49004
6679.74 10.19582 760.15466 218.17456 24.09773
6892.8647 8.79305 769.2836 313.3813 20.82905
6637.217 5.80426 757.45123 218.81445 22.6857
6643.8677 5.80426 765.1936 230.99359 22.6857
6120.641 15.01437 638.06903 373.09308 16.55372
6734.8896 12.62948 762.18945 215.85364 24.15528
6533.067 13.2815 741.86676 235.01752 24.15528
6130.0703 13.24492 647.1036 372.36353 16.55372
6727.524 11.83952 770.0691 289.8319 22.6857
6053.77 13.24492 643.1473 365.06793 16.55372
6884.2793 9.09407 769.514 291.58612 21.85575
6715.4873 5.80426 776.4053 252.10034 22.6857
6928.447 9.09407 772.4655 292.74518 21.85575
6904.042 9.09407 768.6708 290.41516 21.85575
6349.278 3.41494 736.62885 186.62067 22.6857
7396.3076 9.45388 877.4821 263.1624 33.09188
7341.28 9.45388 844.1907 279.00635 30.77288
6102.2207 8.79305 665.00586 296.6563 17.37529
6027.8975 17.37529 644.8384 361.32977 16.53516
6672.0024 11.83952 741.13043 252.54303 20.47737
6610.4683 14.55034 734.51263 268.57025 22.14375
6691.086 14.55034 738.32733 271.2268 20.65559
6356.0254 3.6656 750.89636 192.45825 22.6857
6266.629 7.04364 735.53925 212.23889 22.6857
6920.018 12.56759 742.23804 392.15515 20.47737
6986.943 8.4868 773.9744 289.727 20.47737
7226.1553 9.45388 838.28284 260.81665 30.40059
6757.1367 12.85446 762.64514 292.67065 20.47737
6702.012 16.55389 713.5998 382.89825 20.47737
7343.735 10.98809 834.1428 282.6079 30.77288
6059.391 13.2049 658.21185 258.68945 18.75478
6109.211 13.2049 660.2954 272.18713 18.75478
6408.618 8.4868 676.8202 302.102 17.37529
6295.534 12.62948 681.65906 279.17432 18.70247
7051.982 10.98809 786.829 275.47388 22.6857
6677.2183 16.55389 722.45416 348.7807 20.47737
6918.141 5.92998 793.74664 256.16168 23.49004
6425.781 6.82983 700.8004 263.85614 18.70247
7159.2007 10.47395 814.6306 238.36743 29.28648
6713.984 11.83952 745.57764 262.21326 20.47737
6632.7505 11.83952 744.58795 260.03198 20.47737
6262.4688 6.82983 680.781 259.96765 18.75478
7139.817 7.04364 874.67096 159.03143 34.64907
6148.935 6.82983 670.8346 255.18292 18.75478
7053.963 5.92998 870.16595 135.87915 34.64907
6619.463 17.37529 692.89526 459.3507 20.47737
6947.8867 8.25139 792.7108 252.52649 23.86004
6816.0933 16.55372 755.9827 302.43317 20.47737
6540.802 16.64856 713.3588 353.76947 20.47737
6645.544 17.37529 693.3814 454.15814 20.68348
6576.472 10.47395 744.2285 248.9176 20.64232
7112.339 9.08314 817.1446 252.22675 25.17749
7071.464 10.19582 777.6787 252.33691 25.17749
7260.8677 12.69145 831.29395 272.87012 33.09188
6874.4434 9.09407 819.1721 196.41022 27.62561
6700.6323 16.25401 728.0226 300.30847 20.47737
6664.584 16.55372 699.3779 319.62122 19.70974
6812.84 12.69145 806.16034 250.43073 30.0373
6993.3794 12.62948 820.8158 244.45203 30.0373
7114.2495 4.3254 816.5368 253.24933 25.17749
7131.1455 4.3254 810.0951 254.7854 23.49004
6481.148 6.03521 730.60297 239.87537 20.64232
6221.539 10.19582 661.2366 271.27356 19.70974
6726.389 12.56759 715.2339 398.68213 19.70974
6193.832 6.82983 670.3133 257.0611 19.70974
6765.9194 18.24545 713.66266 373.95636 26.31472
6331.809 8.4868 676.8779 265.9463 19.70974
6584.3354 12.85446 769.42957 222.409 29.4897
6806.567 16.55372 699.9338 401.37933 18.37289
6605.325 18.24545 704.71265 395.87415 20.47737
6613.8774 17.37529 703.77637 405.09924 20.47737
6307.1543 12.6661 727.57074 232.73047 24.81566
6847.6353 10.19582 848.9505 176.6546 33.09188
6842.5615 10.83634 788.3325 239.12915 24.15528
6285.942 17.00725 678.5455 297.40717 20.47737
6474.266 6.03521 724.85254 244.31476 20.47737
6522.8394 16.28759 748.20935 233.0658 24.81566
6508.3027 16.55372 733.6745 244.68036 24.81566
6992.6235 3.11481 844.30414 173.68164 30.0373
6697.3745 8.4868 822.603 152.5896 30.40059
7249.6094 3.11481 906.25134 154.97363 35.22947
6731.3223 11.83952 756.3908 290.42047 20.68348
7046.3774 10.19582 845.8409 207.03058 30.77288
6691.074 11.83952 753.9244 292.6198 20.47737
6819.2954 8.66173 756.0112 279.92297 20.47737
7000.9155 9.09407 777.1825 294.63904 22.63494
6416.004 13.97221 721.27045 263.9657 20.47737
7299.2075 10.24273 878.0089 157.87561 38.33129
6503.6445 13.81957 704.22815 264.99268 20.47737
7251.491 10.19582 870.1114 184.93378 34.64907
7072.7246 9.09407 766.0918 334.5598 22.63494
7343.471 9.09407 867.1405 247.96472 29.28648
7287.1636 9.09407 839.2456 311.16003 28.17564
6432.3105 19.52733 644.86993 355.9466 19.35933
6391.7954 6.82983 777.97205 155.36438 27.26857
7140.416 9.08314 785.26886 308.32294 22.63494
7246.8794 10.83634 869.37195 177.63025 33.09188
6445.4824 6.82983 768.2676 173.85297 26.21495
7391.3774 10.47395 837.33167 330.13184 33.09188
6554.8716 6.82983 781.73364 178.33221 26.77596
7127.502 9.08314 789.53754 290.9654 22.13576
7147.0083 9.09407 826.76996 229.01154 27.26857
7017.395 9.09407 805.903 252.6236 24.7509
6957.2715 10.93273 809.2532 204.06696 30.40059
6996.8306 9.09407 772.5658 309.6366 22.13576
7461.54 10.19582 895.54694 267.0987 36.54747
7376.9155 10.19582 892.31 239.5871 34.64907
6802.996 11.83952 731.24756 278.72467 20.47737
6565.217 18.37289 676.80975 370.8028 17.37529
6565.528 18.37289 679.65485 368.81097 19.14834
6564.321 18.37289 678.98987 367.23364 19.14834
7392.2515 6.82983 899.1564 197.7649 33.09188
6631.8213 8.25139 802.9495 138.63898 34.8891
6996.2466 3.6656 848.699 174.93591 30.0373
6661.3335 8.4868 806.10736 150.40887 30.40059
7375.993 9.09407 894.7407 209.06702 33.09188
6458.1777 18.24545 713.96185 284.44385 23.21754
7372.673 6.03521 905.2562 159.68445 38.33129
6844.15 5.80426 824.8118 173.75421 30.0373
6839.1245 5.80426 826.4765 173.69171 30.0373
7005.716 12.62948 783.3364 252.39124 30.3828
6814.504 12.62948 773.6699 249.29144 24.65902
7157.1636 3.41494 852.3424 207.6726 30.0373
6193.591 12.6661 685.0975 251.92206 20.47737
7213.0474 3.41494 855.30994 217.10425 30.0373
7217.37 3.11481 836.3307 219.98499 30.0373
6704.109 15.83616 754.76575 250.33398 23.03474
7375.778 5.92998 910.96765 159.94824 38.33129
6450.7773 16.25401 692.15686 294.3302 19.04572
7344.804 6.03521 907.0615 160.0481 38.33129
6024.8496 16.28759 618.6535 283.5559 18.75478
6812.8174 5.80426 834.17896 168.90161 30.0373
7305.136 6.82983 878.65344 270.9878 30.0373
7057.8853 12.62948 778.59973 255.59717 25.61572
7259.913 9.09407 808.417 308.4779 25.61572
6732.7095 10.98809 811.8055 174.21295 33.09188
6940.4644 10.98809 763.7096 291.8573 22.13576
7426.093 8.66173 922.1252 187.55939 38.33129
6424.541 17.51422 706.6615 289.482 20.82905
6628.687 5.80426 811.86017 160.67657 30.22584
7379.564 6.82983 877.0174 238.534 30.0373
6959.1665 10.98809 782.1754 263.30322 23.21754
7049.4185 4.3254 873.9469 197.03833 30.22584
6034.7744 10.83634 697.83124 209.0174 20.47737
6049.8696 10.83634 701.8975 218.12677 20.68348
5973.7114 10.83634 698.81195 195.69385 22.53264
7543.8203 8.66173 927.32825 194.2959 38.33129
7017.3 5.27439 868.0185 194.53046 30.22584
7453.9346 8.66173 918.37 181.0326 38.33129
7121.64 12.62948 777.9245 261.6148 26.7055
7093.284 12.62948 774.8584 261.5669 26.7055
7268.544 3.11481 836.24756 223.61353 30.0373
7494.2354 9.09407 920.2611 183.25195 38.33129
6587.575 3.6656 818.69324 154.91968 30.0373
6964.117 4.13811 859.58905 194.2193 30.22584
7138.461 12.62948 775.9276 265.53772 29.39395
7108.6055 12.62948 777.50464 279.00696 24.15528
6523.5166 12.6661 776.82574 181.03644 30.40059
7285.799 3.41494 873.93774 238.19763 30.0373
6869.7764 13.81957 790.7202 244.10596 30.0373
6891.998 13.81957 787.7505 244.55054 30.3828
6249.756 10.63054 700.0562 226.38208 20.47737
7271.1504 3.41494 855.22687 225.19989 30.0373
7229.5664 8.4868 813.0329 239.35956 26.88716
7432.5884 10.98809 864.49023 310.27734 38.01073
7317.27 12.2174 862.34015 317.175 33.09188
7273.171 12.2174 864.66943 294.50635 33.09188
6853.583 3.41494 814.2065 235.30182 24.15528
6236.473 8.4868 700.0286 218.54645 20.47737
6824.953 3.41494 816.5048 235.26007 24.15528
7249.029 12.56759 852.59595 294.62695 33.09188
6275.2363 8.4868 712.5963 207.56897 21.60812
6588.0435 12.6661 761.87634 212.23029 30.40059
6537.862 3.6656 813.0149 154.91003 30.0373
7330.532 11.83952 871.22614 251.71259 33.09188
7174.0586 4.13811 878.87024 256.06018 30.22584
7227.928 9.09407 837.7193 255.11383 26.77596
7212.1475 8.4868 847.2202 228.08069 30.21963
6010.189 16.68589 683.535 254.7973 24.81566
7365.247 11.83952 808.56396 331.47766 29.28648
6602.7007 12.6661 764.6392 212.71655 30.40059
7296.094 3.41494 851.0121 224.52026 30.0373
6155.812 8.4868 710.3619 202.11572 20.47737
5984.1104 8.79305 693.0832 201.10785 20.47737
6152.863 10.63054 699.8263 215.51343 20.47737
7061.0337 10.47395 834.33276 282.01025 26.77596
7291.7837 11.83952 827.25995 294.7259 29.28648
7388.663 8.4868 863.2139 242.8404 30.0373
7383.951 8.4868 858.5017 237.80212 29.28648
7082.13 9.09407 816.67267 244.85455 26.77596
7111.5654 9.09407 819.2121 247.24701 26.77596
7142.412 9.09407 824.66095 234.3305 26.91926
7127.055 9.09407 816.91736 226.71692 26.91926
5956.2056 15.01437 688.5573 209.39093 23.03474
5899.8794 15.01437 668.32086 195.47028 29.36699
6604.934 5.80426 758.746 219.91211 22.69691
7092.4453 9.09407 797.4066 243.43799 24.7509
6013.4346 15.33938 683.9031 232.37299 20.82905
5944.098 15.78782 669.52924 242.50745 20.82905
6692.392 16.55372 729.7236 300.47882 20.47737
7062.403 11.83952 789.6754 278.53796 23.21754
6242.077 4.3254 759.5 154.12091 23.49004
6399.4175 15.96159 706.43384 272.65875 20.47737
6831.0547 6.82983 823.56055 172.99982 30.0373
6383.7085 3.6656 764.96045 161.80786 23.49004
6116.0723 4.3254 754.019 137.47778 24.7394
6845.6206 16.55372 776.3564 275.4112 24.7394
6331.0537 17.27208 717.2996 266.05396 30.21963
6340.6475 17.51422 705.72046 265.2591 26.1624
6422.4478 8.79305 774.2324 187.83813 23.49004
7314.6543 9.09407 823.2925 258.70923 26.91926
6558.5938 8.79305 780.634 220.97357 23.49004
7231.0566 11.83952 801.67694 284.98285 26.7055
7639.2505 5.80426 938.43677 182.69348 42.19945
7522.403 5.80426 832.5292 285.89746 30.22584
7196.569 10.24273 816.7583 247.15149 27.85872
7220.093 5.80426 835.7553 270.14276 26.31472
6695.218 12.62948 785.3383 225.60114 24.65902
7191.82 9.09407 824.42865 266.71283 24.15528
5986.2295 5.27439 735.8119 135.04858 28.40491
7492.547 4.3254 841.56323 300.49463 29.28648
7425.3184 4.3254 846.62366 257.15576 28.23101
7329.266 10.24273 822.3174 252.23608 29.28648
7228.036 10.24273 834.35144 237.24829 30.21963
7101.162 9.09407 815.16113 263.79077 22.6857
6953.06 9.11921 794.03687 364.2688 22.6857
7338.3384 10.47395 862.4034 235.18365 36.48998
7285.5596 10.47395 840.1797 214.82983 36.48998
6989.9077 11.44046 809.0642 267.4347 22.91576
6924.831 7.04364 836.4783 180.22296 30.0373
6977.1543 7.04364 842.15674 180.32605 30.0373
6932.089 6.82983 829.7996 175.1911 30.0373
6744.1855 13.81957 779.7013 273.1709 24.7509
6995.9336 6.82983 838.5747 175.7799 30.0373
6688.977 4.3254 775.5655 217.64453 23.49004
6818.9644 4.3254 835.4856 164.39752 30.0373
7138.1445 12.62948 818.2726 221.38818 30.40059
7131.8267 12.62948 827.70154 225.18396 30.40059
6693.3047 6.82983 780.93726 244.11035 23.86004
6617.423 6.82983 780.3077 232.96564 23.86004
6884.599 10.47395 771.64026 233.28589 24.65902
7182.0566 10.47395 837.79913 220.81403 30.40059
7357.556 3.41494 836.0188 234.50708 30.0373
6684.5884 4.3254 798.83966 228.2846 23.49004
6718.7886 4.3254 812.9867 162.26385 30.0373
7177.0234 10.19582 829.0213 209.8869 30.40059
6396.347 19.50135 702.4759 341.9146 23.03474
6919.9116 10.19582 771.83795 225.7821 28.78408
6671.321 5.92998 808.94763 163.0824 30.0373
6002.4155 5.27439 740.2211 138.91913 28.40491
7198.0474 10.19582 825.1645 228.8028 30.40059
7452.7285 9.09407 842.252 246.4964 30.77288
7269.7593 10.98809 796.1509 259.28333 29.28648
7309.385 10.98809 826.6057 239.51062 38.01073
7226.1025 4.3254 809.899 274.80182 24.7509
6947.538 10.98809 778.34326 234.66809 26.88716
6815.9463 10.98809 776.0225 210.43579 24.81566
6659.928 4.3254 775.68475 182.76013 24.65902
6679.1357 4.3254 788.45337 206.69818 23.49004
6170.918 4.70189 747.1646 137.59088 26.7055
7260.9375 8.4868 825.9703 262.95233 25.31491
6875.644 10.98809 797.63086 212.9701 30.40059
7522.3774 4.3254 926.5205 188.92249 34.8891
6723.2363 6.82983 815.61884 163.15845 30.0373
6698.889 4.13811 813.124 162.78345 30.0373
6297.0605 3.6656 776.18945 124.266785 26.77596
7286.0996 11.83952 830.6172 260.87244 30.77288
6067.832 8.79305 702.0826 188.40942 22.6857
6820.594 4.3254 797.1577 252.37378 23.86004
6900.538 10.98809 788.61835 203.92493 29.39395
6856.185 4.13811 822.94934 167.88715 30.0373
6732.633 6.82983 777.90796 233.08813 23.90247
6412.0664 3.11481 776.86755 122.76062 26.77596
6811.909 12.2174 809.13275 223.20258 24.65902
7140.29 12.6661 834.4864 374.44916 30.40059
7200.9526 8.25139 835.2579 318.29852 25.31491
6859.3584 4.13811 821.2848 170.33453 30.0373
7255.6333 13.25628 856.1392 273.99542 38.50505
7019.154 13.25628 835.04 301.3283 30.0373
6826.2334 3.6656 810.4142 185.63281 26.77596
6963.307 4.13811 830.89825 175.2763 30.0373
6849.6284 16.64856 769.443 312.5359 24.7509
7173.419 3.6656 834.79565 249.05017 25.31491
6823.0596 16.64856 767.38855 290.02087 30.2279
6799.1836 16.64856 760.8741 295.9655 26.7055
5913.209 5.92998 697.3718 173.18207 22.6857
6721.6406 8.25139 781.4452 239.05682 23.90247
6877.718 3.6656 830.3053 164.19025 30.21963
6897.19 3.6656 832.1122 159.21063 30.77288
6937.26 13.25628 799.65967 269.04468 24.41807
6281.434 17.51422 708.0044 267.85077 30.21963
6705.1113 8.25139 784.1008 240.76367 23.90247
6907.3447 3.6656 835.93365 163.31116 30.77288
6943.795 16.53516 761.91675 316.44995 20.82905
6944.084 16.53516 761.6741 341.23096 21.60812
6739.483 6.82983 791.54114 238.5409 23.90247
6875.4546 10.98809 799.67456 213.07214 30.40059
6947.438 12.62948 792.1472 253.60767 24.41807
7080.215 5.92998 829.32306 321.29926 24.65902
6841.7456 15.83616 775.9235 269.62872 24.15528
6980.6914 16.28759 782.1627 276.26697 30.40059
6705.8887 16.55372 741.4822 288.22852 20.82905
6986.2285 16.28759 785.4611 277.99762 30.40059
6113.9487 3.6656 733.7352 151.59784 22.6857
6889.5464 13.97221 774.0206 261.90076 30.40059
6117.986 3.6656 737.7728 153.68622 22.69691
6475.3184 18.24545 725.73926 298.27966 23.86004
6903.3667 9.09407 821.8815 255.79565 24.65902
7157.6733 13.81957 831.6023 279.16748 30.77288
6849.9473 6.03521 792.1472 219.13849 25.06802
5849.2373 6.62037 692.60144 168.125 22.6857
6645.904 19.85449 728.31866 309.51202 23.21754
7199.021 8.4868 830.7239 233.30334 25.31491
7110.67 8.4868 838.74677 270.44623 25.31491
5986.0645 10.93273 706.11633 169.1748 22.69691
6064.032 13.97221 702.6396 192.83582 22.69691
6044.8623 12.56759 703.6817 192.06073 22.69691
6649.0464 17.51422 731.4612 298.71704 28.3981
7100.798 6.82983 843.9556 317.18085 25.31491
6577.1475 14.55034 738.75055 275.91888 21.85575
7065.493 6.82983 852.4435 224.3363 27.54886
6802.6577 6.82983 813.94446 234.98804 24.41807
6911.709 13.81957 812.2545 219.42249 30.40059
6934.9805 13.81957 805.45575 213.1889 30.40059
7043.361 13.81957 814.58887 231.90784 30.40059
6877.831 6.82983 834.78186 212.52014 25.31491
6875.2715 5.80426 836.85254 200.30078 25.31491
7010.467 13.81957 781.69415 264.45367 30.21963
6918.899 13.81957 771.5713 261.39233 25.61572
7242.576 5.80426 801.2325 273.9771 24.7509
6774.159 16.64856 754.2181 302.89093 26.31472
6810.4766 9.45388 764.22076 284.24615 22.13576
6874.22 13.25628 786.0656 251.81439 28.3981
6926.3286 6.03521 801.1609 218.80957 25.31491
7533.6216 4.3254 838.7385 277.8662 31.29347
6778.1475 3.6656 811.3519 153.25049 30.40059
6582.4634 3.6656 820.93365 166.14276 29.36699
6499.471 3.6656 786.7389 131.9386 29.36699
6825.8804 16.55372 766.19244 290.96075 21.85575
6764.68 3.6656 797.8835 162.06305 30.0373
6821.668 6.03521 793.5773 190.53003 25.31491
7522.8267 4.3254 815.0571 305.39636 30.0373
7334.34 6.03521 901.9389 163.71356 34.64907
6924.8423 13.81957 772.26196 295.68164 21.85575
6984.974 16.55372 780.5024 293.32953 22.14375
6950.131 16.55372 770.04724 303.89648 21.85575
7507.3926 4.3254 850.04553 324.0669 30.0373
6874.127 16.55372 747.5026 276.94952 22.63494
6682.317 5.27439 779.1241 220.07196 23.86004
6833.4487 16.28759 767.66705 281.87726 23.49004
7265.5474 9.08314 806.0954 280.653 25.30769
7087.0386 13.97221 802.4149 295.0608 30.2279
7365.406 5.80426 844.8062 249.75983 26.77596
7170.782 3.11481 859.97394 200.29913 26.77596
7120.956 3.11481 845.69586 196.26874 26.77596
6705.3447 5.27439 776.60394 221.91821 23.49004
6663.8125 3.6656 814.9992 141.28088 30.79455
7242.7314 9.08314 802.0977 287.9914 24.7509
6139.259 5.80426 742.1839 143.04889 24.81566
6930.6655 3.11481 828.74927 194.18896 26.88716
7298.2944 9.08314 807.2707 288.58014 24.7509
6968.5635 16.55372 752.3952 388.44696 22.13576
6771.6167 16.64856 761.0854 297.23712 21.85575
6833.5576 11.83952 807.6299 190.01556 30.40059
7122.501 3.41494 864.6075 214.47162 26.88716
5894.8276 3.11481 683.6462 180.62231 22.53264
5791.2397 3.6656 671.99005 178.73706 22.53264
6722.9043 18.24545 758.46313 301.85547 21.85575
7435.5767 9.09407 915.92847 193.66162 34.64907
6823.9727 17.51422 747.54724 357.41272 29.28648
6904.6665 10.24273 805.2366 226.01282 29.28648
6901.9536 10.24273 805.43146 227.42023 29.28648
7184.353 8.4868 848.96295 255.97528 26.77596
7169.617 8.4868 851.5348 330.52295 26.77596
7101.9116 9.09407 783.723 299.5829 23.21754
7206.7993 9.09407 782.26556 330.51373 23.21754
6793.481 17.51422 747.92084 342.39398 27.62561
7208.634 8.4868 846.92773 256.65308 26.77596
7017.9517 8.4868 843.71155 217.49756 26.77596
7048.9175 5.80426 858.13824 203.05695 26.77596
6971.4365 3.6656 857.1766 189.55524 30.19125
6991.6514 3.6656 849.88837 194.85394 29.36699
7091.128 13.81957 786.74805 288.7433 24.41807
7224.345 13.81957 816.3732 280.1264 24.65902
7252.203 10.19582 872.417 203.91553 34.64907
7198.335 10.19582 876.4351 188.09967 34.64907
6043.3784 5.80426 733.38983 139.97394 23.49004
6254.4614 12.6661 727.9795 228.9856 24.81566
6075.036 8.4868 706.7208 183.86646 22.53264
7177.5923 10.19582 855.69403 164.4903 34.64907
5903.4263 5.80426 717.7567 137.59485 23.49004
6843.8564 10.24273 798.8401 216.47473 28.17564
6097.6646 8.4868 710.6123 190.78229 22.53264
6789.162 3.6656 825.91174 174.16235 29.36699
6482.165 14.88415 759.6531 222.41766 30.40059
7079.345 10.24273 811.48694 220.54688 30.0373
6777.0566 3.6656 809.5711 145.87183 30.40059
6779.894 3.6656 806.7347 149.68817 30.40059
6192.367 10.83634 731.24194 193.19952 22.6857
6975.387 3.6656 825.43713 196.14722 27.62561
6738.1484 3.6656 832.88367 147.93219 30.40059
7172.4165 9.09407 778.64355 321.27405 23.21754
7207.1973 4.3254 778.76483 329.58905 23.21754
7210.594 10.47395 818.7134 268.8723 24.7394
7286.841 13.81957 830.6871 268.46124 27.36176
7060.084 14.55034 785.3462 277.41125 26.77596
6160.8438 5.92998 729.08044 188.98865 22.6857
6979.356 3.6656 825.5689 197.09192 27.62561
7014.007 3.6656 852.4414 202.64282 29.28648
7053.439 3.6656 832.0259 222.08105 25.31491
6520.563 14.09013 763.76294 220.03906 30.40059
7036.113 3.6656 842.95605 200.15479 25.31491
6864.902 10.24273 808.08826 216.65967 28.17564
7003.698 10.24273 802.71185 219.95807 30.0373
6940.4746 10.98809 782.2414 230.47742 30.0373
6868.418 10.24273 806.4669 216.67896 28.17564
6309.2617 12.6661 727.09467 215.81897 23.49004
6990.916 5.80426 797.76025 241.55627 24.65902
7172.4443 10.98809 832.62646 241.91492 30.0373
6177.3867 5.92998 727.9589 181.33282 22.6857
6494.3213 3.6656 824.97095 105.81433 30.40059
6849.2915 10.47395 808.8331 218.51868 28.17564
6331.3623 12.2174 739.30817 215.32538 23.45232
6664.8843 3.6656 813.49194 147.5755 30.40059
6744.29 14.09013 788.5647 227.30334 30.40059
6817.7964 14.09013 793.0398 234.84302 33.09188
6345.056 12.2174 741.7615 216.51733 23.45232
6270.6455 13.2815 718.97906 215.79712 23.49004
6661.8115 3.6656 819.52234 136.87274 30.40059
6835.2603 5.80426 792.4546 219.16785 24.65902
6664.593 16.55372 748.2584 245.72162 30.40059
6783.089 17.51422 750.0132 335.67188 27.62561
6209.8022 3.41494 742.8947 183.84888 22.6857
6185.9507 3.41494 751.43243 186.98944 22.6857
6811.6973 5.80426 786.4298 207.43298 24.65902
6579.1216 18.24545 665.70953 392.99347 19.35933
6573.3447 18.24545 667.10913 385.59192 19.14834
6539.6265 14.88415 754.29987 239.74487 26.77596
6386.2686 3.6656 731.2152 207.6297 22.6857
6518.908 13.2815 732.47766 234.76416 24.7394
6564.944 3.6656 812.8471 127.37836 30.40059
6536.9053 3.6656 803.70844 140.89075 30.0373
6430.734 8.79305 783.3278 143.57135 30.0373
6774.909 10.19582 826.6347 181.50519 30.0373
6937.181 10.19582 814.72656 194.98163 30.0373
6940.2754 4.3254 820.2609 197.14282 29.39395
5887.144 5.80426 714.9568 153.90698 22.6857
6844.4277 9.45388 825.40704 177.27228 30.0373
6321.219 10.19582 742.42053 231.50555 22.69691
6770.758 13.2815 805.943 193.71399 33.09188
5948.733 9.04912 705.13745 179.73157 22.6857
5932.5645 4.70189 704.81665 158.47595 22.6857
7023.8745 10.47395 825.772 208.31189 30.40059
7191.499 10.47395 838.84357 245.72662 30.40059
6360.1694 6.82983 740.2449 198.89093 22.69691
6411.567 10.19582 764.16205 165.25189 30.0373
6314.159 13.25628 735.39374 219.96948 26.21495
6870.269 12.56759 764.473 241.9765 26.7055
6881.8765 12.62948 818.90857 194.3692 33.09188
6388.5854 13.25628 731.3692 202.66217 29.36699
5967.8203 5.27439 734.7496 147.42822 24.65902
6174.9023 6.32738 711.3735 185.22028 22.69691
6175.0557 6.32738 711.52673 187.65112 22.6857
6358.119 13.25628 721.82135 209.47675 24.15528
6873.7417 9.08314 829.3814 177.20227 30.0373
6268.511 13.25628 717.92633 203.50055 24.15528
7149.933 12.2174 821.6066 214.49579 30.40059
6500.892 3.6656 768.3714 225.10114 22.6857
7000.7734 7.04364 807.17737 202.771 29.39395
6164.721 8.25139 735.2207 150.69727 24.15528
6232.9883 8.25139 777.3008 109.04578 30.40059
7210.952 10.98809 816.923 237.6029 30.40059
6250.233 11.08703 766.2547 119.14227 30.40059
6922.5957 4.3254 819.3653 177.93823 29.39395
7284.661 9.09407 795.8579 296.87585 24.15528
7136.1533 11.83952 819.9725 242.27057 27.62561
7216.661 10.47395 823.62164 264.27582 30.52903
6896.592 10.98809 770.811 235.81647 24.65902
6917.1514 12.62948 816.4344 195.06226 33.09188
5976.2764 11.08703 702.06384 186.80884 23.49004
6652.0723 12.62948 738.36316 239.55725 23.49004
5947.211 6.53957 729.5669 143.50562 24.65902
6536.439 3.11481 768.05115 229.32733 22.6857
6500.0737 3.11481 749.7129 211.30188 22.6857
7171.117 10.47395 829.044 240.50677 30.2279
6972.437 9.45388 801.35114 238.11163 26.77596
6407.018 12.62948 729.2928 218.8161 23.49004
6940.9707 11.83952 779.37756 231.24103 26.91926
6597.9297 9.08314 767.989 213.89679 22.6857
6586.12 9.45388 762.8687 219.98828 22.6857
7258.202 10.47395 831.09955 243.11969 33.09188
6846.2007 12.62948 763.3125 236.37085 23.86004
6049.765 8.66173 734.4046 147.17755 24.15528
6566.9155 9.45388 761.88086 213.8446 22.6857
6863.3774 5.80426 773.7041 239.85999 23.49004
7352.7886 10.19582 856.23755 289.03564 30.0373
6027.3486 5.27439 735.7814 152.16516 24.15528
6427.4326 12.62948 733.0038 224.41028 23.03474
5957.0312 6.53957 727.6458 145.86859 24.65902
6030.2363 4.3254 737.382 138.87341 24.65902
6843.4204 5.80426 767.6711 241.26239 23.45232
6460.1904 10.24273 734.9071 234.83447 23.03474
7153.0034 16.55372 767.98865 330.1891 30.2362
6844.806 10.19582 780.5624 202.14905 28.78408
6874.7563 10.19582 788.8199 218.46313 28.78408
6887.3765 10.19582 780.36615 216.13586 28.78408
6541.9414 11.83952 725.9306 246.36285 20.68348
6346.579 9.45388 727.866 236.10553 21.51581
6976.3877 10.19582 805.4938 207.34448 30.2279
6649.736 5.92998 732.04425 237.15332 20.68348
7178.2104 16.55372 763.46716 358.1029 29.28648
6914.7705 5.80426 766.09827 249.01031 23.45232
6543.88 16.55372 663.3718 346.25427 19.35933
6980.552 16.64856 766.28107 312.7646 28.3981
6980.0864 16.64856 765.8158 320.36658 24.15528
6497.923 10.24273 742.68115 187.66174 27.62561
6142.191 9.11921 725.6892 178.0127 23.49004
7260.441 5.80426 886.6165 180.74762 33.09188
6970.5063 12.2174 754.6429 264.05505 23.49004
6525.306 10.93273 768.837 190.53394 26.77596
6524.893 10.93273 768.04553 185.16846 28.17564
6263.9062 6.82983 714.32684 181.51508 23.86004
7181.502 6.03521 860.9656 229.57312 30.0373
6331.04 9.45388 722.1156 234.30292 21.51581
6109.6914 5.92998 717.66943 152.19666 23.49004
6213.644 3.11481 769.80347 121.10272 30.22584
6167.335 3.11481 768.1979 118.11481 24.65902
6957.719 10.19582 790.5801 211.57257 29.39395
6866.2495 10.19582 779.5716 208.69946 26.7055
7443.2397 5.80426 904.2781 240.25476 33.09188
6528.8315 5.92998 741.5049 231.28473 22.6624
7479.557 5.80426 902.9848 210.66351 33.09188
6193.6133 3.11481 773.51855 121.35614 24.65902
6981.0913 12.2174 765.2277 263.86737 23.61153
6074.4585 8.66173 714.54236 153.5835 23.49004
7538.7227 9.08314 883.9685 239.99976 33.09188
6842.0137 10.19582 763.2815 247.74805 23.61153
7140.7817 12.62948 833.1513 197.74188 33.09188
7044.5083 12.62948 777.7405 251.47168 26.7055
7118.307 3.6656 826.3237 199.25476 30.0373
7365.5845 8.4868 874.5755 172.7132 33.09188
6921.5923 8.4868 774.1665 230.17798 23.86004
7072.3076 12.62948 782.43964 250.15997 28.17564
6262.8936 13.2815 734.0399 191.00574 29.36699
6244.722 13.81957 729.8108 201.21283 31.96211
6698.75 5.92998 751.5699 246.16254 20.68348
7216.366 3.11481 883.2388 173.74707 33.09188
7297.922 3.11481 894.17584 159.48822 35.22947
6088.5273 14.39771 693.19116 197.13422 24.7394
6082.8857 13.96655 709.6572 171.91693 26.7055
6241.473 3.11481 773.3387 122.71094 24.65902
5997.183 13.96655 709.3136 160.8393 30.11663
6347.4736 9.45388 729.7018 241.9253 21.51581
6255.6587 3.11481 772.92017 126.77472 24.65902
6261.0635 3.11481 765.8862 138.3974 24.65902
7079.853 12.62948 782.0724 252.0155 28.17564
6744.4893 6.03521 754.367 246.85767 20.68348
6306.5273 3.11481 765.66205 149.38794 24.65902
6557.806 6.03521 725.36975 225.01892 20.68348
6870.725 5.27439 802.0884 174.4021 28.17564
6870.4854 10.19582 781.4838 216.46954 26.7055
6798.584 10.19582 760.32996 240.53082 23.61153
6780.609 5.27439 783.6304 188.9544 26.20491
6983.4346 10.19582 793.0192 212.11139 29.39395
7060.0093 6.03521 826.5862 205.9845 30.0373
5957.266 13.96655 690.6133 189.47858 24.7394
6053.006 13.96655 708.48157 200.78113 24.7394
5832.8945 13.96655 666.0027 216.74457 22.53658
7056.671 6.03521 832.74567 207.09332 30.0373
6450.8545 6.82983 715.11005 226.50745 20.68348
6867.8535 3.11481 826.15137 170.49695 30.0373
6819.2456 3.11481 824.6685 169.0166 30.0373
7263.911 3.6656 904.8074 125.743286 38.33129
6899.453 10.19582 778.58514 208.59491 28.78408
6909.9683 10.24273 771.71313 231.1109 23.86004
6356.682 9.45388 720.1183 231.58716 21.51581
6840.468 12.62948 796.1069 211.81635 28.17564
6648.7837 12.62948 784.73413 211.52069 26.21495
6292.8013 4.13811 732.99835 187.49994 23.03474
6339.4995 4.3254 733.355 194.37878 23.03474
7234.338 3.11481 904.1664 148.0365 35.22947
6553.0664 12.62948 779.6197 211.2312 26.21495
6508.385 12.62948 774.4735 197.6319 26.21495
6870.501 3.11481 809.1171 161.16516 30.22584
6355.676 8.25139 772.767 177.07568 26.21495
5995.0815 11.83952 690.2068 203.60583 22.13576
6299.6646 17.51422 677.0059 287.651 19.04572
6344.0815 18.24545 684.9648 286.61566 22.53658
7075.717 9.11921 803.135 223.42249 26.91926
7313.885 3.6656 911.8178 124.04266 40.55643
6523.6685 9.45388 757.7628 213.3642 22.91576
6877.382 3.11481 839.2262 165.20459 30.22584
6898.3643 3.11481 854.4849 182.95331 30.22584
6825.728 3.11481 860.8815 171.59155 30.22584
7208.8667 3.11481 906.2227 137.61383 35.22947
7159.4727 6.03521 877.98804 149.07495 33.09188
6629.763 3.11481 836.50916 157.84753 30.22584
6491.1562 18.24545 693.1256 428.64612 18.37289
6416.997 9.45388 740.3881 208.21356 22.91576
7071.4736 4.3254 834.1492 205.67749 30.0373
6930.9526 10.98809 785.5627 234.0633 25.61572
6939.608 10.98809 786.2355 232.69104 26.7055
6620.8306 5.92998 758.2035 233.29297 22.6857
5811.0747 8.79305 683.537 191.50513 22.13576
6772.5464 3.11481 819.8588 175.1828 26.77596
6625.6924 3.11481 817.14984 146.56091 26.77596
6680.0967 3.11481 801.42615 148.62823 26.77596
6627.522 3.11481 809.47327 130.95105 27.13057
6526.901 3.11481 801.34375 129.64502 26.77596
7268.9814 4.3254 885.1635 145.82672 36.54747
6631.338 3.41494 832.86053 134.255 30.22584
7013.828 4.3254 800.1152 231.11615 26.7055
6618.8843 3.11481 807.0199 131.80774 26.91926
7220.186 4.3254 900.847 147.02179 36.54747
6525.7095 4.3254 790.91724 153.52753 26.91926
6677.4634 3.11481 823.19586 155.96698 30.22584
6882.1406 12.2174 796.79425 225.85803 30.0373
6734.4746 10.47395 802.2456 194.53046 30.0373
7207.0635 9.04912 819.4712 219.9198 30.0373
6660.567 10.47395 798.25464 191.23102 30.0373
6015.072 8.79305 703.0382 191.81494 22.13576
7230.7114 10.24273 823.04944 221.96509 30.0373
7156.84 10.98809 837.6664 260.807 30.0373
6581.8228 13.97221 720.00757 340.18445 19.70974
6962.236 5.92998 797.2473 229.74438 26.7055
6372.0376 4.3254 769.1665 182.15009 24.65902
7066.9126 10.98809 807.1549 234.64514 30.0373
7043.4316 10.98809 807.3421 227.84344 30.21963
6821.462 10.47395 801.98285 193.28339 26.77596
6972.2236 10.83634 798.942 230.2616 30.0373
6412.375 10.93273 754.62836 210.8866 24.7394
6884.447 12.62948 795.8312 237.06824 26.77596
6966.9507 12.62948 806.31604 270.30627 26.77596
6884.8394 12.62948 801.0719 262.52002 26.77596
6317.177 8.25139 741.4889 212.77429 22.91576
6621.729 12.2174 721.8862 366.29578 19.70974
6611.8657 12.62948 767.7098 256.0728 24.15528
6275.7407 12.62948 728.3746 210.78857 20.82905
6684.1865 10.47395 799.73157 191.89252 30.0373
7218.0293 6.03521 896.3407 147.13452 36.54747
6972.879 5.92998 799.7007 230.79688 26.7055
6981.64 5.92998 786.78674 230.362 25.31491
7176.301 5.92998 892.19965 147.0943 36.54747
6258.4473 4.3254 728.1123 179.28796 23.03474
6888.5835 6.03521 778.92505 244.12268 24.65902
7071.088 12.62948 851.28864 234.33319 33.09188
7122.6396 12.62948 843.0722 212.37177 33.09188
6619.2695 13.81957 722.852 364.89142 19.70974
7301.647 5.92998 902.413 151.2818 38.01073
6279.3574 12.62948 727.5453 209.45844 21.84527
6287.26 12.62948 734.9902 207.68604 23.49004
6694.2866 3.11481 843.295 134.24542 30.40059
6390.335 4.13811 779.89667 176.48743 24.7394
7260.387 13.25628 854.2318 299.76477 33.09188
7247.3657 5.92998 825.8568 223.146 30.0373
7240.4434 13.81957 837.0724 288.09412 33.09188
6656.275 6.03521 741.0892 238.73419 22.13576
6467.4854 12.62948 738.0264 190.1546 24.15528
6297.034 12.62948 731.2604 197.5169 23.49004
6363.8164 12.62948 725.6529 204.78235 23.49004
6488.689 12.62948 739.8944 192.11713 29.4897
6569.5396 12.62948 740.801 208.36548 24.15528
7012.3447 13.97221 775.70447 275.99817 33.09188
6472.181 10.47395 772.5489 170.82794 30.0373
6793.007 6.03521 770.5404 240.77502 22.6857
6227.6416 5.92998 722.3257 179.26984 23.03474
6725.1157 13.97221 747.0189 252.20123 24.7394
6228.1577 4.3254 742.5258 142.41351 24.7394
6329.587 3.6656 771.0554 123.484314 24.7394
6537.8936 8.4868 775.3838 164.50885 30.0373
6471.789 8.4868 738.4159 213.39856 22.6857
6337.185 8.4868 730.52515 205.987 22.6857
6507.4385 3.6656 786.4975 143.41608 26.88716
7355.573 6.03521 816.46515 279.5163 25.61572
6233.6846 18.24545 674.79553 304.9593 18.70247
7139.41 5.92998 815.98224 209.87006 30.21963
7299.5034 6.03521 802.0913 303.14722 25.52544
7020.7783 10.47395 792.25665 227.38403 26.7055
6323.565 8.4868 732.99634 189.89703 22.6857
7094.5586 10.47395 800.3574 227.60681 30.22584
6362.2456 18.24545 679.46423 320.21857 18.24545
6490.297 8.25139 771.7147 154.55804 30.0373
7031.926 9.08314 830.3844 190.18317 30.0373
7104.0347 10.47395 784.3077 248.37726 27.54886
6202.4014 15.54405 707.758 218.35742 33.91339
6207.386 15.54405 708.0675 218.43372 25.99143
7106.4893 13.81957 837.3262 228.52747 33.09188
6902.7534 13.81957 806.4808 197.70392 33.09188
6326.744 4.3254 738.9193 175.1352 23.49004
7135.112 10.47395 812.81244 234.74286 29.28648
6348.107 4.3254 762.1202 171.57776 25.08207
6296.648 6.82983 727.61194 193.87842 22.13576
6317.3936 4.3254 760.7259 169.91699 24.7394
6159.9395 15.54405 696.5353 219.13739 24.81566
7195.3647 14.55034 813.39966 282.57837 33.09188
7123.256 14.55034 807.1589 279.45526 33.09188
6141.5137 15.54405 701.9267 219.69543 24.81566
6359.3467 7.04364 730.3626 195.57196 22.13576
6502.843 3.6656 809.88855 123.08838 32.55038
6399.942 19.70974 673.4538 421.80756 18.37289
7055.5996 10.24273 802.2584 233.46753 29.28648
6262.1504 15.54405 715.8866 221.79193 25.99143
6328.829 19.70974 664.00836 416.53717 18.37289
6225.8066 15.54405 708.1172 229.48651 23.49004
6229.377 15.83616 714.4813 220.64117 24.41927
6196.5254 15.83616 709.78485 219.86743 29.36699
6240.0977 4.3254 766.9105 172.44891 24.15528
6347.7017 5.92998 760.65857 180.6521 24.65902
6373.454 10.83634 716.0557 227.89288 20.82905
7167.089 11.83952 809.75336 277.76447 26.91926
6145.1475 5.92998 753.84204 156.77936 24.65902
6971.5967 14.55034 788.4406 287.23846 24.15528
7323.693 4.3254 826.185 230.72516 30.0373
6219.019 15.83616 704.39343 226.28333 24.15528
7166.047 11.83952 811.6744 275.40497 26.91926
6883.768 10.98809 777.98755 223.23102 27.36176
6555.089 6.03521 739.71436 214.99927 22.13576
5986.7056 16.21669 689.6493 221.12567 24.65902
7295.6455 8.4868 822.2865 230.47778 30.0373
6574.515 6.03521 737.1943 220.54358 22.13576
6525.513 6.03521 735.07654 213.98608 22.13576
6750.23 10.19582 811.0853 168.72583 29.36699
6551.1504 6.03521 749.6787 198.53949 23.61153
6188.082 6.62037 757.1473 157.5166 24.15528
6358.7036 6.62037 769.5119 160.96802 26.91926
7021.309 10.98809 798.31 233.8222 27.36176
6058.374 15.78782 683.2037 219.38263 24.15528
6908.6216 10.98809 782.20734 233.66608 24.7394
7192.4824 4.3254 822.17474 209.05511 30.0373
7420.2407 4.3254 899.348 155.3031 38.33129
6396.4644 6.62037 766.99176 168.95831 26.91926
7294.1997 10.47395 837.5461 256.46783 31.29347
6461.028 3.41494 780.7215 136.44592 25.31491
6038.267 15.78782 670.7665 231.44012 23.49004
6324.017 3.41494 753.47266 178.15424 22.91576
6368.9976 3.41494 750.9984 178.84729 22.91576
7320.2783 10.19582 829.3349 277.1906 30.40059
6999.314 5.27439 790.5109 238.02753 24.7394
7479.2876 4.3254 796.15985 338.51605 27.54886
6869.3496 3.41494 779.6857 228.51001 24.7394
6041.0527 15.54405 679.8016 208.22089 24.7509
7432.604 4.3254 911.71094 162.02368 38.33129
7301.753 4.3254 904.1088 175.08954 34.64907
6879.427 3.11481 858.7633 136.77063 33.09188
6867.0557 3.11481 860.58234 138.30444 33.09188
7259.693 13.81957 815.9096 267.7818 34.64907
6755.655 8.4868 809.2665 171.42188 29.36699
7429.5024 10.19582 901.329 255.50183 34.64907
7280.367 10.19582 824.6112 238.88538 34.64907
7273.4556 10.19582 837.18066 226.06165 34.64907
6744.477 3.41494 816.1992 162.92755 29.36699
6357.043 3.41494 751.1809 181.9884 22.91576
7111.026 10.19582 804.5573 241.3565 28.17564
7114.5723 4.3254 859.26575 193.38684 30.40059
7408.0513 5.80426 802.54785 299.7251 26.91926
7409.472 6.03521 809.1192 310.33148 26.91926
7321.6377 9.09407 799.85565 309.1136 26.91926
7336.6025 10.47395 873.5876 270.34564 30.77288
7254.2407 10.47395 864.56995 290.3766 30.40059
7243.6167 10.47395 817.00586 267.0205 30.40059
6374.7656 3.41494 768.90466 155.48743 24.15528
6847.811 12.62948 778.0075 250.8338 24.7394
6639.578 13.97221 761.66016 268.59607 24.7394
6814.9033 3.11481 805.3193 172.97577 29.36699
7097.708 8.4868 849.1391 195.03363 30.40059
7217.139 10.47395 813.99976 266.91248 30.40059
6056.0435 15.54405 681.8648 211.08344 27.72451
6896.049 3.11481 831.2687 184.30676 29.36699
7089.072 12.56759 814.1638 270.53333 24.7394
7138.995 8.4868 870.3365 197.63629 30.40059
7013.728 12.56759 806.14575 274.14172 24.15528
7003.1187 13.25628 843.53076 260.92188 30.40059
7336.603 10.47395 873.5875 270.3457 30.77288
7386.712 9.09407 875.1551 268.57965 32.59545
7413.9683 6.03521 892.7635 202.43988 32.59545
7238.3564 9.16953 836.566 266.32 30.21963
6854.451 3.11481 808.1872 178.68274 29.36699
6370.2925 3.41494 763.6934 149.99438 24.65902
6452.4453 3.41494 761.9968 167.11713 24.7394
7051.6123 10.19582 800.33453 239.63812 28.17564
6498.644 6.53195 777.2024 161.73334 25.31491
6895.4053 3.11481 832.5507 179.7539 29.36699
6887.2837 3.11481 835.8391 190.09119 29.36699
7034.406 13.81957 806.7535 275.77692 24.65902
6853.643 4.3254 791.61 231.8363 24.65902
6941.8965 4.3254 783.4678 230.11804 24.65902
6524.1943 3.41494 764.57227 168.74298 24.7394
6543.0483 3.11481 765.6186 171.71082 24.7394
6278.6943 7.04364 724.1631 186.84387 23.03474
6256.6235 7.04364 726.5542 186.3551 23.03474
6438.665 5.80426 779.94666 172.7525 25.31491
6947.9263 4.3254 788.3725 232.67145 24.41807
7455.728 10.98809 822.11066 299.61615 30.0373
7254.998 10.98809 794.79016 304.16565 27.26857
7404.5454 10.98809 817.32043 298.64478 30.0373
7468.594 9.11921 881.36993 262.91302 38.50505
7340.23 10.98809 752.2878 389.41876 28.56166
7302.332 10.98809 748.67365 388.92206 28.56166
7446.4263 5.80426 889.28174 217.22107 31.29347
7430.603 9.09407 873.3918 229.8919 30.77288
6510.0303 5.80426 774.88196 166.61682 26.21495
6486.544 3.11481 760.2823 171.04034 24.15528
7026.788 11.83952 779.6879 295.20673 22.6857
7425.9575 3.11481 886.2212 210.9148 31.29347
7241.654 3.11481 879.5703 199.07532 31.29347
6437.837 3.6656 784.36084 143.37744 25.31491
7235.8965 3.11481 893.85815 218.8164 30.77288
7281.03 3.11481 896.8496 219.97083 30.77288
7094.512 5.80426 878.84406 182.70831 30.40059
6296.103 7.04364 705.5122 225.74536 20.64232
6483.3037 3.6656 801.18567 144.0769 25.31491
6944.3755 11.83952 775.7929 292.63068 22.6857
6499.698 3.6656 803.3921 152.01166 29.36699
7270.357 3.11481 897.2671 219.13867 30.77288
7231.683 5.80426 891.6935 185.36328 30.77288
6786.6543 3.11481 852.9136 127.0495 33.09188
6896.9097 3.6656 852.1832 142.35248 33.09188
6935.0693 4.3254 794.81415 233.58356 24.7394
6904.2354 15.83616 761.0094 285.85583 23.60596
7435.048 5.80426 874.46985 266.06018 30.77288
6947.86 4.3254 797.26746 234.3794 24.7394
6753.3193 12.2174 795.08215 199.68793 30.40059
6916.424 6.03521 794.55835 234.146 24.7394
7188.2354 5.80426 864.53973 212.15985 26.77596
6441.088 3.11481 749.3967 165.26373 24.15528
7173.8555 8.4868 869.0295 211.85883 27.85872
6513.01 3.6656 807.1282 154.40155 29.36699
7124.8623 6.82983 868.1135 209.55432 27.85872
7417.467 10.98809 863.809 231.13898 38.50505
7349.1104 10.98809 840.234 275.50085 31.29347
6559.574 4.3254 789.3863 162.92218 29.36699
7377.964 10.98809 832.7894 329.54236 30.77288
7302.981 10.98809 872.234 258.0022 30.77288
6564.257 4.3254 794.06866 163.66748 29.36699
7295.564 5.80426 845.61505 306.43646 26.77596
7268.673 10.98809 840.2915 288.15735 30.40059
6896.734 3.6656 857.948 142.3216 33.09188
7235.1064 8.4868 843.258 297.2934 26.77596
6581.1426 5.80426 787.7654 158.50354 29.36699
7365.527 10.98809 842.83484 290.1582 31.29347
7406.914 10.98809 845.7527 368.00354 30.77288
6660.4263 12.2174 784.36975 202.65033 29.36699
6703.9023 4.3254 816.5126 169.6275 29.36699
7000.4824 10.19582 775.99646 258.78894 22.69691
6887.0225 10.19582 806.6345 315.7843 22.69691
7310.963 12.2174 856.53033 309.331 30.40059
6681.515 12.2174 787.86414 204.41803 29.36699
7181.643 8.25139 886.2448 181.74884 34.64907
7348.474 12.2174 854.4754 311.49677 30.77288
7304.376 12.2174 846.3149 319.59113 29.28648
6525.346 4.3254 798.56305 155.52612 29.36699
7180.901 12.2174 798.02423 357.862 24.15528
6773.675 12.2174 791.7591 205.927 29.36699
6862.3335 10.19582 808.4977 311.6781 22.69691
6884.144 10.19582 797.14795 305.7484 22.69691
6818.151 10.19582 813.3276 188.10638 29.36699
6836.42 10.19582 796.95197 243.02313 24.65902
6814.042 12.2174 805.49194 236.97803 24.15528
6569.283 4.3254 797.5708 157.11053 29.4897
6817.6963 12.2174 791.6795 221.08478 26.1624
6866.7295 3.6656 854.0773 142.28784 33.09188
6603.6475 12.62948 769.6168 229.38654 24.15528
6775.8394 11.83952 754.42914 296.98505 20.64232
6554.7744 4.3254 804.7775 144.43323 30.0373
6534.5063 5.80426 802.8119 148.18005 30.0373
6597.7617 12.62948 771.5066 230.88104 24.41807
6609.007 5.80426 802.5751 162.3869 30.0373
6603.9937 12.62948 777.7568 249.78802 24.41807
6787.421 12.62948 795.1563 217.44238 24.7394
6811.7153 12.62948 794.004 214.49164 24.7394
6969.488 10.47395 805.48706 256.19995 24.7394
6541.829 6.82983 791.30896 147.66608 30.0373
6642.969 10.19582 777.688 251.11353 22.69691
6558.498 4.3254 775.54474 234.44421 22.69691
6630.6123 4.3254 776.3912 243.14105 22.69691
6806.554 12.2174 794.1506 221.5456 26.1624
6536.4536 6.82983 791.9379 146.65125 30.0373
6763.6045 4.3254 784.6119 244.93329 23.03474
7121.897 13.25628 817.865 279.90747 24.15528
7064.7686 11.83952 788.5358 262.56268 24.15528
7146.6646 11.83952 814.23804 273.62915 26.91926
6952.402 10.47395 804.2271 252.36517 24.7394
7047.5083 6.03521 815.38184 239.02466 24.7394
7007.327 6.03521 811.9061 239.00806 24.7394
6546.4067 5.80426 793.2809 156.98657 30.0373
6760.743 3.11481 787.73456 236.87054 22.69691
7103.193 15.83616 784.4758 284.21448 33.09188
6817.185 12.62948 780.6694 230.30304 26.21495
6994.024 6.03521 805.38776 235.00897 24.7394
6992.226 15.83616 771.82574 282.81146 26.1624
7003.827 15.83616 783.42725 275.24768 28.17564
6948.7227 10.83634 802.89966 250.14465 24.41807
6802.884 12.62948 794.66113 249.33691 26.20491
6955.2607 15.83616 784.6682 263.1588 26.1624
7251.5527 6.03521 830.8435 240.98145 26.91926
6584.19 3.11481 773.11096 232.03314 23.40282
7028.3403 11.83952 800.9261 256.04095 27.26857
6763.107 13.25628 767.5399 243.02771 24.41807
6832.857 6.82983 849.5772 162.05469 30.40059
6952.3 5.80426 860.72833 143.2539 33.09188
6888.8047 8.66173 844.3929 159.48102 35.33641
6772.4214 13.25628 762.6354 235.09558 24.7394
6765.2383 6.82983 836.8755 151.28033 30.40059
6817.9756 10.19582 780.2309 248.40424 23.49004
6557.073 10.19582 755.0219 219.9925 23.49004
7208.108 10.24273 856.2564 247.3681 30.0373
6944.7007 10.24273 835.2416 197.68835 30.0373
6435.176 10.19582 752.75024 219.75977 23.49004
6613.1636 7.04364 768.6367 205.32141 23.49004
6438.2886 7.04364 756.53033 200.39166 23.49004
6944.728 10.47395 760.2091 340.16968 20.64232
6877.6206 10.19582 846.31726 173.88947 30.40059
6969.2075 7.04364 856.12054 148.22266 34.64907
6640.306 5.80426 779.70605 209.93591 23.49004
6849.54 3.41494 845.875 129.5921 34.64907
7531.6216 6.03521 861.2021 252.79645 32.59545
6775.391 13.25628 760.74567 237.76807 24.09773
6565.7266 16.28759 737.8533 245.8551 23.49004
6873.1924 10.19582 828.0983 165.98053 30.40059
6708.2676 10.19582 829.15717 154.05792 30.40059
6656.192 10.19582 792.5074 189.03467 26.31472
6663.365 8.4868 794.96075 183.22864 24.7394
7330.888 3.41494 899.7217 262.9618 30.77288
6962.8364 15.83616 775.2972 279.84735 26.1624
7363.4194 9.09407 898.3137 244.6648 30.77288
7291.4844 10.19582 865.765 264.50293 30.40059
6660.597 5.80426 795.90326 219.09644 23.49004
6689.6294 8.4868 789.8084 237.22028 23.49004
6520.081 3.11481 775.872 208.81311 23.40282
6962.069 15.83616 780.9381 278.82605 24.15528
7240.5854 3.11481 879.9879 198.30176 31.29347
6581.1924 5.27439 788.77594 176.84637 24.7394
7137.655 9.09407 853.53516 228.5 30.0373
6972.0728 7.04364 857.58997 148.35547 34.64907
6927.5493 7.04364 856.3182 143.96088 35.33641
6565.7324 16.28759 737.85803 240.69269 30.52903
7480.047 8.4868 917.5698 196.13794 35.22947
7489.2397 8.4868 895.82697 201.8172 35.22947
6858.349 16.55372 758.27924 309.4843 20.47737
6510.7593 3.11481 772.0808 225.47925 22.69691
7402.187 6.82983 895.8547 161.85992 35.22947
7455.7266 9.09407 883.5141 199.49432 34.64907
7105.267 9.09407 839.0206 255.44165 27.54886
7012.29 11.44046 804.62036 263.1327 23.49004
6568.275 5.27439 798.8104 180.47272 25.06802
6904.53 3.11481 783.569 249.64478 23.49004
7482.6772 6.82983 934.5688 171.77277 35.22947
7551.11 6.82983 919.5355 199.19824 35.22947
6372.909 3.11481 758.6606 207.14624 22.69691
7055.652 10.19582 859.0092 172.16876 34.64907
6956.2847 7.04364 855.42255 146.76514 34.64907
6931.064 7.04364 860.2045 156.75739 34.64907
7508.046 5.92998 916.68036 197.94269 35.22947
6930.8755 7.04364 861.57635 147.11115 33.09188
7460.064 6.82983 907.23926 201.12744 34.64907
7514.4463 9.08314 914.55493 208.52759 34.64907
6913.8286 16.55372 753.4245 318.39777 20.47737
5992.2686 15.80146 662.63403 255.42487 20.47737
7074.5503 15.83616 784.4119 284.7857 30.0373
7379.604 9.08314 886.7073 202.94519 30.40059
6975.476 7.04364 861.6267 162.01288 33.09188
7086.349 14.55034 803.988 277.3105 29.39395
7374.0874 9.09407 886.30115 206.0835 30.40059
6559.96 4.13811 780.6322 187.09436 24.15528
6784.0376 7.04364 832.20087 144.11761 33.09188
6760.4116 7.04364 836.02203 140.88629 33.09188
6411.568 3.11481 742.79675 195.47253 23.40282
7395.3228 4.3254 892.1293 209.27527 30.40059
6594.5903 16.28759 749.46814 241.7345 23.61153
6085.0015 11.08703 687.1918 229.95325 20.47737
7309.11 10.98809 806.7275 404.45367 27.54886
7284.224 10.98809 795.79846 364.3966 26.77596
6403.5327 3.6656 747.6701 187.94305 22.69691
7017.2764 15.83616 779.6217 283.8141 30.0373
7187.442 8.4868 887.29895 185.58691 34.64907
7473.931 4.3254 887.4455 212.31097 30.77288
7423.7134 5.92998 884.3209 218.29053 30.77288
7395.247 5.92998 885.24854 223.16895 30.77288
6935.0845 15.83616 782.2906 271.33807 25.25763
6552.3374 3.6656 754.51605 196.7171 22.69691
6904.8223 3.11481 781.6478 249.4198 23.86004
7404.3076 5.92998 892.8066 231.36993 30.77288
6591.8716 4.13811 783.61346 187.22723 24.15528
6665.8223 5.80426 789.03644 189.89166 24.15528
6426.149 3.6656 710.7661 212.80334 20.47737
7318.5293 4.3254 811.1 269.72583 25.61572
7453.549 6.82983 858.87305 307.213 30.0373
7431.3496 6.82983 859.7484 300.59937 30.0373
7397.0034 4.3254 832.3605 250.7074 28.17564
7403.0728 4.3254 846.3685 254.25854 28.17564
7313.6143 4.3254 832.5583 241.10663 28.17564
6255.2803 8.4868 704.47046 225.56067 20.47737
7300.136 4.3254 847.725 241.7174 28.17564
6855.4243 16.28759 773.38226 268.9843 23.61153
6942.807 16.28759 781.4004 272.4663 26.1624
7259.632 6.03521 830.62976 238.08154 28.17564
6358.5557 3.6656 730.50696 207.51617 20.82905
6934.301 16.55372 772.8935 287.2735 23.61153
6828.679 12.62948 764.6606 255.01282 23.61153
6645.025 8.79305 816.2128 146.14136 33.09188
7191.271 10.98809 807.0139 239.17688 30.0373
7201.794 9.11921 829.8251 261.2898 26.77596
6282.185 7.04364 734.24084 194.3374 20.82905
7012.6675 9.11921 820.1587 254.68982 26.77596
7265.968 10.98809 868.26416 191.10352 35.22947
7350.9517 5.80426 917.03546 168.5102 35.22947
7227.0156 10.98809 824.66876 223.01398 30.77288
7480.38 9.09407 840.96606 276.12085 30.77288
6670.0195 12.62948 751.5792 235.26306 23.61153
6844.6646 16.64856 707.1731 364.20557 20.79233
6903.6885 16.64856 766.19745 303.2846 23.21754
6318.996 7.04364 733.1931 198.69794 20.82905
7300.597 6.03521 833.9351 238.26825 28.17564
7459.258 6.03521 810.3047 316.2284 28.17564
7598.248 6.03521 903.1085 202.18555 38.01073
7441.7627 9.09407 906.69586 206.43317 34.64907
6696.181 8.79305 820.9977 147.08179 33.09188
6019.742 12.85446 677.01013 239.09576 20.47737
7582.484 6.03521 915.0942 171.31207 38.01073
7497.045 6.03521 841.866 276.10895 30.0373
7488.5474 8.4868 840.21643 271.70654 30.0373
7473.3926 9.08314 860.08496 324.62463 30.0373
5894.59 12.85446 659.2469 236.28387 20.47737
7390.808 9.08314 866.18713 335.9242 30.0373
7492.994 9.08314 852.6749 267.78772 30.2362
7435.3345 9.09407 885.7705 215.93384 33.09188
7605.3394 5.80426 920.1685 231.31317 35.22947
7449.5195 9.08314 764.34814 357.01953 27.54886
7402.0947 8.4868 903.643 158.91779 38.33129
6494.246 4.3254 747.24036 209.1795 20.82905
6707.8174 8.79305 823.6459 148.0788 33.09188
7522.5645 9.09407 923.4174 187.7392 40.55643
7401.872 4.3254 913.7516 159.41418 38.62883
7441.0913 6.82983 781.3003 321.2589 27.54886
7362.7944 9.09407 907.04474 185.62152 33.09188
7368.2583 9.09407 917.9938 186.09717 34.64907
6934.753 3.11481 793.12286 249.29303 24.15528
7422.537 9.09407 771.9889 333.8164 27.54886
7533.3955 4.3254 820.5241 314.2835 29.28648
6519.724 16.64856 738.73486 283.39813 24.54395
6737.6885 8.79305 808.9596 164.7138 33.09188
7404.7593 4.3254 903.57117 158.90198 38.33129
7575.849 9.09407 925.3015 203.04187 35.22947
6691.0205 10.93273 795.5184 174.09619 33.09188
6586.9 10.93273 793.35803 161.06226 33.09188
7471.146 8.4868 857.1505 250.95251 29.28648
7463.291 9.09407 854.9491 249.64807 29.28648
7321.7324 10.98809 778.31274 423.18896 28.3981
7060.872 12.2174 787.16455 247.65503 26.1624
7439.723 5.80426 867.4985 249.47272 29.28648
6065.819 13.97221 667.8205 250.82874 20.47737
7489.6035 9.09407 899.45184 267.674 34.64907
7486.7056 9.09407 911.7018 206.56897 34.64907
7489.5283 9.09407 909.51495 217.66962 34.64907
7536.295 5.80426 921.06415 206.1065 34.64907
7290.1484 13.25628 814.7407 338.9768 28.3981
7329.103 13.25628 853.69354 300.09027 30.77288
7211.131 13.25628 846.1417 295.7024 30.77288
7129.879 13.25628 844.8307 290.54224 30.77288
7405.7764 5.80426 870.0391 236.72186 29.28648
6757.6406 16.55372 758.97784 283.65643 23.21754
7040.9033 13.25628 832.09625 314.28998 30.40059
7164.554 10.47395 825.4816 241.25177 30.21963
7452.982 5.80426 891.1799 187.36371 34.64907
7080.5225 13.25628 821.6552 256.87238 30.40059
7086.0137 15.83616 798.5692 278.12085 30.40059
7365.723 5.80426 902.2756 176.31976 34.64907
6051.2637 13.97221 666.6042 248.85278 20.47737
5896.835 15.49201 658.36804 234.5404 20.68348
7307.981 12.2174 851.19226 268.67505 33.09188
7213.614 15.83616 799.6599 300.42395 33.09188
6532.4434 13.2049 778.0525 174.31732 33.09188
7277.2285 10.98809 795.46014 242.95038 28.17564
7051.7437 10.98809 783.64655 239.99402 24.7394
7051.9087 10.98809 781.72546 239.39954 26.1624
7086.6885 4.3254 833.9196 327.67914 23.49004
6506.736 13.25628 784.0512 163.57678 30.40059
7066.9194 10.98809 792.8972 240.14941 26.1624
7416.0156 4.3254 912.5431 162.95642 35.22947
7398.2114 5.80426 893.22064 184.20575 34.64907
7479.368 5.80426 911.47534 163.11401 35.22947
6516.1484 10.98809 748.0182 230.89105 23.21754
6968.148 4.3254 804.9966 252.72742 24.65902
7299.543 6.03521 863.4224 244.64008 29.28648
7385.207 8.4868 913.9704 163.78558 35.22947
6906.8623 7.04364 788.1344 231.1836 26.1624
6865.7056 5.80426 775.2192 229.1936 24.65902
6068.9023 12.91739 689.3388 253.14136 20.47737
6753.057 12.62948 757.8642 239.03644 23.61153
6895.4575 12.2174 801.7028 226.0871 26.1624
6978.97 12.2174 805.29675 252.26672 26.1624
6803.149 5.80426 791.7738 212.56018 24.65902
7012.832 14.55034 787.9125 282.15796 26.21495
6979.238 12.2174 796.3023 249.88727 26.1624
7486.7856 8.4868 911.3757 185.66364 35.22947
7406.485 8.4868 916.6105 184.78894 35.22947
7399.9434 8.4868 906.37463 168.005 35.22947
7172.2397 9.08314 798.1811 246.84198 28.17564
7301.6436 5.80426 850.5072 228.08997 29.28648
7049.208 10.47395 836.6767 283.7823 26.77596
7292.794 3.6656 900.27716 152.9195 35.22947
7023.3345 10.47395 828.933 265.64954 26.77596
6764.238 10.47395 811.4676 199.47717 26.21495
7391.0996 9.08314 897.53064 177.14001 35.22947
7351.393 4.3254 866.4221 232.11658 29.28648
7109.9863 9.09407 813.7121 268.94696 23.49004
6785.975 10.98809 773.01746 251.06226 23.21754
6686.3228 10.47395 811.31744 194.10687 28.40491
7238.142 9.08314 855.82477 263.43475 28.3981
7214.82 9.08314 855.58936 261.72986 28.3981
7359.423 9.09407 893.56415 179.45087 35.22947
7221.4263 8.4868 862.19464 258.37384 28.3981
6349.9526 14.09013 720.7059 270.69507 20.64232
6457.748 9.08314 712.1436 235.27527 20.82905
7234.845 8.4868 800.88055 235.96185 26.90329
7126.917 10.47395 785.2649 248.94177 26.7055
7069.31 10.47395 784.1667 251.44891 25.17749
7047.0327 12.2174 779.76013 252.3075 24.65902
7144.5576 10.24273 792.9224 247.39923 26.91926
7238.8433 10.24273 839.8048 275.16418 26.91926
7154.4033 9.09407 814.9072 353.50623 23.49004
7385.553 10.19582 892.42944 164.89856 35.22947
7265.7896 10.19582 843.4061 236.50195 34.64907
7256.825 10.24273 793.95496 265.92334 26.91926
7207.169 10.24273 789.5628 265.7873 26.91926
6885.1074 10.47395 828.36584 219.31458 25.17749
7033.02 12.2174 795.2706 248.60107 25.17749
7034.6714 12.2174 800.17523 258.55548 25.17749
7204.6655 9.09407 814.89594 273.8443 23.49004
7176.5327 6.82983 821.5126 340.0144 23.49004
7089.6216 4.13811 815.3277 333.65228 23.49004
7238.071 15.83616 787.14764 328.80695 24.15528
6917.328 12.2174 785.646 257.3473 23.86004
7375.665 6.82983 865.1045 251.6217 26.91926
7397.9326 6.82983 865.33984 254.50049 29.28648
6850.445 5.80426 813.31274 221.19531 24.65902
7040.758 9.08314 803.1153 254.6767 24.65902
7173.3706 15.83616 792.2405 305.3235 24.15528
7155.584 15.83616 794.97253 296.46655 24.65902
7484.811 4.3254 861.1145 239.00012 29.28648
7450.546 9.09407 858.4054 237.56335 29.28648
7241.4707 9.09407 845.63586 222.71387 30.0373
6940.107 12.2174 780.7301 244.73462 23.86004
7041.02 12.2174 800.3184 265.6723 27.54886
7401.2197 9.09407 837.101 254.00153 27.36176
7412.1113 10.19582 895.48456 162.75519 38.33129
7392.6284 4.3254 916.39325 147.15546 38.33129
7262.1646 4.3254 894.6668 136.5965 38.33129
6989.297 10.19582 818.0562 218.26556 30.0373
7204.074 9.08314 828.69604 260.99756 24.65902
7304.698 9.08314 825.698 263.82117 26.91926
6459.575 14.09013 716.0386 236.97522 20.64232
7432.1323 9.08314 841.158 253.6756 27.36176
7431.2065 9.08314 835.64606 253.66791 27.54886
7215.2314 9.08314 853.56244 281.22467 27.54886
7208.786 9.08314 852.0355 276.92896 27.54886
7127.3325 8.4868 841.3005 285.4959 25.31491
6623.3306 5.80426 785.9723 239.91626 23.45232
7185.31 13.97221 802.8048 303.96423 32.42335
7022.1973 13.97221 774.29236 325.14062 21.51581
7060.403 9.08314 843.619 220.1825 30.0373
7059.7954 10.19582 842.4612 220.88159 30.0373
6904.8716 10.19582 831.7903 184.41083 30.0373
6736.272 13.97221 740.7041 276.46198 20.47737
6928.3125 10.24273 827.5344 191.26978 30.0373
7052.8623 9.08314 834.0418 296.8426 26.1624
7040.287 10.24273 794.5653 241.00427 26.91926
6728.062 13.97221 741.5738 277.94135 20.47737
7122.445 10.24273 859.36536 258.38416 30.0373
7207.888 4.3254 894.1471 127.341736 38.33129
6878.193 11.83952 782.83124 256.36993 23.86004
6875.894 9.16953 831.02 180.39655 30.0373
6847.4263 9.16953 828.2377 180.20099 30.0373
7242.623 9.08314 819.52844 279.40027 24.65902
6824.342 13.97221 743.00946 287.80988 21.60812
7023.757 10.24273 846.2018 169.33466 30.40059
6931.718 10.24273 850.79504 177.70532 30.40059
6885.2583 6.82983 852.4871 180.54205 30.40059
6864.0063 5.80426 840.32874 166.27466 30.40059
6867.565 4.13811 843.1652 167.42426 30.40059
6474.751 15.80146 719.54626 241.18457 23.21754
7160.492 13.97221 793.55676 308.94653 31.29347
7051.942 10.47395 839.9437 284.96545 26.88716
7167.731 10.47395 856.0169 259.5489 30.40059
7200.3516 9.09407 818.0568 258.7281 23.90247
7217.947 9.09407 823.1698 259.56982 24.15528
7034.785 16.55372 779.6323 297.20178 23.61153
7055.6475 11.83952 808.4501 268.27783 26.91926
6419.942 16.55372 701.7443 274.96912 20.47737
7129.4224 10.19582 815.04034 262.94647 24.65902
7033.7476 10.19582 804.9176 268.5321 23.90247
7020.1313 10.19582 805.5253 272.79718 23.90247
7061.586 16.55372 783.3029 297.79657 23.61153
7084.4585 10.19582 805.9404 348.68152 23.90247
7049.493 10.19582 802.62354 348.19214 23.90247
7236.0386 5.92998 913.70935 141.5221 38.33129
6982.376 13.81957 774.625 263.1383 28.17564
7163.558 6.03521 904.8426 102.06671 38.33129
6995.4487 13.25628 802.1378 276.3048 23.90247
6859.7036 13.25628 788.35077 273.31915 23.49004
6974.936 13.81957 774.99243 261.2827 28.17564
6710.6924 7.04364 766.58484 239.76196 23.21754
7157.1445 5.80426 905.71027 103.66388 38.33129
7000.638 11.83952 798.32477 250.65619 26.1624
7015.872 10.24273 795.9002 245.06183 26.1624
7285.4805 5.80426 901.16943 138.95581 38.33129
7259.5693 5.80426 899.2204 139.06232 35.22947
6859.092 10.24273 793.8215 254.02203 23.86004
6872.655 12.56759 803.34607 276.1123 23.49004
7258.723 5.27439 914.9219 154.07422 38.50505
6704.9976 13.25628 756.71 237.35712 24.15528
6967.3696 13.25628 801.97485 272.562 24.15528
7091.031 6.82983 849.87463 300.56714 25.31491
6903.993 3.11481 857.7443 172.11664 30.77288
7042.1216 12.2174 810.0629 358.06244 23.86004
7115.6455 12.2174 822.8717 358.0465 24.15528
7026.843 12.2174 819.9452 354.50183 24.15528
6838.011 3.11481 846.0067 133.43774 30.77288
7078.3794 11.83952 818.5613 272.25208 24.15528
6313.574 19.50135 625.3978 388.09766 18.24545
7136.312 11.83952 829.0143 323.39026 26.91926
7092.853 11.83952 818.08527 283.3333 24.15528
6311.9966 18.70247 681.6491 279.75134 23.21754
7226.206 10.47395 859.7734 282.20795 30.40059
6869.3037 3.11481 844.0831 130.29749 30.77288
6747.707 3.11481 837.06024 133.21033 30.40059
6755.316 12.56759 784.71924 255.51782 22.91576
6414.252 16.68589 703.3741 264.20428 24.65902
6749.685 13.81957 773.354 252.41882 24.7394
7099.5293 4.3254 845.6167 306.7279 25.31491
7288.5 10.47395 853.1382 268.797 30.0373
7388.5117 11.83952 827.6576 313.51147 30.0373
7168.752 11.83952 809.5696 249.4336 30.0373
6945.829 11.83952 789.41797 246.81409 26.20491
6009.0923 15.33938 690.8088 220.8479 23.03474
6617.9546 7.04364 738.8248 225.34753 22.13576
6522.1055 7.04364 735.67114 223.76416 22.13576
6782.291 12.62948 786.1962 256.28387 22.91576
6737.159 13.81957 738.9219 249.6554 28.45527
7130.1865 6.03521 895.52673 108.35596 35.22947
7237.983 6.03521 891.3968 154.23737 35.22947
7242.1875 4.3254 899.57043 155.90112 35.22947
6832.931 3.11481 854.1243 129.68054 33.09188
7034.9624 11.83952 815.4278 262.72626 26.1624
5984.287 15.33938 694.3823 208.9461 32.07581
7292.5723 6.03521 895.5339 154.6286 35.22947
7231.1714 6.03521 837.857 196.89203 30.77288
6571.0737 12.85446 749.9401 258.56696 22.91576
6408.823 10.24273 736.71045 222.23584 22.13576
6327.455 10.24273 737.70905 229.97577 22.13576
7243.643 6.03521 878.0772 201.23663 30.77288
7105.57 8.4868 874.56604 179.07214 30.77288
6968.4766 8.4868 863.11566 182.67609 30.40059
6970.775 4.3254 860.0981 182.66571 30.40059
6265.3237 10.24273 732.2129 195.4375 22.13576
6196.721 12.62948 725.44244 196.09424 22.47896
6612.258 12.85446 759.69684 262.5003 22.91576
6541.922 13.97221 744.71875 240.98346 28.45527
6611.8374 13.97221 765.9919 251.73956 24.7394
7136.3486 4.3254 840.9032 325.7146 26.1624
7225.879 4.3254 843.8298 329.25922 26.1624
7145.227 12.2174 823.3827 277.87927 26.1624
7288.8115 9.09407 832.5025 248.22113 26.1624
6248.2783 12.62948 724.0469 206.0716 22.13576
6723.421 13.97221 777.7796 252.03473 28.45995
7090.3325 9.45388 813.5011 256.68677 26.1624
6688.173 13.97221 759.72064 241.45929 24.7394
7198.506 9.45388 822.45496 263.27246 26.1624
6733.57 18.37289 747.6869 329.9369 30.2279
6476.225 10.19582 754.82513 241.04175 22.91576
6397.2134 23.03474 649.2736 480.95782 24.15528
6403.444 10.19582 749.0855 219.81561 22.91576
6339.0615 22.6857 643.6976 480.77216 19.25949
6391.24 16.53516 718.86694 235.7768 23.21754
6270.8164 16.53516 701.69714 245.29883 21.85575
6249.271 16.53516 700.6548 244.0982 21.85575
6921.0044 16.64856 757.54456 337.93384 23.21754
7149.5156 16.55372 786.5524 309.12653 23.21754
7062.57 13.97221 796.74304 304.50586 26.31472
6326.276 8.4868 734.7149 204.81708 22.13576
7073.6084 13.97221 787.8942 293.06866 23.21754
6489.316 18.37289 694.5669 270.7616 24.15528
6983.0283 12.2174 828.86346 290.41205 24.65902
6336.2686 16.53516 709.2699 254.47058 20.82905
6374.299 19.70974 676.1132 280.13977 19.04572
6712.023 13.81957 714.3095 395.9688 19.26933
6807.5127 13.97221 762.6522 270.68604 23.21754
6326.9956 15.80146 700.6377 257.49908 20.47737
6295.338 10.47395 723.8214 229.22467 22.13576
6520.295 19.04572 687.55066 419.28992 19.99211
6386.4688 12.56759 766.76044 254.52539 22.91576
6468.232 13.97221 733.4793 250.47748 20.82905
6402.0796 15.33938 713.1394 268.80005 20.82905
6382.189 16.55372 713.2929 257.96088 20.82905
6814.448 16.94896 744.80884 307.54407 30.40059
6876.0205 15.33938 761.31036 262.50397 23.21754
6775.577 15.33938 748.8698 283.53705 21.85575
6777.1733 16.94896 742.6003 309.68646 25.61572
6545.6367 19.04572 684.536 409.44287 19.99211
6328.53 16.55372 708.1393 256.3355 20.82905
6561.8877 18.75478 686.85126 406.8366 19.99211
6694.886 15.33938 745.94324 281.0597 21.85575
6552.1333 16.55372 662.5205 354.6964 19.35933
6578.534 18.75478 689.97363 409.68958 17.37529
6287.981 19.25949 685.6342 352.12238 20.82905
7055.652 9.09407 836.2637 303.03528 24.15528
6669.719 16.55372 736.1498 281.41992 21.85575
6252.153 10.47395 733.53284 196.344 22.13576
6307.4 9.45388 731.41046 216.09186 22.53264
6305.5776 9.45388 731.0109 213.29303 22.13576
6969.5967 12.2174 825.703 313.29126 24.15528
6988.8013 12.2174 834.715 294.5578 30.0373
6718.94 9.09407 772.2741 247.6098 22.13576
6191.363 18.24545 691.88293 271.39044 23.21754
6275.2085 18.24545 695.8391 278.6861 23.21754
6730.3916 19.70974 725.39386 408.3144 30.2279
6289.4067 19.70974 682.33563 289.02484 28.45527
6665.76 10.47395 748.91223 241.74792 22.13576
6540.4287 19.85449 663.5746 454.32214 19.70974
6722.3213 8.4868 701.46747 323.09503 18.24545
6668.469 4.3254 723.1835 313.74573 18.53034
6571.849 4.3254 695.63226 288.9521 18.75478
6335.5137 12.56759 752.0478 242.52179 22.91576
6674.2383 19.70974 723.03876 399.94867 25.61572
6551.936 8.66173 705.185 290.03534 18.70247
6639.568 19.99211 708.03906 393.69983 23.21754
6996.6704 12.2174 833.66254 300.2409 30.21963
6501.161 6.03521 692.47864 279.62476 18.75478
6749.864 16.55372 739.07635 283.8974 21.85575
6830.833 16.64856 760.16266 308.39545 21.85575
6787.5396 16.64856 760.22046 306.55054 21.85575
6559.8564 16.55372 733.7259 251.80676 24.7394
6799.036 19.04572 739.44385 368.55847 30.2279
6452.16 12.62948 720.9148 230.10059 23.21754
6848.3022 12.62948 751.6822 285.76654 21.60812
7046.2715 12.69145 835.18726 262.38245 30.40059
6744.9434 18.75478 732.2322 368.81274 24.65902
6605.142 18.75478 672.95953 422.9948 19.70974
6452.938 19.99211 670.2827 383.08252 19.70974
6448.531 12.62948 717.28503 236.21582 21.51581
6301.979 12.62948 715.84924 255.15973 20.47737
6516.19 18.24545 724.9797 294.78186 21.85575
6939.8184 10.83634 826.6529 205.22955 30.40059
6935.019 10.83634 828.69666 205.33154 30.40059
6594.261 16.55372 738.4251 242.46155 32.67904
6522.617 19.99211 699.92584 337.21027 23.21754
7035.1665 10.83634 811.5476 207.11932 30.40059
6304.3877 19.07155 690.8314 311.76788 20.82905
6515.677 18.24545 724.46625 292.95184 20.82905
6903.956 12.69145 819.4148 232.55908 30.40059
6292.2847 12.62948 728.8806 234.92792 20.47737
7093.285 10.83634 821.6744 213.48956 30.40059
6818.7183 16.55372 704.1446 388.30023 19.26933
6571.1104 16.64856 670.1641 382.92474 17.37529
7005.221 12.69145 811.0126 213.84534 30.40059
6967.503 13.81957 805.1846 219.04248 30.40059
6314.391 18.66649 697.0065 300.357 20.82905
6288.025 12.62948 729.8464 236.12164 21.84527
6325.232 6.53957 726.50476 210.11401 20.47737
6311.378 12.62948 712.8546 241.11835 20.47737
6482.5186 19.99211 659.8282 357.1504 21.85575
6261.0693 12.69145 715.98315 255.01953 20.47737
6712.7725 12.2174 816.19403 211.3919 30.40059
6434.724 19.26933 653.95575 350.54803 21.85575
6830.1255 16.64856 759.4534 310.04816 20.82905
6750.46 18.24545 753.26184 318.63696 20.82905
6849.5215 17.51422 747.3339 333.99823 28.3981
5921.7446 20.79233 603.2652 342.336 28.45527
6904.2236 13.97221 803.97095 239.35779 30.77288
6946.863 13.97221 807.52277 247.86285 33.09188
5863.2754 20.79233 595.382 331.15186 28.45527
6506.6514 9.45388 734.447 223.40631 22.13576
5912.0317 20.79233 600.0251 331.3233 28.45527
6992.506 9.09407 781.4421 314.99908 22.63494
7025.6426 9.09407 769.1707 332.89166 20.82905
6474.557 17.51422 704.56116 264.55823 23.03474
6824.0054 13.97221 795.9385 232.4408 33.09188
6039.4634 20.79233 611.27234 343.36804 28.45527
6421.489 12.62948 733.9944 241.69287 21.84527
7030.2505 4.3254 773.5361 339.39288 20.82905
6573.583 12.62948 756.6956 200.19519 30.40059
6529.328 12.62948 754.80646 208.18335 26.1624
6376.564 12.69145 738.5789 232.69556 26.1624
6372.677 12.69145 736.3761 234.51257 24.7394
6440.905 17.51422 701.6639 264.3413 20.82905
6533.741 17.51422 709.4957 314.32172 20.82905
6624.821 19.70974 720.1737 390.9724 20.82905
6608.6104 9.45388 745.6833 235.20233 22.13576
7102.7314 4.3254 768.7753 358.82928 20.82905
6737.0625 19.04572 734.063 363.33594 20.82905
7025.7993 8.66173 765.6217 349.43616 20.82905
6745.3804 13.97221 792.21533 230.48395 30.40059
6597.211 14.55034 742.17053 240.5888 30.2279
6396.766 23.03474 667.23553 446.19623 24.65902
6961.3623 13.81957 740.50134 391.50256 20.82905
7003.025 12.56759 755.4864 363.69586 20.82905
6699.8496 14.55034 746.6852 248.26361 30.2279
6659.1465 16.28759 745.0481 261.40942 24.15528
6988.4927 13.81957 739.46295 399.32623 20.82905
6345.4844 13.97221 739.87646 232.7934 25.17749
6623.912 16.28759 747.9766 250.62018 25.06802
6242.2305 13.97221 729.04016 222.02576 24.7394
6030.395 13.97221 686.4775 227.2586 20.64232
7047.502 13.81957 744.194 399.52588 22.63494
6811.2554 16.55372 752.36176 270.0509 22.63494
6814.719 10.83634 751.7105 279.80133 20.82905
6813.825 12.62948 760.513 252.05469 22.63494
7098.449 13.81957 748.3861 401.09534 22.63494
7163.15 4.3254 773.5064 359.029 22.63494
7126.6826 11.44046 850.0814 221.60193 30.40059
6807.4434 10.93273 824.7194 207.25482 30.40059
6779.708 16.64856 763.1885 328.39758 22.63494
6752.347 12.2174 815.15393 188.71301 30.40059
6714.0493 12.2174 814.2558 187.79565 30.40059
6820.247 4.3254 732.3284 262.31042 20.82905
6104.526 13.97221 700.30005 228.32819 20.82905
6092.429 13.96655 699.0836 226.24469 20.82905
6774.374 12.69145 733.4858 269.5169 20.82905
6700.4663 16.64856 746.6247 285.80084 20.82905
6661.91 16.64856 747.0114 285.78778 23.03474
6716.605 16.64856 753.1121 288.4278 20.82905
7035.782 4.3254 762.43304 289.06964 22.63494
6632.052 16.64856 746.97095 288.09766 20.82905
6431.6357 17.51422 694.5389 306.3009 19.52733
6423.6357 17.51422 692.35876 311.90674 17.37529
6597.777 16.55372 723.2938 284.53937 20.82905
6526.0 20.65559 681.24036 416.07642 24.65902
7161.369 12.2174 850.29395 222.67773 30.40059
6534.841 17.51422 698.6881 315.18286 17.37529
6577.2285 16.64856 742.663 283.6651 20.82905
6091.4287 13.96655 695.48535 223.97412 20.68348
6608.8364 19.99211 673.0217 428.95728 21.85575
7176.4326 12.2174 849.88745 248.38037 30.77288
7217.3813 12.2174 862.75195 227.41675 38.01073
7322.5405 12.2174 870.90326 268.14496 38.01073
6398.7837 20.65559 672.7814 412.15723 26.1624
6968.57 8.4868 777.50635 282.7633 22.6624
6844.9336 8.4868 767.097 240.24823 23.45232
6591.868 16.64856 735.94824 282.45892 26.1624
6555.166 15.54405 693.07886 311.07062 17.37529
6716.4053 16.53516 712.55505 304.89612 17.51422
6800.1133 16.64856 713.4851 362.50354 17.51422
6565.111 9.08314 713.8653 295.08215 17.51422
6218.3853 19.50135 635.2984 389.7851 17.51422
6620.1826 19.99211 674.3786 433.7254 23.03474
7418.7227 10.98809 888.98596 272.68542 35.22947
6647.8125 16.28759 752.7417 264.02283 30.70149
6636.496 16.28759 746.3387 262.96558 25.25763
6504.5967 19.99211 663.98364 426.6068 21.85575
6415.6816 16.25401 691.5557 293.38873 17.51422
6448.546 16.25401 693.9556 294.1029 17.51422
6766.639 12.2174 717.21844 394.33563 19.26933
6503.342 16.55372 714.9025 270.1306 20.82905
7395.0107 10.98809 865.27484 260.65912 38.01073
7224.3037 11.44046 835.5788 279.32684 30.40059
7243.843 11.44046 829.45526 254.12115 30.77288
6237.353 19.50135 635.39545 384.69305 18.24545
6544.9316 15.83616 707.9274 281.2884 18.19086
7422.5596 10.98809 847.27856 239.84839 38.01073
7240.788 10.98809 798.21625 288.21637 26.77596
6546.8354 14.09013 745.45074 246.46033 23.49004
6531.7744 14.09013 741.0604 246.2201 23.03474
7155.6016 10.98809 827.86053 255.08038 26.77596
7251.9614 10.47395 841.7892 306.85364 26.91926
6580.4565 16.55372 717.3723 276.86554 20.82905
6568.2646 16.19792 710.9352 281.2339 20.47737
6161.698 13.96655 679.34296 250.47223 20.47737
6082.379 13.96655 659.5562 270.3482 19.04572
6514.219 16.28759 733.47375 241.11444 23.49004
6155.8022 13.2049 656.8696 272.14978 19.04572
6584.156 16.55372 719.69556 289.63763 20.47737
7258.529 8.4868 844.24255 304.1095 26.77596
6674.48 13.25628 727.4214 271.64014 20.47737
6895.8594 10.83634 751.14484 270.0243 20.47737
6830.243 8.4868 774.443 303.9419 20.47737
6678.4536 16.19792 740.74335 287.7674 20.47737
6519.8535 16.28759 734.4438 244.1864 23.49004
7364.015 10.47395 814.6097 397.50665 27.54886
7316.8657 10.47395 812.20374 321.38904 26.77596
6121.5977 9.08314 664.7356 252.04333 19.04572
6655.688 16.19792 738.24585 284.28967 20.47737
6594.978 16.19792 732.90955 283.8642 20.47737
6469.321 19.12933 704.99786 282.93567 24.15528
6743.1904 8.4868 760.8174 276.88306 20.47737
6434.325 19.12933 671.44354 323.64752 17.51422
6761.4062 6.03521 761.0979 225.46216 23.49004
6742.77 6.03521 771.82227 217.25073 23.49004
6758.351 5.80426 757.615 271.1554 20.47737
6714.8257 5.80426 729.96783 266.65826 20.47737
6149.348 19.50135 624.3733 379.86584 18.24545
6111.6733 9.08314 660.0432 251.08093 19.04572
6426.799 18.43085 669.10016 320.758 18.78206
6795.2876 6.03521 776.1 235.3435 23.49004
6132.6885 9.08314 660.82666 251.20935 19.04572
6810.7407 12.2174 719.37573 392.2445 19.70974
6327.1055 9.08314 683.3182 280.7038 19.04572
6491.2036 14.55034 725.56494 257.46045 22.63494
6820.0244 6.03521 778.063 231.98962 24.09773
6757.6743 3.41494 763.46423 223.60358 23.49004
6701.889 14.55034 745.4543 261.95026 22.63494
6347.234 19.12933 659.3497 321.8233 18.78206
6273.6323 16.55389 651.68713 311.75922 18.78206
7190.4707 11.44046 819.00104 280.4428 26.1624
7116.511 11.44046 829.87494 337.66327 24.15528
7116.928 11.44046 816.64417 271.29968 24.15528
6744.9297 3.41494 764.7841 216.45972 23.49004
6793.622 6.82983 766.35944 228.81299 23.49004
6775.516 6.82983 761.60455 232.87494 23.21754
7138.0513 11.44046 814.60895 279.07318 24.15528
6580.7583 18.75478 674.0048 433.1303 18.78206
7216.826 12.2174 818.1046 286.5603 24.65902
6119.269 19.12933 614.2714 351.67847 17.37529
7331.635 8.4868 838.39526 265.6349 26.77596
7329.136 8.4868 836.53174 249.93933 27.85872
7357.5986 10.19582 795.65955 350.24353 27.85872
6568.3457 19.04572 672.0834 435.34277 18.78206
6291.8853 20.79233 635.67615 431.82935 17.51422
6458.7266 19.04572 655.5535 434.35895 18.37289
6142.2656 9.08314 663.64014 276.3542 19.04572
7270.6904 10.98809 821.187 308.6577 26.88716
6947.4995 10.98809 790.4054 246.31421 25.61572
6907.2793 10.98809 786.9299 245.96466 25.61572
6662.0205 15.11578 739.41547 265.30103 22.63494
6536.8594 21.51581 671.65985 441.45294 20.82905
6863.1104 12.62948 762.733 261.36737 22.63494
6806.8813 12.69145 778.7092 264.88867 25.61572
6874.835 12.62948 760.6231 263.89178 22.63494
6805.9155 12.62948 766.17487 242.92645 20.82905
6271.299 20.65559 635.86346 425.90363 17.51422
6352.7124 21.51581 640.846 432.42133 17.51422
7029.266 12.62948 800.67365 254.28925 26.77596
6989.063 12.62948 786.247 253.95929 26.77596
6960.0684 9.09407 786.6091 255.36127 22.13576
6822.206 10.98809 755.5553 217.03821 26.77596
6873.461 9.09407 785.61945 252.2127 22.13576
7058.821 9.09407 803.4447 214.83813 26.77596
7031.8896 8.25139 805.743 207.60797 26.77596
6539.8633 19.04572 663.93207 436.9632 18.37289
6643.4756 19.04572 680.4619 437.9469 19.70974
6523.3384 20.79233 652.9972 452.6975 19.35933
6694.027 18.37289 742.5037 321.31732 20.82905
6545.6978 21.60812 655.5181 456.31012 19.70974
6954.25 8.25139 777.3701 251.54614 24.15528
6964.314 6.82983 778.1253 243.90448 24.15528
7114.4883 6.82983 824.08124 264.00287 24.15528
6981.9326 6.03521 783.32764 244.75415 24.15528
7021.9976 6.03521 780.7566 232.71326 25.31491
6038.0938 15.78782 673.48694 244.94318 20.47737
6082.422 15.78782 676.3366 253.67993 20.79233
7090.51 6.03521 822.3739 207.51538 30.22584
7236.551 6.82983 854.8847 241.32074 26.77596
7312.2617 6.82983 841.42706 271.16315 26.77596
6858.2056 16.53516 762.6191 316.33282 20.82905
6074.572 15.96159 659.06134 277.3587 19.52733
6433.151 21.60812 646.4353 360.52112 19.70974
6053.104 19.14834 593.5497 420.403 16.55372
7189.09 6.82983 833.2528 235.30066 26.77596
7067.056 6.82983 812.9304 232.91992 26.77596
6721.489 18.37289 746.2977 326.5564 20.82905
6852.4917 11.83952 763.5053 292.03058 20.82905
6882.39 11.83952 756.72144 314.12036 20.82905
6857.6904 9.09407 763.3226 288.1447 20.82905
6888.6343 9.09407 758.72864 304.09436 20.82905
6468.8677 19.50135 651.12634 359.21777 19.70974
6474.9985 21.51581 650.4943 433.7182 18.24545
6405.9434 21.51581 647.1977 422.29877 21.85575
6346.7324 21.85575 636.3113 448.34155 24.41927
6361.986 21.85575 637.66815 453.10956 19.99211
7077.5283 5.92998 823.33453 230.99554 26.77596
6064.918 15.96159 656.8812 292.72955 18.75478
6781.655 16.55372 760.42664 300.7013 20.82905
6726.9043 15.01437 754.4829 298.20874 20.82905
5973.2363 15.96159 646.4815 263.11713 18.75478
6238.424 10.83634 654.60724 299.0874 17.37529
6226.8247 10.83634 650.95233 296.91846 17.37529
6471.7876 21.85575 648.06305 460.2282 19.99211
6448.57 21.85575 644.8239 465.6363 19.70974
6877.8594 9.09407 757.1338 301.6588 20.82905
6850.319 9.09407 761.0883 287.09918 20.82905
6031.512 19.14834 592.148 416.99707 16.64856
7083.044 8.4868 816.7293 233.08344 26.77596
6248.427 3.41494 730.9448 173.54877 22.91576
6278.863 8.4868 683.6502 267.0733 18.70247
6401.8164 8.4868 691.09033 280.09943 17.37529
6587.0835 8.4868 708.5782 297.13855 18.78206
7010.448 8.4868 852.0675 284.98315 26.77596
6910.25 8.4868 840.8283 196.02386 26.77596
6905.0527 9.04912 838.37494 195.17743 26.91926
6806.5044 9.04912 813.60876 178.4049 26.91926
6867.455 4.3254 825.131 179.38458 26.91926
6575.0454 12.2174 701.2932 285.9668 19.26933
6437.8564 19.50135 651.417 353.59302 23.03474
6286.5195 3.41494 745.73 168.46277 23.45232
6307.0225 19.99211 661.2849 353.9685 19.26933
6608.179 10.83634 747.8266 237.13281 23.03474
6286.2964 3.41494 753.4449 160.52545 23.45232
6283.3706 3.41494 755.5023 161.67352 23.45232
6231.0205 19.99211 653.91785 295.09454 18.75478
6495.407 3.6656 783.39154 172.91193 24.15528
6511.751 3.6656 781.3563 173.33337 24.65902
6527.2734 3.6656 792.87915 182.58575 24.15528
6376.4014 3.41494 768.5454 161.81451 24.15528
6669.0728 10.83634 753.3909 239.19409 23.03474
6315.58 5.27439 754.50146 167.87805 24.15528
6381.5483 21.85575 639.26855 466.26123 18.37289
6470.3213 21.85575 645.80444 472.2721 18.37289
6787.538 8.66173 815.1706 176.79797 27.13057
6983.0425 8.66173 840.3802 214.9466 26.91926
7002.267 8.66173 828.58765 244.82458 26.91926
6417.3457 19.26933 639.932 476.3573 17.51422
6545.361 3.6656 780.95483 174.65161 25.17749
6925.2544 7.04364 825.34766 182.12524 26.91926
6985.6665 8.66173 836.2972 206.4732 26.91926
6446.759 10.24273 758.20355 169.17505 24.15528
7159.697 8.66173 806.65295 235.9187 26.91926
6262.8027 8.79305 742.5116 181.90704 23.86004
6334.8506 19.26933 627.5795 497.96698 16.64856
7151.1196 9.09407 807.84735 244.43475 26.77596
6259.8867 11.83952 739.59607 213.99707 23.86004
6393.9673 11.83952 763.6341 183.97076 26.1624
6881.7803 12.62948 758.7915 248.16156 26.1624
6201.735 19.26933 617.0943 375.33594 18.70247
6214.829 12.69145 727.0039 180.5326 24.15528
6340.35 8.4868 632.43085 344.76874 16.94896
6199.677 12.69145 728.33374 177.32959 26.88716
6165.8955 12.69145 726.3057 145.5777 24.15528
6231.3696 10.93273 737.446 151.83679 25.61572
6848.5835 12.62948 752.79395 249.22736 25.17749
6861.9287 12.62948 752.9258 250.58362 25.17749
6177.569 12.69145 725.26465 146.87286 29.36699
6665.711 3.6656 805.5769 152.156 26.77596
6369.6294 12.69145 727.3924 189.9314 24.15528
6500.8667 11.83952 774.7924 205.46521 26.1624
6738.867 3.6656 811.526 154.58795 26.77596
6611.5967 3.6656 792.9143 178.84906 26.1624
6610.1074 3.6656 794.804 176.17657 25.06802
6402.6113 3.6656 763.48694 161.4256 24.7394
6474.692 11.83952 748.62714 195.73975 24.15528
6452.549 11.83952 751.59686 194.19147 26.1624
6564.7534 11.83952 775.3478 229.34265 23.86004
6428.345 10.93273 767.12714 226.35016 23.86004
6417.095 3.6656 759.3987 170.18518 24.7394
6377.7144 3.6656 759.7296 160.83441 24.7394
6201.662 9.45388 738.51 167.98853 23.86004
6239.3403 9.45388 752.26764 168.4591 23.86004
6362.556 3.6656 763.8179 158.61737 25.17749
6132.7734 6.53195 737.93085 154.70709 23.86004
6519.5474 15.78782 715.6644 263.24933 21.60812
6485.6396 14.09013 726.1402 231.97241 21.60812
6423.272 14.09013 720.68524 231.41272 24.65902
6104.0234 6.53195 741.19727 158.20154 23.86004
6289.4736 5.80426 737.82263 193.0611 22.69691
6493.632 8.4868 690.3613 355.76245 16.94896
6671.6885 8.4868 699.5411 316.76526 17.37529
6652.579 8.4868 705.1504 303.85504 18.43085
6702.1445 8.4868 719.6896 326.26746 18.43085
6505.909 14.09013 729.1702 260.45306 21.60812
6829.288 11.44046 710.64075 337.56372 18.78206
6796.09 10.98809 722.0013 305.58966 18.78206
6800.372 8.4868 733.008 321.13873 18.78206
6823.3833 8.4868 733.9622 322.42755 18.78206
6493.5645 15.33938 724.4721 268.8606 21.60812
6410.222 15.33938 717.86145 241.11798 21.60812
6059.8613 5.80426 732.43677 148.18854 22.69691
6200.2603 5.80426 739.15356 195.80768 22.69691
6675.1147 11.44046 713.45764 316.9867 19.26933
6405.381 3.6656 759.9333 169.85223 24.7394
6280.284 6.03891 762.83875 148.78302 24.7394
6790.456 11.44046 730.69275 319.94812 18.78206
6813.712 11.44046 731.6469 321.237 18.78206
6876.2515 10.24273 711.2794 348.30396 18.78206
6277.637 4.3254 764.357 151.47827 28.07888
6733.0005 11.44046 711.69855 304.35864 19.26933
6927.1597 9.08314 743.4961 314.6864 19.26933
6944.7393 10.98809 743.3021 282.52087 19.26933
7013.291 10.98809 763.7691 268.11407 23.03474
6937.2593 10.98809 762.7794 279.58374 21.60812
6769.3936 3.11481 774.10455 290.74725 21.60812
6178.89 5.80426 748.4422 172.69757 22.69691
6162.445 5.80426 746.3123 164.06439 22.69691
6180.434 6.03891 748.58765 167.60626 23.86004
6070.264 6.03891 746.5968 140.33093 28.45527
6873.4707 3.11481 781.2953 292.55054 21.60812
7038.9116 11.44046 777.62537 321.3175 21.60812
6842.793 15.33938 765.039 315.4134 21.60812
6167.3955 4.3254 760.47656 135.62451 28.45527
6059.104 4.3254 752.6696 125.1405 28.45527
5981.923 6.03891 743.19635 124.17932 28.45527
6017.339 6.03891 746.38153 125.78235 28.45527
6068.2686 6.32738 734.1405 130.49402 28.45527
6103.302 6.32738 764.6119 112.76178 30.0373
6180.2075 4.3254 774.62695 112.553406 30.0373
6253.9077 6.32738 772.53253 142.81842 30.0373
6221.9126 6.53195 764.2944 122.27814 30.0373
6266.681 6.82983 758.1315 127.86029 33.09188
6728.4355 15.33938 763.20074 299.73798 21.60812
6213.191 6.82983 751.9041 137.82587 30.0373
6169.921 6.32738 755.21985 109.13342 30.0373
6182.799 6.32738 777.70337 113.907166 30.0373
6113.3066 6.53195 723.942 144.38287 28.45527
6053.518 6.03891 756.74634 130.4209 28.45527
6881.2715 13.81957 788.502 295.5628 24.41807
6050.6436 6.03891 758.63617 131.9154 28.45527
6412.6196 13.97221 724.09656 226.12268 23.49004
6966.5396 13.81957 799.1592 295.8883 24.41807
6677.211 13.81957 778.6371 260.6255 24.41807
6018.6494 4.13811 755.3991 130.3642 28.45527
6935.2314 13.81957 784.1902 252.46631 26.77596
7027.312 13.81957 836.4732 207.5871 33.09188
6774.328 13.81957 791.0753 232.07672 30.0373
6703.434 13.81957 791.7292 239.86176 30.0373
6636.026 13.81957 785.69403 212.79865 30.0373
6523.8335 13.81957 745.3266 238.29114 22.91576
6800.8115 13.81957 770.50946 283.0467 22.91576
7092.6455 13.81957 802.359 309.70862 22.91576
6988.0254 12.62948 793.4052 273.4676 22.91576
6866.9497 12.62948 760.9307 300.1242 21.60812
7024.815 12.2174 801.2584 258.42773 24.65902
7034.0933 9.08314 801.39014 259.78418 23.86004
6766.3745 9.08314 776.1811 232.59888 23.86004
6800.3364 3.41494 811.41693 226.2392 23.45232
6813.334 3.41494 812.52295 230.6034 23.45232
7039.9404 9.08314 791.5655 263.46222 23.45232
6964.2573 9.09407 783.75134 261.6454 23.45232
6740.4766 12.2174 767.2341 228.16467 23.45232
6806.077 12.2174 772.5489 263.04474 23.45232
6814.4434 12.2174 771.9411 263.18146 23.45232
6826.862 12.2174 777.9742 262.971 23.49004
6627.344 12.2174 766.25793 227.29279 23.49004
6758.8423 12.2174 779.85626 213.43079 24.15528
6989.4214 12.2174 828.463 179.64789 33.09188
7031.761 10.93273 840.15894 187.98401 33.09188
6989.9653 12.2174 822.43 187.0401 33.09188
7218.2026 12.2174 862.1615 190.6836 33.09188
7151.4766 12.2174 798.8786 248.80573 27.62561
7081.538 12.2174 796.5216 247.99194 27.62561
7099.898 12.2174 794.48645 248.66956 27.62561
7083.742 11.44046 796.3056 241.75568 27.62561
7082.869 11.44046 798.1954 242.0119 27.62561
7225.673 10.98809 800.1183 245.82495 29.28648
7027.8584 11.44046 802.9321 252.44775 24.41807
6922.0684 3.41494 775.09283 254.25055 23.45232
6917.1187 10.19582 760.59827 251.24353 22.69691
6925.7104 9.11921 772.668 255.04999 22.69691
6890.6606 8.25139 766.1946 254.14642 22.69691
6721.456 5.80426 793.0021 248.90076 22.69691
6961.9355 8.25139 776.61975 252.88025 23.90247
6964.475 11.44046 799.55066 259.5078 23.49004
6765.671 12.62948 789.8843 206.9685 28.07888
6731.4214 8.25139 788.7019 243.58472 23.90247
6651.5635 5.80426 790.44556 215.29956 23.49004
6755.1567 5.80426 795.30396 228.05261 23.49004
6625.6396 5.80426 783.0875 193.30103 23.49004
6658.9546 4.3254 780.6133 201.08044 23.49004
6576.8374 4.3254 779.9836 189.93573 23.49004
6599.293 4.3254 779.0496 189.44824 24.41927
