7045.403 32.67483 1115.3729 146.41504 64.66654
7036.5713 38.0459 1069.9464 210.05286 64.66654
6401.7607 61.88343 877.64465 328.22986 56.40644
6445.3887 60.22829 803.08154 362.03076 55.64872
7122.9365 43.02202 1130.1091 138.83313 66.70453
6776.886 61.88343 986.0672 250.85577 63.29283
7014.623 43.02202 1009.20996 227.02332 65.28843
7006.5835 47.74063 1050.0007 198.54114 63.87067
6209.9243 55.75961 920.6984 190.04425 56.56695
6112.5967 55.75961 917.0904 180.12885 55.72735
6172.1455 38.71996 929.21735 198.11835 52.79583
6221.694 36.72607 986.7656 96.7843 55.98789
6044.74 55.75961 909.5062 176.27478 55.90015
6967.193 47.62929 1060.0574 161.7826 63.11359
6656.173 47.18692 1075.8724 73.168335 70.59364
6641.8267 47.18692 1068.2437 83.93933 61.66431
7016.2524 24.83442 1083.9657 136.32092 64.62117
7044.947 24.83442 1112.6608 117.5979 64.66654
5894.9526 55.75961 902.8771 170.57532 55.90015
6951.7207 24.83442 1108.9548 89.23718 76.21087
6916.6934 32.67483 1105.236 86.05017 76.21087
5598.3613 41.90671 905.3186 68.59149 55.75961
6506.376 38.88095 949.8049 232.70184 53.93039
6326.2153 43.27327 976.2189 186.80847 53.93039
6419.0625 38.0459 1027.0223 69.55408 59.06736
6466.7676 45.84191 953.5441 217.43927 53.79684
6409.3154 45.3786 1018.86945 80.49249 60.23899
6393.257 45.84191 942.6345 215.49805 53.79684
6307.4517 50.63661 962.65894 165.9126 53.83783
6025.5923 57.20359 922.4581 182.5813 56.34738
6547.689 47.62929 1031.3285 158.33228 55.83956
6609.6714 29.70826 1025.0012 222.14697 55.83956
6501.2383 26.16173 1052.678 54.600586 67.06002
5981.841 47.81277 970.596 47.121155 58.19852
5993.6357 47.81277 972.51605 49.62744 58.19852
6057.3193 47.77325 986.90247 68.749756 68.80523
6092.608 32.52272 980.6196 59.781982 68.80523
6307.9 43.29747 984.1205 119.45239 56.21014
6087.0664 32.52272 981.7106 59.347046 72.11121
5794.4224 55.33995 888.0735 161.34851 56.24379
6114.0044 51.80766 911.8106 190.21344 53.14362
7091.5967 28.56982 1114.197 129.87256 74.43851
6088.2983 57.20359 906.53503 215.77881 53.14362
6456.669 43.29747 887.6277 296.00916 53.28526
6267.5083 57.20359 935.1671 195.20288 53.93039
6293.3438 55.13396 934.5919 182.70483 54.66814
6470.017 46.58046 923.6233 257.54932 53.89002
6445.352 46.58046 927.68665 259.78174 53.89002
6260.042 30.92327 992.10205 104.43909 55.29988
5956.242 53.88631 925.95 141.90839 54.87546
6526.6875 39.4376 1017.21936 154.01978 55.91177
6380.0615 43.32732 1014.0739 124.94269 55.29988
6267.3354 57.84421 911.25024 267.19507 55.29988
6034.0347 28.56982 983.1796 51.861145 67.2597
6031.522 28.56982 986.1114 58.68817 67.2597
6104.4453 52.77459 923.34326 163.56262 53.32561
5918.632 50.69683 901.09283 159.185 53.32561
6011.255 57.75848 910.0922 185.12323 55.92247
6043.395 56.07936 910.6173 194.69592 56.58961
5787.259 44.07455 906.54565 132.65002 52.87331
6028.921 57.75848 909.7606 181.07776 56.58961
5718.511 43.01435 887.7226 131.16919 52.45424
6021.3604 60.74437 918.47675 164.02875 56.81541
6354.608 53.6649 1001.4766 121.211 55.29988
6286.323 19.6468 1000.297 101.19934 55.29988
6248.174 38.63698 992.3676 100.72064 55.29988
6670.2417 39.63217 1058.0044 102.121704 61.0541
6136.9614 47.54001 995.2573 61.98059 60.83747
6152.6934 47.54001 990.65326 73.30939 65.94496
6176.8633 43.02202 896.3846 238.19281 52.20088
6489.6177 53.45815 1003.1469 146.73871 56.60441
7056.235 32.08496 1121.1205 104.54773 68.80523
6545.409 58.90936 1018.42804 140.1872 58.57526
6458.787 54.94806 998.18005 158.29236 56.60441
6522.492 60.14228 1006.7915 161.80469 58.57526
6152.605 44.01382 907.6111 267.32922 52.20088
6507.5312 60.73545 991.82947 171.83228 58.57526
5996.347 51.47237 952.2184 123.132935 54.43023
6557.1714 58.79998 1014.2639 194.29395 58.57526
6507.735 44.90975 1000.9603 157.7268 55.91177
6715.347 53.04908 1033.6726 175.47217 58.65578
5832.8833 51.52621 926.6202 77.07233 57.75848
6475.354 53.79684 1035.5977 87.48047 60.84615
5898.423 39.29473 947.8245 72.457886 57.75848
6413.865 57.75848 974.24475 172.82349 57.36559
6812.598 33.14244 1087.1653 103.06897 60.84615
6624.0537 47.74063 1024.214 144.9585 56.81541
6876.63 39.4376 1100.6332 95.76721 64.62117
6498.795 41.45816 1016.93176 137.80518 56.73611
6807.123 39.4376 1103.7885 77.63806 76.21087
6880.318 39.4376 1098.1362 80.33862 64.62984
6385.111 45.36795 1004.60913 125.08606 56.29074
6484.6104 43.29747 1022.0271 119.25256 56.73611
6425.117 43.29747 1022.759 82.366516 56.73611
6594.5356 51.52621 1056.3726 96.11499 68.79864
6957.7227 43.27327 1104.7268 103.51892 64.62984
6294.9204 55.44438 946.76764 205.39362 54.79729
5855.0586 31.40987 837.53406 252.11902 50.52188
6190.8594 43.24795 925.03503 227.47131 52.79583
6428.4814 46.93965 930.78046 231.45123 54.37498
5927.342 31.40987 846.42676 254.40332 50.52188
6328.396 45.36795 1000.3609 93.04486 56.29074
6299.0283 45.36795 986.3287 105.124084 56.04556
6390.1934 45.36795 988.2211 139.21368 56.04556
5834.5483 52.65484 849.9811 260.38477 53.10677
6582.0254 32.67483 1030.086 122.69214 56.73611
6224.8267 43.01931 867.8411 320.44037 52.7086
6584.842 62.80075 986.9064 201.50366 58.79998
6592.5107 58.90936 989.2815 226.70312 58.57526
6601.9307 61.88343 987.1705 191.61102 56.81541
6641.352 57.95742 1020.9571 182.1701 58.57526
6149.43 56.46195 850.9566 263.13702 52.99788
6721.4736 50.63661 1033.5098 170.05579 56.62727
6464.5522 58.93933 966.3235 214.88232 55.3122
6532.1616 49.51175 917.5299 258.73035 55.72735
6661.085 19.55452 1046.4528 127.45886 55.72735
6603.484 34.0967 1045.3727 154.66284 55.6672
6562.4214 37.41382 1028.258 158.8523 55.6672
5975.168 38.95046 794.05237 336.1975 51.44909
5706.2114 44.31553 903.03296 93.82764 53.37204
6483.9497 61.88343 985.4701 173.93188 56.81541
6537.034 61.88343 995.9524 155.98584 65.56113
6588.2754 47.87917 937.41754 226.19513 55.75961
5841.7407 46.88666 827.2229 257.78796 51.41435
6657.563 61.88343 996.58856 174.72919 59.23911
6792.553 60.03695 1041.9277 143.96802 59.23911
5923.309 46.05025 836.72504 273.8797 51.41435
6477.8335 56.04556 1003.65906 162.17712 56.60441
6845.4336 61.16306 978.17065 222.06921 57.75995
6857.597 61.88343 1053.213 202.85254 63.67736
6784.2275 61.16306 972.58875 215.22327 57.75995
6027.9204 37.85031 882.32935 246.15466 50.94983
7014.11 47.74063 1109.0121 118.61426 64.66654
6878.513 57.20359 1007.00354 192.48462 63.67736
6855.7437 61.40934 1060.5005 160.1355 63.51992
6736.8726 61.40934 1025.8079 170.42126 61.09666
6340.9155 41.1458 1002.551 116.857666 56.04556
6311.114 41.1458 997.2588 113.90234 56.04556
6492.4385 56.04556 990.22186 165.54352 56.60441
6638.3545 53.64393 1011.4384 171.24066 57.20359
6281.922 52.39294 988.2636 156.29938 54.45232
5982.012 37.85031 875.4553 259.4087 49.3792
6791.4277 53.64393 1020.60406 182.57843 59.0506
6138.41 52.20088 958.8939 160.29407 54.37498
5841.093 37.85031 863.7235 252.39502 49.3792
6734.482 53.64393 1023.5473 177.07428 59.0506
5789.347 45.72867 861.0615 254.51416 51.41154
6910.2617 52.79583 1057.8768 188.41016 64.62117
6864.6953 53.64393 1048.2655 181.40002 61.31929
6373.099 41.1458 1002.3289 114.86627 56.04556
6726.0034 47.54001 1081.2726 84.20557 78.94771
6324.337 54.86895 948.4931 213.70966 55.75961
6266.8213 54.86895 955.4076 202.38892 55.75961
6148.025 41.62048 957.5343 185.44751 52.87331
6222.732 54.86895 954.233 190.65302 54.2989
6702.3027 47.54001 1067.6218 89.6449 64.12527
6713.621 47.54001 1078.9397 74.90845 65.04
6715.3296 44.31553 1086.1244 71.75281 61.88343
6659.6323 52.25391 1069.5128 106.4292 63.11359
6945.7524 52.61756 1063.6338 215.43286 65.6203
6724.0117 45.3786 1071.0304 94.82202 61.46766
6769.2036 55.13396 1067.3352 126.326904 65.25851
6766.6353 45.3786 1064.8425 98.04016 61.46766
6643.8486 55.13396 1050.024 144.28906 63.87067
6695.4414 45.3786 1064.678 92.87598 61.46766
5795.768 38.63698 895.6254 137.04596 52.33474
6806.9336 48.9174 1087.7852 114.46936 61.54085
6938.111 47.74063 1075.5807 142.48816 61.89501
6504.2617 29.70826 1002.8036 183.78491 55.13396
6540.4775 53.04908 1055.8252 108.23547 63.87067
6459.0205 53.04908 1039.5461 76.3313 66.42411
6514.455 53.04908 1038.7828 109.976685 59.23911
6660.2544 37.41382 993.0737 201.82507 55.83956
6520.835 38.33417 1018.2776 151.33765 55.64872
6866.531 53.32561 1023.5832 185.37738 63.55306
6415.7847 56.52375 1018.0503 132.32446 56.81541
5796.959 44.07455 891.81525 134.71747 52.33474
6623.3647 37.41382 991.5037 195.83221 55.56605
6561.336 37.41382 1006.4626 186.9411 55.56605
6519.2065 55.6672 1035.412 95.580444 68.14945
6797.067 56.07936 1056.3269 154.26672 62.74834
6792.2725 56.07936 1050.4512 151.5653 62.74834
6704.42 56.07936 1046.2251 144.79529 68.68164
5938.9927 19.55452 927.3487 180.80841 51.70871
5610.2188 45.3028 862.42206 125.17407 52.5577
5527.118 38.98177 870.38043 114.43274 52.5577
6572.099 43.29747 1015.07007 161.38281 55.61841
5818.4663 30.65084 893.5614 191.21252 51.68982
6599.7373 24.83442 1016.5498 182.93823 55.64872
6465.4165 54.86895 1011.85913 127.99121 58.66405
5959.78 37.02857 923.26434 163.07306 51.70871
5806.131 49.3792 881.22656 193.16833 51.70871
6525.208 55.13396 1031.9861 100.20068 68.14945
6502.5894 45.36795 987.9518 174.72913 55.61841
6309.035 47.62929 931.92773 249.80566 53.9199
6350.2773 45.84191 966.32855 188.2359 53.9199
5468.959 45.3028 866.4752 115.63208 52.5577
6617.951 44.34787 1009.7948 166.547 55.64872
5871.5356 35.63612 904.58575 156.04327 51.70871
5844.145 41.62048 919.2404 165.31439 51.70871
6546.6436 55.90015 1031.696 100.2478 68.14945
6649.2944 53.50289 1037.3118 143.60522 60.62706
6535.2305 45.84191 992.3037 188.10852 54.33739
5861.1704 41.62048 908.67426 192.90631 51.70871
5855.465 51.23574 875.1654 224.67126 51.70871
6823.165 47.87917 1094.554 106.18005 73.79449
6605.521 55.90015 1026.86 107.16394 60.84615
6674.418 55.90015 1033.9501 153.29565 58.57526
6173.3394 32.67483 926.74316 218.50244 52.0214
6014.98 45.3028 915.41956 194.28516 51.52621
6482.2725 55.8184 875.77765 301.7951 55.53131
6645.975 48.9174 1069.5222 91.144775 60.73545
6535.5254 43.24795 992.5978 184.995 55.16313
5925.85 43.32732 892.76245 191.1659 51.52621
6738.445 43.27327 1088.6766 111.49634 58.57526
6679.4565 52.79583 1014.65326 178.63727 57.51766
6795.7437 39.4376 1080.9608 105.59021 57.75995
7039.9136 47.54001 1075.6099 173.06738 74.43851
7002.8857 48.9174 1095.7944 151.10571 68.72882
5781.902 50.76307 859.7704 196.58875 51.41435
6921.311 58.57526 1044.6793 173.79651 65.6203
6930.1104 48.9174 1082.7457 154.87646 63.67736
7048.072 19.55452 1094.4196 120.96838 67.35172
7002.7407 52.61756 1121.4541 121.58411 67.59782
6827.3965 52.79583 1086.3682 110.53931 57.75995
6521.258 53.15207 1027.5964 133.28174 58.66405
6959.421 47.87917 1090.7302 155.88501 65.6203
6941.809 47.87917 1073.1179 132.53589 65.28843
6989.666 39.63217 1079.1628 184.18445 64.62117
5806.9453 50.76307 868.2662 197.87299 51.44909
6915.5312 52.79583 1101.2693 132.04895 80.01286
6538.4653 53.15207 1037.7891 139.28882 58.66405
6186.9688 43.29747 927.822 247.53711 52.0214
6793.8276 47.54001 1084.2076 100.708374 80.01286
6814.0825 44.31553 1089.282 97.79553 64.62117
6751.874 44.31553 1079.2401 94.18933 63.18133
6742.2793 44.31553 1092.0205 79.01843 61.88343
6519.226 44.34787 982.22314 165.60193 55.13396
6890.7314 50.50341 1088.1221 130.33801 65.6203
6987.691 19.55452 1115.6892 96.86804 64.09595
6834.993 53.45815 1062.3915 146.40405 76.21087
6754.7617 39.29473 1101.4513 88.099365 67.2597
6883.2607 17.53846 1102.0187 89.48413 70.7154
6920.318 39.63217 1089.2585 122.02588 63.20523
6866.083 17.53846 1104.6107 72.29883 65.56113
6556.937 53.15207 1025.7651 134.75513 58.66405
6814.512 26.64654 1082.5543 90.98059 61.88343
6835.453 26.64654 1093.6321 101.13208 62.19352
6649.3867 53.04908 1036.5073 133.91919 58.66405
6748.123 26.64654 1092.3293 86.48059 60.03695
6883.1875 39.63217 1097.3455 103.83569 63.20523
6744.007 26.64654 1082.3129 89.04309 59.92816
6222.8555 36.02155 941.1028 218.5885 52.61756
6157.195 36.02155 929.5591 186.98267 52.61756
6933.5474 43.02202 1075.6495 172.55933 63.87067
6365.7505 34.0967 1029.757 55.040283 76.21087
6605.528 39.95487 1032.8779 139.93091 56.20711
6967.705 47.74063 1060.5148 208.1427 64.62117
6890.0884 26.16173 1097.999 75.6875 64.09595
6953.8335 47.74063 1036.9424 185.8197 64.62117
6884.269 57.75995 1006.1836 224.76831 64.62117
6844.137 26.16173 1102.781 71.30737 69.32222
6590.2354 52.79583 1048.4893 86.87036 56.81541
6829.5825 60.03695 1035.7633 191.72205 59.23911
6741.606 54.53454 954.94556 242.31445 55.90175
6569.4614 54.53454 944.9731 229.32257 55.98789
6987.043 39.63217 1081.9349 167.90479 64.62117
6513.18 47.62929 956.16473 218.47504 55.13396
6582.443 53.15207 1017.75415 143.36096 58.66405
6974.4014 35.6964 1087.5521 153.48584 64.62117
6949.069 32.08496 1092.7542 132.22375 64.62117
6502.9136 53.15207 1035.8389 114.56897 58.57526
6841.17 43.29747 1085.4591 99.72998 62.40524
6472.3022 51.20221 971.51373 163.31122 56.20711
6969.557 20.00563 1075.746 150.07642 63.20523
5921.8057 50.46368 889.0729 215.37561 53.04908
5904.154 50.46368 889.86456 204.48761 53.04908
6943.7593 43.02202 1049.9489 168.96289 61.89501
6835.405 39.29473 1092.9358 110.43359 61.89501
6444.497 53.79684 1008.8416 139.97955 54.86895
6477.4014 53.79684 1015.72534 139.0592 56.60591
5997.848 50.46368 904.9077 252.48364 53.04908
6428.6055 47.77325 1007.2893 136.3523 56.60591
5885.0166 38.55862 890.88544 185.13483 51.68982
6477.903 53.15207 1044.6758 110.33887 60.5879
6889.205 35.6964 1098.3768 121.274536 61.89501
6942.4165 32.67483 1080.3427 124.14453 63.25774
6929.0073 39.29473 1087.8384 122.72473 61.89501
6671.532 54.53454 945.74994 243.36517 55.83956
6428.549 44.31553 1009.59174 133.90924 56.20711
6478.766 50.37612 935.0509 255.0592 55.53109
6875.828 39.29473 1079.7703 109.71948 63.16225
6866.2124 50.63661 1017.0114 214.94489 59.51512
6491.069 30.08806 1040.7926 125.0863 56.20711
6898.0244 50.63661 1000.70917 229.16608 60.73545
6143.027 50.21677 955.81836 151.29822 54.26616
6705.193 54.04918 1064.2494 105.4314 79.32166
6586.5405 44.31553 1017.10925 172.71716 56.29074
6839.451 51.52621 995.8187 243.05054 58.79998
6955.368 51.52621 1060.7832 215.80542 64.62117
6947.705 26.64654 1059.1335 194.27881 60.82906
6622.0117 54.04918 1044.2584 145.09558 60.84615
6151.939 50.21677 954.87225 150.87872 51.78813
6520.414 54.04918 1040.6398 110.03638 58.68788
6575.314 53.04908 1041.3619 122.996216 61.31929
6588.4844 45.84191 1025.0408 174.43481 56.29074
6643.6084 38.0459 1035.3684 136.90344 56.29074
6572.789 53.04908 1043.0222 118.93933 61.31929
6027.473 50.21677 938.93115 138.79443 51.78813
6555.9487 38.0459 1006.92377 132.09198 56.52375
5927.668 50.21677 932.76874 103.40802 53.32561
6659.5493 53.04908 989.0266 204.43835 55.83956
6484.197 38.0459 1012.8594 128.00562 56.29074
6473.066 38.0459 1001.7282 124.97467 55.56605
5969.8037 50.21677 933.55255 107.99518 53.32561
6728.421 43.02202 996.1192 212.70233 55.83956
6920.404 26.64654 1072.3452 165.26184 60.82906
6423.7603 38.0459 1006.82837 117.89502 54.36641
6362.2305 38.0459 1004.08704 114.67944 54.36641
6107.2163 50.3951 977.5535 73.420105 53.73607
6626.2666 55.83956 968.4142 258.6189 56.79358
6982.194 35.6964 1120.4014 107.56506 65.04
6562.703 53.32561 1029.1829 154.59424 56.60591
6020.7876 50.46368 904.11615 258.20978 53.04908
6702.325 53.32561 1065.6422 120.54529 62.0986
6421.502 56.07936 1021.7056 121.31891 57.75848
6958.307 35.6964 1100.9501 134.74487 61.54085
6515.5254 59.51512 1032.5151 124.63818 66.11425
6933.9097 32.08496 1104.7424 99.60132 73.18694
6736.689 53.32561 1061.8528 148.57751 61.09666
6882.2314 26.64654 1048.3784 172.95496 59.92816
6535.0664 61.58285 1030.623 135.37024 63.17007
6577.515 60.84615 1026.0939 136.7799 63.87067
6626.7954 53.32561 1050.0006 147.35779 61.09666
6222.8477 45.36795 968.56177 114.579834 54.36641
6343.4233 38.0459 989.84534 179.49292 53.73607
6512.97 50.38468 927.5689 255.72711 55.53109
6593.153 60.84615 1042.9763 142.09888 68.14945
6596.6284 54.53454 915.13873 280.72345 55.13311
6473.296 56.52375 932.739 233.04993 54.86895
6217.0635 47.20225 969.64185 139.96484 54.36641
6515.544 56.52375 938.8182 238.33795 55.83956
6518.1284 60.84615 1027.7222 130.28247 64.62984
6305.2227 53.32561 924.9087 245.73694 53.73607
6220.667 47.20225 973.2443 107.63666 55.61841
6316.295 47.20225 975.10815 120.914795 55.61841
6707.027 32.67483 994.0052 203.85895 55.83956
6860.522 32.08496 1104.6969 70.19226 73.18694
6837.7163 32.08496 1088.5427 88.3457 64.09595
6650.2656 32.67483 988.7728 194.7135 55.6672
6537.895 46.05025 953.08295 246.768 55.6672
5967.679 52.65484 913.697 117.53088 53.6649
6590.5786 53.32561 1043.489 129.62671 61.09666
6125.6445 50.46368 928.61926 294.86047 53.04908
6215.133 54.04918 968.81726 114.410645 55.61841
6532.1055 46.49125 947.2938 268.80774 55.6672
6181.018 54.06131 972.4511 97.02911 55.09618
6193.3027 53.32561 981.3258 102.01355 55.09618
6669.407 47.54001 967.97156 246.96985 56.40644
6062.5615 52.65484 939.82074 118.7746 53.53115
6777.302 32.08496 1099.65 68.95532 67.2597
6832.569 39.4376 1068.5974 179.35083 60.84615
6222.1353 53.79684 955.57416 127.3725 53.53115
6204.818 32.52272 974.7519 125.557556 53.53115
6483.4893 56.52375 946.2999 202.48267 55.83956
6648.722 56.04556 1052.1614 141.44873 73.96162
6290.5977 53.15207 977.8217 111.29059 55.09618
6676.7695 56.04556 1052.9186 175.49109 59.24962
6606.603 56.04556 1031.9574 150.52417 57.95742
6292.6387 48.75454 979.8624 123.55542 55.09618
6507.598 54.06131 1020.5423 119.29584 57.37252
6441.478 54.06131 1029.3243 101.04932 57.37252
6395.036 54.06131 1026.868 86.690674 57.37252
6547.8433 56.52375 955.4955 208.32495 55.90175
6386.4775 55.56605 1018.97455 81.86029 67.06002
6708.327 44.34787 1006.891 195.36572 56.40644
6580.866 53.15207 1027.9346 149.53662 58.19852
6121.529 50.46368 923.5776 285.09467 53.45815
6183.915 32.52272 992.5296 87.55682 56.39807
6684.3467 47.54001 1009.66895 167.3971 56.81541
6895.978 48.9174 1111.3008 113.58789 69.25024
6745.6904 39.63217 1087.5168 75.720215 67.2597
6656.393 47.54001 1010.3694 166.06384 56.81541
6325.4536 56.81541 1009.89154 92.352234 63.17007
6540.1353 57.51766 1005.6292 125.8974 57.75995
6918.9795 48.9174 1089.6875 121.519775 61.54085
6882.5205 48.9174 1064.7734 139.50903 60.23899
6899.588 52.79583 1092.0415 134.849 61.09666
6607.1987 54.86895 961.95776 227.61304 56.52375
6579.4443 54.86895 955.87866 212.67163 56.52375
6055.9097 50.46368 934.01746 274.88074 53.04908
6844.573 55.90015 1062.3597 153.08337 61.09666
6782.952 55.90015 1072.196 153.37427 61.09666
6610.637 56.04556 1031.3677 134.87952 62.0986
6492.3413 53.81122 948.40515 203.17554 56.52375
6470.053 49.09826 940.11926 229.03723 55.64872
6634.629 55.90015 1043.2826 142.18738 61.1772
6455.394 56.21496 1015.607 129.48749 57.66101
6504.1934 49.09826 944.21716 249.18188 55.75961
6688.114 56.04556 1045.5625 116.6488 63.99561
6595.5166 56.04556 1019.20575 130.27667 61.09666
6513.6445 57.64715 1013.4491 141.25232 57.66101
6612.8887 56.04556 1026.7301 133.98987 61.09666
6169.3594 26.33491 975.93207 80.59735 56.39807
6747.946 39.63217 1086.0508 80.56775 67.2597
6612.2217 55.6672 1039.7413 123.64514 61.1772
6535.2393 47.89979 984.0306 210.48615 55.73018
6648.7705 55.6672 1047.0421 137.3872 61.09666
6673.496 56.07936 1048.6017 122.423706 64.95645
6715.4004 35.6964 1084.4031 73.351685 67.2597
6014.463 52.77459 966.8078 84.24884 61.21727
6641.0522 56.07936 1052.6045 118.61011 63.29283
6464.5703 57.51766 1001.7727 117.912964 65.56113
6035.102 44.31553 983.7461 68.57593 59.51512
6248.3125 26.33491 999.27435 58.064148 67.56404
6003.429 44.31553 978.31354 68.348816 59.51512
6658.997 56.04556 1042.9994 147.93054 63.87067
6200.406 26.33491 1006.60815 67.324585 64.77438
6199.833 26.33491 1010.5272 62.831055 64.77438
6023.417 44.31553 971.87573 67.13757 59.51512
6524.5127 56.04556 1045.5314 105.96912 63.29283
6449.703 57.51766 1004.80365 130.02887 57.37252
6258.6646 26.33491 1015.909 68.25751 64.77438
6276.7607 26.33491 1011.6577 60.56201 75.60576
6664.351 35.6964 1087.0033 63.80481 67.2597
6540.426 57.51766 1023.5706 122.31366 62.05171
6512.323 54.06131 1038.9132 119.94592 60.72734
6248.348 26.16173 1013.1238 49.590088 68.79864
6623.5815 39.63217 1075.2727 66.722534 67.2597
6493.727 56.81541 1020.98755 129.03003 61.58285
6504.8486 47.89979 992.82056 169.0138 55.73018
6569.9297 47.89979 998.03516 172.40442 55.83956
6580.0986 56.81541 1028.212 127.04785 61.89501
6640.2905 39.63217 1072.5618 64.09436 67.2597
6253.6436 26.16173 1024.1478 54.558228 68.79864
6402.456 61.53574 1019.9844 114.099976 62.70852
6237.0405 26.16173 1017.6719 51.102417 68.79864
6539.454 54.06131 1040.3268 117.388794 62.19352
6258.448 26.16173 1018.0678 53.32782 68.79864
6495.439 61.53574 1033.7036 120.493164 62.70852
6547.2314 61.53574 1011.4764 153.57831 62.70852
6674.6934 35.6964 1078.253 71.72522 67.2597
6532.3037 55.6672 1037.5173 112.92175 61.1772
6488.254 55.6672 1017.397 128.0315 60.22829
6461.0806 61.88343 989.9845 152.48718 62.70852
6356.98 47.74063 922.5487 256.04993 54.36641
6561.6763 56.81541 1039.0243 107.36438 63.11359
6353.233 47.89979 934.1796 210.00262 54.53454
6508.56 56.81541 1029.8137 102.74158 63.11359
6715.4 35.6964 1084.4032 73.351685 67.2597
6485.5967 55.6672 1024.0039 125.25574 60.22829
6531.4946 55.6672 1032.3394 103.28491 66.99919
6330.989 50.30205 929.01483 220.1391 54.53454
6419.275 56.81541 1024.7946 87.29175 64.62984
6197.564 17.53846 1010.5144 43.67041 73.74339
6461.541 56.81541 1034.9979 93.837036 64.62984
6521.47 59.17571 983.86395 164.23138 57.37252
6429.537 50.30205 958.16095 212.9018 54.79729
6222.2446 29.70826 1016.1693 58.77295 68.79864
6353.4424 50.30205 945.1359 210.19952 54.79729
6333.9263 47.74063 938.979 232.16565 54.36641
6217.038 50.30205 932.246 219.6344 53.50289
6441.9844 61.53574 1010.66406 99.30847 57.37252
6419.706 47.74063 935.292 291.60413 54.36641
6454.2446 57.51766 1004.23456 115.957214 64.95645
6305.287 52.14784 907.67645 283.20013 54.36641
6341.3403 51.52621 943.4345 290.63397 54.36641
6452.221 56.81541 1017.6096 106.84253 62.70852
6140.477 30.08806 904.5581 233.42639 51.18311
6525.8394 51.05185 1038.1813 81.47827 61.58285
6357.2227 47.87917 914.5959 296.76678 54.58188
6452.574 46.74719 1039.126 71.689575 61.58285
6791.183 39.63217 1073.1974 98.97302 63.53083
6302.4453 48.9174 926.86584 209.97131 53.50289
6207.6016 48.9174 921.45386 190.21399 53.50289
6152.8057 44.31553 946.05035 136.34003 53.50289
6434.0874 55.98789 1019.56616 106.76184 62.70852
6851.7515 39.63217 1105.2307 86.24536 67.59782
6473.89 46.74719 1031.9874 74.01538 60.84615
6417.4385 46.74719 1033.369 65.95679 68.33952
6836.93 39.63217 1098.2892 85.51318 65.74827
6219.494 36.91188 963.2238 145.25763 53.79684
6476.474 43.24795 974.0809 169.93768 53.28449
6457.8516 43.24795 973.8465 165.16156 53.50289
6370.3403 55.98789 1021.7686 94.40167 62.70852
6883.4375 28.56982 1106.4766 90.90283 73.18694
6365.5513 30.08806 968.9625 163.6095 53.50289
6454.5894 53.89002 883.78876 272.16266 52.79583
6191.609 30.08806 941.7236 151.44037 53.50289
6787.4556 28.56982 1100.4961 72.232666 63.16225
6649.082 58.57526 959.96063 209.54303 57.75995
6634.5327 42.42118 954.8326 210.2868 55.6672
6324.799 56.81541 1005.313 92.93738 62.70852
6255.8945 56.81541 1008.96594 82.09949 62.70852
6267.2783 56.81541 1009.95984 92.489136 62.70852
6624.142 43.29747 965.82404 228.6629 55.6672
6708.0303 26.64654 984.3994 200.21655 55.6672
6848.442 26.64654 1083.9626 118.483154 59.92816
6812.009 43.29747 1062.6233 110.4447 60.84615
6742.918 43.29747 1068.238 103.951294 56.81541
6484.4517 26.33491 1004.0512 136.08356 55.5852
6796.472 28.56982 1096.8921 101.42688 63.16225
6686.961 26.33491 1029.3829 177.17737 56.04556
6488.2354 43.29747 876.56757 290.9018 53.73607
6474.0015 45.84191 874.5994 311.05035 53.73607
6626.811 30.08806 1027.4105 154.1012 56.20711
6672.506 32.08496 1052.4214 160.10461 56.04556
6807.2812 39.4376 1085.8215 99.77014 63.18133
6809.2793 39.4376 1089.7751 97.149414 63.87067
6181.39 43.29747 947.0536 159.9292 53.50289
6375.841 47.18692 945.4377 210.50995 53.50289
6312.5845 47.65315 926.4228 234.24689 53.50289
6757.8613 45.84191 1031.6991 156.84119 56.48773
6616.873 45.84191 955.58417 207.50214 54.79729
6490.0894 24.83442 1021.4051 183.28693 55.3224
6418.032 44.84552 957.5205 181.43384 54.33739
6463.4175 44.4066 1006.9837 197.9986 55.3224
6495.1196 26.64654 982.7185 181.81299 54.79729
6499.646 37.47155 980.23517 182.22711 54.79729
6385.2925 55.24325 865.88226 321.6031 54.7565
6305.7915 47.65315 950.6654 206.65808 53.50289
6483.36 43.24795 993.91077 155.10303 54.79729
6283.218 56.07936 847.8712 346.43518 54.7565
6898.3584 39.4376 1098.2024 134.93896 64.62117
6548.1406 43.24795 983.9822 189.55066 54.94085
6535.0425 43.24795 988.8471 178.13092 54.94085
6512.998 43.27327 1003.4627 228.95319 55.44438
6887.6685 32.08496 1104.7151 112.36621 64.62117
6600.103 43.27327 1020.8122 230.37408 55.77814
6818.2397 39.63217 1091.5981 102.73645 63.57337
6671.489 43.27327 1019.609 222.32068 55.77814
6596.681 43.27327 1005.01624 230.33679 55.44438
6449.326 43.27327 959.3902 251.27972 54.04263
6344.1465 43.27327 972.4132 161.98889 54.04263
6324.458 43.27327 980.9124 152.21478 53.11559
6367.6265 43.27327 974.7496 172.13422 53.50289
6360.9463 43.27327 969.58466 165.00507 53.50289
6555.923 43.27327 977.1106 227.21155 55.44438
6795.0605 33.14244 1093.5133 100.74878 64.28838
6415.0137 43.27327 910.6088 267.04327 53.50289
6217.7485 43.27327 961.2205 199.85785 52.91439
6859.6807 39.4376 1100.9451 99.483154 64.62117
6188.728 46.5179 943.16437 180.17218 52.84802
6244.783 43.27327 960.1874 201.10437 52.84802
6195.4727 47.74063 911.51117 225.66705 52.84802
6240.019 38.33417 942.6933 194.2121 52.84802
6187.291 47.74063 937.74414 233.75513 52.84802
6323.7725 24.83442 964.15375 180.28412 52.84802
6785.8228 39.4376 1091.9927 78.86719 63.57337
6370.4165 32.89952 915.2472 237.32361 53.27499
6792.3047 39.4376 1085.48 96.8833 63.87067
6186.6436 47.74063 937.90576 232.9458 53.27499
6778.563 39.4376 1092.9758 77.11572 65.56113
6177.734 47.74063 909.36176 214.27374 52.84802
6790.9272 39.4376 1081.5454 91.17407 63.87067
6376.908 47.74063 908.4319 260.75452 53.77519
6400.014 47.74063 912.03674 277.23608 53.27499
6259.2373 47.74063 886.3938 267.27466 52.84802
5878.3623 45.51807 753.8985 410.1402 51.18311
6776.51 39.4376 1070.029 98.237305 63.07981
6694.9575 39.4376 1068.5461 97.87781 60.69471
6669.601 39.4376 1072.0509 92.67346 60.69471
6706.345 35.6964 1077.5104 93.96411 61.54085
6673.834 39.63217 1072.5978 104.15405 61.54085
6651.269 39.63217 1056.9374 89.80176 61.54085
6134.4126 51.41435 903.0658 269.61157 51.83669
6211.64 51.41435 903.78 264.7948 52.5577
6290.2295 51.41435 910.4942 247.2608 53.15444
6184.15 52.28773 909.9385 240.51147 53.15444
6069.653 52.28773 898.198 231.34094 52.61756
5959.072 52.09035 876.61896 223.85712 52.61756
6614.4585 39.63217 1064.4568 71.74353 58.68788
5779.3745 48.19791 892.3109 136.0481 51.59057
5865.5083 47.77325 887.20935 159.49695 51.59057
5803.5 50.3951 886.5243 147.58374 51.59057
5881.615 50.3951 888.758 172.95807 51.90502
5840.2466 50.3951 886.55725 172.78125 51.90502
6066.148 50.3951 914.8369 192.16211 52.20088
5909.7153 50.3951 909.7374 157.51562 53.28449
5957.183 50.3951 915.78174 163.70752 52.41034
5863.266 36.91188 919.05084 132.7204 52.87722
5863.3574 50.3951 908.5401 156.00006 52.87722
5780.6606 50.3951 906.4204 152.52075 52.87722
5792.67 50.3951 905.2786 153.48602 52.87722
5849.7847 40.16531 924.7539 101.56213 52.87722
5724.1934 45.3786 897.32416 132.23212 52.87722
5698.0435 45.3786 895.7724 125.24426 51.59057
5813.194 40.50225 890.1592 171.58008 51.59057
5746.71 51.59057 911.3265 134.02313 50.46368
5764.2227 37.30496 903.3943 132.19641 51.59057
5679.341 37.30496 890.89795 115.819824 52.67038
5607.246 47.10696 876.8322 106.56885 52.67038
5620.752 44.84552 885.0483 115.52588 52.67038
5608.632 31.58942 881.9049 98.52295 52.77489
5716.9556 44.84552 898.0939 103.93158 52.77489
5689.6216 44.72718 888.00757 113.87573 52.67038
5665.917 43.32732 876.06366 115.69708 51.59057
5739.264 43.31539 908.521 102.86609 52.75827
5803.8887 35.6964 927.9975 83.85205 53.45815
5754.8926 35.6964 902.1885 115.77307 52.75827
5854.268 35.6964 906.26465 131.65125 52.75827
5989.048 35.6964 945.2927 123.60547 53.45815
