831.37427 107.17459 398.48505 32.958313 111.59927
761.0748 96.66178 360.89374 39.054688 103.83735
810.838 113.80575 376.31097 64.19409 108.7458
811.2031 103.67062 367.61163 62.269226 104.8258
754.5558 108.7458 371.52783 20.951782 120.02276
791.464 120.02276 384.81323 23.622711 104.8258
875.7733 112.16711 418.31055 41.470764 108.74766
858.1702 112.16711 408.30804 36.99774 108.74766
654.1298 101.21852 319.0713 11.524933 115.79839
729.1585 103.83735 355.0999 29.637817 99.04942
729.15845 103.83735 355.09995 29.637787 99.04942
737.8739 99.04942 357.30957 39.942566 103.83735
731.208 108.7458 354.4166 21.941559 104.8258
746.7124 110.00793 364.00717 22.65512 108.74766
673.0139 94.52596 318.20352 48.4888 92.72401
758.9498 108.74766 350.79907 42.274445 103.83735
680.757 108.74766 332.09073 15.101532 145.11447
813.5233 98.73409 363.66116 76.54855 96.66178
654.12976 101.21852 319.07132 11.524902 115.79839
807.08234 108.74766 338.43738 103.59296 107.17459
686.13696 97.39099 331.09436 26.6521 103.83735
817.74414 107.13702 374.15268 63.02722 104.8258
652.62885 95.78807 323.21295 5.253113 113.965
810.863 107.13702 391.74945 30.954895 115.79839
713.2174 96.66178 325.35477 64.58014 96.66178
791.19763 104.8258 391.19904 12.16864 104.6066
872.86346 127.06961 410.98648 70.016815 108.74766
817.7442 107.13702 374.15268 63.02722 107.13702
800.2434 115.79839 380.58887 35.146088 104.8258
744.81006 113.80575 360.30164 22.214142 115.79839
650.71466 94.52596 311.65237 29.545715 96.66178
733.04785 92.82071 345.1482 37.695435 98.73409
756.81836 94.52596 355.4292 69.35562 92.96057
749.3716 94.52596 359.45303 50.856262 92.96057
664.43634 99.04942 326.6349 11.864899 103.83735
