463.0 0.0 69.0 20.0 2.0
452.0 1.0 69.0 18.0 2.0
307.0 0.0 49.0 5.0 3.0
448.0 1.0 67.0 17.0 2.0
425.0 0.0 60.0 18.0 1.0
406.0 3.0 60.0 18.0 2.0
422.0 0.0 62.0 16.0 1.0
424.0 2.0 61.0 18.0 1.0
416.0 1.0 61.0 17.0 1.0
412.0 1.0 61.0 16.0 1.0
406.0 1.0 62.0 8.0 3.0
424.0 0.0 63.0 19.0 1.0
413.0 0.0 63.0 14.0 1.0
416.0 3.0 62.0 13.0 3.0
422.0 3.0 63.0 15.0 3.0
439.0 2.0 68.0 9.0 2.0
442.0 3.0 65.0 19.0 3.0
390.0 1.0 61.0 7.0 2.0
391.0 1.0 62.0 8.0 2.0
454.0 1.0 66.0 17.0 2.0
440.0 3.0 64.0 19.0 2.0
396.0 1.0 63.0 8.0 3.0
436.0 3.0 67.0 16.0 3.0
450.0 2.0 69.0 12.0 3.0
392.0 1.0 62.0 7.0 3.0
450.0 0.0 69.0 14.0 2.0
450.0 0.0 69.0 10.0 4.0
447.0 0.0 71.0 7.0 2.0
461.0 2.0 67.0 24.0 2.0
449.0 0.0 71.0 10.0 4.0
457.0 2.0 66.0 21.0 3.0
447.0 2.0 70.0 11.0 2.0
454.0 2.0 67.0 19.0 2.0
455.0 2.0 66.0 19.0 2.0
453.0 0.0 69.0 14.0 3.0
456.0 2.0 69.0 16.0 3.0
451.0 2.0 69.0 19.0 2.0
