-930.61365	-76.48403	-349.67404	42.154907	105.69482
-823.44904	-53.62857	-294.1847	63.01187	91.9413
-1017.7048	-72.43349	-360.17395	104.09793	93.9235
-947.94403	-68.64262	-342.99274	67.80002	102.1236
-971.3179	-56.21642	-325.53992	91.36725	93.7702
-1047.7671	-55.14058	-376.05548	95.77905	120.01196
-1013.7775	-71.11546	-346.1257	108.30173	91.31918
-693.246	-49.84234	-255.47815	39.579407	99.33621
-1067.0625	-71.7841	-368.2658	79.25052	107.15253
-1075.301	-55.14058	-354.9554	140.54703	113.93066
-936.0404	-55.3126	-333.1693	75.48877	96.72222
-868.0738	-62.60787	-311.98065	53.56543	95.13721
-731.2035	-38.0484	-264.00604	44.467987	84.30001
