-5657.907	-4.19177	-548.54785	628.51917	42.48084
-5639.6763	-3.11481	-559.7745	447.7859	34.8891
-5385.6	-3.41494	-525.3961	668.46277	28.40491
-5535.4233	-4.3254	-594.22534	316.33594	45.59134
-5973.2446	-3.11481	-607.9437	427.35168	35.33641
-5802.3853	-3.11481	-619.26135	471.82996	43.44081
-4760.2983	-4.19177	-485.18573	304.49512	48.67773
-5874.805	-3.11481	-609.91583	374.00934	41.82065
-5930.888	-3.41494	-588.35486	495.48523	48.67773
-5834.4707	-3.11481	-577.0193	475.8418	34.28632
-5534.487	-6.53195	-557.19824	332.3083	30.52903
-4773.5356	-2.19046	-493.00583	312.13077	32.79296
-5571.1074	-5.80426	-524.75745	675.79114	40.52249
-5400.098	-3.6656	-571.6031	278.29578	37.83667
-4218.156	-2.19046	-432.2365	264.8048	47.7054
-5376.102	-4.3254	-556.9474	326.1939	28.40491
-5223.495	-2.19046	-502.0157	449.91595	27.85872
-6126.3374	-2.19046	-649.0296	368.7594	28.45527
-5682.951	-3.11481	-563.10974	469.8933	31.90742
-5686.4614	-4.13811	-573.7721	425.90784	36.07602
