-13126.991	-144.32755	-2060.3948	374.78198	148.98947
-12988.946	-148.98947	-2013.6134	389.9679	147.49121
-12615.865	-142.62119	-1974.4159	261.3656	155.38664
-13079.864	-148.98947	-2028.3657	410.0481	144.32755
-12973.277	-148.98947	-2015.3286	381.65186	147.49121
-13074.011	-147.49121	-2041.2638	352.47937	148.98947
-13126.99	-144.32755	-2060.3948	374.78174	148.98947
-13079.865	-148.98947	-2028.3657	410.0481	159.59308
-12678.602	-147.49121	-1998.3345	233.72803	159.83609
-12674.448	-142.62119	-1982.6345	294.30005	155.38664
-12703.186	-144.32755	-2011.3716	240.33472	178.58943
-13035.428	-144.32755	-2048.5833	367.84277	159.83609
-12946.852	-147.49121	-2026.7358	348.2566	159.83609
-13080.445	-147.49121	-2047.6951	370.83716	150.73563
-13074.012	-147.49121	-2041.2637	352.4795	151.41685
-12946.854	-147.49121	-2026.7358	348.25684	159.83609
-12934.265	-147.49121	-2037.3143	347.50476	159.59308
