-7415.3857	-4.3254	-860.09235	299.7802	30.0373
-7545.675	-6.03521	-828.83685	264.99982	38.01073
-7649.99	-6.03521	-926.78326	206.53656	38.33129
-7559.9126	-4.3254	-837.20337	251.17517	38.01073
-7651.433	-4.3254	-928.72485	212.42688	38.33129
-7563.075	-6.03521	-846.23755	281.0614	30.77288
-6430.006	-19.50135	-643.13196	378.5401	23.03474
-6360.751	-20.82905	-632.9473	454.40472	19.14834
-6350.693	-22.6624	-647.0866	471.3261	24.32971
-5943.7954	-20.47737	-605.34106	355.0183	31.96211
-6038.1216	-5.27439	-687.9619	209.91034	20.82905
-6510.3906	-6.82983	-798.23645	200.10486	29.36699
-6463.8716	-3.6656	-781.8471	214.44714	26.21495
-6969.612	-10.47395	-824.64453	308.37305	27.13057
-7288.311	-5.80426	-885.27167	208.03741	33.09188
-7365.0684	-5.80426	-881.7059	251.53278	33.09188
-7286.296	-8.66173	-826.25946	254.5473	27.54886
-7246.4785	-10.98809	-814.7968	285.8437	33.09188
-7287.5034	-10.98809	-801.7678	316.875	33.09188
-6710.3706	-6.82983	-819.621	155.61853	30.40059
-6745.1123	-12.62948	-750.41016	255.2779	26.88716
-6495.3984	-15.33938	-713.1038	293.2865	21.51581
-6420.947	-13.97221	-729.61755	276.57214	20.82905
-7153.538	-9.08314	-797.2301	271.02502	24.7394
-7122.98	-12.56759	-794.103	270.4209	24.7394
-6891.7617	-12.62948	-741.4564	287.13318	21.60812
-6802.3354	-10.24273	-735.2649	281.96558	20.47737
-6698.388	-5.27439	-739.86426	290.3545	20.47737
-6704.262	-10.24273	-740.10944	275.5583	22.14375
-6396.786	-8.4868	-724.27094	222.08923	23.03474
-6539.341	-7.04364	-745.9648	203.427	24.65902
-6462.585	-7.04364	-749.7598	185.93939	23.45232
-6459.2065	-8.4868	-721.99524	241.39752	22.13576
-6955.1797	-6.03521	-817.029	207.10333	30.2362
-6981.6924	-5.80426	-842.202	178.29852	30.0373
-7108.1416	-5.80426	-835.1062	222.89832	30.22584
-7112.57	-3.11481	-861.24335	195.95013	30.22584
-6748.324	-9.45388	-779.7939	224.81293	26.1624
-6908.172	-7.04364	-793.6377	223.00586	28.17564
-6852.6475	-10.24273	-774.82153	238.31903	26.91926
-7045.7725	-9.08314	-818.6334	261.49487	24.15528
-7016.746	-9.08314	-801.8613	261.3645	24.15528
-6998.043	-4.13811	-811.0133	256.5464	26.1624
-7011.51	-9.09407	-787.9353	288.88245	24.15528
-6704.0405	-11.44046	-759.8054	259.47656	23.49004
-6882.202	-5.80426	-775.33466	270.13995	22.69691
-6833.9966	-5.80426	-772.4875	248.79523	23.45232
-6678.547	-9.11921	-748.20154	254.75214	23.45232
-6720.4575	-9.08314	-742.3391	236.21759	23.45232
-6748.295	-9.08314	-750.08276	251.27502	23.45232
-6942.5776	-9.08314	-799.07227	288.56738	23.45232
-7191.435	-10.47395	-842.75714	280.88983	30.77288
-6543.932	-9.45388	-814.1798	156.97736	33.09188
-6820.0957	-3.11481	-793.1932	202.11987	26.77596
-6623.5938	-4.13811	-775.38885	197.86084	25.31491
-6638.4546	-4.13811	-807.918	170.6098	27.62561
-6776.679	-4.3254	-802.58	163.27618	27.62561
-6720.1045	-4.3254	-780.7172	199.31262	25.31491
-7178.3613	-3.6656	-896.09106	120.80536	33.09188
-6803.1553	-9.08314	-763.6441	229.43842	25.08207
-6709.86	-9.08314	-788.61725	254.86517	23.86004
-6379.6953	-8.25139	-761.02313	202.43097	24.65902
-6482.1406	-5.80426	-739.7978	221.90521	22.69691
-6418.9243	-5.80426	-763.0432	211.39471	22.69691
-6522.833	-10.24273	-754.90106	231.3346	22.69691
-6500.839	-12.62948	-755.20056	241.68591	22.69691
-6310.432	-12.62948	-727.88446	231.27081	22.69691
-6402.3354	-8.4868	-751.17694	204.92633	25.31491
-6331.9126	-8.4868	-738.33856	224.88428	22.69691
-6169.1147	-8.18716	-703.13043	203.78662	22.69691
-6135.5674	-8.18716	-700.2331	200.24396	22.69691
-6160.032	-6.32738	-725.4303	193.65045	22.69691
-6168.695	-6.32738	-715.8952	197.6084	22.69691
-6121.636	-6.32738	-724.2695	189.79095	22.69691
-5984.7026	-5.80426	-704.3286	208.16101	22.6857
-5960.987	-6.32738	-707.96796	171.91113	24.7394
-6067.594	-6.32738	-698.6732	182.60156	22.53264
-6125.0728	-6.32738	-700.41956	213.68726	22.53264
-6231.592	-6.32738	-714.05304	230.2016	20.82905
-6169.2466	-8.4868	-710.17914	229.6778	22.53264
-6134.6406	-10.83634	-702.6345	221.55786	22.53264
-6367.432	-10.93273	-749.36127	206.0365	28.17564
-6558.301	-10.83634	-766.84814	210.36603	28.17564
-6831.4717	-12.62948	-804.4552	313.5265	30.21963
-6869.269	-12.62948	-807.76056	314.04596	26.7055
-6853.367	-12.62948	-806.1114	246.42242	30.40059
-6737.448	-16.64856	-696.5202	379.68243	19.26933
-6528.7983	-11.44046	-697.7777	284.3319	19.04572
-6410.675	-13.25628	-687.5531	284.74908	19.04572
-6029.4487	-8.79305	-702.431	185.68604	23.03474
-6034.3135	-8.79305	-700.58636	181.55847	28.07888
-7121.756	-9.08314	-844.4613	201.0763	30.40059
-6890.46	-12.62948	-761.9101	252.60358	27.54886
-6368.8125	-15.33938	-706.0284	244.57019	20.82905
-6422.2163	-15.33938	-712.1292	291.8728	20.82905
-6644.1685	-5.27439	-772.6309	206.28583	24.7394
-6653.085	-5.27439	-776.7743	205.7406	26.1624
-6679.129	-9.45388	-773.48584	206.33087	25.17749
-6322.286	-5.27439	-756.6135	185.85065	26.91926
-6472.798	-5.27439	-789.12354	205.64447	28.40491
-6422.9272	-4.3254	-778.48865	161.38727	28.40491
-6356.4756	-4.3254	-768.75146	182.13623	26.91926
-6377.56	-3.41494	-762.91986	162.60596	25.31491
-6213.384	-3.41494	-750.55524	160.7782	24.7394
-6212.98	-3.41494	-741.40314	184.9245	24.15528
-6199.771	-3.41494	-742.77997	172.638	24.15528
-6689.118	-3.41494	-825.45233	168.15515	30.0373
-6700.2144	-3.41494	-825.1286	158.39954	30.0373
-6546.128	-3.41494	-813.56525	152.3836	30.79455
-6558.8657	-3.41494	-801.11884	153.6684	30.0373
-6475.8545	-3.41494	-802.8998	146.78204	30.0373
-6504.6357	-3.41494	-806.68207	146.90417	30.0373
-6245.53	-6.32738	-763.3854	167.32312	30.0373
-6197.1934	-6.32738	-761.62646	162.7984	30.0373
-6339.9	-8.4868	-738.802	192.0451	26.20491
-6283.0654	-4.3254	-761.8489	158.83142	26.20491
-6269.489	-4.3254	-755.35284	177.43451	25.17749
-6232.327	-3.11481	-745.1338	174.39752	25.17749
-6145.1562	-4.3254	-751.06647	166.73651	25.17749
-6072.314	-6.53957	-727.6771	147.52307	25.17749
-6094.313	-6.32738	-738.8488	146.849	25.17749
-6124.0825	-5.80426	-745.3059	155.20917	30.40059
-6142.4204	-5.80426	-742.56195	157.58374	30.0373
-6957.688	-9.45388	-832.1945	289.28265	30.0373
-6734.6416	-9.45388	-834.571	304.15314	30.0373
-7175.5537	-4.3254	-796.0506	272.09442	25.31491
-7052.194	-8.4868	-795.98206	242.77124	25.31491
-6925.809	-4.3254	-829.4946	232.02002	25.31491
-6888.7896	-6.03521	-798.59576	244.86334	26.1624
-7122.45	-6.03521	-773.2956	267.07404	25.31491
-6623.683	-12.2174	-775.8449	200.90881	30.0373
-6523.34	-12.2174	-771.0206	188.12158	30.0373
-6260.41	-13.25628	-696.2139	235.99731	24.15528
-6013.0396	-13.25628	-684.83954	228.25775	24.15528
-6146.9253	-8.25139	-719.76355	205.85962	24.15528
-6208.5874	-8.25139	-706.468	205.82135	24.15528
-6160.0713	-8.25139	-716.0353	188.14142	24.15528
-6079.2866	-9.04912	-709.0963	197.24762	24.7509
-5945.4067	-9.04912	-697.54236	188.47583	26.21495
-6144.186	-9.04912	-710.5533	197.08978	24.81566
-6149.1367	-11.08703	-705.7262	206.85876	24.81566
-6157.7754	-12.69145	-707.52686	213.25275	24.81566
-5989.547	-15.54405	-659.60394	238.62708	24.81566
-6007.3447	-15.54405	-686.8259	238.94171	24.65902
-5827.2563	-15.54405	-665.8436	226.88849	24.65902
-5891.402	-15.54405	-664.8008	222.49359	26.21495
-5862.4023	-15.01437	-653.32477	244.33252	23.49004
-6027.4966	-12.91739	-698.94354	211.93341	23.86004
-6203.1616	-12.56759	-708.5036	212.08209	26.1624
-6058.8164	-10.63054	-713.959	205.4425	24.35169
-6264.507	-10.63054	-734.53503	208.39478	22.69691
-6502.5767	-10.63054	-753.56433	207.92255	23.45232
-6490.9307	-10.63054	-752.89154	206.85205	23.45232
-6774.7656	-11.08703	-761.23816	250.20282	26.77596
-7402.231	-8.4868	-879.21954	201.42755	34.64907
-7108.947	-5.92998	-825.3569	226.45758	30.0373
-7232.685	-5.92998	-869.61584	177.42664	33.09188
-7099.731	-6.82983	-824.8104	230.45032	30.2279
-6982.2266	-8.4868	-784.4614	266.06995	23.49004
-7107.1675	-9.08314	-721.4871	435.81134	24.09773
-6512.2764	-10.98809	-699.443	271.7779	18.78206
-6388.583	-5.80426	-687.33685	275.25067	18.75478
-6442.3486	-12.2174	-668.6686	344.5484	18.75478
-6233.2334	-10.83634	-660.9616	291.8416	18.24545
-6250.4077	-10.83634	-663.58954	295.34418	18.43085
-6437.199	-18.24545	-675.1845	374.8432	20.29102
-6235.3765	-17.51422	-678.78235	291.87	25.61572
-6145.6035	-17.51422	-666.9695	256.32513	19.52733
-6942.5234	-16.21669	-773.67816	294.14532	24.7509
-6671.6714	-12.62948	-736.6399	251.89941	24.15528
-6463.7583	-14.88415	-723.72485	259.3415	23.21754
-6370.6284	-16.25401	-711.32117	256.73163	23.21754
-6695.21	-12.62948	-742.7024	259.19708	23.21754
-6626.467	-12.62948	-743.6807	229.61859	23.21754
-6526.5483	-10.98809	-739.7381	228.15228	23.21754
-6630.346	-4.3254	-756.6946	219.81097	23.40282
-6683.0234	-8.4868	-754.51917	259.07544	23.21754
-6700.9526	-6.82983	-753.71674	255.17108	23.21754
-6749.357	-8.4868	-754.5759	259.16638	23.21754
-7343.8145	-6.82983	-885.1943	317.45685	33.09188
-7307.6045	-6.82983	-801.67413	294.89703	27.37853
-7257.1616	-7.04364	-771.1229	345.52112	27.37853
-7201.7427	-8.4868	-840.52716	249.56757	28.17564
-7251.2676	-10.98809	-833.5248	306.5293	38.50505
-7246.743	-10.98809	-854.2774	335.10492	38.19183
-7236.416	-10.98809	-827.1952	360.3496	33.09188
-7197.365	-11.44046	-819.7606	293.4828	33.09188
-7210.68	-11.44046	-832.44086	273.30988	35.26114
-7214.8774	-10.19582	-875.7274	273.88342	34.64907
-7177.111	-10.19582	-855.11865	227.469	34.64907
-7182.8384	-10.19582	-868.0822	250.24286	35.22947
-6748.7866	-9.09407	-759.4484	290.48444	21.60812
-6817.655	-9.09407	-739.0425	346.42957	20.47737
-6788.539	-9.09407	-757.98804	352.77844	20.47737
-6794.1904	-10.24273	-781.4144	288.64697	22.6857
-6671.916	-9.11921	-770.3501	231.85596	22.6857
-6640.5244	-3.6656	-765.63715	216.93402	22.6857
-6610.603	-3.6656	-762.65594	216.80109	22.6857
-6695.782	-10.98809	-751.3099	257.5451	22.6857
-6727.0127	-11.44046	-760.20276	278.5039	22.6857
-6579.2085	-11.83952	-736.0632	291.4433	20.47737
-6539.35	-11.44046	-716.3909	271.2574	20.47737
-6641.543	-11.44046	-726.2251	268.01953	21.60812
-6739.132	-8.4868	-738.4168	302.8553	20.47737
-6708.613	-8.4868	-740.4123	292.91022	20.47737
-6683.517	-10.47395	-736.2347	279.112	20.47737
-6811.2046	-10.47395	-746.1202	275.00995	23.45232
-6714.0713	-10.47395	-744.7701	285.85785	20.68348
-6931.59	-9.09407	-782.83344	308.29608	20.68348
-6767.138	-10.47395	-756.4807	320.11426	20.47737
-6883.9507	-10.19582	-732.5432	400.70862	20.47737
-6696.839	-16.53516	-734.01666	328.01727	20.47737
-6695.507	-16.53516	-736.20667	319.26562	20.47737
-6698.3203	-12.85446	-722.3623	341.21045	20.47737
-6711.223	-15.80146	-719.1585	372.80377	20.47737
-6751.3945	-16.53516	-727.54846	356.27258	20.82905
-6778.854	-8.79305	-759.4928	307.3058	20.82905
-6726.8394	-15.96159	-736.2518	333.1435	20.82905
-6790.9824	-15.96159	-742.2697	332.0562	22.14375
-6815.3677	-16.55372	-732.46576	356.28583	20.82905
-6837.074	-12.6661	-738.60767	346.74976	20.82905
-6809.003	-15.78782	-747.46124	356.22906	22.13576
-6950.1045	-15.83616	-741.75226	414.71136	22.13576
-7124.6426	-6.03521	-807.6916	293.03668	23.03474
-7387.8467	-4.3254	-762.25165	347.33734	27.54886
-7037.5767	-13.81957	-778.1743	332.85938	25.99143
-7269.864	-6.03521	-799.1313	328.03094	26.20491
-7529.016	-6.03521	-827.6227	298.22034	30.0373
-7330.1475	-6.03521	-834.3186	237.4607	30.0373
-7274.6343	-5.80426	-857.3497	288.26215	30.0373
-7071.052	-6.03521	-838.17773	220.30298	30.0373
-6981.495	-9.11921	-834.166	247.64648	30.22584
-6855.6187	-9.11921	-814.01697	219.20544	30.22584
-6835.6396	-9.11921	-800.10565	217.36371	30.0373
-6889.8154	-9.11921	-798.4657	214.01733	30.22584
-6592.6934	-9.11921	-770.298	217.13312	24.7509
-6492.006	-9.11921	-771.8707	197.2832	26.21495
-6495.153	-9.08314	-772.00244	203.26099	26.21495
-6675.8857	-9.08314	-785.9722	201.61877	26.88716
-6596.1353	-3.6656	-777.8716	193.27869	26.77596
-6483.0435	-4.70189	-764.7092	196.43738	26.7055
-6493.2603	-4.3254	-774.74976	197.25464	26.7055
-6599.6978	-4.3254	-788.8217	207.49768	26.7055
-6696.0796	-4.3254	-796.42535	193.61682	27.36176
-6730.2524	-4.3254	-798.5426	205.87738	27.36176
-6567.2925	-4.3254	-779.62616	199.81433	24.56118
-6541.05	-4.13811	-776.91705	199.39563	24.56118
-6532.2285	-4.13811	-774.4636	198.65668	24.43549
-6507.666	-7.04364	-761.4166	199.75183	24.43549
-6625.453	-3.6656	-775.08844	198.0163	24.43549
-6732.4785	-3.6656	-792.7666	256.83057	24.65902
-7086.455	-4.3254	-795.5788	223.57257	26.91926
-6977.5537	-7.04364	-776.3684	233.78436	26.91926
-6994.577	-9.09407	-811.639	239.15106	26.91926
-6922.3223	-9.09407	-802.9728	296.86523	23.86004
-6930.2935	-9.09407	-769.57886	256.05188	24.15528
-6920.6562	-11.83952	-806.0306	278.43805	24.15528
-6950.1343	-11.83952	-808.81287	259.6184	26.1624
-6910.429	-11.83952	-772.7846	255.9422	26.1624
-6872.1206	-11.83952	-807.6888	299.64142	25.06802
-6822.2104	-11.83952	-804.0826	260.1258	24.15528
-6752.8784	-12.69145	-758.803	255.56592	24.15528
-6677.3228	-12.69145	-750.70233	255.34296	24.15528
-6963.1206	-10.24273	-769.3275	249.85388	29.39395
-6948.7915	-10.24273	-772.3985	266.4599	24.15528
-6512.926	-5.92998	-753.8721	192.78369	26.31472
-6482.4463	-6.03521	-746.83746	194.88654	24.81566
-6548.5347	-3.6656	-760.27234	190.65723	25.08207
-6524.091	-3.6656	-761.31024	179.66724	26.31472
-6443.7065	-4.13811	-755.9381	178.02844	26.31472
-6647.948	-4.13811	-773.5183	187.12207	26.31472
-6640.115	-4.13811	-772.7175	185.82642	26.31472
-6811.2173	-4.13811	-789.6621	200.06287	26.31472
-6827.717	-3.6656	-776.2693	227.22083	25.31491
-6830.367	-3.6656	-785.1182	209.55853	26.31472
-6736.349	-4.3254	-764.6616	208.04333	26.31472
-6815.4	-9.04912	-765.0777	242.49084	25.17749
-6996.175	-10.98809	-758.484	287.32825	23.49004
-6652.161	-8.25139	-758.66034	221.92755	23.49004
-6653.46	-8.25139	-757.6901	219.92169	23.49004
-6639.697	-8.25139	-743.92773	224.41376	23.21754
-6719.0737	-10.24273	-751.3941	231.73602	26.88716
-6765.9365	-10.24273	-755.6946	266.30347	23.21754
-6646.8477	-10.24273	-744.1445	285.26532	20.47737
-6649.091	-4.3254	-780.1074	213.42694	23.86004
-6618.62	-4.3254	-770.07825	191.22308	23.86004
-6645.1494	-4.3254	-756.3074	207.09857	23.86004
-6777.911	-4.3254	-780.4557	220.25604	24.43549
-6744.1396	-4.3254	-775.0004	223.61713	23.86004
-6733.115	-4.3254	-768.4948	219.09723	23.86004
-6817.9863	-4.3254	-770.1974	220.56549	26.31472
-6895.567	-4.3254	-772.64355	223.23254	26.1624
-6805.86	-6.03521	-758.06854	225.50275	23.86004
-6818.3726	-6.03521	-760.27	226.80719	23.86004
-6715.864	-6.03521	-748.9309	221.77808	23.86004
-6645.66	-6.03521	-752.06726	207.05756	25.06802
-6481.6924	-7.04364	-745.2741	187.4577	23.86004
-6367.736	-7.04364	-740.0654	182.044	23.86004
-6744.257	-7.04364	-775.0653	207.30457	28.17564
-6609.948	-10.24273	-772.7182	170.44409	28.17564
-6697.405	-10.24273	-781.9857	173.45923	28.17564
-6565.16	-10.24273	-759.9606	212.54865	26.91926
-6511.501	-6.32738	-759.6603	195.93054	26.91926
-6511.7666	-10.24273	-759.9273	199.07068	26.91926
-6515.1763	-10.24273	-754.5911	201.08325	26.91926
-6581.374	-5.80426	-792.9094	231.1466	24.65902
-6982.8257	-5.92998	-812.8068	221.60773	29.28648
-6689.95	-5.92998	-803.0652	213.73224	26.7055
-6566.1426	-5.92998	-791.19604	213.69537	26.7055
-6615.426	-5.92998	-765.9715	205.77527	26.7055
-6664.9487	-10.19582	-769.2418	209.16602	24.15528
-6772.528	-8.66173	-800.02527	227.6239	27.36176
-6798.3613	-5.80426	-804.5689	224.8985	27.36176
-6641.5312	-9.11921	-787.5454	206.42285	29.36699
-6639.26	-9.11921	-787.23584	206.34662	29.36699
-6555.0396	-9.11921	-791.046	210.9654	28.40491
-6781.1006	-9.11921	-803.121	214.89148	30.0373
-6879.3916	-8.4868	-833.32855	198.57648	30.0373
-6897.9272	-8.4868	-828.1173	179.74207	30.0373
-6898.121	-6.03521	-791.55945	211.62994	30.0373
-6760.8706	-6.03521	-768.1539	217.30408	27.26857
-6582.1426	-12.62948	-752.8598	220.7232	24.15528
-6534.7354	-12.62948	-749.8682	213.65234	24.15528
-6782.015	-12.56759	-817.15894	179.25732	30.40059
-6975.486	-12.56759	-789.52905	253.98218	30.40059
-7240.828	-9.09407	-791.922	344.547	27.37853
-7232.2964	-9.09407	-787.28845	336.02783	27.37853
-7098.4307	-9.09407	-785.77576	300.43994	24.65902
-7150.2314	-6.03521	-811.1784	312.17938	25.31491
-7227.5664	-5.92998	-795.01807	331.16406	25.31491
-7360.8765	-5.92998	-858.3186	264.04077	33.09188
-7149.3193	-12.2174	-778.85114	351.98248	27.54886
-6986.732	-11.44046	-768.4959	313.57867	23.49004
-7013.318	-11.44046	-770.8958	314.2928	23.49004
-7221.3696	-11.44046	-802.7357	277.6129	26.91926
-7310.6504	-10.98809	-805.3995	344.5561	27.54886
-7206.4536	-8.4868	-790.6268	314.6308	26.21495
-7325.4087	-5.80426	-881.87756	227.92627	33.09188
-7316.0054	-5.80426	-882.91943	234.53821	34.8891
-7309.5435	-5.92998	-887.02936	221.51434	33.09188
-7380.215	-5.92998	-869.3636	299.018	33.09188
-7377.0396	-6.03521	-867.5829	290.19348	33.09188
-7218.653	-5.80426	-871.79474	184.47528	33.09188
-7512.6167	-5.80426	-896.4915	274.8205	36.48998
-7505.917	-5.80426	-875.6133	315.34802	34.64907
-7532.8325	-5.80426	-902.5283	250.1012	37.19006
-7379.891	-5.80426	-895.5102	243.05975	34.64907
-7334.1597	-5.80426	-886.8628	242.96643	34.64907
-7400.252	-3.6656	-884.33545	250.45923	32.59545
-7244.2393	-3.6656	-878.88434	221.59198	32.59545
-7104.0317	-3.6656	-861.62427	198.94849	30.77288
-7067.146	-3.6656	-823.5322	207.45862	29.28648
-7168.919	-3.6656	-817.54315	229.56232	29.28648
-7207.3584	-9.09407	-816.6476	278.01477	28.17564
-7201.2344	-9.09407	-837.8116	254.81354	28.17564
-6924.411	-9.04912	-846.1239	222.2804	30.21963
-7222.1216	-7.04364	-824.5987	241.99103	28.17564
-6969.071	-5.92998	-819.9705	205.74054	28.17564
-6729.306	-5.92998	-810.5189	233.75317	25.17749
-7219.786	-9.04912	-811.6617	278.34088	26.77596
-7112.2153	-8.25139	-833.3718	304.29395	26.77596
-7142.181	-9.04912	-803.9254	281.00732	25.30769
-7022.4365	-9.04912	-837.23846	313.15607	25.30769
-7095.1167	-9.09407	-802.17	294.6734	24.7509
-7060.252	-4.3254	-831.55664	302.41858	24.7509
-7050.3916	-4.3254	-838.8734	303.88684	24.65902
-6984.1387	-4.3254	-830.88885	303.54803	24.65902
-7122.0005	-4.3254	-856.52576	294.6068	26.1624
-7122.96	-4.3254	-825.1273	298.3164	26.20491
-7374.327	-4.3254	-860.6982	247.81451	30.0373
-7143.142	-4.3254	-865.87695	211.05762	30.0373
-7315.3975	-4.3254	-874.60956	230.26764	30.0373
-7191.601	-4.3254	-867.6385	224.86053	30.0373
-7159.758	-9.09407	-859.2634	238.6676	30.22584
-7102.0093	-6.53195	-850.9942	249.22162	30.0373
-7285.82	-4.3254	-895.0924	208.7699	34.8891
-7245.9175	-3.41494	-897.36694	206.94788	34.64907
-7272.5967	-3.41494	-896.978	200.94324	34.64907
-7257.222	-4.3254	-895.8481	214.44708	34.64907
-7336.7593	-4.3254	-893.9558	240.57019	34.64907
-7287.4424	-9.09407	-902.85284	234.71393	30.77288
-7135.907	-9.09407	-848.118	217.72711	30.40059
-7059.5244	-10.47395	-847.5208	220.67194	30.40059
-6980.71	-4.3254	-864.50336	201.1131	30.40059
-6986.249	-4.3254	-863.7183	203.38617	30.40059
-6935.859	-5.92998	-862.03186	195.79688	30.40059
-7068.6895	-5.80426	-838.93414	230.09381	27.62561
-6896.7896	-5.80426	-825.45844	295.01434	24.7509
-6962.9126	-5.92998	-819.986	302.36322	26.1624
-6957.3384	-5.92998	-836.8237	279.10535	26.1624
-6953.433	-5.80426	-806.00354	290.39075	22.69691
-6945.251	-9.09407	-795.5382	262.0288	23.90247
-6754.563	-9.09407	-751.1763	293.51257	21.51581
-6956.066	-9.09407	-806.0299	273.40247	25.06802
-6830.325	-10.98809	-765.5757	250.55573	24.41807
-6928.62	-10.98809	-781.0776	247.87701	26.88716
-6853.361	-12.62948	-771.70465	259.37323	24.7394
-6703.0405	-12.69145	-772.51337	276.94464	24.7394
-6897.793	-12.69145	-798.6761	392.71783	24.65902
-7209.5596	-9.09407	-749.9964	346.21442	24.7394
-7157.4707	-9.09407	-744.4204	346.0287	24.65902
-7047.4355	-10.98809	-736.5212	330.3637	24.65902
-7050.2744	-12.62948	-729.1634	332.18988	24.7509
-7004.5312	-12.62948	-794.15717	230.6673	33.09188
-7046.1245	-12.62948	-798.438	234.41199	33.09188
-6687.068	-15.3043	-732.63446	281.27277	22.91576
-6723.174	-15.83616	-754.6986	256.23395	30.40059
-6465.445	-16.55372	-650.3775	350.94037	19.70974
-7387.301	-3.11481	-773.002	327.0511	27.54886
-7251.2617	-3.11481	-753.8554	335.65704	25.47872
-7311.2295	-6.03521	-747.9092	395.2621	25.47872
-7242.23	-6.03521	-735.86383	437.82684	24.65902
-7238.772	-10.19582	-857.33795	286.3625	34.64907
-7234.3506	-10.19582	-852.91565	280.84265	34.64907
-7254.4097	-10.19582	-868.8861	336.18286	33.09188
-7215.313	-10.19582	-862.02704	249.45367	33.09188
-6867.2686	-6.03521	-792.14655	222.35822	26.31472
-6772.4287	-10.19582	-779.8183	227.33405	24.81566
-6806.914	-10.24273	-774.92255	243.79565	24.15528
-6816.91	-8.4868	-778.2702	240.31427	24.15528
-6758.7803	-5.80426	-761.242	224.69482	24.15528
-6690.865	-5.27439	-759.1578	212.69916	24.15528
-6662.2754	-12.62948	-755.76324	228.00232	27.13057
-6750.8364	-10.98809	-766.7267	227.05176	27.13057
-7002.821	-10.98809	-766.67126	260.70386	27.13057
-7485.0044	-9.08314	-770.70605	333.0625	31.19249
-7377.5093	-9.08314	-767.63586	347.5553	28.17564
-7240.9136	-9.08314	-760.8013	437.50732	26.53034
-6956.322	-6.82983	-817.69507	217.22656	30.2279
-7270.1377	-9.08314	-858.72705	214.62488	33.09188
-7235.101	-9.09407	-854.7713	214.77435	33.09188
-7048.0205	-12.2174	-832.1417	268.36047	30.21963
-7148.5386	-8.4868	-819.44055	339.23755	25.31491
-6894.6675	-5.80426	-852.7284	150.91498	33.09188
-6945.4067	-5.80426	-862.2029	156.21039	33.09188
-7137.833	-6.03521	-893.8942	113.283325	35.22947
-7072.946	-6.03521	-888.67676	108.48572	35.22947
-7081.1274	-6.03521	-898.88104	109.42352	35.22947
-7001.416	-6.03521	-795.458	216.40918	30.22584
-6996.8066	-6.03521	-792.0646	216.25464	30.22584
-6921.9785	-6.03521	-780.44934	215.68036	30.0373
-6909.537	-8.4868	-778.79974	212.23529	30.0373
-7387.8013	-8.4868	-913.1538	169.16028	39.91042
-6837.195	-9.11921	-766.9719	261.91943	23.45232
-6892.9595	-11.44046	-771.3641	255.97736	24.54395
-6815.0376	-6.82983	-763.0798	256.7951	23.86004
-6719.102	-12.62948	-737.9114	256.79858	23.86004
-6996.643	-13.25628	-805.7932	285.18567	33.09188
-6940.5273	-12.62948	-789.85974	210.14099	30.40059
-6815.643	-12.62948	-750.89264	278.20636	23.61153
-6712.361	-10.24273	-754.98773	251.445	23.61153
-6713.3296	-10.24273	-746.4235	247.86298	23.49004
-6706.1914	-10.24273	-770.75165	225.77228	23.49004
-6608.819	-12.62948	-754.8357	233.4342	23.49004
-6489.556	-13.2815	-747.2203	221.14441	24.7394
-6491.5317	-13.2815	-748.0663	219.5155	26.1624
-6492.228	-16.55372	-731.14044	264.57184	23.21754
-6817.707	-13.25628	-767.14764	266.51166	24.81566
-6465.613	-15.83616	-726.28864	263.1964	23.21754
-6356.941	-13.97221	-722.03705	243.63245	24.81566
-6422.6226	-13.97221	-724.2576	246.05194	22.91576
-6554.732	-13.25628	-778.83215	278.17822	30.0373
-6564.9766	-13.25628	-769.68915	256.74188	30.0373
-6762.279	-13.25628	-814.5224	210.67548	33.09188
-6578.4893	-13.25628	-739.62384	244.39587	30.0373
-6403.219	-13.25628	-733.9019	265.1549	22.91576
-6396.9717	-13.25628	-749.45593	225.96606	24.7509
-6049.8843	-15.83616	-658.88477	295.98553	17.37529
-5952.8594	-18.19086	-645.42896	298.39465	20.65559
-6019.84	-13.97221	-670.81946	307.0257	19.26933
-5981.6416	-15.36034	-639.989	275.63025	19.04572
-6057.529	-9.08314	-658.20764	255.19293	19.04572
-6332.399	-7.04364	-680.4261	242.2428	19.70974
-6369.0034	-7.04364	-687.06537	267.49036	19.70974
-6237.5312	-7.04364	-673.5631	237.43335	19.70974
-6251.635	-7.04364	-683.65265	240.69897	19.04572
-6292.5625	-5.92998	-686.19006	255.73328	19.04572
-6365.763	-5.92998	-691.2883	249.57953	20.47737
-6408.317	-7.04364	-694.0853	251.10748	20.47737
-6325.1743	-7.04364	-710.7941	217.18726	23.03474
-6290.2026	-5.92998	-695.1015	228.58563	20.68348
-6266.3276	-10.24273	-703.5232	229.14124	20.47737
-6142.0366	-10.24273	-690.141	225.65613	22.53264
-6107.7	-10.24273	-681.738	228.40643	20.47737
-6192.5674	-12.62948	-684.2616	236.12512	20.47737
-6222.993	-12.62948	-679.5797	254.12396	20.68348
-6112.9062	-15.80146	-670.35956	283.276	20.47737
-6450.1147	-12.62948	-673.29205	358.8542	17.51422
-6203.7466	-17.37529	-665.2617	341.17487	17.51422
-6244.807	-17.37529	-677.84186	311.87396	20.82905
-6189.908	-18.66649	-622.94196	369.1955	19.99211
-6364.3096	-17.51422	-694.14496	303.58472	22.53264
-6405.8677	-19.99211	-659.78	385.08044	24.65902
-6391.0024	-19.99211	-659.60266	370.39062	29.01012
-6245.6914	-19.99211	-647.75323	362.41266	24.65902
-6180.9316	-19.85449	-636.6047	365.1001	22.6624
-6331.1494	-19.99211	-657.675	370.221	21.60812
-6416.8296	-19.85449	-654.55505	353.32483	25.17749
-6337.726	-18.43085	-646.1765	344.56183	25.17749
-6275.022	-18.78206	-646.7215	333.3941	25.17749
-6114.5933	-18.78206	-641.274	322.5905	20.82905
-6200.14	-18.78206	-637.26483	361.53583	23.61153
-6142.133	-18.53034	-638.5895	331.00067	20.82905
-6270.111	-18.53034	-653.7196	319.50867	23.21754
-6346.4336	-19.85449	-662.0982	370.122	23.21754
-6567.9556	-19.85449	-676.2999	439.969	23.21754
-6360.207	-19.85449	-643.9768	470.4287	19.99211
-6480.6646	-16.94896	-671.76886	385.52216	20.64232
-6651.441	-16.94896	-692.11255	359.8014	29.36699
-6568.813	-16.94896	-687.1142	365.34137	22.69691
-6437.5063	-16.94896	-697.19214	318.69476	30.0373
-6505.4253	-16.94896	-727.23755	334.68286	20.82905
-6325.7847	-16.94896	-715.5973	322.59473	30.21963
-6355.98	-16.94896	-717.15405	330.07104	30.21963
-6531.8667	-16.94896	-723.2311	348.161	23.45232
-6461.794	-16.94896	-682.06757	388.85114	19.85449
-6504.8105	-13.97221	-699.2539	363.22668	19.85449
-6673.293	-11.44046	-685.912	356.26074	19.99211
-6658.9473	-13.81957	-714.2673	370.88226	19.99211
-6645.196	-5.80426	-714.3567	365.0172	19.85449
-6665.657	-7.04364	-698.4286	354.5244	19.99211
-6634.5425	-7.04364	-706.1867	309.13312	19.70974
-6585.4663	-7.04364	-706.7081	295.12653	18.53034
-6346.7354	-7.04364	-684.0884	294.51056	18.53034
-6257.2456	-7.04364	-677.91174	293.2799	18.53034
-6667.2944	-7.04364	-697.28796	388.19324	18.53034
-6509.0107	-9.09407	-688.1022	361.70105	17.37529
-6185.347	-16.21669	-657.0223	336.47754	17.37529
-6360.091	-12.62948	-665.12	344.96558	18.24545
-6301.62	-8.79305	-665.2375	303.65607	18.70247
-6300.748	-14.55034	-656.29565	308.5105	18.24545
-6193.6353	-10.98809	-649.9663	308.0019	18.24545
-6116.287	-14.55034	-657.04144	312.63922	18.24545
-6346.914	-14.55034	-678.431	333.1129	17.37529
-6699.6665	-16.64856	-745.7337	316.07037	21.51581
-6304.711	-12.91739	-737.7419	283.56305	22.13576
-6688.489	-8.4868	-770.28046	268.84625	22.13576
-6709.2134	-9.09407	-767.40686	271.5758	22.13576
-6882.763	-9.08314	-784.6264	259.41742	24.15528
-6881.7705	-9.08314	-790.37683	257.21497	24.15528
-6872.4233	-9.08314	-787.8094	256.69574	24.41807
-7146.5347	-9.08314	-783.3347	312.3734	24.15528
-7188.998	-9.08314	-799.78406	321.8568	24.15528
-7170.5117	-8.4868	-804.3872	291.1245	22.6857
-7016.524	-8.4868	-767.271	286.6112	22.6857
-6798.3354	-8.4868	-765.64667	263.12762	22.6857
-6845.3267	-8.4868	-774.88245	265.40955	22.6857
-6859.012	-8.4868	-780.0047	272.62128	22.6857
-6986.0796	-9.09407	-787.5153	277.06464	24.15528
-7093.2744	-9.08314	-796.4154	286.93274	24.15528
-7027.2676	-5.80426	-823.30054	277.2677	24.15528
-7492.559	-4.3254	-769.8508	362.96265	28.56166
-7374.3022	-4.3254	-773.95245	344.95636	27.54886
-7368.519	-6.03521	-774.3668	349.41504	27.54886
-7460.23	-6.03521	-780.1823	335.2398	28.56166
-7324.262	-9.08314	-818.38983	277.45612	29.28648
-7207.4746	-9.09407	-810.16754	277.5711	28.17564
-7056.4653	-11.44046	-793.5852	267.77417	26.88716
-6996.833	-7.04364	-800.2284	258.05396	24.7394
-7102.1143	-3.6656	-826.92334	261.8523	25.31491
-7182.872	-3.6656	-829.36957	264.51935	25.31491
-7118.0	-8.66173	-818.2982	273.9458	24.65902
-7098.8945	-9.45388	-793.88007	315.31	24.65902
-7099.982	-9.45388	-791.959	317.66968	24.65902
-7119.871	-9.45388	-796.79785	309.65527	25.17749
-7144.325	-11.83952	-802.5366	322.59766	25.17749
-7245.9473	-11.83952	-814.99023	275.21448	35.42082
-7056.6953	-11.83952	-794.24646	275.56372	28.07888
-7049.2886	-12.2174	-751.3915	381.14722	21.60812
-7079.5874	-9.09407	-790.2313	303.84875	23.03474
-6808.357	-9.09407	-762.1948	278.9718	23.03474
-6979.3623	-9.09407	-768.9641	327.00024	22.14375
-7052.3574	-9.09407	-764.2035	346.43652	21.60812
-6780.1743	-8.79305	-735.9224	294.54303	20.47737
-6683.714	-8.79305	-749.8011	272.41864	20.47737
-6608.4717	-8.79305	-741.75415	262.68005	20.47737
-6505.5483	-13.25628	-709.60583	289.06073	22.6624
-6360.39	-13.97221	-714.48047	257.9018	20.47737
-6560.619	-12.69145	-723.9884	275.8446	22.14375
-6640.2363	-10.24273	-733.44006	271.25916	20.47737
-6408.297	-12.69145	-707.0873	263.6388	20.47737
-6314.324	-10.63054	-691.84717	251.62341	20.47737
-6374.986	-10.98809	-693.1972	258.2821	20.47737
-6290.312	-10.98809	-692.82776	243.13867	20.47737
-6234.8926	-10.98809	-698.939	250.32037	20.47737
-6311.859	-10.98809	-693.36847	254.90399	20.47737
-6363.3125	-9.45388	-695.9766	258.62183	20.47737
-6331.871	-9.45388	-687.5403	253.34442	20.47737
-6369.5283	-6.03521	-691.0673	249.50946	20.47737
-7411.434	-4.3254	-786.7003	361.1776	28.17564
-7508.729	-4.3254	-863.1722	272.54974	35.33641
-7479.71	-4.3254	-860.4773	253.6825	34.64907
-7014.4062	-12.62948	-782.30975	248.49823	30.40059
-6956.6733	-12.62948	-823.09644	250.3186	30.40059
-6894.473	-12.62948	-808.3536	250.03949	30.40059
-6930.296	-12.62948	-824.0034	251.93677	30.40059
-6739.6143	-13.25628	-808.7592	258.5042	30.40059
-6820.682	-11.44046	-811.8203	244.2998	30.40059
-7279.6426	-9.09407	-826.7689	287.7942	30.21963
-7314.1577	-9.09407	-789.9511	317.67682	29.28648
-7359.282	-9.09407	-789.4576	353.46796	29.28648
-7417.4043	-6.82983	-801.7366	331.12695	29.28648
-7472.9937	-6.82983	-857.3287	253.6607	36.54747
-7181.436	-13.81957	-796.75336	311.18317	30.40059
-7116.39	-13.81957	-793.8629	294.29004	27.49233
-7143.095	-12.69145	-801.3356	293.14026	27.49233
-7014.9297	-12.69145	-789.1796	270.08734	27.49233
-6706.507	-16.28759	-742.29663	293.719	27.51733
-6784.6265	-14.88415	-755.48834	285.72296	32.67904
-6752.5986	-14.88415	-755.99567	280.62372	30.21963
-6577.599	-15.80146	-718.79156	302.17096	20.47737
-6546.0176	-15.80146	-715.8103	302.03802	20.47737
-6545.77	-15.80146	-711.4972	295.44397	20.47737
-6527.9497	-15.11578	-720.33527	298.6759	20.47737
-6462.259	-16.55372	-674.6367	331.11694	19.99211
-6758.8	-16.55372	-698.429	377.37628	20.64232
-6832.0566	-16.55389	-748.14655	345.2083	24.15528
-6719.03	-16.55389	-738.2067	341.09503	24.15528
-6953.045	-16.55372	-760.9995	321.43762	22.6857
-7059.8823	-12.2174	-788.22125	333.6043	22.6857
-6884.879	-12.2174	-785.82	306.68707	22.6857
-6911.5596	-12.2174	-779.40906	331.01465	22.6857
-6820.755	-9.04912	-788.40845	386.2793	22.6857
-6681.3516	-9.04912	-790.2189	333.8573	22.6857
-6878.7295	-9.04912	-818.9038	270.93652	25.47573
-6921.6665	-6.03521	-803.50525	254.18604	25.31491
-6940.4736	-6.03521	-803.3161	260.65485	25.31491
-7125.2075	-9.09407	-850.81354	258.5385	29.28648
-7278.4653	-10.47395	-822.9044	283.03564	29.28648
-7180.2715	-10.47395	-809.06934	312.2943	27.36176
-7077.059	-10.47395	-833.417	302.14185	27.36176
-7072.124	-10.47395	-800.5481	291.69727	26.77596
-7123.3745	-9.09407	-818.65094	250.78119	26.77596
-7206.043	-9.09407	-822.14667	258.26813	26.77596
-6996.478	-5.27439	-797.9512	249.50269	26.7055
-6844.079	-6.03521	-781.01135	254.69067	24.65902
-7044.847	-3.11481	-810.3738	235.61646	26.77596
-6872.641	-8.4868	-793.9199	226.65112	26.77596
-7114.218	-8.4868	-812.85724	246.39398	26.77596
-7005.6064	-4.3254	-826.04865	220.85052	26.77596
-6864.0444	-8.4868	-800.4784	220.55298	26.77596
-7005.365	-6.03521	-818.962	234.66522	26.77596
-7002.547	-6.03521	-821.38824	227.59406	26.77596
-6760.338	-6.03521	-772.33246	227.20752	25.31491
-6839.752	-8.4868	-761.32465	227.96082	25.31491
-6825.984	-8.4868	-761.8006	227.49725	25.31491
-6745.254	-9.11921	-750.83795	232.29388	24.65902
-6770.8306	-6.82983	-763.885	229.61456	24.7394
-6761.5806	-6.82983	-780.96387	247.14844	24.65902
-6693.989	-4.3254	-802.5932	256.37054	24.65902
-6892.3784	-4.3254	-801.2391	256.60553	24.7394
-6851.1787	-4.3254	-811.2126	253.7392	24.7394
-6932.555	-3.6656	-822.1751	252.41327	25.31491
-6952.9395	-4.3254	-809.3044	244.82819	25.31491
-6882.7812	-4.3254	-793.7535	238.35248	24.7394
-7067.71	-10.24273	-798.98236	250.34003	24.7394
-6904.4395	-13.81957	-764.662	281.99304	24.7394
-6958.524	-13.81957	-777.0927	278.6004	26.77596
-6799.9067	-13.81957	-750.8241	277.37622	28.45995
-6998.877	-13.81957	-786.54266	284.0291	26.77596
-6730.9175	-13.2815	-762.8466	245.85437	24.7394
-6791.5156	-13.25628	-777.4851	276.0116	25.61572
-6954.167	-13.25628	-813.8507	263.17993	31.29347
-7158.671	-12.62948	-809.72064	255.3919	31.29347
-7174.089	-12.56759	-798.96625	281.56073	30.40059
-7188.4536	-12.56759	-834.0406	224.45026	30.79455
-7000.0615	-12.56759	-793.735	240.37671	30.77288
-7487.5664	-6.03521	-770.72815	333.1172	28.17564
-7496.543	-6.03521	-903.7537	228.3653	35.26114
-7418.0767	-9.09407	-875.3231	268.1455	35.26114
-7385.3857	-9.09407	-854.7808	247.90521	35.26114
-7403.2153	-4.3254	-857.84314	268.81213	32.2121
-7339.931	-6.82983	-840.70386	264.568	30.40059
-7324.299	-3.11481	-877.34204	211.76477	30.77288
-7344.7573	-6.82983	-874.05066	248.91931	30.77288
-7474.276	-9.09407	-849.32886	258.40552	30.77288
-7412.437	-9.09407	-816.7196	263.88403	30.40059
-6957.5967	-12.62948	-805.9415	244.25366	30.40059
-7186.8604	-12.2174	-847.7007	251.00452	30.40059
-7202.0522	-10.19582	-839.15936	229.18744	30.40059
-7245.894	-10.98809	-811.0494	249.35712	38.01073
-7272.411	-10.98809	-814.19885	250.47314	38.01073
-7197.595	-10.98809	-739.38257	301.8064	25.47872
-7339.1895	-10.47395	-880.97723	205.98749	38.01073
-7244.342	-10.47395	-869.3861	228.28198	36.48998
-7078.885	-10.47395	-841.9424	217.60876	30.40059
-7331.105	-9.09407	-872.8095	221.35297	30.40059
-7353.4155	-4.3254	-878.6376	213.26843	30.40059
-7368.0474	-3.41494	-881.7286	265.04803	30.77288
-7331.2837	-3.11481	-890.44366	208.36249	30.79455
-7325.672	-3.41494	-902.7739	209.0586	30.79455
-7241.5645	-3.41494	-858.56134	188.70184	30.79455
-7098.8105	-3.41494	-844.4002	185.37079	30.77288
-7161.675	-6.03521	-841.3397	205.03137	30.77288
-7193.063	-6.03521	-837.89655	194.1889	30.77288
-7109.4863	-4.13811	-846.1068	209.86414	30.77288
-7080.977	-4.13811	-817.5994	233.77545	29.28648
-7098.1426	-4.13811	-803.80945	237.72803	29.28648
-7087.9556	-4.13811	-806.2806	230.1623	29.28648
-7156.791	-5.80426	-857.9533	245.81586	30.0373
-7301.8643	-5.80426	-851.615	225.57263	30.0373
-7140.687	-5.80426	-851.6536	228.95697	30.0373
-7099.857	-8.4868	-851.1323	232.87476	30.0373
-7086.9355	-8.4868	-864.68756	247.93744	30.0373
-7186.0396	-8.4868	-848.98926	232.81372	30.0373
-7134.771	-8.25139	-865.8023	246.97943	30.2362
-7338.6626	-8.25139	-841.314	259.73138	30.2362
-7416.1123	-8.66173	-841.8352	273.88586	30.2362
-7340.4263	-9.09407	-779.6143	322.29962	30.2362
-7335.2334	-9.09407	-774.42267	339.9184	29.28648
-7271.3657	-9.09407	-793.02856	319.13892	27.54886
-7230.0254	-9.09407	-780.6876	303.79236	27.54886
-7223.653	-9.09407	-786.6192	314.1042	27.54886
-7318.6694	-9.09407	-800.63086	320.57556	27.54886
-7327.427	-9.04912	-805.4697	312.56128	27.54886
-7179.1426	-9.04912	-788.2283	302.72266	24.7394
-7164.9624	-8.66173	-792.5415	287.7168	24.7394
-7175.5845	-6.03521	-790.0704	296.24005	25.06802
-7174.9414	-6.03521	-789.42914	293.42084	24.7394
-7240.201	-6.03521	-784.0911	324.12738	24.7394
-7319.873	-6.03521	-797.2965	299.90894	26.77596
-7250.01	-7.04364	-793.80096	292.4217	26.77596
-7229.65	-7.04364	-790.6004	290.48187	26.31472
-7218.375	-4.3254	-805.85474	274.114	25.61572
-7142.4497	-4.3254	-832.65625	330.88428	25.61572
-7087.1875	-4.3254	-832.28125	309.02905	25.61572
-7093.366	-8.66173	-820.7585	333.37323	25.61572
-7136.3125	-8.66173	-832.60284	321.6397	26.77596
-7257.7534	-6.03521	-838.873	239.6424	26.77596
-7094.104	-8.66173	-825.7448	265.55804	27.13057
-7111.138	-8.66173	-831.17786	296.05457	27.54886
-7178.3374	-8.4868	-859.43414	281.01556	28.45995
-7387.2847	-8.4868	-839.9912	251.98389	27.85872
-7432.6436	-8.4868	-876.2119	243.86108	34.64907
-7294.1353	-8.4868	-894.2211	170.78607	34.64907
-7493.1553	-4.3254	-923.88055	209.5805	35.22947
-7346.46	-4.3254	-853.87177	285.8686	26.77596
-7282.3477	-5.92998	-844.3985	293.48773	26.77596
-7230.08	-8.25139	-833.99445	309.3238	26.77596
-7202.1016	-9.09407	-809.8601	276.37695	25.31491
-7125.2285	-4.13811	-805.1705	272.13507	25.31491
-7120.6816	-4.13811	-824.09186	310.60944	25.31491
-7104.7207	-3.6656	-815.02185	250.52295	25.31491
-6981.153	-3.6656	-791.5658	283.29968	23.49004
-6727.769	-10.19582	-788.4415	223.2558	23.49004
-6633.463	-12.2174	-773.6135	246.2555	23.49004
-6727.793	-12.2174	-786.74475	232.38208	24.65902
-6625.3125	-11.83952	-777.5247	231.57	26.1624
-6618.6196	-5.80426	-788.90515	255.2594	23.49004
-6633.303	-11.83952	-770.1124	213.094	23.49004
-6892.125	-11.83952	-796.03937	260.3996	23.49004
-6835.3325	-4.3254	-816.72296	302.024	23.49004
-6792.5225	-6.32738	-777.3793	269.45715	22.69691
-6791.3584	-6.32738	-779.26904	269.71326	22.69691
-6674.6665	-6.03521	-728.4771	253.22784	22.69691
-6925.5166	-6.03521	-771.1403	261.1176	23.49004
-6787.784	-11.83952	-773.4341	270.90857	22.69691
-6999.699	-12.85446	-790.3806	339.9773	27.36176
-6874.3193	-12.85446	-734.12177	406.76422	21.60812
-6428.6543	-12.85446	-689.4553	355.73193	19.52733
-6507.2124	-17.37529	-699.2141	307.03485	30.2279
-6678.753	-17.27208	-728.14124	303.6256	30.2279
-6875.8423	-16.55372	-750.2655	275.66553	30.2279
-6652.14	-13.81957	-754.3015	254.08429	28.07888
-6615.202	-16.55372	-751.0986	258.2281	30.2279
-6577.8223	-16.55372	-749.3028	257.6584	30.2279
-6549.8687	-16.55372	-744.26117	256.96155	30.2279
-6726.1387	-16.55372	-766.7211	284.02924	30.77288
-6819.988	-16.55372	-769.9011	293.39624	30.77288
-6668.3286	-16.64856	-754.335	279.44867	24.7394
-6623.365	-16.64856	-750.2105	279.46246	23.21754
-6792.601	-16.53516	-771.89056	288.8365	30.77288
-6761.2017	-13.2815	-759.0144	265.59082	23.49004
-6709.208	-16.53516	-760.82086	310.91937	23.49004
-6608.337	-16.64856	-757.0734	290.279	28.07888
-6620.9507	-14.55034	-756.6639	281.5003	24.15528
-6607.9966	-16.64856	-755.6504	291.26355	23.49004
-7000.224	-12.69145	-815.36646	309.8905	30.40059
-7082.0933	-12.69145	-808.9079	340.73663	30.40059
-7042.722	-12.69145	-812.4043	272.05457	30.40059
-7042.9976	-14.55034	-806.03204	285.6269	30.40059
-6955.1055	-16.28759	-772.2829	320.97174	23.49004
-6873.376	-15.36034	-698.1016	375.88678	20.60826
-6738.647	-15.36034	-686.39197	374.20886	20.60826
-7141.6816	-12.2174	-791.47064	311.04242	26.21495
-6427.506	-13.97221	-731.3257	243.72021	24.09773
-6927.212	-13.97221	-780.8852	279.46466	30.52903
-6897.031	-13.97221	-776.74774	274.06305	30.21963
-6671.408	-14.39771	-745.7408	250.08093	23.49004
-6728.981	-14.39771	-749.96344	250.38654	24.7394
-6750.4175	-15.83616	-755.30414	262.8341	24.7394
-6701.951	-15.83616	-740.57715	267.53204	24.65902
-6874.432	-16.28759	-764.496	297.6073	23.49004
-6542.47	-12.85446	-728.9596	257.98834	21.60812
-6565.9893	-16.55372	-721.02454	304.74036	20.47737
-6609.996	-16.55372	-734.69867	276.67114	23.61153
-6928.9727	-16.55372	-771.2672	295.9441	23.61153
-6843.583	-12.62948	-764.8298	256.07935	24.54395
-6742.4473	-10.98809	-753.9313	251.31824	23.61153
-7043.3457	-10.98809	-806.312	218.16028	30.40059
-7090.2935	-10.24273	-806.0953	229.75592	30.40059
-6998.9478	-10.24273	-819.233	205.15839	30.40059
-6857.548	-10.98809	-772.6799	246.05164	25.61572
-6930.9443	-8.4868	-777.12396	237.16217	25.61572
-7071.911	-7.04364	-791.2691	243.1192	27.36176
-6905.367	-7.04364	-783.5928	231.43115	24.7394
-6977.2876	-6.03521	-793.81494	240.72827	24.7394
-7093.884	-6.03521	-797.737	228.28424	25.31491
-6955.0435	-5.27439	-798.5457	244.9737	25.31491
-6800.3237	-5.27439	-796.6229	217.90167	25.31491
-6631.0957	-5.27439	-777.55963	202.41217	24.7394
-6731.1514	-5.27439	-800.77637	241.3739	24.7394
-6704.8584	-8.4868	-795.4233	236.74176	24.65902
-6606.3735	-8.4868	-795.7757	214.49463	27.13057
-5950.6567	-13.2049	-673.2125	230.20496	22.13576
-6084.3315	-13.2049	-679.27954	238.91034	21.85575
-6106.666	-13.2049	-685.3126	235.79755	23.49004
-6145.1133	-12.6661	-701.53094	227.71674	23.49004
-6147.826	-12.6661	-711.6407	231.48676	23.49004
-6098.466	-12.6661	-705.4566	224.55603	24.65902
-6074.23	-12.6661	-701.1649	224.05951	23.49004
-5991.4697	-12.6661	-691.0744	222.3252	23.49004
-6164.076	-12.6661	-709.06805	207.41534	30.40059
-6033.926	-12.6661	-680.33203	212.09271	23.49004
-6115.816	-12.56759	-689.20105	219.69836	23.49004
-6140.8125	-12.56759	-689.0476	223.75366	23.49004
-5955.1177	-15.78782	-670.2932	231.41516	24.65902
-5765.4907	-14.39771	-649.7853	219.26392	23.49004
-5784.1787	-14.39771	-649.2166	225.02667	23.49004
-5945.601	-5.27439	-685.0301	180.57434	24.15528
-5808.7856	-5.27439	-667.3353	180.18347	23.49004
-5862.557	-12.69145	-667.69196	187.06232	24.15528
-5930.538	-10.93273	-690.9449	198.77374	23.49004
-6033.478	-9.04912	-703.69836	189.48212	23.49004
-6057.4897	-9.04912	-715.3885	201.79279	24.81566
-6098.6396	-9.04912	-697.90625	202.01239	23.49004
-5881.8525	-11.08703	-682.0415	208.7312	23.49004
-6081.095	-11.08703	-699.28296	189.06421	24.15528
-6021.275	-13.97221	-680.1873	215.68634	23.49004
-5988.865	-12.6661	-680.34076	207.7995	23.49004
-5869.2827	-10.93273	-664.9355	194.5838	23.49004
-6026.5947	-6.82983	-704.70776	184.78857	23.49004
-6006.8145	-6.82983	-699.58545	183.73096	23.49004
-5967.665	-6.82983	-699.6847	184.52911	23.49004
-5955.2373	-6.82983	-687.2549	189.88837	22.6857
-6005.9233	-6.82983	-737.4322	161.88153	30.11663
-6142.1934	-3.11481	-698.1561	197.15656	22.6857
-6259.8047	-3.11481	-725.71594	200.10065	22.6857
-6336.9663	-3.6656	-742.34296	206.93018	22.6857
-6422.5254	-6.82983	-752.4032	208.54895	22.6857
-6264.5464	-6.82983	-721.7142	221.09729	22.6624
-6164.9634	-8.4868	-717.63214	214.13281	20.64232
-5977.1436	-8.4868	-690.5531	213.79187	20.64232
-6069.233	-12.62948	-693.74567	226.17505	23.15758
-6068.889	-12.62948	-694.8166	224.71832	21.84527
-6046.21	-12.62948	-686.85846	233.52686	20.64232
-5833.895	-12.85446	-677.7061	241.91321	20.64232
-5732.6016	-12.85446	-666.6449	205.82788	24.7394
-5645.398	-12.6661	-636.1282	219.98914	20.64232
-5674.4673	-12.6661	-641.4354	222.8053	20.65559
-5841.829	-12.6661	-657.21844	216.27771	20.79233
-5801.4487	-12.6661	-676.6126	181.16711	22.53264
-5688.8447	-12.85446	-639.0095	205.41296	23.21754
-5599.6636	-13.56829	-608.3429	235.89038	23.21754
-6329.02	-19.50135	-642.6017	357.2661	24.65902
-6259.7007	-19.85449	-622.1525	382.3952	19.14834
-6596.5454	-16.55372	-722.1689	307.54633	22.14375
-6703.1714	-16.55372	-742.74585	284.93848	23.21754
-6701.4766	-15.96159	-741.0494	273.9168	25.61572
-6744.976	-15.96159	-745.20844	275.76648	29.39395
-6694.0264	-16.28759	-753.3433	257.30157	23.49004
-6626.0312	-16.28759	-751.2911	245.0451	23.49004
-6552.73	-16.28759	-749.63293	244.81677	26.1624
-6644.502	-12.62948	-744.56104	239.28015	23.49004
-6808.1597	-12.62948	-753.2912	273.60907	23.49004
-6733.857	-12.2174	-754.86487	253.72705	25.17749
-6805.666	-10.24273	-774.953	251.63232	24.65902
-6796.49	-10.24273	-765.7779	258.56512	23.49004
-6678.2075	-11.83952	-759.37115	254.14893	23.49004
-6652.9893	-11.83952	-751.6612	253.51318	23.49004
-6740.8574	-11.83952	-760.2472	260.32538	24.09773
-6744.822	-11.83952	-758.82043	258.55365	23.49004
-6647.5293	-13.81957	-754.067	270.95874	23.49004
-6959.47	-13.81957	-811.6693	196.35931	33.09188
-6958.8184	-10.47395	-824.1548	200.65857	33.09188
-7047.202	-9.08314	-838.99884	176.945	33.09188
-7037.459	-9.08314	-851.33856	165.77502	33.09188
-7227.94	-4.3254	-881.2	177.95905	33.09188
-7105.506	-4.3254	-852.7481	171.74469	33.09188
-7156.694	-6.03521	-854.69684	176.63226	33.09188
-7401.4946	-6.03521	-910.1897	147.09546	38.01073
-7483.528	-6.03521	-900.96045	201.15955	38.01073
-7534.061	-4.3254	-896.204	219.72314	38.01073
-7458.3555	-6.03521	-915.40015	185.29578	35.22947
-7368.217	-6.03521	-890.6237	167.22382	35.22947
-7210.9062	-3.6656	-843.3806	207.54321	32.59545
-7167.0938	-3.6656	-878.2968	197.39398	32.59545
-7178.188	-3.6656	-876.52203	204.26349	32.59545
-7000.3223	-3.6656	-869.8712	194.42932	30.40059
-7117.9404	-3.6656	-830.42664	194.48572	30.40059
-7152.132	-3.6656	-836.25464	197.67761	30.40059
-7083.9365	-5.92998	-825.5929	198.03326	30.40059
-7053.2817	-6.03521	-830.5868	188.85663	30.40059
-7218.9478	-6.03521	-837.2376	209.57062	30.77288
-7196.044	-6.03521	-832.7303	210.69037	30.40059
-7190.5796	-8.4868	-834.50507	203.82074	30.40059
-7287.3535	-8.4868	-831.2985	207.0683	30.77288
-7173.7666	-3.11481	-854.6999	196.47797	30.77288
-7157.9507	-3.11481	-867.1609	196.16467	30.77288
-7158.585	-3.11481	-865.14606	198.81427	30.77288
-7124.232	-3.11481	-862.83105	200.44312	30.0373
-6895.782	-3.11481	-833.8855	177.7984	27.54886
-7009.893	-3.11481	-838.48236	199.68182	27.54886
-7190.858	-3.11481	-884.24384	160.08441	35.22947
-7072.7905	-3.11481	-842.93005	187.34497	28.17564
-7029.369	-3.11481	-799.51013	231.17114	27.54886
-6913.8613	-3.11481	-790.6003	218.18646	26.20491
-6459.5195	-18.75478	-647.0976	442.8736	20.68348
-6614.717	-18.75478	-665.5652	440.46924	23.21754
-6598.901	-19.04572	-663.64386	442.68158	23.21754
-6716.4155	-16.94896	-686.1321	388.8733	21.85575
-6755.28	-16.94896	-697.01855	367.1405	27.51733
-6614.3486	-19.70974	-659.0554	471.42798	19.35933
-6569.1807	-18.24545	-668.0635	435.42725	19.70974
-6750.887	-16.64856	-688.71893	388.0904	19.85449
-6904.5	-13.81957	-705.3682	395.16962	21.85575
-7227.4414	-12.56759	-813.4713	325.2157	30.40059
-7040.76	-13.81957	-808.5612	352.1247	30.40059
-6999.106	-13.81957	-800.3749	360.24475	24.7394
-7136.812	-13.81957	-803.5637	356.17053	27.54886
-7067.053	-14.88415	-795.857	289.36237	28.3981
-7090.991	-13.81957	-789.30133	311.1529	27.36176
-6847.581	-13.81957	-741.1754	362.32642	21.51581
-6924.609	-13.81957	-758.761	313.76086	22.21844
-6899.899	-13.81957	-728.75836	440.21857	21.51581
-6992.9536	-9.08314	-756.67566	399.46582	21.51581
-6872.615	-15.33938	-744.22754	377.86145	21.51581
-6780.0933	-15.01437	-734.06995	375.47205	21.51581
-6880.2793	-15.01437	-760.1129	334.1704	22.13576
-6668.209	-9.45388	-745.7604	295.68604	22.13576
-6750.3027	-13.25628	-730.7595	293.5393	21.51581
-6718.7646	-8.66173	-748.69794	284.45782	21.51581
-6626.112	-14.55034	-752.161	317.5078	22.14375
-6698.034	-14.55034	-756.5926	297.56012	22.63494
-6668.731	-14.88415	-752.1549	297.73218	22.63494
-6661.486	-15.01437	-746.4044	295.2351	22.63494
-6696.9165	-15.01437	-741.1307	293.41034	20.82905
-6574.1006	-15.01437	-731.24536	259.25958	23.45232
-6404.0264	-15.33938	-717.54095	244.6485	20.82905
-6457.9336	-11.83952	-711.74634	251.92896	20.82905
-6579.483	-11.83952	-722.94366	275.26813	20.82905
-6663.996	-6.03521	-721.9044	268.52057	20.82905
-6692.521	-6.03521	-750.9793	293.7674	20.82905
-6658.9824	-6.03521	-720.93866	267.88428	20.82905
-6738.907	-6.03521	-734.8368	272.29462	20.82905
-6626.622	-11.83952	-727.9582	277.5268	20.82905
-6753.5317	-13.25628	-739.03156	353.36127	20.82905
-6719.953	-9.09407	-744.7386	302.52875	20.82905
-6716.789	-9.09407	-741.5764	301.53748	20.47737
-6667.409	-9.09407	-692.1961	346.8022	18.97013
-6702.621	-13.25628	-717.5242	407.2954	18.24545
-6636.592	-13.25628	-712.7931	407.09583	18.24545
-6302.9688	-8.79305	-679.20483	265.23608	19.04572
-6242.6357	-13.25628	-673.095	263.88257	19.04572
-6438.9414	-11.83952	-695.4503	298.18213	19.85449
-6541.369	-11.83952	-698.1248	330.64362	19.85449
-6608.1387	-11.83952	-711.379	332.4115	18.24545
-6540.9414	-13.25628	-699.5734	366.4333	19.04572
-6552.599	-13.25628	-700.7898	368.72278	18.75478
-6638.0635	-10.83634	-712.0336	327.24384	18.24545
-6602.8745	-10.83634	-709.67444	301.64502	20.65559
-6546.1265	-8.25139	-707.4398	300.04578	18.24545
-6437.6025	-10.19582	-676.40216	309.85645	18.75478
-6639.222	-16.55389	-702.5319	369.80377	17.51422
-6221.0503	-17.51422	-668.1996	295.69592	23.03474
-6414.726	-16.55372	-685.21924	317.95007	18.75478
-6493.7446	-10.19582	-683.0442	326.61218	18.75478
-6558.5806	-8.25139	-707.86633	281.07703	18.75478
-6594.105	-8.25139	-705.30066	293.07593	18.75478
-6571.2485	-12.2174	-697.8326	299.29926	20.65559
-6465.9893	-9.11921	-696.2308	278.4439	18.75478
-6668.876	-16.55372	-679.67993	379.28564	18.24545
-6696.5215	-16.55372	-681.83716	377.1947	19.70974
-6436.124	-16.55372	-679.722	292.44818	19.70974
-6302.06	-18.19086	-677.2041	314.18225	18.75478
-6034.1577	-17.37529	-652.39984	306.02838	18.97013
-6237.2275	-16.55372	-670.0475	282.94824	19.70974
-6125.185	-16.55372	-647.87695	306.44745	18.75478
-6125.16	-16.55372	-649.98676	303.92303	18.75478
-6160.9673	-15.96159	-664.422	291.1703	18.75478
-6049.1294	-6.03521	-661.74756	256.06897	18.75478
-6200.414	-6.03521	-670.4596	258.12006	18.75478
-5978.561	-15.96159	-634.77783	279.91077	18.75478
-6105.3955	-8.25139	-671.6649	260.99542	18.75478
-5946.708	-11.08703	-642.79865	261.5451	18.75478
-5974.8525	-16.25401	-651.8519	271.8476	18.75478
-6196.85	-8.4868	-672.70715	275.33215	17.37529
-6394.8735	-6.03521	-680.58124	293.8725	17.51422
-6362.5	-7.04364	-673.911	290.9392	17.51422
-6344.7	-7.04364	-670.7886	287.9521	17.51422
-6376.312	-7.04364	-668.22296	283.45392	17.51422
-6240.6675	-8.4868	-647.5248	323.05798	17.51422
-6278.634	-12.2174	-673.79333	264.3106	18.75478
-6286.367	-9.11921	-682.7078	275.25458	18.75478
-6287.671	-9.11921	-681.3896	271.6999	18.75478
-6283.0986	-13.81957	-672.6494	265.49976	18.75478
-6320.3457	-11.08703	-677.0869	262.01184	18.75478
-6786.5923	-16.64856	-714.4269	376.4944	30.2279
-7055.1187	-16.55372	-765.6371	342.65063	24.15528
-6987.306	-16.55372	-769.0941	321.74622	24.15528
-6663.8013	-13.97221	-766.0556	267.55316	24.81566
-6679.101	-13.97221	-764.02936	269.32745	24.81566
-6642.8433	-13.97221	-766.0249	267.26575	24.81566
-6665.198	-14.09013	-768.5224	270.74335	24.81566
-6973.4854	-14.09013	-797.54974	282.13275	22.69691
-6740.0396	-14.09013	-746.8445	280.12903	22.69691
-6962.7485	-12.62948	-792.918	273.19122	29.28648
-6856.422	-10.98809	-781.6788	246.15424	29.28648
-6936.8726	-10.98809	-784.60535	247.19885	29.28648
-6859.819	-12.62948	-786.1781	257.48206	28.3981
-6662.0034	-14.09013	-761.78906	259.93256	28.3981
-6703.7495	-14.09013	-776.27563	243.47723	30.40059
-6666.9917	-14.88415	-772.1717	247.31403	30.40059
-6505.9253	-14.88415	-769.14197	224.75012	31.90742
-6851.437	-14.88415	-797.428	335.62207	30.40059
-6619.3613	-14.88415	-783.3855	228.83325	30.40059
-6620.0435	-14.88415	-752.94104	231.71112	30.40059
-6658.582	-14.09013	-757.051	226.79865	30.40059
-6570.7417	-14.09013	-754.7095	218.78528	30.40059
-6510.2227	-14.09013	-749.09973	214.68622	30.40059
-6859.174	-13.81957	-804.90375	233.50409	30.40059
-6780.453	-13.81957	-726.18317	266.63562	28.56166
-6764.614	-13.81957	-723.8679	265.445	28.56166
-6846.945	-13.81957	-806.19855	228.70343	30.40059
-6717.655	-13.81957	-783.6709	212.43732	30.40059
-6894.7065	-10.19582	-826.8185	183.4942	34.64907
-7158.1396	-10.98809	-842.60974	191.48376	36.48998
-7138.2974	-10.98809	-839.3257	189.40039	36.48998
-7235.073	-10.98809	-827.1581	228.99463	38.50505
-7210.8545	-10.98809	-802.9391	231.82959	30.0373
-7275.833	-9.09407	-837.2599	243.42578	30.0373
-7214.124	-6.82983	-861.0209	272.5808	30.0373
-7147.216	-11.44046	-810.5327	262.8783	30.0373
-7217.567	-11.44046	-813.9796	268.18823	30.0373
-7006.8916	-10.19582	-820.392	248.58673	30.0373
-7055.1426	-10.98809	-796.31805	224.25653	30.0373
-7026.111	-6.82983	-829.0044	229.90063	30.21963
-6984.8164	-6.82983	-787.6338	219.39618	30.0373
-7082.3247	-6.82983	-817.8407	228.10132	30.0373
-6929.336	-10.98809	-775.32697	223.42499	30.0373
-6896.058	-9.08314	-815.6825	240.34229	30.0373
-6709.3823	-9.08314	-807.2144	234.3305	30.0373
-6719.574	-9.08314	-806.4525	238.34155	30.0373
-6706.184	-10.19582	-790.8171	211.34857	30.0373
-6639.0854	-10.47395	-756.0722	221.85828	30.0373
-6683.42	-9.08314	-804.63165	228.17657	30.0373
-6782.5493	-9.08314	-796.2313	214.66278	30.0373
-6884.3877	-9.08314	-781.37897	214.06989	30.0373
-7044.674	-9.08314	-794.2397	222.2862	30.0373
-6965.9497	-9.08314	-805.63336	229.54828	30.0373
-7254.2217	-6.03521	-872.71814	167.39404	34.64907
-7217.7593	-9.08314	-872.15643	178.24677	33.09188
-7241.2666	-9.08314	-877.76807	180.49585	36.54747
-7138.331	-10.83634	-861.51495	197.17548	36.54747
-6754.712	-10.83634	-769.5277	244.50873	27.36176
-6879.171	-10.83634	-786.69244	253.04291	27.36176
-7232.855	-10.83634	-853.5559	203.7008	33.09188
-7235.2227	-6.03521	-858.1877	204.893	33.09188
-7291.373	-6.03521	-857.55365	196.45258	33.09188
-7281.449	-6.03521	-855.73236	194.768	33.09188
-7385.7676	-6.03521	-855.64044	282.60468	33.09188
-7413.7866	-6.03521	-866.02563	285.08142	33.09188
-7362.362	-6.03521	-853.8734	277.99426	33.09188
-7432.9937	-5.27439	-850.9247	278.09302	33.09188
-7411.088	-9.09407	-862.305	290.16815	33.09188
-7480.6123	-9.09407	-831.78925	254.96808	33.09188
-7424.6567	-9.09407	-849.40686	269.47156	33.09188
-7186.5806	-13.97221	-816.4642	299.42548	33.09188
-7232.977	-13.25628	-840.8202	296.67615	33.09188
-7373.5244	-10.47395	-841.2688	287.66028	33.09188
-7231.069	-15.3043	-771.9389	344.2751	27.85872
-7123.5005	-13.81957	-784.7303	358.6219	26.7055
-7073.365	-13.81957	-780.3382	357.25214	26.7055
-7233.989	-15.83616	-781.72266	336.80872	33.09188
-7176.7017	-15.54405	-767.4509	330.57422	30.2362
-7140.7676	-15.83616	-778.5056	344.88	24.7509
-7156.997	-10.19582	-767.3753	367.435	25.99143
-7174.0	-10.19582	-766.58075	377.2625	26.7055
-7000.0728	-15.83616	-780.8379	296.0713	24.65902
-6869.016	-15.83616	-770.45	290.4781	28.3981
-6926.102	-15.83616	-769.77936	287.50385	24.65902
-6770.3945	-15.83616	-736.4198	293.9287	24.19617
-6075.638	-20.47737	-616.24036	357.03986	31.96211
-6119.5913	-19.12933	-626.0823	343.0238	17.00725
-6160.4517	-20.17996	-644.65735	334.57184	20.82905
-6132.7285	-20.17996	-616.9336	364.33002	19.35933
-6098.5786	-19.25949	-613.8211	364.3283	19.35933
-6208.796	-20.17996	-621.91614	361.5843	19.99211
-6312.008	-21.85575	-632.93835	376.04663	19.99211
-6370.5957	-19.12933	-640.3223	383.68463	19.99211
-6523.6265	-19.12933	-664.28345	383.92493	21.85575
-6914.9946	-16.64856	-733.74756	344.15723	30.2362
-6714.538	-16.64856	-709.815	362.15924	25.17749
-6626.1904	-18.37289	-700.68964	373.68182	26.31472
-6447.259	-19.99211	-659.4315	486.22668	23.86004
-6686.2554	-19.99211	-703.2842	419.42334	25.17749
-6557.7744	-18.37289	-710.37585	363.49146	27.49233
-6564.287	-17.27208	-695.8986	365.35455	24.15528
-6525.6567	-17.27208	-695.6036	358.80475	22.6857
-6318.8315	-18.37289	-649.0507	398.5943	20.64232
-6638.9165	-18.37289	-682.58044	377.58606	21.85575
-6678.259	-18.37289	-688.0474	369.8626	22.53264
-6466.636	-18.37289	-706.8363	323.68127	20.82905
-6460.8354	-18.37289	-716.5906	326.78857	24.65902
-6562.798	-17.51422	-722.1262	330.68652	24.7394
-6201.652	-17.51422	-682.7026	261.71332	21.85575
-6166.9014	-15.96159	-681.0887	261.13452	23.03474
-6686.7476	-17.51422	-724.1613	370.1303	21.85575
-6666.299	-9.09407	-749.9935	283.46802	21.85575
-6719.3955	-16.55372	-730.21106	353.2378	21.85575
-6778.0938	-11.83952	-749.12085	301.39807	21.85575
-6825.7515	-6.03521	-758.2923	298.54816	22.13576
-6611.21	-6.03521	-728.47504	253.14124	21.85575
-6752.429	-11.83952	-746.24457	301.29645	21.85575
-6856.0337	-11.83952	-761.39374	298.6535	22.6624
-6825.7056	-6.82983	-760.11505	272.14447	22.6624
-6826.7925	-6.82983	-754.5259	277.58972	22.6624
-6584.3857	-6.82983	-745.9679	261.47327	22.6624
-6490.8506	-6.82983	-718.1484	237.7945	22.6624
-6591.0547	-6.82983	-747.0491	214.44965	23.21754
-6606.166	-6.82983	-754.46094	222.1499	23.21754
-6581.495	-8.79305	-746.771	231.23071	23.21754
-6476.072	-8.25139	-732.26294	210.35718	23.21754
-6414.712	-8.79305	-733.09424	212.84003	23.21754
-6429.9966	-8.79305	-734.8533	220.18158	23.21754
-6430.015	-8.79305	-734.1592	216.05292	23.21754
-6333.11	-6.03521	-729.75714	203.95868	23.21754
-6284.233	-6.03521	-716.245	190.9925	23.21754
-6207.531	-6.03521	-714.3296	187.87042	23.21754
-6339.3364	-10.98809	-732.1311	189.67578	25.61572
-6359.3486	-10.98809	-732.4994	199.37756	26.90329
-6404.3887	-10.98809	-738.2892	187.72595	30.2279
-6557.665	-9.11921	-808.4406	148.013	33.09188
-6647.5864	-10.98809	-812.4641	150.60962	33.09188
-6876.082	-10.19582	-827.41113	158.01593	34.64907
-6594.8105	-6.03521	-819.1572	126.44794	34.64907
-6681.373	-6.03521	-831.96136	126.85211	34.64907
-6803.6274	-6.03521	-843.003	142.00372	34.64907
-6800.0176	-5.27439	-847.85596	127.75061	34.64907
-6752.0845	-5.92998	-844.6197	127.38788	33.09188
-6967.32	-4.3254	-844.3609	152.37457	33.09188
-6983.195	-4.3254	-848.7847	163.82507	33.09188
-6953.563	-7.04364	-854.6224	162.59528	33.09188
-6940.267	-7.04364	-856.60736	158.11542	33.09188
-6918.154	-7.04364	-848.3747	144.23389	33.09188
-6928.792	-7.04364	-846.3897	146.68176	33.09188
-6821.933	-7.04364	-784.0993	218.61646	28.17564
-6758.87	-6.82983	-777.7337	218.30298	28.17564
-7008.8433	-6.82983	-860.8772	166.82996	38.01073
-7004.498	-6.82983	-847.5778	162.57007	34.64907
-7024.5107	-4.3254	-853.85297	166.75317	34.64907
-6899.8945	-4.3254	-865.06915	156.63513	34.64907
-6925.8374	-4.3254	-862.2664	161.67511	34.64907
