-3849.768	-116.11183	-1064.8932	81.59631	149.62454
-3757.8772	-145.20337	-1015.1993	111.15729	149.62454
-3700.6357	-152.403	-1020.8324	82.01453	145.20337
-3853.147	-117.03864	-1077.7528	46.427124	159.20638
-3785.7822	-116.11183	-1019.33386	145.23633	145.20337
-3624.2212	-116.11183	-1016.9728	48.519775	148.16591
-3625.7112	-145.20337	-1018.88556	39.0058	157.1538
-3582.3271	-146.81595	-999.0449	62.424683	149.62454
-3716.3152	-138.8136	-1037.6392	57.09778	147.03775
-3736.8274	-142.87265	-1027.1199	102.19873	145.62318
-3730.5059	-145.62318	-1030.3274	77.8302	149.62454
-3731.3274	-145.20337	-1012.9757	81.718506	149.62454
-3701.711	-145.20337	-1023.7894	66.30127	149.62454
-3752.27	-142.15053	-1046.2043	46.353516	158.40257
-3818.3484	-129.4343	-1028.641	135.25012	149.62454
-3873.5117	-142.87265	-1087.6736	59.97473	151.80461
-3746.9202	-134.24387	-961.79407	163.71875	147.03775
-3740.065	-109.15797	-1014.7259	86.2099	147.34499
-3584.7808	-137.67381	-940.7444	169.73486	142.87265
-3557.488	-129.10553	-950.963	141.39978	140.6333
-3516.258	-125.74078	-944.8668	100.73828	138.8136
-3549.0159	-129.10553	-954.90137	110.6272	140.6333
-3460.425	-129.10553	-936.46924	103.390015	140.6333
-3301.4749	-120.58631	-904.0507	66.024536	138.8136
-3334.5515	-120.58631	-888.82324	114.328125	138.49104
-3300.932	-109.15797	-907.9557	81.41913	140.6333
-3739.5203	-138.8136	-1015.05255	73.93268	145.62318
-3815.1106	-138.8136	-1074.1411	34.680542	152.81738
-3768.4873	-138.8136	-1044.0197	66.42529	149.62454
-3597.3018	-139.43135	-1005.96826	53.24109	145.20337
-3633.949	-142.87265	-1006.4727	65.81268	145.20337
-3594.6582	-139.43135	-1008.61914	33.964966	168.46349
-3603.3442	-147.16432	-964.2756	115.676575	144.08519
-3572.7083	-125.66463	-933.6396	137.7038	143.31894
-3626.553	-141.64267	-975.64795	153.20874	143.31894
-3636.6794	-142.29216	-974.96967	139.81805	143.31894
-3512.165	-137.07285	-934.57056	153.97937	142.87265
-3697.6694	-146.81595	-1031.4814	48.024414	152.81738
-3728.1528	-147.16432	-1031.4529	61.977783	152.81738
-3773.0251	-149.62454	-1004.768	107.80426	156.002
-3813.1074	-138.8136	-1044.8505	103.159424	149.62454
-3751.9958	-156.002	-983.7388	126.90283	149.62454
-3733.8098	-149.62454	-1012.85364	154.89905	156.50897
-3785.6785	-116.11183	-1028.1383	136.32837	145.20337
-3683.5657	-116.11183	-990.1353	158.38055	145.04329
-3533.517	-116.11183	-964.3779	108.46289	145.04329
-3565.0999	-144.64003	-971.79956	117.47937	145.04329
-3839.1619	-147.03775	-1054.0359	90.63855	151.80461
-3873.5122	-142.87265	-1087.6736	59.97473	163.9469
-3736.1467	-129.4343	-968.80743	165.9638	145.20337
-3635.949	-129.4343	-947.1001	166.1372	142.87265
-3760.9717	-129.4343	-1012.2613	89.515564	146.79085
-3763.922	-129.4343	-1039.5823	103.239624	147.34499
-3689.5183	-138.49104	-1017.61707	54.1604	148.11465
-3755.8381	-139.43135	-1006.7187	107.65936	150.77475
-3399.3171	-120.58631	-929.8857	90.8985	140.76094
-3348.4688	-120.12996	-921.345	59.723206	142.29216
-3415.3757	-125.74078	-941.07104	98.50659	145.04329
-3454.2131	-142.15053	-952.98303	61.133545	145.20337
-3404.2732	-140.76094	-945.78595	49.51935	145.20337
-3770.7053	-149.62454	-1011.7864	136.16089	159.2542
-3754.4207	-147.04594	-1011.6213	143.6142	148.66559
-3807.7166	-142.87265	-1064.642	50.80847	172.15527
-3800.9092	-116.11183	-1034.6196	120.63965	149.33876
