819.50977 59.38174 305.9496 36.714172 80.90054
1175.4542 72.43349 424.2362 109.88782 84.70788
1272.3682 81.9603 482.44385 56.396484 94.08121
1281.2932 81.9603 491.36884 59.738037 94.68919
1077.6399 87.06419 427.97922 7.0474854 98.93358
1128.1123 85.93898 419.25244 78.358826 83.47963
1225.8055 91.3699 463.42932 42.313232 92.52419
1279.48 81.9603 502.7547 27.720764 99.13725
1301.5533 100.76008 511.607 31.708801 99.05415
1040.6482 93.16113 407.51776 22.938263 94.01542
1037.8623 83.76755 401.80573 20.21048 90.24762
1254.0107 94.47625 471.2129 61.078125 91.58457
1281.7125 94.47625 463.9718 85.51904 91.58457
1255.7975 94.45287 475.58667 48.930786 91.36565
1202.5061 87.24907 451.32385 70.37537 85.95661
809.4716 55.29372 307.0569 27.250519 80.90054
954.705 76.36925 373.65494 22.67862 85.63253
1128.901 91.3699 440.4994 22.090027 95.59421
1226.6626 98.39732 462.64157 39.056458 91.59799
1281.0239 105.97981 498.36084 22.011475 98.93358
1226.6625 98.39732 462.64157 39.056427 91.59799
1363.7031 94.68919 520.4366 54.768127 104.04767
1237.6514 100.76008 477.4331 30.363312 96.35551
1248.5109 115.86172 493.1945 11.626007 96.44807
1226.8793 85.95661 486.4204 10.779663 98.6758
1331.0923 106.6561 515.1322 43.878235 108.08089
1243.3198 106.82649 479.29895 31.330017 93.01144
988.5484 78.37756 385.9272 23.065552 81.40146
955.482 77.00487 357.28192 60.215515 79.56651
988.5994 74.04051 390.3994 12.002289 81.40146
1022.978 76.57748 398.50604 24.214905 88.8109
1033.2795 76.57748 401.83743 27.520905 85.07687
1001.2523 55.29372 383.77216 36.74893 83.47963
1099.7206 96.51643 422.36578 42.029236 86.47375
1086.766 83.67594 401.91806 72.9429 83.47963
1082.0007 74.25349 421.87177 20.56604 90.92028
1050.6462 83.67594 394.04672 55.400635 83.47963
1202.8657 72.43349 449.36548 77.65283 90.92028
1205.8027 93.56606 439.37848 88.06647 90.92028
1197.7877 95.20418 431.36346 64.14313 87.43938
1204.3665 81.75585 437.94214 81.76721 89.83475
1273.0844 104.86311 472.048 63.64023 91.90675
1248.5107 115.86172 493.1945 11.625977 96.44807
1331.8882 115.35474 514.2185 37.961792 105.8597
1272.6067 109.51099 489.45145 42.546417 96.44807
1310.8479 104.86311 488.25104 70.625 96.44807
1293.602 104.02303 463.2897 92.97092 94.45287
1365.7021 106.27953 537.10254 23.189941 105.8597
1339.245 100.2166 521.5043 35.837708 96.17577
1286.9387 106.27953 473.22775 58.500885 96.17577
1299.068 100.2166 496.42944 50.778687 96.1054
1306.7754 100.2166 497.46063 51.544617 96.1054
1288.7031 100.2166 505.82452 30.914246 96.1054
1257.0709 100.2166 492.9944 17.377533 96.1054
1273.7983 100.2166 495.66815 27.84845 96.51643
1273.7985 100.2166 495.66815 27.84851 96.51643
1256.0623 117.62522 483.9323 25.669342 106.6561
1323.1133 115.72777 500.51642 69.224304 105.8597
1043.5829 65.5206 411.36768 17.659271 87.85264
1036.6808 85.28205 403.45728 23.69693 93.1381
1363.703 94.68919 520.43665 54.768066 104.04767
1294.8107 100.88898 489.94922 50.86084 96.43741
1260.3741 100.88898 494.84747 28.898743 96.43741
1048.11 96.07934 414.02866 10.452637 101.4792
1050.8103 80.83837 399.98242 37.195984 80.12766
1144.395 96.51643 444.23123 24.179718 94.45287
1158.5536 84.76566 437.4554 47.915833 89.83475
1165.4218 93.56606 443.70212 54.030914 84.58547
1156.9181 94.47625 440.20892 44.571503 91.36565
1271.3586 96.17577 490.12872 41.729492 94.08121
1276.5549 105.97981 470.66016 68.200195 94.08121
1298.6134 105.97981 490.85754 70.69208 94.61427
1302.6448 96.17577 481.05353 73.49396 94.08121
998.18335 81.40146 390.20477 15.832733 91.67013
1189.0509 100.22431 442.86932 67.44208 88.06473
1257.1646 107.15253 488.9729 26.361877 97.71368
1186.4995 96.81609 449.66724 79.21765 84.76566
1169.339 96.81609 432.5069 97.95441 84.70788
1179.7596 96.35551 436.41962 66.80603 90.92028
1181.7158 97.92899 444.95056 75.85022 87.77912
1178.2393 101.22816 445.9698 70.20679 87.34919
1129.1713 98.03545 438.20163 28.906982 87.34919
1170.8177 101.22816 448.43695 60.318054 87.34919
872.9622 70.08803 342.7434 11.795288 96.01831
1139.8909 88.8109 433.4307 47.522583 91.24007
1184.617 84.76566 448.8684 54.77411 89.83475
1137.4617 83.47963 441.73718 33.745697 89.83475
1310.848 104.86311 488.25104 70.62506 96.44807
985.64185 84.70788 385.17484 22.418701 94.33003
920.5811 45.69527 365.0148 11.274506 98.61188
1298.4517 81.83765 511.2207 17.50653 98.70285
1317.3475 94.45287 501.32605 35.81079 99.3271
1254.6115 106.3681 441.6726 94.89575 92.32213
1210.5342 89.42029 397.5952 118.51221 90.07275
1250.3486 89.42029 418.15277 119.026794 90.07275
1236.6178 91.9413 420.67377 125.20099 90.87757
1352.8645 106.27953 522.5521 35.124878 100.16016
1327.9003 115.35474 523.1437 14.018555 100.16016
1336.9601 99.13725 522.3906 22.52472 117.62522
1117.0248 93.16113 416.34518 47.49167 86.77349
1111.9138 94.45287 411.23425 68.974915 85.95661
1149.4214 98.69046 431.59448 53.41107 86.77349
1276.7649 70.08803 506.5779 8.850067 121.62855
1150.0712 84.76566 445.95886 46.640533 89.83475
1114.5603 84.76566 410.4481 55.211823 83.6732
1110.0155 94.68919 422.2898 43.10196 83.6732
1098.6454 97.92899 421.2907 32.590424 84.81982
1044.07 93.72042 399.3057 43.06711 83.47963
1044.1661 92.20595 384.93365 62.688965 83.47963
1343.1921 91.36565 528.1912 17.682861 107.64108
1342.7957 70.89317 524.098 21.73175 106.6561
1290.7755 63.15535 475.17566 77.414246 94.01542
1282.0931 94.08121 466.49332 61.999847 93.7702
1290.7756 63.15535 475.1756 77.41431 94.01542
1147.1697 77.79063 448.47223 21.95282 93.7702
1336.2261 84.76566 530.5672 10.773376 105.8597
1285.9257 104.86311 485.8164 63.9339 93.7702
1266.3591 109.51099 490.4643 39.719666 93.7702
1285.9255 104.86311 485.81644 63.93393 93.7702
