2893.3499 156.44406 900.9956 132.14526 156.44406
2740.4802 143.42473 880.302 83.95593 156.44406
2561.653 143.42473 836.8831 35.10675 156.44406
2555.1082 143.65761 821.4139 45.32019 153.91612
2638.4932 158.87866 836.2449 86.12854 158.76811
2735.452 150.98189 853.72626 113.57092 148.9879
2630.787 150.28746 862.6212 30.74701 163.30281
2620.569 159.26941 864.9403 26.069214 168.37735
2668.9304 150.98149 858.40063 75.67389 152.65053
2716.7058 148.9879 881.3528 41.168335 175.39734
2779.953 150.07303 912.4247 47.536743 169.51671
2848.1814 163.04944 896.84906 117.66461 152.65053
3094.013 145.06038 944.56555 133.8003 162.65744
3060.4253 139.48946 931.0442 168.5404 161.11539
3073.041 139.48946 943.6599 132.91565 171.11234
2741.1565 148.9879 879.7341 90.27313 156.44406
2673.3643 150.98149 849.0574 89.43561 152.65053
2655.1882 148.06262 860.4898 72.12256 152.65053
2611.536 143.65761 821.865 107.630615 148.06262
2638.6797 148.9879 864.6987 36.09961 156.44406
2565.646 149.79512 827.7648 45.089966 156.44406
2632.2544 132.08876 859.7324 36.418518 148.22198
2606.044 148.19414 833.52216 74.47644 148.22198
2653.7505 145.08446 830.77686 93.644775 151.26845
2833.182 156.65688 899.774 100.8833 152.65053
2783.1702 149.79512 895.7395 93.111206 154.18167
3032.61 162.65744 919.6614 146.73291 170.29402
3066.708 170.29402 953.7591 134.22821 175.56256
2976.1538 166.57277 948.34485 105.38464 167.80708
2793.4568 147.3938 912.25165 62.443665 169.51671
2648.8103 150.28746 859.2932 46.89148 159.1573
2638.4968 150.28746 839.90155 67.02118 156.44406
2710.7908 148.06262 874.98114 56.848877 153.60292
2836.5127 146.42358 908.8128 90.27252 159.09889
2645.244 153.60292 842.8306 73.35248 158.69536
2552.9473 140.68813 840.6566 26.024292 160.58025
2805.268 167.80708 885.5284 84.38202 168.23352
2625.437 155.60138 832.96765 82.35193 158.87866
2596.203 155.60138 842.8255 42.97412 159.09889
2682.8247 158.76811 857.02966 72.41797 159.09889
2684.0127 152.70178 870.57227 58.753906 162.17918
2691.469 155.5343 839.87244 99.84271 154.11949
2650.017 148.19414 840.21747 73.54431 152.81651
2702.8015 127.88705 871.2331 70.52295 152.81651
2748.6147 127.88705 887.45264 63.82251 156.44406
2715.5037 150.98189 882.3485 48.463623 162.65744
2740.1323 139.3843 887.38794 58.578613 162.65744
2746.3552 147.3938 896.4854 48.770386 168.37735
2867.1047 148.9879 919.091 102.18158 154.18167
2975.627 156.44406 934.2075 118.805664 158.15666
2910.149 155.5343 917.7947 105.64996 156.44406
3105.7502 139.48946 957.0005 153.00317 170.43655
2969.1426 171.11234 932.8627 95.1167 156.6483
3103.0422 148.9879 956.86646 133.40808 175.56256
3083.7444 147.01022 946.01636 160.21106 168.37735
3087.1423 151.46977 949.4146 140.27118 175.56256
3060.5295 151.46977 965.9415 110.717285 163.30281
2966.1443 163.30281 960.79877 68.989075 165.63431
3005.5396 163.30281 960.4717 74.554565 162.17918
2969.1428 171.11234 932.8626 95.11676 156.6483
3003.0078 151.46977 962.63696 66.67468 171.11234
2975.6272 156.44406 934.2075 118.805786 158.15666
3098.2644 146.42358 948.81757 130.91144 176.18057
3073.0408 139.48946 943.6599 132.91553 171.11234
2435.6394 133.31015 779.46204 55.797607 148.22198
2467.151 130.75081 806.7545 30.172546 149.77594
2476.1853 124.499 818.162 15.883728 163.82455
2910.1492 155.5343 917.7946 105.650024 155.56047
2867.2905 156.44406 919.7058 105.549805 153.60292
2732.311 127.88705 888.80884 58.068726 165.63431
2693.1072 156.44406 855.68024 82.02063 159.09889
3077.3845 139.48946 948.00366 195.52112 165.63431
2980.861 167.80708 919.45483 233.5929 162.17918
3077.3845 139.48946 948.00366 195.521 167.80708
3069.8977 172.59387 937.47034 133.45532 180.44133
3005.3574 172.59387 929.524 113.8327 180.44133
3062.0781 180.30351 958.69574 126.65607 174.07896
3018.0244 151.46977 951.9461 103.56427 163.30281
2930.6992 175.56256 927.969 87.79492 162.17918
2740.4277 152.70178 861.09143 91.08411 154.11949
2752.3208 154.11949 878.8262 75.30969 155.56047
2728.6514 154.11949 878.1207 77.82617 153.34912
3073.71 152.81651 967.9088 136.85632 166.57277
3105.7505 139.48946 957.0004 153.00323 170.43655
2982.9197 170.43655 957.1424 82.8139 172.59387
2898.13 165.63431 946.59607 82.11426 172.59387
2966.144 163.30281 960.79877 68.98895 162.17918
3036.6387 175.56256 933.2563 114.18536 174.07896
3094.6082 180.10432 945.85785 144.73248 174.07896
2971.838 175.39734 934.23846 125.03998 174.07896
2964.8975 146.85654 946.36176 103.821106 161.11539
3131.738 148.9879 982.9878 116.92871 180.10432
3064.9363 158.15666 915.48914 175.9729 168.23352
3058.805 175.56256 909.3578 202.55688 172.59387
2896.3003 171.11234 946.0617 48.311462 178.6093
2888.6938 162.88988 887.2618 162.19073 156.26208
2978.108 151.46977 963.73755 65.783936 176.18057
2996.75 164.64369 904.2237 194.216 164.89452
2998.457 165.63431 911.5635 157.29309 170.43655
2898.13 165.63431 946.5961 82.11432 172.59387
3123.7302 148.9879 974.283 162.52008 175.56256
2893.871 155.5343 942.7641 49.046875 172.59387
2978.1082 151.46977 963.7375 65.784 176.18057
2841.3262 165.63431 908.801 63.716064 161.11539
3066.7075 170.29402 953.75903 134.22815 178.6093
3113.103 172.59387 963.6561 142.24304 175.56256
3074.124 167.80708 961.1749 185.15112 166.57277
2648.5315 136.44456 846.2833 73.25464 152.48749
3037.2605 145.06038 920.87 159.30115 159.09889
3082.8674 168.37735 961.55853 158.9477 174.07896
2989.5068 168.37735 925.55804 139.42767 163.04944
2782.1792 147.66594 902.135 86.892334 159.31747
2753.4685 151.46977 889.4357 56.250183 169.51671
3021.6204 161.11539 939.7839 186.10431 165.63431
2982.8784 165.63431 928.5952 154.76526 161.11539
2890.6736 165.63431 918.2092 93.17578 161.09023
2685.163 167.80708 865.63184 63.9021 162.17918
2632.5024 159.09889 863.0009 36.80194 163.28447
2656.6511 159.09889 863.8569 50.40027 162.65744
2688.122 163.81062 881.6557 34.41754 163.82455
2744.3423 168.23352 879.6398 59.83142 167.80708
2992.2412 166.57277 933.3641 156.06061 167.80708
2978.236 166.75435 919.35913 171.44641 162.17918
2783.1704 149.79512 895.73956 93.111206 159.31747
2969.1426 171.11234 932.8627 95.11658 165.63431
2890.6738 165.63431 918.2092 93.17584 161.09023
2978.1084 151.46977 963.7375 65.78412 176.18057
2888.107 141.10666 923.0524 89.98163 161.09023
3041.9006 167.80708 947.3123 160.16681 166.57277
3014.356 159.1573 950.4068 113.19806 174.07896
2964.8972 146.85654 946.36176 103.821106 158.76811
2898.9746 171.11234 938.02356 53.308228 175.39734
2798.695 172.16602 894.8408 79.1189 160.57045
2867.9578 172.16602 938.65985 41.88678 171.11234
2896.3005 171.11234 946.06165 48.311646 178.6093
2951.5947 175.56256 944.3905 77.9917 172.59387
2867.958 172.16602 938.6598 41.88684 171.11234
3014.4277 175.39734 931.1952 159.90808 171.11234
2983.0718 158.76811 850.64435 224.61005 162.12308
2477.7957 133.31015 817.039 25.619446 150.98189
2489.5032 133.31015 807.78613 57.69458 149.77594
2493.4814 136.8855 815.1577 24.203491 155.03871
2521.0237 148.06262 828.3498 25.732483 158.81538
2941.6511 174.51805 903.1519 122.47162 160.57045
2675.3528 151.57996 880.93176 21.236511 168.37735
2532.6238 137.87914 827.5581 28.35962 159.08867
2971.8376 175.39734 934.23846 125.039856 180.10432
2957.3438 174.07896 919.7446 132.51172 171.11234
2715.606 148.9879 895.155 20.811035 162.88988
2677.4534 161.09023 852.71814 60.928894 163.28447
2594.9722 162.17918 845.85815 33.579773 164.64369
2431.3708 142.18704 801.1922 20.540894 166.54193
2805.2683 167.80708 885.5283 84.38208 168.23352
2716.1367 167.80708 880.7791 56.050476 168.37735
2848.893 171.11234 932.1106 29.370972 176.18057
2596.398 156.44406 831.9567 77.04303 156.44406
2554.8079 139.75049 838.1821 42.109436 152.65053
3033.4534 175.56256 920.50433 161.84174 170.29402
3032.6099 162.65744 919.6614 146.73279 170.29402
2556.4697 135.1452 842.79224 17.390198 158.81538
2541.3481 135.1452 838.54626 22.09021 156.44406
2672.5286 151.48897 864.4725 51.74701 162.17918
2621.6858 162.17918 854.98505 35.26294 159.26941
2648.0435 162.17918 863.62195 48.981262 163.81062
2661.098 143.36038 869.88965 30.042725 159.09889
2656.651 159.09889 863.85693 50.400208 162.65744
2713.9915 167.80708 865.30237 77.634766 162.65744
2491.3267 145.08446 815.51984 43.842957 151.26845
2491.4177 143.36017 810.83575 47.724426 151.68239
2471.6697 150.53415 810.41455 31.02301 164.64369
2481.7776 150.53415 816.14575 27.96997 166.75435
2518.0422 150.53415 814.0052 47.1286 158.81538
2551.789 142.96455 832.3036 32.60083 158.81538
2403.538 132.36911 791.3531 15.479919 159.26941
2675.0222 159.1573 867.2395 57.004395 162.88988
2730.349 162.88988 860.8766 79.18262 159.1573
2795.0542 162.88988 858.69727 105.08545 156.26208
2720.827 162.88988 865.1621 112.11694 156.26208
2637.5303 136.44456 797.8497 164.776 148.06262
2664.7573 136.44456 802.61694 190.60986 148.06262
2659.727 136.44456 801.8182 165.22601 148.06262
2702.7168 136.44456 815.2102 163.74994 148.22198
2540.3298 136.44456 815.91693 63.12195 148.22198
2625.5981 150.28746 855.4224 61.201904 156.26208
2798.7246 159.08867 890.06793 100.112976 150.28746
2665.9468 153.60292 857.40295 66.031006 160.12032
2610.8008 153.60292 847.1929 49.3537 150.28746
2622.0483 150.03307 833.50287 75.336 150.28746
2726.6885 148.9879 889.7165 46.500244 154.18167
2767.1436 148.9879 904.5186 27.367493 180.30351
2735.3906 148.9879 889.60785 62.092712 156.44406
3001.1035 172.59387 947.4372 99.121155 175.56256
3078.5276 151.46977 940.79956 123.357056 171.11234
3005.5398 163.30281 960.4717 74.55444 175.56256
2799.1672 158.52834 828.65436 158.73627 152.48749
2945.8027 139.3843 895.0786 177.77051 156.26208
2806.5303 145.06038 848.74225 138.21362 151.46977
3041.9006 167.80708 947.3124 160.16687 166.57277
2914.8289 148.9879 886.56323 181.40198 156.26208
2805.3628 152.74002 853.7134 132.37732 151.46977
2668.9834 151.73593 846.11365 86.254944 151.46977
2842.271 136.44456 826.62396 171.68494 148.29529
2844.8796 136.44456 794.1268 230.3648 148.29529
2897.0308 158.76811 846.27765 196.92902 155.60138
3094.0127 145.06038 944.56555 133.80017 162.65744
3113.1035 172.59387 963.6561 142.24316 175.56256
3098.2646 146.42358 948.8175 130.9115 175.56256
2935.3582 175.56256 916.82245 101.75336 171.11234
2930.6995 175.56256 927.969 87.79498 162.17918
2927.932 133.31015 877.17883 182.65674 150.29782
2895.061 146.36084 844.308 204.06323 148.9879
2887.555 157.99146 871.9079 150.2807 148.9879
2854.7573 158.76811 839.1106 177.91327 155.60138
2897.0305 158.76811 846.27765 196.9289 155.60138
3032.6104 162.65744 919.6613 146.73297 170.29402
3001.1033 172.59387 947.43726 99.12109 175.56256
2767.5508 148.9879 875.06866 96.42767 152.8547
3082.3145 139.48946 949.88715 140.18378 170.43655
2906.2893 133.31015 890.6426 152.0227 150.29782
3010.333 148.9879 962.0449 102.33301 175.56256
3103.042 148.9879 956.8665 133.40802 175.56256
2992.789 170.43655 905.89545 185.20258 166.57277
