12678.6045 147.49121 1998.3345 233.72803 155.38664
13035.43 144.32755 2048.583 367.84302 159.83609
13035.429 144.32755 2048.5833 367.84277 159.83609
12678.605 147.49121 1998.3345 233.72827 155.38664
13035.428 144.32755 2048.5833 367.84253 159.83609
13079.864 148.98947 2028.3658 410.04797 149.8714
13126.992 144.32755 2060.395 374.78174 148.98947
13079.863 148.98947 2028.3658 410.04797 144.32755
12973.275 148.98947 2015.3287 381.6515 147.49121
12946.855 147.49121 2026.7358 348.2566 159.83609
13126.993 144.32755 2060.3948 374.78198 148.98947
12703.1875 144.32755 2011.3716 240.33472 155.38664
13079.861 148.98947 2028.3658 410.04773 144.32755
12934.266 147.49121 2037.3146 347.50427 159.59308
13079.865 148.98947 2028.3657 410.0481 144.32755
13126.99 144.32755 2060.395 374.7815 148.98947
12973.279 148.98947 2015.3286 381.6516 147.49121
12988.948 148.98947 2013.6134 389.96814 159.83609
13080.444 147.49121 2047.6952 370.83704 151.41685
13079.864 148.98947 2028.3657 410.04785 144.32755
12946.8545 147.49121 2026.736 348.25647 159.83609
13080.446 147.49121 2047.6951 370.83716 150.73563
12678.6045 147.49121 1998.3346 233.7279 177.44951
12973.278 148.98947 2015.3287 381.65173 159.83609
12988.944 148.98947 2013.6135 389.96777 148.98947
13080.443 147.49121 2047.6952 370.83704 150.73563
13080.445 147.49121 2047.6952 370.83704 151.45992
12988.947 148.98947 2013.6135 389.96777 149.8714
13074.014 147.49121 2041.264 352.47913 148.98947
12934.268 147.49121 2037.3145 347.50464 159.59308
12703.186 144.32755 2011.3716 240.33447 155.38664
12678.605 147.49121 1998.3345 233.72803 188.6372
12934.267 147.49121 2037.3145 347.5044 177.44951
13074.015 147.49121 2041.2639 352.47925 148.98947
13035.43 144.32755 2048.583 367.84277 183.94272
12703.185 144.32755 2011.3717 240.3346 155.38664
12930.88 144.32755 2049.0212 365.1228 177.44951
12930.879 144.32755 2049.0215 365.12256 177.44951
12988.947 148.98947 2013.6134 389.9679 147.49121
12934.267 147.49121 2037.3146 347.50452 159.59308
