8590.6455 85.5496 1282.9912 313.05444 91.29944
8218.225 59.5564 1244.2722 202.21362 88.20019
8268.234 59.5564 1250.5139 202.7273 87.55927
8804.613 59.42687 1398.2449 133.5492 94.49258
8849.635 76.00563 1394.9775 145.9928 92.39416
8804.61 59.42687 1398.245 133.54883 94.49258
8763.938 82.88181 1410.3752 111.31421 100.28615
8906.415 85.5496 1439.3643 131.65479 97.6226
8738.979 59.5564 1423.9253 79.76599 100.28615
8762.699 65.11522 1421.1034 76.97461 100.28615
8749.761 82.88181 1415.0154 101.3219 117.85493
8630.932 88.21501 1397.5072 97.187256 117.85493
8903.068 88.21501 1432.2756 129.47656 102.20926
8807.48 94.49258 1359.3995 225.44482 91.83954
8198.076 60.37313 1174.8743 326.75183 86.14455
9055.097 92.39416 1439.1805 188.01697 91.96045
8992.841 92.39416 1448.19 145.87512 97.6226
9055.098 92.39416 1439.1803 188.01721 91.96045
9047.101 100.28615 1433.3217 218.09094 92.39416
9062.465 82.88181 1457.9417 155.33936 100.28615
8887.738 82.88181 1358.6029 227.58667 91.83954
9062.464 82.88181 1457.9417 155.33923 100.28615
8977.999 82.88181 1436.5801 133.31555 102.20926
8978.0 82.88181 1436.58 133.31567 102.20926
9080.836 82.88181 1443.0432 187.56665 103.81152
9080.836 82.88181 1443.0432 187.56677 101.89092
8719.347 101.89092 1263.5609 317.58325 91.08211
8619.596 102.57836 1266.528 285.5548 97.07841
8298.172 90.0558 1226.1609 300.1504 89.57136
8454.765 89.57136 1210.9908 356.65625 89.32391
8629.541 82.88181 1293.302 316.88892 91.29944
8625.164 82.88181 1300.9006 272.99097 91.29944
9000.481 88.20019 1440.3304 184.68481 102.20926
8995.766 88.21501 1422.8396 175.19897 102.20926
9017.33 100.28615 1431.9867 204.36633 116.14337
8774.652 95.05278 1416.7671 152.34094 92.39416
8791.249 86.14455 1405.2891 159.97583 92.39416
8781.217 59.42687 1395.2582 125.16406 92.39416
8429.112 88.12927 1220.4905 312.11914 86.98873
8429.111 88.12927 1220.4906 312.11902 86.98873
8723.492 89.90467 1270.2976 307.22156 89.92229
8723.49 89.90467 1270.2976 307.22156 89.51116
8703.771 83.89146 1282.3103 292.79517 89.51116
8498.804 89.90467 1191.4802 371.22205 86.98873
8564.518 86.14455 1355.2125 123.48352 95.05278
8523.284 88.20019 1350.6868 136.91919 92.7333
8572.429 89.32391 1345.1226 144.99231 92.7333
8523.283 88.20019 1350.6868 136.91919 92.39416
8739.064 97.52448 1340.1492 233.3883 91.83954
8437.915 89.32391 1254.0156 257.68738 88.20019
8573.101 82.88181 1282.2518 243.98206 89.32391
8148.07 59.5564 1250.5322 200.0177 88.20019
8339.982 82.88181 1273.9126 189.29431 89.90467
8335.778 82.88181 1277.9158 186.15149 89.90467
8412.456 89.32391 1250.5831 224.82056 88.20019
8490.093 77.65333 1296.5116 200.9657 89.90467
8673.75 76.00563 1276.7845 291.2312 89.90467
8694.324 76.00563 1244.7163 311.75598 89.32391
8575.159 89.32391 1277.1818 283.0089 88.20019
8694.326 76.00563 1244.7162 311.7561 89.32391
8690.008 76.00563 1256.729 312.41345 89.32391
8557.661 89.32391 1277.8666 295.50085 88.20019
8557.663 89.32391 1277.8666 295.50098 88.20019
8412.458 89.32391 1250.583 224.82056 88.20019
8520.803 88.20019 1283.8279 279.92664 89.90467
8412.457 89.32391 1250.5831 224.82043 89.32391
8425.422 88.20019 1268.9363 238.46533 90.17528
8414.7705 88.20019 1278.9084 210.1012 86.98873
8520.902 82.88181 1296.2272 205.23718 88.20019
8475.99 65.11522 1302.6078 206.88379 89.90467
8502.302 82.88181 1306.3104 213.95215 89.90467
9027.099 82.88181 1460.9702 147.1112 104.26955
9045.788 82.88181 1460.4437 156.68054 100.28615
9027.1 82.88181 1460.9701 147.1112 100.28615
9045.789 82.88181 1460.4438 156.68042 116.14337
8712.581 74.54115 1363.3909 135.70862 95.05278
8908.953 74.54115 1426.881 117.12842 100.28615
8510.386 87.55927 1255.9747 261.2732 89.65701
8490.1045 91.08211 1233.4628 268.90112 89.65701
8406.305 92.39416 1213.4434 304.46777 89.65701
8490.105 91.08211 1233.4626 268.90137 89.65701
9023.04 76.00563 1449.4236 142.90051 116.14337
9080.835 82.88181 1443.0432 187.56665 101.89092
9077.795 82.88181 1451.3584 185.41577 101.89092
9028.658 59.5564 1432.6687 153.97412 112.0324
8923.432 59.5564 1442.9865 138.56653 101.89092
8880.3 59.5564 1444.5413 121.95227 101.89092
8927.241 77.65333 1437.8807 119.3689 100.28615
8915.2295 79.88229 1422.7649 140.70496 100.28615
8723.035 79.88229 1371.2756 145.66187 94.49258
8642.234 82.88181 1377.3744 131.50928 92.39416
8642.235 82.88181 1377.3743 131.5094 92.39416
8627.213 82.88181 1367.0555 126.805786 92.39416
8595.586 82.88181 1356.465 121.415405 95.05278
8536.264 95.05278 1349.9121 131.28625 92.39416
8564.518 86.14455 1355.2124 123.48364 92.39416
8564.517 86.14455 1355.2126 123.48352 92.39416
8763.449 82.88181 1415.801 101.39636 100.28615
8765.047 77.65333 1424.2106 115.292114 97.6226
8802.0625 89.32391 1435.2714 115.97009 97.6226
8778.378 89.32391 1410.6135 146.6167 95.05278
8567.912 89.32391 1326.4557 157.80518 91.83954
8693.15 82.88181 1354.1993 135.276 97.07841
8758.193 74.54115 1415.8688 101.8855 117.85493
8767.258 65.11522 1413.6982 94.07141 100.28615
8758.192 74.54115 1415.8689 101.8855 117.85493
8767.26 65.11522 1413.6981 94.07153 100.28615
8685.7 65.11522 1406.5314 62.33362 92.39416
8722.328 65.11522 1401.355 104.14087 92.39416
8722.329 65.11522 1401.3549 104.14099 92.39416
8685.701 65.11522 1406.5311 62.333984 92.39416
8667.524 74.54115 1386.9346 118.44702 92.39416
8757.768 59.42687 1393.4103 115.831055 94.49258
8667.523 74.54115 1386.9346 118.4469 92.39416
8659.548 86.14455 1404.7008 71.00012 97.52448
8710.341 86.14455 1390.8887 135.60571 92.39416
8722.33 65.11522 1401.3549 104.14099 97.52448
8938.767 101.66351 1437.163 162.90405 105.07169
8974.141 101.66351 1447.7535 167.37292 91.96045
8570.978 82.88181 1331.3033 161.53076 91.83954
8594.836 77.65333 1331.497 173.69873 91.83954
8592.959 59.5564 1346.4318 167.94055 91.83954
8594.834 77.65333 1331.4971 173.69873 91.83954
8558.338 88.20019 1358.1906 146.11792 91.83954
8524.024 88.20019 1339.2418 130.75244 91.83954
8235.235 79.16897 1171.4764 302.68323 86.14455
8005.7646 82.34485 1188.2717 285.614 86.22052
8850.539 59.5564 1424.221 99.23059 101.22527
8776.909 59.5564 1421.3672 95.2157 104.26955
8759.187 59.5564 1428.58 96.109985 100.28615
8900.025 74.54115 1452.7103 123.85449 100.28615
8908.76 77.65333 1452.491 125.998535 100.28615
8917.234 79.88229 1441.7583 142.95142 100.28615
8908.759 77.65333 1452.4911 125.99841 100.28615
8893.912 77.65333 1437.6445 104.545654 100.28615
8606.421 77.65333 1376.3682 118.38513 95.05278
8775.545 77.65333 1407.7098 137.7815 95.05278
8862.847 82.88181 1428.1052 122.17993 105.07169
9080.837 82.88181 1443.0431 187.5669 101.89092
9077.796 82.88181 1451.3584 185.4159 101.89092
9055.098 92.39416 1439.1804 188.01733 92.39416
8977.992 102.20926 1420.0571 213.854 101.89092
8458.049 89.51116 1243.3165 288.9358 91.08211
8977.991 102.20926 1420.0573 213.85376 101.89092
8884.066 102.20926 1374.6411 224.21826 92.7333
8474.021 89.57136 1208.1688 353.25793 86.14455
8708.39 102.20926 1358.5675 212.47485 92.7333
8754.291 102.20926 1363.8679 222.23389 92.7333
8638.688 86.14455 1279.3116 303.4939 91.29944
8752.582 97.07841 1356.894 190.78381 91.83954
8695.9 85.5496 1348.2335 179.922 91.83954
8695.103 76.00563 1348.9385 169.6731 91.83954
8752.581 97.07841 1356.894 190.78357 91.83954
9047.1 100.28615 1433.3217 218.09106 91.96045
9017.33 100.28615 1431.9867 204.36658 91.96045
8938.765 101.66351 1437.1631 162.90393 116.14337
9017.329 100.28615 1431.9868 204.36621 105.07169
8905.959 79.17914 1320.616 285.8501 91.83954
8851.59 88.21501 1343.497 256.9807 91.83954
8785.585 88.21501 1346.7146 217.47693 91.83954
8911.44 92.39416 1446.3494 138.75171 97.6226
8906.413 85.5496 1439.3644 131.6549 97.6226
8775.773 86.14455 1420.1184 146.34985 97.52448
8005.7646 82.34485 1188.2717 285.61414 84.47538
7708.218 73.46414 1171.042 252.22888 84.47538
8038.908 88.12927 1178.1956 311.9104 84.47538
8136.343 88.12927 1186.1793 354.0072 84.47538
8038.907 88.12927 1178.1957 311.91016 84.47538
8021.975 85.5496 1171.7427 298.8412 84.47538
8021.9746 85.5496 1171.7428 298.84106 84.47538
8002.3906 82.88181 1191.7723 259.22876 85.5496
8072.4253 79.16897 1195.7023 257.30957 83.89146
7955.9634 84.47538 1183.8286 262.63916 82.88181
8000.0576 84.47538 1189.665 259.00037 85.5496
8177.7715 74.48386 1179.7844 326.19543 85.5496
8152.8066 74.48386 1185.2838 301.937 82.88181
8177.7695 74.48386 1179.7844 326.1953 85.5496
8235.704 82.59478 1193.2188 345.08716 85.5496
8224.4375 68.00309 1184.7935 336.24597 85.5496
9065.29 82.88181 1454.1255 161.42505 101.89092
8943.748 102.20926 1409.4668 209.38477 101.89092
9065.289 82.88181 1454.1255 161.42493 101.89092
8910.449 74.54115 1445.2883 138.74573 100.28615
8624.451 82.88181 1304.7528 262.25842 89.90467
9010.751 69.90499 1425.8516 143.66162 108.3306
9008.362 59.42687 1423.4622 142.77576 108.3306
8892.551 59.42687 1428.2986 94.26233 100.28615
8907.025 59.42687 1425.1863 116.89673 100.28615
8892.552 59.42687 1428.2985 94.26245 100.28615
8907.026 59.42687 1425.1863 116.89673 116.14337
8845.452 59.42687 1404.9111 148.39001 92.39416
8845.453 59.42687 1404.9111 148.39014 92.39416
8849.635 76.00563 1394.9777 145.99292 92.39416
8788.791 69.90499 1382.1404 144.81567 97.52448
8804.612 59.42687 1398.2451 133.54895 94.49258
8723.036 79.88229 1371.2755 145.66199 97.52448
8731.135 77.65333 1361.1443 139.3523 94.49258
8738.926 74.54115 1373.9814 137.50793 92.39416
8908.035 74.54115 1425.9612 157.63562 91.96045
8530.995 82.88181 1248.4888 272.0127 88.20019
