8333.808 141.87831 1653.3938 35.132812 197.9757
8616.265 162.26248 1701.1942 47.254272 175.89465
8926.089 157.3032 1677.3865 226.2085 162.55424
8690.124 165.78857 1679.0142 162.86499 166.98439
8773.806 166.79442 1658.5573 199.12488 166.98439
8009.628 142.60887 1552.3506 99.42554 158.97757
8236.536 137.1246 1584.0956 114.03992 158.97757
8183.5537 137.1246 1612.7935 84.61951 158.97757
7949.0146 127.37673 1565.7314 49.682617 161.4
8375.094 161.67987 1579.8035 162.5155 162.3002
8258.189 160.33003 1615.4374 76.26013 163.28625
8285.419 150.1226 1631.1132 50.149292 162.08296
8315.572 152.93358 1639.9186 45.303467 165.03769
8353.76 152.10008 1635.2024 68.50281 160.33003
8122.78 144.79988 1562.1025 106.66675 158.47075
8434.74 156.0129 1632.0905 110.09973 160.1111
8390.293 149.56053 1620.7292 98.744995 159.73465
8206.248 145.38509 1491.8049 251.81543 157.32475
8120.399 138.55394 1501.3688 247.54541 157.32475
7921.5127 103.63505 1429.4962 263.73352 157.06432
7868.235 110.33636 1427.8848 232.43115 156.91866
7775.69 110.33636 1447.0566 246.45593 156.91866
8040.498 130.28494 1488.7797 219.21924 157.93887
7614.8276 132.48744 1452.158 168.8518 157.40181
7490.211 121.94859 1415.8724 146.77124 157.29762
7978.1665 146.71463 1543.4534 115.78174 158.09056
8108.009 146.71463 1545.8226 201.93188 158.09056
8050.197 143.1545 1544.8622 162.25916 158.09056
8015.0005 146.71463 1543.1731 178.14832 158.09056
8038.0864 146.25667 1537.8325 139.99951 158.09056
7984.367 145.28113 1545.2925 152.26392 158.09056
7851.5664 145.28113 1520.2511 100.598755 158.09056
7907.6294 128.60359 1533.707 103.64136 158.09056
7797.303 131.17235 1439.26 226.48279 157.25954
7850.162 131.17235 1471.2278 195.89636 157.52885
7837.4795 131.17235 1451.5228 269.0255 155.42119
7664.902 131.17235 1438.6584 169.53125 157.52885
7638.081 131.17235 1446.3678 183.19653 156.25668
7670.154 136.088 1440.4409 191.62048 156.25668
7771.3896 136.088 1377.4236 251.78345 156.25668
7751.4517 136.088 1398.8241 201.68372 155.90303
7810.002 119.81595 1437.7186 206.203 157.32475
7852.9272 136.088 1452.911 232.41272 157.32475
7740.427 136.088 1445.0253 187.14783 156.64426
7974.8354 136.088 1450.9218 356.47766 156.64426
7733.133 117.89206 1450.1597 188.58777 156.64426
7705.8477 136.088 1446.9893 176.922 156.64426
7724.062 136.088 1443.8834 180.93079 156.64426
7756.472 131.62589 1436.594 190.85205 156.64426
7783.0327 136.088 1436.2117 198.51831 156.64426
7788.2344 134.4078 1423.7064 229.62451 154.96448
7699.238 134.4078 1434.5984 184.69312 154.96448
7740.008 117.89206 1456.5881 152.82983 157.41553
7809.4097 134.4078 1457.6819 177.60632 157.41553
7830.2285 134.4078 1424.6877 236.05664 155.90303
7785.6455 130.51761 1436.0446 167.35474 155.90303
7778.0815 134.4078 1395.9718 228.50342 155.90303
7848.175 134.05121 1437.7046 184.45654 157.52885
7994.1396 134.4078 1439.3038 239.98889 157.52885
7933.419 134.4078 1451.2223 234.40125 157.52885
7862.739 134.4078 1447.8727 222.41296 157.52885
7964.017 120.20812 1543.2477 121.56299 157.97447
7976.0737 134.4078 1524.4106 139.63477 157.8263
7988.837 134.4078 1509.7208 189.53687 157.8263
7933.0903 140.03847 1524.4463 155.84595 157.8263
7863.906 145.28113 1502.0608 235.78357 157.8263
7749.436 145.28113 1474.2471 149.12683 157.8263
7994.692 146.71463 1493.1696 226.33508 157.8263
8403.314 150.04504 1593.7034 154.11694 158.28462
8714.913 154.11737 1645.514 215.34106 160.61989
8981.346 160.34648 1726.1154 144.26147 165.66666
8913.978 144.89458 1702.3416 145.10486 164.61855
9405.957 168.0409 1819.5414 129.66895 174.36157
8583.778 170.5356 1669.6556 100.84729 164.94165
8650.743 150.9903 1713.8195 45.11487 170.06197
8746.818 161.08527 1707.4308 76.19324 170.75787
8807.719 160.61742 1706.2556 115.77063 167.263
8629.947 160.86064 1676.6959 110.90271 166.31306
8736.314 154.45143 1710.9167 91.11206 164.9764
8730.962 160.10626 1706.6069 73.0708 167.0847
8942.181 158.90211 1725.3857 106.39282 165.35995
8952.346 147.12909 1723.22 121.167725 165.35995
8966.651 157.93887 1709.4592 142.19519 165.35995
9000.182 158.90211 1674.1863 181.3894 165.35995
9179.191 158.90211 1796.7672 101.629395 170.12964
8600.746 162.37631 1640.632 126.406006 165.34908
8743.314 155.85728 1688.6986 115.37012 165.34908
8801.543 160.10626 1680.5027 113.289185 165.34908
8931.872 158.53456 1746.0409 82.53113 171.48897
9031.412 142.16643 1753.2142 104.271484 167.263
8501.668 159.23714 1610.5779 201.80127 160.08427
8674.721 150.9819 1634.8235 179.84668 159.53645
8761.469 162.26022 1642.0858 226.41711 159.53645
8828.406 158.28462 1649.3562 175.77344 163.4979
8896.9375 154.29424 1621.2418 254.19263 161.43486
8853.176 158.53456 1600.6511 275.90515 161.43486
8750.38 158.50627 1694.1642 116.27576 163.71127
8908.923 158.50627 1696.832 162.16345 163.71127
8927.739 158.90211 1688.357 196.24292 163.19127
8988.689 151.39291 1691.475 186.97815 163.19127
8947.618 155.85728 1724.5933 166.07568 163.19127
8887.112 142.16643 1698.5212 156.30322 163.19127
8772.548 143.94014 1700.958 100.35095 164.84428
8821.737 152.24823 1688.8931 121.26196 163.19127
9052.922 162.78477 1737.6044 162.8429 167.26085
8607.112 164.94165 1688.9647 76.57068 174.12022
8636.398 159.9382 1700.9883 54.416504 173.044
8638.419 137.84033 1704.7543 44.257935 180.056
8976.476 134.69626 1608.851 320.2439 163.12764
8872.476 147.1782 1639.8335 222.46423 163.12764
8952.832 160.20432 1738.1248 113.15686 166.94402
8990.429 163.87476 1716.2482 167.04138 165.34908
8674.105 162.26248 1698.2915 59.147705 169.52435
8653.737 161.1099 1709.6615 48.47534 176.7756
8835.333 159.46214 1721.677 76.63904 172.5982
8765.986 161.87439 1713.3411 79.14563 168.17699
8656.445 169.52435 1681.1232 75.5509 168.17699
9218.1875 170.06451 1736.3329 214.0315 170.66316
9306.011 166.74571 1802.5055 121.509155 173.2176
9218.104 157.32475 1823.2319 46.2417 191.46103
9313.793 157.32475 1832.511 59.16455 174.62762
9372.43 172.7754 1823.0762 93.02051 174.62762
9163.5205 167.263 1712.0327 233.5647 169.23285
9019.455 155.85728 1743.7067 181.81665 167.263
8991.335 155.21843 1731.7532 160.47705 167.263
8929.774 164.9046 1693.9338 164.1604 165.33313
8983.918 164.9046 1690.7028 208.61975 165.33313
9010.256 151.13805 1713.0154 167.26086 163.96837
9009.316 160.12071 1728.1906 193.51746 165.67326
8985.985 163.39345 1739.6472 149.80627 164.87486
8713.449 161.1496 1685.1982 124.82385 164.16862
8751.332 164.16862 1694.6742 133.60327 164.80792
8834.525 164.16862 1699.7938 169.71191 164.80792
8802.183 158.90211 1725.4125 106.04114 167.263
8637.253 161.1496 1658.9503 121.01343 167.263
8468.673 159.23714 1597.1069 165.96094 160.12071
8393.084 114.42865 1616.203 128.74854 158.90211
8595.113 158.90211 1654.9587 132.05615 158.66147
8546.931 157.31168 1658.0673 167.08228 158.90211
8646.221 151.82587 1632.6797 195.61218 159.24292
9215.721 152.50389 1829.5131 50.218384 184.5547
9270.632 162.60805 1812.015 73.31665 181.21349
9329.223 163.93184 1822.2433 90.73108 173.78304
8968.094 177.10144 1720.7328 127.58252 174.6404
9003.511 157.32475 1779.1975 46.885986 174.36157
9062.199 157.32475 1775.2849 76.230835 174.36157
9036.612 177.10144 1738.445 128.00916 174.95355
9183.114 178.43755 1781.1217 129.45178 174.36157
9217.69 178.43755 1796.2634 113.170654 181.98518
9347.583 147.12909 1807.9482 117.318726 173.69032
9297.009 147.12909 1826.4988 69.736206 174.36157
9219.763 147.12909 1814.299 65.61511 174.36157
9112.505 158.90211 1746.2919 195.46643 167.09227
9034.146 157.74869 1708.4857 233.1471 165.66666
8946.077 154.86362 1715.727 143.71387 166.74571
8783.611 154.86362 1702.242 132.16577 164.94165
8588.694 157.74869 1669.6849 85.94812 163.2052
8532.799 158.4807 1673.6959 78.05188 163.2052
8536.368 158.4807 1684.6635 53.18567 165.66666
8440.664 147.6021 1656.8362 76.08179 160.69627
8688.842 127.43664 1671.63 121.204346 162.28741
8816.915 150.9819 1702.8927 169.46045 161.47746
8654.313 154.42603 1684.445 114.57788 162.87651
8661.114 152.10008 1685.2703 120.85364 161.43486
8723.2705 158.90211 1687.0333 139.72449 161.43486
8716.149 160.34648 1679.0339 191.52698 161.43486
8671.433 160.92172 1679.6094 197.06201 161.43486
8655.068 161.25354 1697.46 141.81836 161.27023
8638.8 158.90211 1677.622 117.85315 162.87651
8690.023 158.90211 1692.822 123.00586 162.28741
8525.831 154.36682 1677.0729 60.440308 161.47746
8581.775 154.42603 1676.1448 73.92627 161.85938
8553.421 153.62689 1666.4929 92.48987 161.47746
8556.801 156.93901 1667.893 85.04492 164.13762
8576.183 156.93901 1672.1165 85.16589 161.96129
8579.749 154.66356 1651.8824 116.97388 161.96129
8557.077 154.77966 1656.9901 122.081665 161.47746
8518.052 145.86531 1662.0094 92.315186 160.92172
8514.631 145.86531 1656.211 78.38367 160.92172
8543.627 158.47075 1680.5424 88.597534 161.47746
8475.991 147.6021 1666.154 61.4541 160.92172
8465.099 147.6021 1672.214 68.63489 160.92172
8456.212 158.47075 1654.212 71.857666 160.33003
8471.091 160.92172 1639.4906 135.28113 164.13762
8405.795 164.13762 1618.3047 135.37134 163.2052
8644.3 154.77966 1676.335 117.39136 163.2052
8737.001 144.02876 1695.1862 109.49097 164.13762
8785.43 156.6731 1685.7848 128.76611 164.94165
8769.905 156.6731 1707.5094 119.450195 164.94165
8652.791 154.42603 1688.2416 92.55359 161.47746
8677.699 154.42603 1709.4413 124.25928 160.34648
8763.283 127.43664 1675.4005 134.90588 161.47746
8757.276 150.9819 1698.9092 126.55542 161.47746
8682.375 142.69566 1686.0546 185.90112 160.34648
8688.009 151.15948 1688.1445 153.59753 161.47746
8617.599 151.15948 1666.546 142.30042 160.32843
9160.03 168.0409 1740.3864 193.45715 168.17699
9227.679 168.0409 1807.9712 71.93384 176.84186
9242.497 168.0409 1816.366 76.98572 174.48071
9173.334 168.0409 1803.6025 56.549072 174.48071
9187.487 168.0409 1798.6027 72.23547 174.48071
9146.057 160.61742 1782.8002 82.76782 173.78304
9288.505 165.67262 1807.4489 129.8534 173.40654
8819.317 164.29047 1716.4868 83.83191 172.19218
8741.156 164.29047 1722.1571 62.451416 172.19218
8755.2 133.08179 1726.1195 46.718628 171.16081
8791.582 133.08179 1741.2825 41.632202 177.99051
8745.086 133.08179 1734.2998 53.829346 173.2176
8848.863 161.24152 1720.9626 82.484985 171.16081
8904.051 150.78915 1741.979 78.829346 171.16081
8820.056 150.78915 1736.815 60.00952 171.16081
8865.252 150.78915 1736.6573 78.38281 171.16081
8845.451 150.78915 1722.8934 72.345825 171.16081
8880.129 145.2494 1750.1263 65.982056 171.16081
8853.279 158.90211 1726.0999 83.473755 171.16081
8998.199 142.60887 1760.4977 81.63367 173.84338
8949.816 142.60887 1754.1727 72.60376 173.84338
8960.948 142.60887 1751.3373 79.15198 173.84338
8885.376 142.60887 1730.6418 109.3291 166.48952
9028.205 142.60887 1736.2051 162.49951 166.48952
8899.598 151.76624 1739.073 93.95178 166.77203
8895.674 158.47075 1745.8373 85.49768 167.09227
8838.089 158.47075 1725.2886 92.559204 166.84549
8899.541 158.47075 1736.0903 74.932495 167.15172
8849.57 151.76624 1733.4315 91.82031 166.77203
8913.919 138.87321 1729.7229 92.02539 166.77203
8832.551 138.87321 1714.0972 133.47058 164.95471
8886.318 138.87321 1725.6277 134.76306 164.95471
9468.235 155.85728 1853.2897 114.22998 174.50981
9335.472 173.78304 1828.9497 157.07458 172.61366
9177.553 164.8346 1743.7596 193.16797 168.0409
9214.9795 158.2815 1744.7118 209.38232 168.0409
9267.896 158.2815 1777.6267 166.88501 171.01344
9046.169 170.87366 1637.5933 294.1018 167.19933
9075.529 165.4615 1666.9532 287.46033 165.91383
9094.24 160.22249 1713.4148 202.84998 166.84549
9198.802 160.22249 1731.6202 204.87854 167.19933
9049.306 164.95471 1733.1135 163.73865 166.84549
9007.366 159.8117 1713.0679 165.73901 166.77203
9143.905 172.7754 1789.7726 88.061646 167.31726
9062.581 166.77203 1743.532 181.29944 167.02327
9045.563 165.36847 1728.7949 179.28613 167.02327
9105.24 162.306 1742.5667 161.8009 166.88687
9103.15 154.77966 1764.2136 126.50879 166.88687
9088.911 167.09227 1730.7479 200.40186 166.88687
9225.912 172.7754 1803.0809 83.94507 176.88963
9153.208 174.73656 1766.5115 128.42297 173.78304
9277.648 173.78304 1830.7803 84.2887 171.11673
9285.168 173.78304 1815.982 106.60596 173.40654
9267.179 158.90211 1820.9014 78.53088 178.80188
9294.409 158.90211 1813.797 78.4563 175.99098
9147.521 160.3636 1774.3466 98.14148 169.14557
9056.543 165.36847 1756.2952 85.68042 167.82477
9046.414 167.25055 1765.8352 84.01758 170.60704
9085.456 148.61626 1787.5778 55.09497 181.34158
9040.316 160.12071 1780.2778 44.23047 186.23871
9112.324 172.25597 1790.9628 71.903564 179.37947
9200.825 167.09227 1809.3624 67.61731 182.22795
9361.715 165.67262 1793.7714 121.611206 173.2176
9327.4 152.80214 1822.2555 96.502075 173.78304
9358.859 156.64426 1830.0631 97.361084 173.78304
9167.175 161.39162 1625.3792 297.81226 166.44334
9122.3545 161.39162 1638.2234 316.37976 166.44334
9109.913 170.53278 1657.8569 282.43823 167.20705
9148.1 170.53278 1659.8345 285.3778 167.6547
8921.912 166.65726 1622.8899 239.38953 166.44334
9473.178 160.12071 1856.5978 94.36987 185.39194
9246.722 156.64426 1793.3442 158.43848 169.52435
9275.394 160.12071 1765.3611 167.01355 169.41483
9248.888 158.90211 1784.8223 218.57507 169.52435
9182.9 160.61742 1758.9066 159.6289 168.76546
9225.914 160.61742 1729.3889 182.40515 168.76546
9235.064 160.12071 1718.877 225.09607 168.0409
9195.052 159.42813 1755.8762 161.86755 168.0409
9174.085 165.35995 1734.797 196.54163 169.41483
9174.084 165.35995 1734.7969 196.5415 169.41483
9037.45 130.16411 1579.4464 318.72644 163.92165
9289.153 160.61742 1803.066 109.07971 171.58456
9212.568 162.60805 1777.8058 114.89966 169.22011
9213.973 160.61742 1755.9688 171.71985 168.0409
9167.381 130.35652 1758.9493 173.96545 168.0409
9414.986 158.90211 1839.7388 96.22839 174.36157
9346.111 158.90211 1817.8851 81.329956 180.3756
9365.201 158.90211 1833.3124 69.81531 182.95938
9353.294 158.90211 1844.4685 76.70361 182.43361
9370.125 158.90211 1842.6155 79.65918 181.34158
9374.696 158.90211 1844.8289 83.42883 182.95938
9417.838 158.90211 1850.3137 104.548584 182.95938
9450.378 158.90211 1846.6931 127.57739 181.21349
9434.812 164.94165 1832.7576 99.73572 174.36157
9325.066 168.0409 1824.2057 84.210815 176.64444
9251.745 174.55391 1782.1726 138.46875 173.78304
9298.136 174.36157 1805.8187 116.179565 186.23871
9293.166 173.78304 1820.7457 128.0675 182.43361
9216.613 178.80188 1747.039 151.94092 187.51761
9361.742 169.31198 1831.9497 95.53491 187.51761
9306.907 169.31198 1787.2374 130.78894 173.78304
9362.24 169.31198 1801.5837 171.97559 174.36157
9380.638 169.31198 1836.1174 131.77344 188.71999
9420.846 166.74571 1832.5864 105.91931 186.23871
9295.961 161.0865 1770.7814 186.2826 171.11673
9316.415 158.61707 1739.9944 216.00818 169.31198
9355.0205 166.74571 1778.6007 132.13586 173.2176
9314.297 166.74571 1770.3416 126.725464 172.5982
9281.191 160.86064 1737.236 159.81921 171.41327
9406.664 166.74571 1837.7853 90.37341 174.36157
9096.453 166.22816 1650.6062 256.03516 164.8346
8962.488 163.70543 1682.9677 241.99854 164.8346
8894.098 163.70543 1679.669 221.84314 163.93184
8969.278 157.93887 1666.4675 256.812 163.39345
8780.789 160.92172 1700.3959 149.42981 162.03041
8747.863 148.8617 1692.7307 116.274536 164.94165
8740.07 155.75172 1671.8319 142.72058 162.03041
8687.37 155.75172 1619.1327 199.70667 160.08427
8740.069 155.75172 1671.832 142.72058 162.03041
8655.277 155.75172 1673.7001 162.72876 160.08427
8655.276 155.75172 1673.7001 162.72864 160.08427
8659.853 155.75172 1649.556 208.43579 160.08427
8677.705 144.02876 1688.15 153.21814 160.38492
8707.891 158.4807 1668.4103 149.67639 160.1613
8796.669 158.4807 1689.6545 133.60669 164.8346
8882.81 165.5992 1708.2853 146.52136 164.8346
8843.7 160.1613 1706.9777 139.63196 164.8346
8836.174 160.92172 1689.4288 170.21411 163.93184
8819.53 165.5992 1710.53 136.93665 162.77574
8719.718 158.4807 1685.3295 133.63245 161.25354
8603.864 154.59692 1664.8976 119.24939 161.25354
8680.192 154.59692 1682.8645 116.025635 162.77574
8719.827 157.40158 1685.3489 129.43884 161.25354
9143.327 174.52417 1773.5765 108.829956 183.38354
9086.103 174.52417 1764.0676 103.98389 178.80188
9223.702 176.64444 1738.987 174.90344 174.52417
9219.213 176.64444 1763.7573 127.41797 174.52417
9194.213 174.36157 1781.2305 103.60791 176.17882
9180.573 176.17882 1767.1998 118.49365 174.49599
9188.443 176.17882 1774.42 126.04285 174.36157
9321.024 174.36157 1796.3381 135.80786 174.52417
9248.329 174.36157 1799.9807 100.931885 181.34158
9247.752 164.94165 1786.0942 118.1499 169.52435
9215.683 174.36157 1794.6477 104.33801 169.52435
9076.988 149.8217 1696.8314 192.24646 164.94165
8937.174 157.25197 1706.1965 141.53003 164.94165
8839.574 157.25197 1723.6843 92.965576 166.74571
8756.019 164.95471 1710.1846 81.802246 172.23912
8754.427 164.95471 1713.4082 76.08667 174.36157
8677.133 162.31143 1704.3925 48.62451 186.88306
8695.726 162.31143 1715.1627 48.973267 174.36157
8835.824 167.56459 1714.6556 79.97815 174.36157
8755.6 161.10934 1710.4277 70.79736 173.6303
8657.433 154.96448 1657.5685 100.50757 164.19875
8598.48 159.9382 1680.5206 87.66699 164.19875
8579.681 160.33003 1674.3906 89.227905 164.19875
8590.327 159.9382 1692.9955 65.99768 164.19875
8613.796 159.9382 1673.6217 108.36511 164.19875
8681.979 159.9382 1686.205 120.37622 163.93184
8667.816 150.61937 1685.7053 107.55554 163.93184
8693.253 150.61937 1691.8287 95.91284 164.34167
8704.772 150.61937 1691.9879 100.57471 164.19875
8663.709 150.61937 1693.9296 97.01611 164.19875
8705.799 150.61937 1693.7292 102.828 164.19875
8651.153 154.45143 1709.2281 54.97754 165.69641
8652.71 154.45143 1696.2423 80.79712 164.19875
8600.228 163.09657 1675.9966 93.37402 164.19875
8639.291 156.25668 1697.9912 68.90503 163.93184
8635.601 159.9382 1693.1504 86.93872 164.69258
8692.098 159.9382 1705.7314 58.121704 170.06197
8725.782 157.93507 1688.4954 108.71655 163.24161
8649.922 150.09505 1704.1866 61.59253 163.24161
8657.56 135.51976 1673.5205 108.69629 163.24161
8683.898 157.93507 1681.0117 101.68164 164.19875
8605.112 157.93507 1684.137 58.352905 168.12714
8635.698 157.93507 1684.7147 88.45093 164.19875
8630.242 160.3636 1661.7854 101.626465 164.19875
8824.971 160.3636 1719.5743 136.9408 167.25055
8729.498 156.83546 1682.0225 92.50293 164.61855
8808.338 156.83546 1731.0228 55.731445 172.96335
8805.214 152.69485 1726.8834 64.74109 166.62468
8759.354 158.54541 1700.8502 85.252686 166.62468
8777.488 152.80214 1718.985 65.27307 166.62468
8796.607 152.80214 1711.6945 106.853516 165.33313
8815.764 152.80214 1709.0712 77.132324 166.62468
8813.676 160.12071 1682.0496 134.23535 166.62468
8675.701 160.12071 1677.0928 109.580444 166.62468
8666.633 160.12071 1708.5166 44.29712 180.03186
8671.592 160.56216 1693.9867 78.42383 166.62468
8638.336 156.83546 1703.3572 97.84888 164.61855
8727.48 160.56216 1697.7544 123.854614 166.62468
8667.21 160.56216 1700.8383 79.66821 166.62468
8577.151 160.56216 1680.4962 57.849 166.79442
8542.858 160.56216 1693.8574 49.45288 168.14497
8575.004 158.2815 1696.9078 42.977905 169.81209
8534.43 160.97267 1677.2599 56.974365 166.79442
8592.555 152.81467 1695.3811 40.00305 177.28677
8534.431 160.97267 1677.2598 56.974487 166.79442
8511.192 160.97267 1684.9481 65.1991 166.79442
8640.271 160.97267 1661.927 123.88281 166.62468
8668.188 160.97267 1688.2054 80.87427 166.72133
8741.569 164.69258 1709.755 78.11902 167.45956
8677.251 164.69258 1708.2571 75.92114 171.10956
8630.66 164.61855 1677.5883 75.51477 171.10956
8658.098 164.69258 1698.0275 72.94458 172.56798
9027.261 169.94125 1711.803 148.08679 167.20268
8915.831 174.12314 1717.919 138.55762 167.20268
8807.161 174.59618 1684.8448 185.4513 171.16081
9166.514 161.0865 1720.6613 203.16724 165.89938
9114.416 164.86464 1695.7522 242.6925 165.89938
9441.513 165.67262 1842.7911 124.325806 174.36157
9479.467 156.64426 1856.8153 87.335815 178.43755
9306.416 161.1099 1742.9777 172.67981 171.55267
9315.477 150.5996 1716.5841 204.57605 171.55267
9452.071 160.12071 1818.8466 118.42236 181.98518
9319.684 173.90163 1805.1555 112.015015 179.90074
9319.681 173.90163 1805.1556 112.01489 179.90074
9352.514 173.90163 1802.6138 127.19397 179.90074
9292.125 176.17882 1788.2288 147.63293 186.23871
9139.261 176.17882 1778.56 113.7406 179.90074
9203.289 176.17882 1765.4243 139.74158 175.3321
9085.069 176.17882 1751.4896 132.0614 172.89442
9026.523 176.17882 1759.5111 137.90222 172.89442
9144.181 176.17882 1754.509 162.16687 172.89442
9129.301 175.95915 1735.2185 195.88708 172.17154
9120.296 175.95915 1757.9799 128.8689 172.17154
9129.302 175.95915 1735.2185 195.8872 172.17154
9473.179 160.12071 1856.5978 94.369995 185.39194
9420.43 160.12071 1841.4359 90.388306 179.50925
9410.276 168.0409 1835.3899 92.81018 179.50925
9317.235 168.0409 1820.2018 81.39392 179.50925
9255.524 168.0409 1822.9884 55.66089 186.006
9288.663 168.0409 1827.3348 75.65979 191.46103
9264.687 168.0409 1809.6499 75.549805 179.50925
9312.18 168.0409 1790.4425 118.568726 173.99953
9335.283 168.03444 1813.549 125.278076 174.36157
9230.052 149.38101 1708.6226 203.40662 168.11316
9045.696 165.72655 1727.6744 167.09216 165.6998
9183.336 142.16643 1774.3827 106.55493 168.11316
9219.451 142.16643 1729.6498 173.80957 168.11316
9156.137 142.16643 1714.1404 194.20923 168.03444
9031.626 142.16643 1734.2805 192.90552 165.72655
9078.452 142.16643 1733.1964 171.66895 165.72655
8958.819 158.2093 1729.243 147.87 164.93689
8999.102 155.21843 1697.5651 186.61975 164.93689
9020.557 166.09207 1701.6779 192.18848 165.67262
9018.715 165.72655 1717.1781 200.04431 165.67262
8840.124 165.72655 1683.6407 188.68726 165.67262
8690.323 163.33229 1677.2192 131.92908 166.09207
8652.752 163.51688 1682.1733 128.49902 166.09207
8651.395 160.1111 1679.5883 118.13245 166.22816
8540.89 157.25197 1688.778 48.049072 166.09207
8596.686 163.51688 1677.5449 96.24463 166.09207
8681.32 166.77203 1673.3336 138.15869 165.67262
8693.243 165.72655 1689.5061 133.54956 165.6998
8627.66 165.72655 1687.9976 99.753784 165.6998
8717.727 165.72655 1686.4615 138.94934 165.6998
8580.869 165.72655 1684.3528 64.25928 164.95471
8511.294 161.08527 1663.484 61.199463 164.95471
8447.86 152.70825 1663.0923 59.880737 164.19875
8430.925 149.69675 1652.6265 56.917236 164.19875
8441.392 160.3636 1651.8313 75.765015 164.19875
8503.782 160.3636 1653.2451 105.00122 162.78477
8529.214 156.93901 1681.2294 70.517334 161.38742
8615.344 154.48396 1672.1871 104.0636 162.28741
8531.667 160.3636 1661.6644 128.41858 162.28741
8425.638 161.38742 1576.9651 177.57605 161.31477
8603.832 144.61475 1674.7891 94.75049 161.31477
8528.6045 144.61475 1674.7335 75.08386 161.31477
8574.007 158.73848 1656.9171 115.15393 161.38742
9480.843 156.64426 1835.7789 96.37634 183.39262
9459.079 156.64426 1827.8018 121.78674 174.36157
9365.978 168.0409 1801.5824 142.00989 173.99953
9335.351 173.78304 1794.9918 159.96643 171.58456
9299.556 168.17484 1770.0438 143.42017 173.69032
9201.692 133.08179 1721.9315 180.73462 168.03444
9232.178 156.9105 1702.665 204.4419 168.03444
9214.155 156.9105 1730.2571 209.24573 168.17484
9220.095 147.12909 1705.4261 243.9812 167.67914
9040.789 156.9105 1681.5779 214.9812 164.6202
8996.377 156.9105 1659.1293 249.2124 163.33229
8815.412 152.80214 1678.9116 185.44604 162.39507
8843.436 150.9903 1686.4022 172.53015 161.25354
8891.327 156.64426 1696.652 177.3938 163.33229
8860.452 157.10938 1706.5205 141.73474 164.84428
8995.791 156.9105 1686.9175 224.38892 164.84428
8895.401 145.67773 1713.52 149.18079 164.84428
8835.644 145.67773 1709.0957 122.185425 164.84428
8858.443 145.67773 1707.7979 155.89587 164.6202
8908.686 145.67773 1709.9824 142.81213 165.22179
8900.602 145.67773 1724.5043 139.75061 165.22179
8877.54 146.27359 1700.6792 135.15332 165.22179
8896.059 138.06628 1705.2482 161.02429 164.07555
9035.863 138.06628 1680.0781 227.50928 164.07555
9072.273 156.9105 1709.7402 185.6709 165.22179
8833.155 158.53456 1726.4194 81.47168 167.04564
8826.362 158.53456 1726.552 69.97339 170.2111
8730.598 119.97869 1693.1125 98.7323 164.94165
8871.833 149.40105 1731.796 88.10388 165.22179
8768.401 149.40105 1705.2874 124.271484 163.96837
8790.474 129.54239 1693.0698 122.249756 162.26248
8814.213 129.54239 1680.6858 142.82996 162.26248
8806.437 129.54239 1705.7526 84.73828 166.48952
8704.401 151.39291 1714.7573 60.870117 166.48952
8699.987 151.39291 1718.617 52.58191 165.22179
8715.896 151.39291 1710.6924 68.25073 165.22179
8743.379 151.39291 1707.7367 66.607544 165.22179
8753.943 129.54239 1680.2538 117.68347 164.61855
8743.377 151.39291 1707.7367 66.60742 165.22179
8797.954 150.9903 1695.3458 101.19617 165.22179
8819.857 150.9903 1715.0488 105.37085 165.22179
8849.979 150.9903 1707.1704 105.00989 165.22179
8734.315 137.03423 1614.797 218.8092 160.12071
8826.67 158.53456 1675.4734 148.88623 161.13847
8847.579 158.53456 1709.4148 117.6637 165.22179
8902.02 158.53456 1704.1239 143.26038 165.22179
8946.417 142.17139 1712.425 128.21106 165.22179
8896.749 158.29262 1726.3403 108.4823 166.59175
8905.157 158.53456 1730.3405 118.85144 166.78963
8772.582 158.53456 1729.7632 60.89624 165.35995
8790.887 156.64426 1737.1322 45.984497 174.59618
8872.591 150.9903 1719.237 115.28174 165.22179
8803.397 158.53456 1719.1724 74.2677 165.35995
8805.942 143.7888 1719.0981 80.98425 165.35995
8723.038 155.30649 1696.1067 86.02869 165.22179
8831.351 158.53456 1736.5739 84.82007 165.35995
8862.755 158.53456 1730.0986 112.59802 167.263
8815.747 157.93887 1728.7455 69.313354 171.48897
8790.054 157.93887 1727.5487 55.228027 179.65231
9433.039 168.0409 1810.0276 145.07593 174.36157
9257.052 174.36157 1797.3712 145.80957 176.67302
9293.15 174.36157 1813.1251 141.64612 186.23871
9240.174 174.36157 1810.1135 113.23804 176.67302
9214.303 174.36157 1811.0522 73.442505 176.67302
9155.795 174.36157 1776.8224 89.24744 174.52417
9120.0 173.6303 1787.3234 72.6322 174.52417
9185.929 174.36157 1807.1338 61.708496 180.79916
9177.925 174.52417 1792.8689 120.18506 180.79916
9228.588 173.90163 1789.8523 136.12964 174.48071
9357.287 173.90163 1816.2095 102.55322 181.34158
9351.642 173.68413 1799.3544 119.35364 176.64444
9231.933 174.36157 1753.0225 125.33948 176.64444
9243.672 174.36157 1787.8623 95.513306 176.84186
9345.563 174.36157 1796.62 111.839355 176.84186
9301.175 176.17882 1752.2303 166.10657 174.52417
9395.449 163.93184 1840.3756 105.80505 174.52417
9432.648 163.93184 1838.1188 94.154175 174.36157
9433.28 163.93184 1841.96 106.98804 174.36157
9358.421 161.34639 1767.1014 169.69604 172.96335
9379.808 155.85728 1773.5911 182.70337 172.96335
9377.254 157.93887 1762.4727 206.93347 172.96335
9346.045 158.2815 1774.1265 167.89722 172.96335
9292.377 161.34639 1777.1992 144.552 172.96335
