129404.73 122.43136 6757.638 626.87744 148.81927
129242.34 113.14942 6732.1763 656.1416 147.45378
128487.64 123.52054 6594.339 693.7451 146.72157
114358.18 97.11159 4978.3013 1969.0454 140.37236
120717.05 101.79288 5269.538 1820.3091 142.94437
121925.79 91.81606 5222.135 1877.5493 142.9814
119166.07 91.38908 5115.1616 1883.1006 140.70325
129368.55 122.43136 6721.5176 647.5669 147.45378
129237.89 123.81409 6747.786 627.8086 153.41919
124351.81 136.72815 6291.358 832.61914 144.175
128623.375 123.81409 6135.4224 1193.7964 150.68959
129434.445 122.43136 6787.3945 542.21484 154.63593
126221.86 142.50557 6158.1045 1077.2588 145.10898
126557.44 142.04971 6364.206 864.9336 142.99063
129348.984 106.63748 6790.1426 573.12744 162.33377
129347.266 123.81409 6761.8867 573.56104 154.63593
129395.64 122.43136 6775.6343 575.27295 148.78528
128592.516 123.81409 6463.23 973.2705 149.67123
128467.47 106.63748 6068.02 1267.3457 146.59882
127488.75 106.63748 6290.035 999.2793 146.59882
128796.45 122.56346 6408.8135 902.39453 148.81927
