831.3743 107.17459 398.48505 32.958313 108.74766
721.5456 92.72401 333.64594 46.931335 98.73409
761.0748 96.66178 360.89374 39.054688 103.83735
725.2184 98.73409 328.38354 56.74185 92.72401
800.2434 115.79839 380.58887 35.146088 104.8258
749.3716 94.52596 359.45303 50.856262 96.66178
758.9498 108.74766 350.79907 42.274445 103.83735
858.17017 112.16711 408.30804 36.99774 108.74766
791.19763 104.8258 391.19904 12.16864 104.6066
875.7733 112.16711 418.31055 41.470764 108.74766
791.464 120.02276 384.81323 23.622711 104.8258
811.2031 103.67062 367.61163 62.269226 104.8258
661.3014 94.52596 321.2085 33.77127 92.72401
654.1298 101.21852 319.0713 11.524933 115.79839
872.86346 127.06961 410.98645 70.01688 108.74766
813.52325 98.73409 363.66116 76.54855 92.96057
660.5347 97.39099 321.3169 20.25769 103.83735
813.5233 98.73409 363.66116 76.548584 96.66178
817.1001 98.73409 359.63736 95.04788 105.11211
872.8634 127.06961 410.98648 70.016815 108.74766
681.2938 92.82071 315.41757 41.8414 98.73409
729.15845 103.83735 355.09995 29.637787 103.83735
687.169 96.66178 310.37762 47.22345 99.04942
810.838 113.80575 376.31097 64.19406 108.7458
872.86346 127.06961 410.98648 70.016815 127.34239
