13035.428 144.32755 2048.583 367.84277 159.83609
12934.264 147.49121 2037.3143 347.50476 159.59308
13079.863 148.98947 2028.3658 410.04797 144.32755
12946.854 147.49121 2026.7358 348.2566 159.83609
13080.444 147.49121 2047.6951 370.8374 155.38664
13080.446 147.49121 2047.6951 370.83716 159.59308
13126.991 144.32755 2060.395 374.78174 148.98947
12930.878 144.32755 2049.0215 365.1228 177.44951
13126.993 144.32755 2060.3948 374.78198 148.98947
13126.988 144.32755 2060.395 374.7815 148.98947
13080.443 147.49121 2047.695 370.83752 150.73563
13079.865 148.98947 2028.3657 410.0481 144.32755
12973.279 148.98947 2015.3286 381.6516 147.49121
12973.275 148.98947 2015.3287 381.6515 177.44951
13080.441 147.49121 2047.6951 370.8374 150.73563
12988.945 148.98947 2013.6134 389.9679 147.49121
12946.855 147.49121 2026.7358 348.2566 173.77284
12678.602 147.49121 1998.3345 233.72803 155.38664
13080.443 147.49121 2047.6951 370.83716 151.45992
12934.265 147.49121 2037.3146 347.50427 177.44951
12703.184 144.32755 2011.3716 240.33472 155.38664
13074.013 147.49121 2041.2639 352.47925 148.98947
13035.429 144.32755 2048.583 367.84302 159.83609
