9077.795 82.88181 1451.3584 185.41565 105.07169
9000.482 88.20019 1440.3303 184.68481 102.20926
8619.594 102.57836 1266.5278 285.55518 97.07841
8938.768 101.66351 1437.163 162.90393 116.14337
8977.992 102.20926 1420.0571 213.85413 116.14337
8631.473 89.32391 1347.1366 159.74304 102.65923
8915.347 97.52448 1375.6199 231.3794 91.96045
9033.816 82.88181 1436.8849 165.37451 102.20926
9080.836 82.88181 1443.0431 187.5669 101.89092
9045.424 88.20019 1429.4535 194.29199 102.20926
8695.227 97.07841 1336.2133 210.87036 105.07169
8809.773 97.52448 1370.147 233.4563 91.83954
8569.242 89.65701 1263.3538 277.88342 88.20019
9065.289 82.88181 1454.1255 161.42505 103.81152
8761.002 88.21501 1393.2606 179.75977 112.08601
9032.648 76.00563 1443.3586 133.97876 112.08601
9071.399 76.00563 1455.4825 161.25928 100.28615
8937.032 100.28615 1401.9247 233.22095 102.52583
8433.35 97.34457 1302.4044 192.50122 92.39416
8857.988 102.20926 1369.3407 225.5747 92.7333
8809.776 100.28615 1388.4371 240.17114 92.7333
9077.795 82.88181 1451.3584 185.41577 101.89092
8945.91 85.5496 1352.0183 265.8014 100.28615
9029.181 85.5496 1428.6122 192.95569 116.14337
9047.102 100.28615 1433.3217 218.09082 105.07169
9080.836 82.88181 1443.0432 187.56665 103.81152
9080.835 82.88181 1443.0431 187.56677 101.89092
8798.127 74.54115 1401.5759 151.41211 108.3306
