669403.25 0.93 24215.725 6713.789 110.43
746801.4 0.85 26973.219 6736.5938 117.0
750476.06 2.06 26515.58 7268.576 140.99
721501.4 2.36 25353.592 7500.834 114.22
745254.56 1.4 26649.49 7954.2246 112.84
747589.44 0.35 27129.129 5782.4375 165.65
725383.44 0.08 26163.893 5249.1016 107.81
754057.3 0.41 26779.326 8247.381 98.57
728827.8 3.98 25840.697 6586.2695 119.78
752850.75 0.11 27808.215 5338.3477 102.62
611100.6 0.76 21729.36 5335.041 90.15
719585.8 2.69 25606.867 6714.3555 89.2
738484.56 1.17 26146.62 7290.959 90.97
730645.75 0.42 26359.771 6193.1484 97.8
725091.25 0.43 25782.85 7040.908 87.7
744941.9 0.64 26946.732 6722.0684 106.35
732591.7 0.06 26213.92 6580.674 94.88
655849.4 3.88 22214.307 7665.0684 110.94
751871.8 0.79 27872.43 6190.8477 124.31
676524.1 2.51 24163.979 6406.1133 116.29
741409.3 3.37 27147.06 7552.8184 115.9
745246.44 1.57 27494.469 5510.59 112.04
745728.4 0.97 27396.889 5982.787 111.2
642989.9 0.49 22693.76 6597.1523 98.22
709955.0 6.29 25074.236 9402.314 93.07
745100.7 0.16 26930.543 8374.027 101.44
725397.4 5.67 25767.63 8308.803 97.6
616384.44 11.32 21541.45 7638.1113 94.43
600904.3 3.37 20064.332 7625.8594 102.76
639863.25 7.68 21367.182 7745.086 134.62
616607.75 6.05 20892.45 6100.998 142.59
598070.44 6.98 20477.773 7379.3066 99.65
676861.44 68.23 21462.139 9851.184 69.68
665480.94 42.95 22855.537 7973.324 138.73
663311.25 62.93 23025.37 7881.092 68.65
628782.0 5.94 21723.824 7396.2285 105.66
676209.3 74.45 23185.371 8285.607 74.58
629932.8 6.52 21515.742 7446.9297 139.83
676147.9 69.96 22243.834 9134.156 67.45
698147.1 65.09 23262.4 8929.748 79.82
689014.0 70.26 22868.8 9339.459 76.66
627410.56 3.56 22711.709 5615.422 120.59
676886.5 68.57 22493.262 9977.93 73.14
610324.5 2.06 20787.932 6656.549 89.84
627840.06 1.87 22354.35 6000.123 102.53
