-8681.715	-144.02876	-1693.732	100.47009	168.17699
-7861.3013	-131.1151	-1471.3575	175.2312	165.72784
-9402.461	-166.74571	-1821.3365	89.78735	172.23912
-8775.302	-156.83092	-1720.0468	68.57312	179.61174
-9079.145	-137.84033	-1641.724	256.21313	169.0815
-9453.925	-158.90211	-1840.0359	112.79492	174.36157
-8180.189	-117.43425	-1411.1853	353.24805	166.21745
-9436.643	-155.85728	-1840.2954	145.13428	174.36157
-9437.97	-166.74571	-1821.9609	148.50757	174.36157
-9084.202	-155.21843	-1737.6735	152.52893	169.70892
-9408.145	-158.90211	-1838.0743	111.441284	173.99953
-8994.647	-167.263	-1691.8992	210.46289	166.3936
-9037.338	-171.3851	-1690.6697	205.21802	171.01344
-9030.65	-177.04102	-1720.3132	143.7926	174.38966
-8929.893	-171.16081	-1693.6018	187.7926	172.89442
-8897.484	-171.58456	-1723.8469	157.12646	169.34273
-9128.7	-177.10144	-1716.5067	228.78088	174.36157
-7787.08	-138.71661	-1456.0009	263.02686	165.5967
-7627.8384	-133.90022	-1440.5498	175.59131	166.90399
-9225.104	-173.78304	-1719.0098	199.17517	173.68413
-8647.528	-164.38834	-1640.7583	179.01562	168.64224
-9145.834	-174.36157	-1745.0929	148.44568	177.04102
-8601.914	-172.4693	-1672.1406	115.58276	167.56459
-8057.72	-127.56646	-1462.6093	263.1466	164.69258
-9055.265	-172.96335	-1723.3225	213.59277	174.59618
-8036.4297	-140.41786	-1481.7305	278.1936	166.08528
-8995.098	-176.07236	-1710.123	207.6101	174.36157
-8486.478	-162.45502	-1617.7076	158.34729	167.09227
-9267.824	-178.43755	-1763.0378	169.72949	181.87971
-7945.422	-121.40395	-1500.1025	219.67554	165.9293
-7774.6763	-133.90701	-1453.2378	176.58984	164.5721
-8078.3647	-120.78424	-1488.6589	259.24292	165.41318
-8014.043	-127.0629	-1466.1285	258.7506	166.30869
-7861.0737	-114.04081	-1443.0665	255.06323	164.94165
-7845.6196	-100.83225	-1424.1825	258.16724	164.69258
-7294.884	-103.63505	-1335.8347	332.28674	164.17528
-8724.985	-138.06628	-1627.6416	184.05176	168.12714
-9402.051	-158.90211	-1833.579	103.523926	188.71999
-9292.78	-171.8137	-1790.9329	151.40991	173.68413
-9330.08	-173.90163	-1793.1663	115.173096	174.62762
-9225.048	-167.52968	-1766.1265	144.92151	173.38815
-9107.496	-138.71661	-1653.4136	284.06104	170.61742
-8709.132	-160.22249	-1662.3593	183.0531	166.94402
-8437.72	-145.54712	-1636.7191	104.18323	172.16328
