-7693.1616	-156.74846	-1644.0175	110.09839	182.50279
-7742.6807	-166.85081	-1634.4132	133.74646	201.64563
-7737.566	-166.85081	-1649.6271	122.63928	190.53282
-7786.226	-181.57945	-1667.2844	137.901	171.51328
-7779.9487	-181.7072	-1661.0068	134.40503	201.64563
-7786.531	-156.74846	-1659.0682	120.42627	188.35666
-6905.7354	-158.36867	-1472.381	183.75952	169.91818
-7686.5303	-182.50279	-1637.3855	127.37146	177.18243
-7421.56	-169.7106	-1565.3806	214.05603	170.16061
-7423.6455	-169.2478	-1593.6815	105.233154	174.63663
-7644.7197	-181.57977	-1650.9258	82.15662	177.18243
-7132.4517	-170.45062	-1504.8903	192.80298	170.45062
-7097.5493	-157.82498	-1423.4221	315.8806	169.7106
-7789.479	-184.04543	-1628.4531	206.09314	180.78838
-6768.356	-140.39668	-1423.6886	194.9718	169.62741
-6831.7407	-140.39668	-1486.1958	67.7666	179.38376
-7042.9204	-158.24025	-1512.9039	92.169556	174.63663
-7800.513	-182.50279	-1639.4883	199.54492	201.64563
-7855.6704	-181.7072	-1694.6451	135.22949	182.50279
-7789.4785	-184.04543	-1628.4534	206.0929	180.78838
-7855.6694	-181.7072	-1694.6453	135.22937	182.50279
-7734.344	-181.57977	-1646.405	122.193115	175.97603
-7792.699	-182.50279	-1632.8645	176.22827	201.64563
-7779.949	-181.7072	-1661.0068	134.40515	201.64563
