7536.903 7.04364 917.34283 208.80475 42.47788
7519.779 6.03521 839.73334 270.36273 36.87917
7623.0146 9.09407 915.56836 234.55054 38.33129
6263.524 19.26933 633.8764 374.83026 17.51422
6340.142 23.03474 644.075 504.9671 18.37289
6288.6885 21.60812 635.33234 352.0937 29.36699
6353.8096 23.21754 648.16235 477.68286 25.61572
6401.135 15.80146 708.9479 263.6051 20.47737
7319.0703 9.08314 882.8504 243.63495 33.09188
7179.4775 9.08314 883.94336 215.47412 33.09188
6466.2544 3.6656 786.0354 201.86145 24.7394
7385.747 9.09407 881.12054 265.50922 33.09188
6425.5635 10.98809 684.765 299.37317 18.75478
6417.547 3.11481 679.94293 297.46674 18.75478
6309.149 13.81957 672.4405 315.22015 18.75478
6296.556 13.81957 675.1192 317.77728 18.75478
6084.33 8.66173 660.70825 265.71448 18.75478
5986.2764 13.25628 656.31555 260.31982 18.75478
5973.339 10.19582 644.7946 252.04413 18.75478
6418.5947 12.56759 688.033 297.8266 18.75478
6530.572 8.4868 682.463 332.5971 18.24545
6377.688 8.4868 689.6156 288.79413 18.66649
6358.844 3.6656 683.24725 268.58826 18.75478
6317.816 9.08314 687.259 282.07062 18.75478
6121.284 5.92998 656.4379 264.67358 18.75478
6082.2886 12.85446 654.25696 261.0285 18.75478
6103.724 6.82983 651.2424 275.93915 18.75478
6300.7373 6.82983 678.86487 284.17163 18.70247
6283.9624 11.83952 678.02594 292.97412 18.24545
6286.8276 11.83952 676.2333 299.56677 18.24545
6678.119 6.03521 705.0366 327.51367 19.26933
6714.3354 7.04364 701.7731 336.0763 19.26933
6746.884 4.3254 721.9136 324.9707 19.26933
6504.3657 12.62948 696.1626 325.26794 19.26933
6508.9673 7.04364 703.07996 282.49725 19.26933
6413.2856 5.27439 692.6802 280.41772 19.26933
6316.1895 5.80426 684.64935 306.86084 18.53034
6489.251 10.47395 734.8386 220.77411 22.6857
6406.9595 10.47395 725.30927 219.35065 22.6857
6739.0884 12.2174 773.6489 229.78638 26.7055
6609.1465 13.2815 782.74805 189.87042 30.0373
6536.892 3.41494 776.5813 191.40546 24.7394
6347.0786 11.08703 776.1062 193.05444 24.15528
6839.6826 13.25628 831.4102 191.52783 33.09188
7338.4126 4.13811 842.4501 255.40222 26.77596
7088.3535 5.92998 818.05664 259.61218 25.17749
6715.565 3.6656 810.75195 165.4552 30.0373
7104.951 5.92998 833.16095 284.0031 26.21495
6559.9355 12.62948 753.31 222.83154 24.7509
6009.752 17.51422 615.53406 288.79816 19.35933
5922.337 18.37289 593.6067 308.09198 19.04572
6018.9385 17.37529 641.78424 277.8152 20.47737
6460.301 6.03521 730.0729 245.41223 20.64232
6732.2144 6.03521 777.9787 239.22766 23.45232
6762.1885 4.3254 788.3827 239.48242 23.45232
6424.8833 4.3254 772.8705 210.46204 22.69691
6402.337 6.82983 767.7837 219.60175 22.69691
6323.521 9.11921 748.0293 220.4383 22.69691
6382.5117 10.24273 753.03784 221.21136 22.91576
6287.4014 7.04364 718.1182 210.21594 22.91576
6219.0874 10.24273 705.09564 230.23798 20.47737
6108.8174 10.24273 710.6253 215.67645 20.47737
6038.7 12.62948 701.3135 218.38086 20.47737
6018.207 12.62948 702.9397 216.16223 20.47737
6041.207 12.62948 702.2865 214.44989 22.6624
6343.9917 12.62948 723.5967 240.43353 22.6857
6420.0195 9.11921 759.9374 224.1825 22.6857
6737.904 10.19582 742.62634 257.13428 22.6857
7086.023 10.98809 809.6481 258.53162 29.28648
6644.399 11.83952 737.1075 284.54352 20.82905
6573.3506 13.81957 762.9991 209.51746 30.40059
6798.2173 18.24545 740.4902 372.86993 30.2279
7092.504 11.83952 791.2152 274.15173 24.7394
7059.451 5.80426 828.518 245.1225 25.31491
6967.42 5.80426 823.79834 244.43835 25.31491
6855.068 8.4868 802.5719 237.25354 26.1624
6671.1406 8.4868 776.82855 234.03625 22.69691
6855.7246 9.09407 784.7983 256.59808 22.69691
6702.5293 12.62948 746.12616 283.8167 22.13576
6878.2114 11.83952 769.47217 298.14233 22.13576
6957.9365 12.56759 761.17255 269.42242 23.21754
6707.439 12.62948 794.3992 222.13489 30.0373
6900.36 10.19582 769.5375 281.2732 22.91576
6829.5205 14.09013 790.69977 265.59186 30.40059
7109.95 9.09407 742.6154 370.31805 21.60812
7134.904 12.2174 756.3754 373.09747 23.49004
7251.099 12.2174 858.10175 268.9439 30.77288
7293.628 12.2174 844.8273 264.03406 30.77288
7115.152 15.83616 716.91327 409.0396 27.36176
6752.7896 16.64856 748.27386 311.64386 20.82905
6704.5815 19.99211 727.37506 401.4604 20.82905
6027.1973 16.55389 676.73706 224.79236 23.03474
5881.8574 16.21669 667.5297 220.10712 31.90742
5885.887 12.6661 665.0842 209.49182 22.53264
6137.486 3.11481 701.85406 210.20526 22.53264
6111.534 3.6656 691.358 204.61414 22.6624
6141.5825 3.6656 693.75793 205.20459 22.53264
6365.7305 8.4868 719.6201 215.02588 20.82905
6372.2104 8.4868 716.07574 216.81921 23.21754
6164.6455 12.62948 693.7045 222.19537 23.03474
7063.394 13.25628 827.5437 331.20532 30.0373
7067.9854 5.80426 816.58325 272.82373 23.49004
7058.6626 5.80426 816.94464 267.83173 22.69691
7115.369 9.09407 803.13965 264.02698 22.69691
7036.992 9.09407 816.59735 262.16083 22.69691
6891.326 9.11921 798.8766 349.4248 22.69691
6925.192 9.09407 796.19916 260.91412 22.69691
6972.2295 9.09407 801.0232 261.16138 22.69691
6740.918 12.62948 753.4186 264.00757 22.69691
6579.111 14.09013 740.8611 249.3805 23.21754
6672.2236 15.33938 745.8597 274.85608 23.21754
6993.5674 14.55034 792.3895 282.85132 30.77288
6921.721 10.19582 828.34845 233.14178 30.0373
6969.8013 10.19582 845.00116 172.82098 30.40059
7197.57 10.19582 840.63403 231.92932 30.77288
7065.5103 11.83952 819.0026 273.33002 26.20491
6587.138 11.83952 788.3644 214.20917 30.21963
6888.0913 10.19582 798.4076 222.92578 26.7055
6969.625 12.62948 823.1192 288.7249 26.7055
7214.7017 12.62948 840.9141 249.35736 38.50505
6664.058 12.69145 763.91473 215.08618 31.90742
7101.6646 10.83634 814.58057 221.3258 30.40059
7205.639 13.81957 803.12524 377.55017 30.0373
7269.7383 10.47395 841.6343 378.9829 30.0373
6936.5273 16.28759 760.4359 288.5144 30.40059
6839.0796 16.28759 777.0626 283.8966 30.21963
6344.872 17.37529 666.3102 330.927 19.70974
6410.934 17.37529 681.14685 369.39746 19.50135
6710.511 16.64856 703.6342 376.16754 19.26933
6477.0747 17.37529 680.0877 355.87885 19.26933
6412.653 17.00098 665.57745 327.84735 17.37529
6824.793 16.64856 751.92957 325.7887 20.47737
6928.405 12.62948 769.1256 283.4867 23.21754
7208.653 3.41494 885.76794 193.94507 30.77288
7316.4604 6.82983 911.71814 180.55566 34.64907
7178.7627 6.82983 893.8885 138.92719 34.64907
7351.491 9.08314 889.4286 228.24402 34.64907
7351.291 9.09407 864.6419 234.25836 34.64907
7509.441 6.03521 859.9315 244.8899 34.64907
7449.6997 8.4868 873.0537 261.2246 34.64907
7330.3267 8.4868 902.92706 169.95587 34.64907
7434.659 8.4868 911.0785 224.40173 34.64907
7405.0767 8.4868 907.97156 223.70251 34.64907
7643.0796 6.03521 949.20667 185.13855 42.66518
7526.3076 5.80426 900.86597 214.88 33.09188
7375.1626 3.11481 892.4272 200.1435 33.09188
7380.4185 3.11481 821.1667 259.76898 27.85872
7278.5337 3.11481 831.8231 240.2489 26.77596
7183.502 3.11481 819.05444 223.7721 26.77596
7113.83 4.3254 835.1727 204.58813 26.77596
6978.0557 4.3254 836.66327 232.76959 26.77596
6942.123 6.03521 776.1853 224.76459 25.06802
6420.8843 3.11481 712.99713 231.72217 20.68348
6240.0835 3.11481 713.9096 211.87848 20.68348
6217.957 3.11481 708.6804 220.22675 20.64232
6491.3037 3.11481 726.8221 239.11902 20.64232
6274.064 3.11481 703.4492 235.53516 20.64232
6491.304 3.11481 726.8221 239.11908 20.64232
6388.54 6.03521 707.88293 242.9082 20.64232
6791.611 10.83634 739.2006 284.23975 20.47737
6599.136 12.85446 720.7125 276.18848 20.47737
6532.285 15.80146 737.51483 258.60785 23.03474
6246.8564 15.80146 693.2232 252.43109 20.47737
6493.455 16.55372 731.1931 251.12915 23.03474
6752.4927 15.11578 758.87366 241.33081 30.40059
6357.805 11.44046 731.8233 233.59167 23.49004
6773.886 10.19582 764.99023 234.1712 23.61153
5685.4507 12.2174 669.4079 172.62323 34.46936
6438.2915 10.93273 789.3915 156.09229 33.09188
6797.709 3.41494 838.7266 153.30109 30.40059
6804.1475 3.41494 837.2809 157.93909 30.40059
6971.099 3.41494 848.61804 165.12494 30.40059
6988.4756 3.41494 875.4082 174.7102 30.40059
7415.6704 3.41494 925.49274 162.75433 38.33129
7398.983 8.25139 912.5322 164.2008 38.33129
7446.182 8.4868 923.52295 168.6377 38.33129
7301.521 9.09407 805.34705 265.52625 27.51733
6834.4795 10.98809 759.6326 240.62238 25.99143
7147.247 10.98809 850.9943 174.38812 38.50505
7285.891 10.24273 835.85706 214.8075 30.40059
7094.7476 11.83952 816.10535 210.83264 30.40059
6877.3584 12.56759 785.6035 231.06702 30.0373
6888.538 10.98809 803.00104 230.80438 30.21963
7173.472 10.98809 819.75385 236.01459 30.77288
6869.523 7.04364 791.9883 211.13007 27.36176
7245.2197 5.80426 867.51355 236.07385 30.40059
7228.2925 9.08314 869.5339 228.31512 30.40059
7332.414 11.83952 882.47 229.86877 33.09188
7172.802 8.4868 872.4329 168.04498 33.09188
6561.389 8.4868 760.78467 188.40704 28.07888
6474.423 8.4868 759.38605 192.22125 23.86004
6518.709 12.2174 766.89764 223.17523 23.86004
6557.929 10.19582 756.1464 224.00024 23.86004
6458.2803 5.80426 762.2428 219.3263 23.45232
6548.756 5.80426 774.7856 227.08447 23.45232
6415.886 5.80426 766.56494 225.29224 23.45232
6788.824 6.82983 832.239 216.26013 25.31491
6538.145 3.11481 788.4346 167.03271 26.77596
6576.0093 3.11481 786.6386 166.33374 26.77596
6639.19 3.11481 800.84924 142.8645 26.91926
6871.8267 10.24273 788.12836 212.3537 26.91926
6671.211 5.80426 819.85175 162.07349 26.91926
6502.0405 6.53195 795.53467 159.57483 30.0373
6337.5127 6.53195 782.2996 135.54572 30.0373
6567.9097 3.6656 816.17035 130.28412 33.09188
6335.4077 9.11921 780.8356 154.58069 30.0373
6428.0986 9.08314 778.2381 150.78156 30.0373
6574.261 9.08314 803.671 170.92712 30.0373
6609.005 9.08314 788.9714 169.58191 30.0373
6499.076 10.19582 776.90906 170.58246 30.0373
6514.1646 13.81957 761.8603 225.56293 30.0373
6472.7617 12.91739 720.45667 231.7702 24.15528
6937.522 9.09407 828.2171 265.6507 24.15528
6828.771 10.19582 815.7238 202.44775 24.15528
6789.77 10.19582 812.2482 202.2052 24.15528
6944.174 10.83634 807.72095 244.41724 28.3981
7010.296 8.4868 811.3277 261.7564 24.15528
6969.482 8.4868 787.7681 239.93219 26.31472
6969.7183 6.03521 785.949 238.2135 24.15528
6940.202 6.03521 794.6039 238.0249 24.15528
6871.8403 10.83634 801.1002 259.36487 23.90247
6619.3438 12.85446 732.28705 282.30212 21.85575
6614.61 12.85446 727.0206 290.89215 20.47737
6904.103 12.62948 774.98096 255.79932 24.15528
6874.8247 12.62948 771.9508 255.71533 24.15528
6881.5483 7.04364 784.5424 230.79742 24.15528
6833.662 7.04364 785.539 218.30829 24.15528
6853.782 7.04364 785.9457 238.02277 24.15528
6509.326 10.98809 740.7923 207.00189 23.49004
6311.712 8.79305 744.4888 198.85089 23.49004
6306.846 8.79305 742.8502 188.68951 24.09773
6289.368 8.79305 742.2425 186.43164 24.09773
6377.668 6.03521 754.1941 181.21619 24.81566
6349.709 6.03521 754.0573 172.89142 25.08207
6373.867 6.03521 751.85645 176.5805 24.81566
6556.1763 6.03521 770.0233 183.7575 24.81566
6704.286 3.6656 776.1789 189.323 25.31491
6569.063 3.6656 771.95935 178.47961 24.81566
6658.41 6.03521 781.6582 184.59863 24.81566
6704.2866 3.6656 776.1789 189.32312 25.31491
6569.062 3.6656 771.95935 178.47949 24.81566
6548.0493 3.6656 769.005 173.84064 24.81566
6507.79 3.6656 771.91254 165.58044 26.31472
6374.424 3.6656 762.1136 164.35876 26.31472
6475.029 3.6656 746.7257 191.83368 23.49004
6617.928 3.6656 759.4763 213.61835 23.49004
6601.8193 3.6656 756.57245 211.89154 23.21754
6515.931 3.6656 753.9518 194.8667 23.21754
6416.631 3.6656 745.8923 189.6977 23.21754
6314.55 10.98809 714.2539 222.27435 23.21754
6077.688 10.98809 695.6864 220.19153 23.03474
6222.8877 14.88415 704.0841 233.32263 23.21754
6201.543 14.88415 697.8482 224.34991 20.82905
6245.721 9.45388 700.9029 227.1795 20.82905
6276.9595 8.79305 711.3932 220.62195 20.82905
6553.4116 11.83952 730.8144 246.94122 22.14375
6094.098 19.25949 616.51654 353.54797 19.35933
6215.7197 18.24545 693.0422 268.97247 23.21754
6189.8833 18.19086 692.9054 263.63916 23.21754
5996.909 18.19086 667.29114 267.59717 23.03474
6260.805 18.24545 695.51483 273.59918 20.82905
6216.235 18.24545 692.71783 272.21484 20.82905
6003.2544 17.37529 652.9956 296.50067 18.24545
5997.1836 17.37529 650.92236 293.7738 20.29102
6167.4956 16.68589 668.45355 292.232 18.24545
6151.487 16.68589 665.8256 288.5763 18.24545
6187.177 12.6661 654.52985 301.35333 18.24545
6307.8257 9.11921 686.39484 284.81763 18.24545
6401.5674 12.62948 663.4448 313.71814 18.24545
6717.2617 12.62948 758.5185 228.2044 29.39395
6486.5464 16.64856 665.8296 342.74036 17.51422
6396.4385 6.03521 668.16315 297.765 17.51422
6263.514 12.56759 672.68945 292.3579 17.51422
6207.1953 4.13811 666.36633 289.8385 17.51422
6231.3193 5.80426 674.11597 305.3302 17.51422
6072.2686 15.01437 655.09283 294.164 17.37529
6012.4033 15.01437 649.43115 294.13763 17.37529
6108.4575 15.36034 659.8308 296.3051 17.37529
6161.375 18.24545 633.2251 324.11884 17.51422
6219.6514 18.24545 638.80096 324.23096 17.51422
6639.6416 16.28759 738.1693 257.6978 26.1624
6966.187 12.62948 771.19763 245.55554 26.1624
7028.091 12.62948 776.5123 240.96722 26.31472
7083.191 12.2174 796.2546 263.5722 26.1624
7283.991 10.24273 796.8523 264.3706 29.28648
7419.126 10.24273 880.50464 209.12292 38.33129
7155.9824 10.24273 823.16284 234.13062 30.21963
7077.772 10.24273 824.5255 232.70337 30.0373
6860.758 10.98809 791.7573 230.23468 30.0373
6981.642 10.98809 788.79333 225.28711 30.0373
7073.201 10.24273 811.9656 223.5791 30.0373
6927.876 9.09407 793.18604 224.95801 27.62561
7196.9556 9.09407 827.7049 253.72577 28.17564
7198.2397 11.83952 804.22296 308.39557 25.61572
6962.16 13.81957 802.95087 280.71124 23.49004
7002.6147 16.53516 786.114 319.6775 28.17564
7062.408 16.53516 789.4697 290.10486 30.40059
6771.528 16.28759 771.02985 275.6828 30.40059
6233.274 13.81957 748.95624 178.47919 32.79296
6234.397 10.47395 769.2248 136.17578 32.79296
6305.957 10.47395 772.466 163.77722 32.79296
6516.5903 9.08314 798.7482 169.37817 30.40059
6471.8853 6.82983 799.2697 155.875 30.0373
6458.3726 6.82983 796.39185 145.24054 30.0373
6549.326 3.6656 810.6214 141.51428 30.0373
7338.046 6.03521 869.6719 225.49243 30.77288
7311.39 6.03521 885.2847 205.31085 32.59545
7320.953 6.03521 884.8673 200.85547 32.59545
7160.6396 3.6656 890.48596 173.92102 33.09188
7142.303 3.6656 888.08563 169.54327 33.09188
7199.405 3.6656 887.484 145.32617 33.09188
7045.178 3.6656 871.4872 144.44342 33.09188
7051.6455 3.6656 861.67523 141.52045 33.09188
7049.807 3.6656 866.9393 141.20935 33.09188
7127.8545 4.3254 874.9419 157.1106 33.09188
7088.5034 10.47395 867.5654 167.24707 33.09188
6897.4966 8.79305 843.8064 160.06543 33.09188
6769.1694 8.79305 837.7674 155.69391 33.09188
6898.6763 10.47395 831.9472 159.77704 35.67205
6860.5415 9.04912 827.63727 160.59479 33.09188
7155.9253 8.4868 866.3734 163.92798 33.09188
7097.036 10.98809 849.9279 173.76544 33.09188
7311.776 9.09407 859.047 215.61084 33.09188
7424.879 9.09407 827.00836 269.42682 29.28648
7418.5654 9.09407 834.70325 279.8059 29.28648
7458.313 9.09407 861.2706 304.5193 34.64907
6942.5483 10.19582 820.75806 191.6051 30.0373
6782.4014 3.6656 828.42633 184.61737 28.40491
6976.011 9.09407 847.13837 209.55023 28.40491
7044.8037 6.53195 862.19946 187.65808 30.0373
7300.267 9.09407 883.7319 246.40594 34.64907
7258.947 9.09407 877.38763 201.56012 33.09188
7261.55 9.09407 875.00867 191.01575 33.09188
7233.7207 4.3254 820.6371 242.94226 27.62561
7189.4087 9.09407 845.7406 254.66711 27.62561
6956.6416 8.4868 814.2397 215.76984 26.77596
6985.712 8.4868 818.0261 212.76672 27.62561
7041.6675 8.4868 866.00757 175.85193 30.0373
7093.99 8.4868 855.71954 203.3736 29.36699
6851.04 8.4868 806.66376 186.68036 29.36699
6784.368 8.4868 804.30676 185.36102 29.36699
6820.741 8.4868 817.9566 190.01971 29.36699
7204.3574 4.3254 807.1882 219.01007 29.28648
7148.731 8.4868 807.80304 223.64935 29.28648
7178.332 9.09407 806.4517 241.93073 29.28648
7050.4146 9.09407 806.9597 225.39172 27.62561
7019.1943 9.09407 794.9201 236.47748 26.77596
7269.7964 8.4868 856.00494 279.51874 28.3981
7334.649 4.3254 865.9782 230.78741 28.3981
7291.828 5.92998 863.11035 237.72021 28.3981
7298.854 5.92998 846.6454 299.52405 29.4897
6861.84 5.92998 797.4909 238.67694 24.7394
6845.7417 6.03521 797.9669 238.21313 24.7394
6911.3926 6.03521 802.4 232.89941 25.31491
6855.368 6.03521 809.83484 238.26709 24.7394
6877.054 3.41494 784.9954 234.47614 24.7394
7066.333 3.41494 821.2862 249.50372 24.7394
6997.403 5.80426 831.67786 261.6615 24.41807
6971.759 6.82983 830.8208 263.87598 24.41807
6857.3105 6.82983 813.3906 258.6029 24.41807
6884.9023 5.92998 815.2012 261.72424 24.41807
6869.5713 16.28759 771.81213 284.51538 23.49004
7000.05 16.28759 781.6975 292.73486 23.49004
7273.2705 12.2174 828.0845 324.26685 30.0373
7298.878 12.2174 847.00665 318.6822 30.21963
7355.824 10.98809 808.2774 315.20953 30.0373
7199.4414 9.11921 837.9772 237.95166 30.0373
7235.1714 9.11921 830.2883 319.99634 30.0373
7207.369 10.19582 828.8817 252.43042 30.0373
7296.4404 6.03521 891.05804 159.70148 36.54747
7268.4526 3.41494 900.1996 143.3385 36.54747
7354.329 4.3254 922.1759 166.15991 38.33129
7272.8765 4.3254 910.43494 113.710815 38.33129
6707.6895 3.11481 792.0997 180.61127 26.91926
6859.5405 3.11481 815.79236 166.99463 30.0373
6723.3296 3.11481 811.1564 166.56042 30.22584
6681.2354 3.11481 821.0696 122.80359 30.0373
6629.983 3.11481 812.6942 118.34784 30.0373
6699.39 3.11481 825.73834 126.64758 30.0373
6805.519 10.24273 801.5588 178.70935 30.0373
6909.574 10.24273 824.0577 197.54578 30.0373
7246.16 9.09407 860.7643 197.4513 30.0373
7017.831 10.24273 825.10095 215.33899 30.0373
6840.977 10.24273 812.68994 195.51544 30.0373
6816.816 15.83616 756.6226 248.1665 30.0373
6593.9956 12.69145 750.7051 232.75366 26.7055
6650.4434 12.69145 760.2635 238.13678 30.21963
6591.4614 12.69145 745.3993 227.9002 26.7055
6768.5728 15.83616 752.6564 257.3307 26.7055
7090.7734 16.55372 796.5824 290.3319 30.2279
7240.684 13.97221 832.32874 262.44824 33.09188
7193.6084 12.2174 827.9067 233.97443 33.09188
6640.757 12.62948 739.5028 243.16742 23.49004
6767.7363 10.98809 770.94806 229.93433 23.49004
7008.701 9.09407 796.5412 240.73163 23.49004
7022.911 5.92998 790.8871 223.96594 26.91926
6847.0117 10.24273 786.7336 224.00354 24.15528
6782.3687 10.98809 775.228 227.95923 24.15528
6820.8813 10.98809 784.7174 219.25806 30.2279
6816.2505 10.98809 780.0858 214.39783 30.2279
6782.432 10.98809 760.0433 231.1294 25.61572
6736.3877 10.98809 761.79694 220.89587 25.61572
6751.2856 10.98809 759.607 224.57404 25.61572
6854.225 10.98809 775.371 210.09723 30.2279
6910.6724 10.98809 794.9152 224.39484 30.2279
6817.4463 10.98809 788.5513 218.99359 30.2279
6725.153 10.98809 772.7665 223.90564 30.21963
7315.0776 8.4868 821.0245 249.14398 29.28648
7339.381 4.3254 827.4553 251.73303 29.28648
7342.9526 4.3254 828.816 255.50385 27.54886
7324.5063 4.3254 831.5602 271.01587 27.54886
7251.2153 4.3254 828.6642 264.75696 25.31491
7010.5977 8.4868 829.7189 313.2511 25.31491
7028.605 8.66173 828.2757 306.67535 25.47573
7261.2593 10.98809 789.414 366.95355 27.36176
7238.324 11.83952 812.83307 280.21588 27.36176
6913.5728 10.98809 767.47437 230.88196 28.3981
7097.8413 9.09407 790.9275 258.7318 26.7055
7096.495 9.09407 786.2985 257.08197 26.7055
7457.44 5.92998 870.91016 271.00195 30.77288
7453.0674 9.09407 836.2203 246.74615 30.40059
7178.5957 12.62948 781.80756 280.00055 29.28648
7343.576 8.4868 879.56335 178.6128 33.09188
7281.52 6.82983 886.02527 174.48901 33.09188
7372.0366 8.4868 847.6261 233.02527 33.16915
7255.38 9.09407 837.9035 277.0511 26.91926
7202.66 9.09407 837.6138 260.50464 28.45995
7121.6865 9.09407 833.01697 259.35437 26.91926
7184.134 3.41494 872.8463 279.95593 28.45995
7106.048 3.41494 866.57446 208.14221 26.91926
7135.06 6.82983 860.63605 194.9544 30.22584
7115.898 4.13811 857.4509 200.30847 26.91926
7072.655 4.13811 853.9752 199.67346 26.91926
7029.746 3.6656 849.05975 204.52618 26.77596
7029.5186 3.6656 850.9496 202.19788 26.77596
6795.413 3.6656 807.9268 201.77795 25.31491
6752.36 3.6656 789.1492 195.43518 25.31491
6828.781 10.19582 797.2498 194.88696 26.91926
6863.3975 10.19582 802.98047 196.39221 26.91926
6794.567 9.04912 822.14465 193.08582 26.91926
6753.506 7.04364 789.6338 170.33539 26.91926
6785.2896 7.04364 821.41785 138.9002 30.40059
6611.2437 9.04912 775.44525 169.0545 30.0373
6855.5205 3.41494 825.20844 174.97388 30.0373
6842.419 9.04912 837.1582 175.70514 30.0373
6364.526 6.53195 735.8626 184.77301 23.49004
6595.1953 9.04912 764.9711 201.55927 23.49004
6605.02 9.04912 752.1003 228.18036 23.49004
6588.6016 10.19582 752.57623 217.57697 23.49004
6607.47 6.82983 759.1815 216.06653 23.49004
6549.348 5.80426 775.5936 218.26447 23.49004
6558.163 5.80426 772.74646 212.47919 23.49004
6507.269 5.80426 760.2837 194.84308 23.45232
6412.1763 5.80426 752.2279 186.15002 23.45232
6134.181 13.2049 700.1225 231.83154 23.03474
6233.243 12.62948 709.74457 229.6773 23.03474
6406.295 10.98809 720.72925 227.42487 23.45232
6424.458 10.98809 720.86096 227.75189 23.45232
6529.482 12.62948 732.1002 238.49072 23.45232
6695.6787 10.24273 766.8259 246.35156 22.69691
6744.4 9.11921 786.6004 260.62238 22.69691
6855.8125 5.80426 795.23895 260.149 22.69691
6721.307 6.03521 765.86426 240.14093 22.69691
6839.475 8.66173 799.7313 240.18237 25.06802
6829.0576 8.66173 796.85046 242.66919 22.6857
6796.4653 9.09407 800.35095 241.4253 22.6857
6603.479 8.4868 782.2742 229.02307 22.6857
6658.1133 12.2174 759.02844 266.45642 22.6857
6672.2085 10.19582 770.1315 236.8529 22.6857
6449.582 14.88415 740.907 284.8722 22.6857
6848.727 10.47395 810.32794 270.70697 24.65902
7248.0347 9.09407 825.1203 261.62433 24.65902
7346.1846 3.11481 854.0205 250.55774 28.3981
7339.555 3.11481 829.04926 250.27216 27.54886
7187.442 8.66173 818.5542 253.52588 27.62561
7271.853 8.66173 800.78345 283.78748 27.36176
7322.2734 6.03521 795.1036 286.08344 27.36176
7357.9814 5.92998 808.8778 270.16382 27.85872
7324.6016 5.92998 833.6271 302.06128 27.85872
7321.8853 5.80426 812.2699 306.739 27.26857
7276.795 8.4868 822.47974 318.70654 27.26857
7332.2393 9.09407 787.90533 319.5296 27.54886
7299.415 12.2174 827.8973 315.70428 30.0373
7444.2627 9.09407 846.49445 249.46344 30.0373
7170.0986 12.2174 790.2647 261.30048 27.26857
7383.5366 6.82983 918.1284 191.16809 34.64907
7442.702 6.82983 893.49805 231.57776 31.29347
7253.0176 6.82983 848.7053 231.83972 30.40059
7250.753 8.4868 838.1612 222.8498 30.40059
7184.1284 8.4868 872.5752 228.39062 30.40059
7143.8867 8.4868 869.0331 228.10767 30.40059
7154.2964 5.92998 879.5773 225.62866 30.40059
7178.129 5.92998 861.2015 217.78827 30.40059
7128.721 4.3254 872.5365 215.58716 30.40059
7472.561 5.92998 847.1101 266.9391 30.77288
7586.3916 6.03521 928.99164 183.23871 38.50505
7474.9385 9.09407 828.6604 268.4392 30.0373
7516.1113 9.09407 841.604 271.27673 31.29347
7113.492 5.92998 828.97565 193.21887 28.17564
7164.5596 5.92998 830.20197 236.10541 27.54886
6780.3315 10.98809 753.5045 226.91144 25.61572
6783.486 10.98809 756.33734 234.82819 25.61572
6771.4634 10.98809 758.3664 213.21307 25.61572
6869.4233 10.98809 763.31354 220.2226 26.77596
6746.303 12.62948 743.38007 244.61047 24.15528
6626.2163 12.62948 736.8652 238.91797 23.49004
6850.6177 12.62948 769.53094 257.23566 23.49004
6834.282 12.62948 771.5661 253.8659 23.49004
6960.71 12.62948 818.73517 209.77118 30.40059
7070.7275 13.81957 798.2103 300.51978 26.77596
6810.5815 10.98809 790.46844 237.5788 26.77596
6824.585 13.97221 781.0955 264.35345 26.77596
6850.6167 13.97221 783.99286 259.8543 27.62561
6835.2637 13.97221 777.4744 260.24774 26.77596
7044.7144 13.97221 806.0132 302.69495 26.77596
6979.344 13.97221 794.6287 310.29266 23.90247
7149.5215 13.25628 812.8643 284.25165 24.65902
7216.798 12.2174 840.0834 313.22656 27.36176
7131.847 12.2174 826.3644 265.3955 30.22584
6754.0435 16.28759 759.51953 270.14026 23.49004
6828.111 16.28759 772.86066 287.05756 23.49004
7037.94 16.28759 783.9527 318.90253 23.49004
6718.25 12.56759 736.88776 283.09247 21.60812
6763.7534 12.2174 762.77655 271.21417 23.45232
7033.7695 12.56759 792.42206 354.91046 23.49004
6983.252 13.81957 794.82465 308.10272 23.49004
6807.7217 13.81957 773.0929 274.162 23.49004
6899.862 13.81957 782.3604 277.08405 23.49004
6886.3247 13.81957 776.5974 278.21655 22.6857
6868.167 13.81957 779.11755 277.05383 22.91576
7164.709 13.81957 802.9464 301.9131 24.7394
7065.4697 13.81957 803.131 304.40137 24.15528
7076.8916 13.81957 798.659 302.57294 24.15528
7240.778 4.3254 829.80066 265.1139 24.7394
7195.3174 5.27439 827.683 258.79517 24.7394
7015.548 13.2815 794.2556 369.5559 23.49004
7059.317 10.47395 796.10974 303.90918 23.49004
7084.723 10.47395 812.88635 274.75854 25.17749
7022.95 11.83952 803.096 275.91876 23.49004
7149.5415 11.83952 813.0918 286.64648 25.17749
7128.221 11.83952 791.5173 280.93988 25.17749
7249.6123 11.83952 829.354 267.9004 29.28648
7147.0425 11.83952 811.9793 262.57184 29.28648
7256.541 10.47395 820.0215 314.90784 29.28648
7201.788 9.45388 813.28 261.42188 28.23101
7355.343 9.09407 837.5744 261.85065 29.28648
7404.4575 9.09407 845.28485 289.65802 29.28648
7318.052 9.09407 819.66034 266.90472 27.54886
7428.7437 9.09407 846.5264 295.77997 28.17564
7390.105 9.09407 837.1016 261.2846 28.17564
7202.0674 10.24273 810.12494 252.42926 26.91926
7167.7593 10.24273 824.1488 252.13696 30.22584
7029.3496 10.24273 797.43176 275.70935 23.90247
6904.331 10.24273 786.69507 258.6875 24.09773
6808.592 10.24273 783.7943 245.05664 23.86004
6946.175 10.24273 805.6302 244.3913 26.91926
6845.0547 10.98809 785.91797 247.87012 24.65902
6508.331 12.62948 760.30383 232.7984 23.86004
6505.5015 12.62948 754.8951 232.60345 24.32971
6675.1084 12.62948 778.9914 249.03937 23.90247
6527.3926 13.2049 765.18353 244.60938 23.90247
6563.914 12.62948 767.4252 238.83301 24.09773
6445.218 12.62948 758.51355 191.73798 23.86004
6426.1665 12.62948 753.39136 188.99945 23.86004
6553.339 12.62948 763.8284 181.46063 24.65902
6676.5054 12.62948 783.8573 237.63751 24.65902
6656.5063 12.62948 769.7763 233.2569 24.65902
6625.5195 12.62948 774.70746 236.39655 24.65902
6868.6104 8.4868 792.3061 235.64618 26.31472
6838.604 5.80426 784.933 206.95386 24.7509
7071.9185 3.41494 824.18604 217.01917 25.31491
6933.21 8.4868 779.0995 219.2284 25.31491
6836.5737 12.56759 787.1501 235.86871 26.88716
6777.5645 12.56759 772.05273 235.60748 24.7394
6514.2007 13.2815 751.40454 234.23444 24.7394
6586.9194 13.2815 747.3802 242.61859 24.7394
6649.878 13.2815 792.0106 197.31866 30.40059
6974.8247 13.81957 804.6301 287.76404 26.77596
6883.9507 13.81957 804.5204 275.17773 27.13057
6879.4536 14.55034 775.9007 266.7912 26.77596
6994.9233 14.55034 793.15845 261.07642 33.09188
6769.7017 14.09013 763.70886 258.92285 26.77596
6780.0522 14.09013 777.90454 271.10828 26.77596
6782.1895 14.09013 776.0148 270.85193 26.77596
6791.3237 14.09013 770.9513 261.85815 29.39395
6775.903 14.09013 769.1554 261.28857 29.39395
6838.0923 11.83952 792.6438 233.19653 29.4897
6799.978 11.83952 790.17737 236.46545 29.39395
6744.279 16.64856 759.8854 314.0547 24.65902
6716.0513 16.64856 757.00903 313.8169 24.19617
6575.3296 16.64856 746.0091 294.93097 24.65902
6697.6284 17.51422 738.40393 339.2256 26.77596
6793.482 17.51422 747.9208 342.39404 27.62561
6565.634 18.37289 717.9829 318.92883 23.21754
6493.044 18.37289 677.5514 347.1991 20.79233
6425.986 20.65559 647.68176 443.68225 19.35933
6674.821 16.53516 687.78503 395.80566 19.14834
6592.142 16.53516 681.6083 395.51123 19.14834
6577.277 16.53516 678.7632 400.95886 17.37529
6537.1724 13.81957 698.8291 405.59412 17.37529
6521.5386 8.25139 696.72266 393.01086 17.37529
6583.5195 9.09407 673.3406 406.60193 17.37529
6478.7305 10.83634 695.55304 355.55157 17.37529
6488.763 10.83634 693.22107 346.29785 17.37529
6476.9766 10.83634 673.0 332.45355 17.37529
6432.92 10.83634 668.7501 299.9353 17.37529
6511.8877 12.62948 676.8222 295.06458 19.26933
6347.4062 16.55372 667.4568 303.03204 17.37529
6419.824 10.98809 682.9211 305.59192 18.53034
6434.585 10.98809 685.7662 297.88025 19.14834
6522.322 11.44046 683.4326 355.89722 19.14834
6390.2295 16.55372 673.3835 311.9026 19.14834
6549.0415 16.28759 731.7397 241.87506 23.49004
6549.4575 16.28759 729.81866 244.51196 23.86004
6579.4614 16.28759 747.1378 234.95728 24.15528
6539.286 16.28759 738.83246 232.01715 23.61153
6533.883 11.08703 741.46735 238.29834 23.61153
6432.4233 16.28759 728.944 230.8518 28.45527
6650.066 16.55372 746.0845 251.75458 30.2279
6740.804 16.55372 762.6067 242.35632 30.40059
6712.973 14.09013 781.4795 228.31653 30.40059
6946.168 14.09013 779.9606 270.40857 30.40059
6907.128 14.09013 788.2781 247.18225 30.40059
6871.15 14.88415 784.869 246.8667 30.40059
6539.496 18.24545 715.3919 281.3692 20.47737
6832.45 10.83634 734.5896 286.92554 20.47737
6993.06 16.55372 777.9913 300.46393 21.51581
6764.493 16.64856 757.2285 321.57947 24.7509
6740.418 16.64856 760.5879 295.00085 24.7509
6534.9365 18.24545 725.52606 294.1053 30.2279
6534.175 18.24545 724.2031 294.27686 26.7055
6534.179 18.24545 724.20667 302.9005 26.7055
6424.3364 19.70974 663.1952 334.31287 24.83813
6362.301 19.07155 660.066 337.88495 20.47737
6426.983 19.07155 664.75806 333.90137 24.83813
6412.3193 19.07155 665.26434 338.39026 24.83813
6171.125 19.26933 650.63293 316.79633 19.70974
6252.1377 19.26933 629.24036 352.5022 19.70974
6355.6143 19.07155 667.3635 300.4544 23.21754
7513.803 6.03521 827.19104 299.91125 30.77288
7460.2817 5.80426 854.4772 262.3053 30.77288
7474.7446 3.11481 861.00995 237.43646 30.77288
7290.4106 3.11481 847.3078 239.21759 28.17564
7452.692 3.11481 840.4635 239.18054 28.17564
7435.85 9.09407 812.0968 343.53943 29.28648
7338.4155 9.09407 816.927 260.1858 29.28648
7249.4487 8.4868 886.9742 173.15143 33.09188
7207.2705 9.09407 878.5634 176.72345 33.09188
7356.8613 8.66173 877.14294 226.49902 33.09188
7316.781 8.66173 902.6604 181.74768 33.09188
7212.397 8.66173 822.06433 249.33862 28.17564
7000.756 8.4868 828.0802 257.0636 25.31491
7100.042 8.4868 819.5334 251.83441 25.31491
7181.2134 8.4868 845.84515 236.27509 26.77596
7193.585 8.4868 853.58875 240.90198 26.77596
7254.896 9.09407 851.55054 272.01062 27.54886
7145.167 9.09407 834.3859 265.12335 27.13057
7145.166 9.09407 834.386 265.1233 27.13057
7079.991 9.09407 827.1615 314.22046 25.61572
7153.8467 9.09407 830.65717 321.70758 25.61572
7398.5474 10.98809 808.29144 290.59222 38.01073
7296.046 12.2174 802.0489 296.78912 30.40059
7272.0454 12.56759 788.22675 323.4926 33.09188
7349.234 12.2174 838.8083 327.4953 30.77288
7169.995 12.2174 843.6684 273.8106 30.40059
7169.083 12.56759 844.29736 272.74316 30.40059
7134.122 12.56759 843.2964 262.22998 30.40059
7214.209 12.56759 837.9561 329.00995 30.40059
7242.4673 12.56759 833.4978 267.21143 31.29347
7275.9297 12.56759 851.26447 281.49445 38.50505
7245.251 12.56759 835.0226 334.2157 26.77596
7129.4785 12.56759 816.2168 291.55408 26.77596
6947.4307 13.25628 777.6339 270.05554 26.77596
6973.151 13.25628 779.0455 271.6219 27.13057
6934.098 13.25628 773.9934 250.10559 26.77596
7210.4336 10.24273 833.66284 257.04956 29.28648
6923.696 10.98809 789.2644 233.95715 29.28648
7008.2827 12.56759 827.09094 215.45862 30.40059
7013.1772 13.81957 842.0775 194.73352 33.09188
6720.5884 13.81957 744.2237 235.3985 30.0373
6933.469 11.08703 840.05054 186.65588 33.09188
6656.959 13.97221 765.99915 248.09595 30.0373
6721.758 13.97221 748.4451 235.47229 30.0373
6836.317 10.83634 765.8467 237.60175 25.31491
6941.016 13.2815 773.7341 261.61322 24.65902
6846.845 13.2815 769.6519 260.8426 23.49004
6876.1187 9.45388 767.6803 265.8474 23.49004
6901.868 10.24273 763.806 267.77173 23.49004
7063.646 16.28759 790.61835 330.60577 26.91926
6988.9873 16.28759 784.9591 324.76465 26.91926
7063.6465 16.28759 790.6182 330.6059 26.91926
7253.857 11.83952 805.34784 288.00238 30.2279
7192.091 13.97221 774.89014 367.53333 30.2279
7129.792 13.97221 768.1544 343.03345 26.7055
7294.605 10.98809 820.9339 283.22906 31.29347
7385.6064 10.98809 830.30444 314.20288 30.40059
7219.648 13.81957 758.40894 394.0664 26.7055
6804.693 16.28759 752.8659 281.89508 23.61153
6980.9033 15.83616 783.19147 277.70612 24.65902
6755.1045 12.62948 762.8457 245.51532 24.15528
6608.291 14.55034 754.84424 234.00085 30.2279
6764.23 14.55034 773.3514 223.00403 30.40059
6688.44 13.25628 817.0932 217.2768 30.40059
6505.1675 8.4868 766.3689 157.38452 30.40059
6499.631 9.08314 768.18787 152.04248 30.40059
6475.156 9.08314 772.63043 157.29144 30.40059
6353.5454 8.18716 756.2796 164.5235 26.77596
6291.7754 8.18716 755.2401 187.98065 24.15528
6295.0396 8.18716 759.6466 179.8648 25.17749
6516.508 6.82983 780.4593 198.86334 26.1624
6511.446 8.18716 771.9699 199.33777 24.15528
6498.732 9.08314 773.0888 193.58624 24.15528
6508.94 9.08314 782.1984 190.14911 24.65902
6481.726 3.41494 765.8821 190.37952 24.15528
6214.267 3.11481 764.9996 142.49762 28.40491
6252.6045 3.11481 759.87244 135.16882 28.40491
6177.816 6.82983 733.6101 163.18896 26.31472
6161.6206 8.18716 727.0048 160.83911 24.7394
6080.394 8.18716 737.7096 165.95416 24.81566
6079.8457 8.18716 722.88995 159.7779 24.15528
6060.54 8.18716 731.269 155.79333 24.65902
6093.714 8.18716 733.20044 166.18628 24.15528
6088.7827 8.18716 726.397 164.27148 23.86004
6143.2666 8.18716 730.04626 181.3551 24.15528
6363.6934 4.3254 769.3447 158.53821 24.7394
6284.0107 3.6656 758.7907 150.44525 24.7394
6306.4995 3.6656 761.9759 152.05518 24.7394
6275.1934 3.6656 759.0786 151.89728 24.7394
6183.875 4.3254 748.11597 151.91028 24.7394
6078.2593 4.3254 759.3613 117.667114 33.91339
6114.946 4.3254 754.5084 114.659424 32.55038
6182.803 4.3254 761.75183 118.84088 30.40059
6276.121 3.6656 771.5651 119.977234 31.96211
6267.0703 3.6656 766.2892 131.6175 30.40059
6216.8804 5.80426 766.21735 129.8205 30.40059
6252.118 9.08314 765.33374 121.88452 30.40059
6244.9624 11.08703 760.21344 130.0597 30.40059
6209.1543 11.08703 751.8479 145.33734 30.0373
6377.301 12.2174 765.27423 180.565 30.0373
6371.5293 12.2174 765.7552 188.76599 33.50922
6560.4336 12.2174 792.5047 214.59332 30.0373
6740.9917 12.2174 796.3421 222.88599 30.22584
6763.374 12.2174 809.67847 224.7262 30.0373
6693.923 12.2174 771.16833 221.02979 24.15528
6660.9404 12.2174 779.6915 241.31622 24.15528
6751.399 12.2174 782.61804 243.79382 26.21495
6854.0464 10.19582 828.3683 173.0224 30.0373
6829.68 10.19582 804.6107 205.38544 24.15528
6879.713 10.19582 785.1583 245.78467 24.15528
7050.4204 12.2174 807.84705 248.79358 24.15528
7049.5845 12.62948 809.73676 249.04974 24.7394
7069.7686 12.62948 807.70166 249.72742 24.41807
7125.1997 8.4868 812.1458 241.3216 25.31491
6938.881 5.92998 840.96045 304.63904 25.31491
6925.358 8.4868 836.2979 304.78436 25.31491
6977.545 8.4868 839.6682 305.94238 25.31491
7216.139 8.4868 845.07886 275.2649 26.77596
7259.275 6.03521 796.37866 234.47217 26.77596
7287.7065 6.03521 801.09424 240.81177 26.77596
7302.999 5.92998 800.6182 234.57098 26.77596
7480.0527 5.92998 815.11145 315.58765 27.54886
7468.6865 4.3254 867.2872 275.27765 27.54886
7519.9785 6.03521 818.58704 316.22266 27.54886
7297.1953 6.03521 820.12164 264.96198 26.7055
7288.811 6.03521 822.5509 265.99304 26.7055
7279.611 6.03521 817.7491 264.81964 26.7055
7287.496 6.03521 815.31976 263.78864 26.7055
7378.2124 6.03521 811.68616 297.05615 27.62561
7360.451 4.3254 902.47784 194.45343 33.09188
7433.661 4.3254 898.47375 210.84973 33.09188
7374.549 6.03521 888.3525 228.03082 33.09188
7375.1143 5.92998 901.2581 193.11053 33.09188
7345.007 6.03521 894.983 204.81757 33.09188
7550.278 6.03521 935.0422 176.41437 38.33129
7553.348 6.03521 919.6762 207.35565 38.33129
7049.366 12.62948 836.932 200.91821 33.09188
7101.653 12.62948 841.717 201.91486 33.09188
7193.561 12.62948 853.6505 203.1654 33.09188
7454.1006 9.09407 863.6045 263.34473 33.09188
7205.1963 13.81957 767.16455 377.49634 29.39395
7098.3164 16.21669 778.95593 304.54553 26.7055
7063.347 16.28759 782.0885 297.037 24.65902
6974.2485 16.55372 780.9307 304.7702 23.49004
6974.2495 16.55372 780.93066 304.7704 23.49004
7036.1587 16.55372 779.22784 323.58795 28.3981
7147.1924 16.28759 769.11957 336.92133 33.09188
7146.6626 16.55372 779.1709 318.0453 33.09188
7111.887 16.55372 744.3973 371.82318 25.17749
7167.5537 16.55372 749.08936 373.7975 27.62561
6949.366 16.64856 751.85834 316.96478 25.17749
6713.5825 19.99211 701.47504 441.03192 24.83813
6561.964 19.99211 696.98004 396.11005 23.03474
6619.408 19.99211 696.26373 395.37604 29.36699
6626.165 19.99211 694.0835 399.21545 18.70247
6645.1807 6.82983 694.1913 392.22107 17.51422
6587.606 6.82983 688.5296 392.12103 17.51422
6426.702 12.2174 682.85986 311.89062 18.43085
6286.8477 12.2174 674.1478 307.336 18.24545
6374.033 11.83952 682.82385 305.04755 18.24545
6102.15 10.63054 656.8419 276.75262 19.04572
7561.398 4.3254 870.47815 257.34778 36.48998
7650.872 4.3254 943.10443 189.6297 38.33129
7545.5024 4.3254 888.15753 241.12457 34.64907
7451.25 9.09407 837.29095 262.03876 34.64907
7314.264 9.09407 815.80927 265.17218 27.85872
7087.496 5.80426 813.9166 254.88098 24.81566
7098.481 5.80426 808.865 225.57458 24.81566
7138.68 5.80426 804.63116 226.73212 25.31491
7131.284 5.80426 808.48804 222.20312 25.31491
7067.8057 5.80426 849.2538 275.44067 25.31491
7284.1787 5.80426 849.1756 265.08942 25.31491
7482.997 6.82983 883.2157 259.60962 34.64907
7477.519 6.82983 891.3645 253.8263 38.01073
7370.3364 6.82983 873.4076 239.10706 30.0373
7430.212 6.82983 881.80774 238.27222 30.22584
7413.963 9.08314 878.2294 245.04065 30.0373
7412.313 9.09407 877.07166 240.22327 30.0373
7462.9976 9.09407 898.2051 210.9701 38.01073
7551.2236 9.09407 869.736 246.08258 38.01073
7534.009 9.09407 852.523 231.15643 38.01073
7420.033 9.09407 852.61597 239.99109 33.09188
7377.949 9.09407 863.29626 236.1305 33.09188
7134.379 10.19582 855.8534 201.3717 33.09188
7392.3213 9.09407 877.6676 236.63403 35.26114
7456.0195 9.09407 887.061 238.22345 35.26114
7473.552 9.09407 866.1926 249.50452 35.26114
7318.2495 12.2174 863.3174 287.8081 33.09188
7233.395 12.2174 812.90015 320.7118 24.65902
7181.481 12.2174 818.2381 290.0053 23.86004
6898.3643 12.2174 792.78235 260.63306 23.86004
6735.6836 12.2174 779.6599 255.83813 23.86004
6755.1904 12.2174 777.6248 256.5158 23.49004
6863.8457 12.2174 784.45917 261.0849 23.49004
6629.2544 16.28759 745.5469 256.6394 23.49004
6781.2305 10.47395 765.9939 253.76318 23.49004
6711.3965 15.83616 760.8409 250.25262 23.49004
6981.4478 15.83616 775.132 278.9615 30.52903
7109.85 15.83616 795.5149 287.04883 24.65902
7114.6655 15.83616 790.54736 299.7671 23.49004
7016.0815 16.28759 784.506 293.01562 23.49004
6999.2505 16.55372 776.5174 313.84406 21.60812
7077.766 10.47395 771.177 344.839 21.60812
6929.5156 8.4868 781.03284 306.922 22.53658
6947.8926 9.09407 776.89484 317.85162 20.47737
7105.487 9.09407 784.566 311.034 21.60812
6936.3657 9.09407 780.2544 301.70056 20.47737
6835.777 11.08703 771.2432 292.3471 20.47737
6903.85 10.98809 767.9142 331.45312 20.47737
6675.493 15.83616 694.7488 372.60352 19.70974
6584.9233 15.83616 688.57214 372.30908 19.70974
6758.3345 10.98809 714.66095 371.22235 19.70974
6773.6865 4.3254 719.8565 376.63202 19.70974
6556.7544 4.3254 731.98584 362.69702 19.70974
6596.9995 9.08314 718.3331 393.29602 19.70974
6453.077 13.81957 709.00995 375.1104 19.70974
6583.7188 5.92998 728.4685 379.0359 19.70974
6553.862 8.66173 726.0021 377.69604 19.70974
6539.7627 8.66173 706.939 383.42145 18.43085
6565.802 13.25628 706.6998 400.5929 18.43085
6761.8506 9.09407 692.1833 397.17767 19.70974
6699.8784 9.09407 710.0858 322.29395 19.70974
6615.6475 6.82983 719.51465 389.33728 19.70974
6690.527 7.04364 715.5084 396.1936 19.70974
6750.2197 7.04364 716.3186 399.48914 19.70974
6779.435 4.13811 715.91187 376.4402 19.70974
6711.2188 4.13811 740.30225 363.91565 19.70974
6516.2646 7.04364 712.6898 264.78735 19.70974
6370.4844 10.19582 693.6496 264.64795 19.70974
6400.765 10.19582 696.79645 268.11566 19.70974
6569.441 8.4868 715.86 265.33997 19.70974
6598.893 10.19582 714.19934 274.69855 19.70974
6451.15 13.97221 701.0502 295.8235 19.70974
6546.4116 7.04364 719.84174 269.24506 19.70974
6346.8574 13.25628 701.88965 320.9726 19.70974
6354.225 13.25628 696.01544 265.47113 19.70974
6482.0312 13.97221 696.7548 374.32794 19.70974
6605.95 16.55372 687.7479 329.5301 19.70974
6481.15 12.2174 696.7326 354.04156 19.70974
6480.9253 16.55372 676.4823 305.7516 19.70974
6559.558 15.78782 735.76526 252.13342 20.47737
6462.8364 15.01437 731.9712 247.95667 20.47737
6659.035 8.4868 754.1641 245.8471 20.47737
6611.035 3.6656 746.51306 245.3999 20.47737
6825.4 16.55372 761.09827 307.70117 20.47737
6545.1875 16.55372 706.11237 264.06293 20.47737
6551.2383 16.55372 704.00256 272.0194 20.47737
6638.2065 12.62948 727.02405 274.78278 20.47737
6562.969 12.62948 724.6822 246.54822 20.47737
6536.1895 12.62948 744.7411 247.9054 20.47737
6342.8687 12.85446 722.1796 247.33826 20.47737
6403.8887 10.63054 720.3804 244.5824 20.47737
6307.411 10.63054 711.76263 239.51508 20.47737
6232.74 2.19046 705.6528 237.05664 20.47737
6338.312 2.19046 704.61346 236.72083 20.47737
6301.4536 7.04364 691.0534 227.90948 20.47737
6105.124 13.96655 666.5624 243.61536 20.47737
6119.9355 15.78782 667.7788 246.04413 20.47737
6069.0093 15.78782 648.8591 287.53076 18.78206
6119.935 15.78782 667.7788 246.04407 20.47737
6041.395 15.78782 662.68054 263.24695 18.75478
6383.153 15.78782 677.1592 369.90173 18.78206
6508.41 9.04912 708.9369 347.07324 18.78206
6574.933 9.04912 712.9077 340.9961 19.26933
6524.4995 10.24273 687.23376 287.18134 18.78206
6693.6846 10.98809 702.8179 303.91168 18.78206
6723.205 10.98809 732.33954 288.86963 20.47737
6831.1934 9.09407 757.1515 274.7782 20.47737
6845.9414 9.09407 751.89606 277.17938 20.47737
6957.5845 9.09407 757.4387 314.7677 20.47737
6971.631 9.09407 761.8581 321.1712 20.47737
6865.6025 5.92998 748.92126 274.0033 20.47737
6938.278 5.92998 751.2631 276.77472 20.47737
6874.7817 5.92998 745.15314 272.66595 20.47737
6745.9683 12.62948 749.61383 290.92975 20.47737
6956.902 4.3254 746.643 290.41437 21.60812
6753.7744 12.62948 749.2591 293.02753 20.47737
6930.875 4.3254 751.04004 270.15564 22.63494
6847.954 12.62948 741.39496 288.06573 22.13576
6890.6504 12.62948 744.1921 289.44977 22.13576
6982.937 12.62948 762.547 271.28186 22.63494
6732.6855 12.62948 735.58685 274.82086 21.51581
6995.828 9.09407 788.02405 286.73926 22.63494
6939.2026 9.09407 775.09155 282.9796 22.63494
6800.9404 13.97221 775.40967 295.37512 22.6857
6703.0586 13.97221 768.38696 292.49402 22.6857
6550.072 13.97221 750.80554 278.14844 21.51581
6722.709 6.03521 766.6204 277.46442 21.51581
6798.841 4.3254 774.5725 257.3042 22.13576
6772.146 6.03521 778.639 248.97174 22.13576
6844.845 6.03521 772.36145 271.71423 22.13576
6690.3447 6.03521 752.653 234.14594 21.51581
6656.7227 6.03521 751.1192 242.71576 20.82905
6701.7803 6.03521 755.3332 255.64832 20.82905
6724.874 10.47395 748.61847 267.6623 20.82905
6830.2583 9.04912 760.95917 272.59552 22.13576
6917.7637 9.09407 776.9728 285.0116 22.13576
6798.518 9.09407 759.2781 284.703 22.13576
6779.8984 9.09407 769.30853 252.4336 22.13576
6651.414 9.45388 755.5227 278.44653 22.13576
6662.053 9.45388 753.41284 285.18628 22.13576
6610.207 9.45388 753.0562 277.10663 22.13576
6376.1104 9.45388 726.46124 233.13312 20.82905
6522.6895 10.98809 736.63776 233.79071 20.82905
6690.3926 10.98809 743.52716 259.06403 21.60812
6540.8496 8.4868 684.86255 297.25098 18.78206
6425.2666 10.98809 664.5289 294.18835 19.26933
6602.019 8.4868 746.03094 235.45123 20.82905
6633.1924 10.83634 745.2469 265.55927 20.82905
6575.137 10.83634 748.65106 251.83624 20.82905
6709.675 9.08314 751.5937 253.57062 20.47737
6651.085 10.24273 752.32965 250.46118 20.47737
6783.1533 10.24273 739.5986 264.78217 20.47737
6698.2803 6.82983 755.5189 248.44604 20.47737
6672.88 10.24273 739.8111 257.57684 20.47737
6687.706 10.83634 741.02747 259.86633 20.47737
6691.0654 10.83634 738.91766 262.39075 20.47737
6732.0938 10.83634 741.7147 263.4187 20.47737
6856.516 9.09407 778.42804 297.784 22.53658
6815.0947 9.09407 775.63104 296.75604 20.47737
6901.9395 9.09407 772.584 289.75085 20.47737
6912.7275 9.04912 778.3344 287.5484 22.53658
6896.03 9.04912 769.4399 279.74457 20.64232
6952.473 9.04912 763.1624 300.64728 20.64232
6858.573 9.09407 768.5028 285.22583 20.68348
6938.865 9.09407 757.412 309.57312 20.47737
6993.577 13.81957 741.0011 399.40906 20.47737
7013.5576 9.04912 746.7516 390.48303 20.64232
6895.6475 13.81957 744.6647 369.172 20.64232
7000.9106 10.47395 755.8261 368.07184 20.64232
6880.1465 10.47395 775.0157 308.95282 20.64232
6702.394 13.97221 757.18634 299.27338 20.64232
6881.6953 16.55372 760.0306 336.75934 20.47737
6544.421 16.55372 725.6398 271.0622 20.47737
6611.7754 16.94896 723.8402 338.82703 20.47737
6721.391 16.94896 741.66345 338.6526 25.61572
6748.521 18.75478 736.245 360.42432 20.82905
6299.3716 19.70974 647.5215 369.04285 18.75478
6283.7456 19.50135 629.0613 347.72687 19.99211
6247.6396 19.70974 624.3703 349.0302 19.99211
6314.461 19.99211 638.22577 396.84247 19.70974
6411.599 19.99211 713.55664 307.37512 20.82905
6521.85 19.99211 722.62286 364.62482 20.82905
6645.54 18.75478 737.7285 335.48096 20.82905
6576.4395 18.75478 696.0918 376.6443 17.37529
6564.604 19.04572 693.7766 379.2505 17.37529
6503.8423 19.04572 694.1117 394.07166 18.37289
6560.0415 10.47395 703.55725 399.34192 18.37289
6577.4146 11.44046 681.94275 404.89282 18.37289
6591.8525 9.08314 703.6649 392.34778 18.37289
6489.318 18.37289 670.80963 368.24188 17.37529
6395.9097 18.37289 664.633 367.94733 17.37529
6533.5957 9.09407 673.9984 352.26514 18.37289
6367.7837 21.51581 665.13153 414.4677 29.36699
6373.522 20.65559 665.7966 412.8593 18.43085
6342.3564 20.65559 643.9422 428.23883 18.24545
6360.9473 20.79233 643.7548 434.1646 17.51422
6450.273 20.79233 654.77704 417.24506 23.03474
6475.899 20.79233 654.45966 428.16766 23.40282
6415.277 20.79233 643.5733 454.2104 19.70974
6391.5044 20.79233 643.89056 443.28778 20.79233
6423.297 20.79233 671.434 422.2193 29.36699
6298.8286 10.20221 656.82556 422.7744 17.27208
6232.9756 13.81957 673.7184 294.91736 19.14834
5906.456 10.20221 629.5381 312.64252 16.64856
5915.424 18.43085 605.7554 323.81995 18.78206
6658.45 16.64856 682.5427 368.99976 19.35933
6678.1597 16.64856 682.6397 374.8781 19.35933
6770.945 16.64856 754.2794 325.6305 26.7055
6976.676 16.55372 779.03815 295.0373 26.7055
7030.081 16.55372 780.8478 317.8949 29.39395
6786.885 16.64856 749.12006 315.06342 29.39395
7039.752 16.55372 778.7555 324.61694 29.39395
7058.0635 16.55372 796.6275 307.40558 33.09188
6740.4473 16.55372 739.6982 278.04858 29.39395
7021.455 16.55372 778.7404 305.31354 25.61572
6818.8813 16.64856 753.16534 331.68365 25.61572
7098.38 16.55372 777.83264 335.7755 29.39395
7190.5586 15.83616 781.9147 344.48645 29.39395
7176.0415 15.83616 785.789 334.48712 29.39395
7161.0405 15.83616 770.7896 330.41278 33.09188
7129.256 15.3043 772.73566 321.77472 24.65902
6926.894 13.97221 788.5542 303.79553 22.6857
7042.1924 16.55372 775.95966 312.03668 22.63494
6889.718 13.97221 788.32733 265.86444 30.21963
6880.0957 13.97221 786.4085 268.2016 26.21495
6767.015 13.97221 770.8488 267.61945 24.09773
6743.6997 13.97221 774.5826 262.21234 24.09773
6857.99 13.97221 774.5297 261.76398 26.1624
6836.681 13.97221 776.566 253.51337 24.81566
6898.337 13.97221 782.17584 253.66522 27.85872
6872.2505 13.97221 771.17004 277.5067 24.7394
6695.2705 12.69145 770.9363 264.17944 23.49004
6691.0874 12.69145 773.7386 267.7625 23.49004
6675.1714 13.97221 768.9708 261.21313 23.49004
6695.271 12.69145 770.9363 264.17957 23.49004
6747.8438 16.28759 770.89716 269.17633 23.49004
6738.256 16.55372 763.6334 282.74023 24.41807
6825.169 16.55372 767.98193 284.8629 24.15528
6797.7114 16.55372 765.10565 289.34113 20.82905
6783.9775 16.55372 763.2189 286.5979 20.82905
7051.318 13.25628 821.10846 263.46478 30.40059
7031.8013 13.25628 816.1106 262.48743 30.40059
7038.7466 13.97221 810.6223 264.80005 30.40059
7005.467 13.97221 800.83057 277.98608 28.17564
6939.907 13.97221 790.64594 281.50433 25.17749
6806.587 13.97221 760.9172 302.19427 20.47737
6622.669 13.97221 730.402 298.1206 20.47737
6618.077 13.97221 730.982 298.48395 20.47737
6254.34 23.03474 634.558 501.93713 18.37289
6125.796 23.03474 623.31067 501.24475 24.09773
6035.492 22.14375 611.8945 401.40033 16.55372
6131.771 23.03474 622.09265 381.87946 20.82905
6090.1694 23.03474 622.38336 390.05914 25.47573
5792.122 20.82905 592.46674 340.14954 31.90742
5917.1987 20.82905 602.27783 341.78278 31.90742
5848.9365 20.65559 597.1269 334.36365 31.90742
6124.1777 20.65559 626.43823 366.34717 20.82905
6255.9746 19.12933 658.7492 326.03143 16.64856
6347.237 8.4868 666.82275 328.3907 16.94896
6485.43 19.99211 684.4047 343.86444 29.36699
6844.6025 16.55372 764.97644 272.80225 30.40059
6620.4297 19.70974 719.71704 314.2871 26.7055
6370.7334 19.70974 637.49884 369.38885 19.99211
6305.3076 19.70974 630.52985 369.0675 19.99211
6521.9355 16.55372 736.6929 248.21777 24.09773
6576.775 16.55372 726.59906 273.31964 23.21754
6800.494 12.62948 767.52985 235.78754 26.7055
6781.7544 12.62948 748.79205 254.92072 23.21754
6718.611 3.41494 754.895 234.96527 23.21754
6725.715 3.41494 756.7463 237.75372 23.21754
6744.493 3.41494 764.4165 239.2174 23.21754
6565.5347 12.62948 740.96484 252.20496 23.03474
6502.034 15.83616 731.1238 275.92365 20.82905
6422.2764 16.55372 720.8996 245.96246 20.82905
6426.2095 16.55372 728.87683 233.15228 24.81566
6464.78 16.55372 732.5204 239.38678 23.03474
6525.6 16.55372 737.434 240.2547 30.52903
6618.2744 10.24273 745.57294 235.23071 23.03474
6518.3354 15.83616 737.6172 244.0664 23.03474
6496.2314 12.56759 736.5748 242.86578 23.03474
6509.853 12.56759 746.2761 237.79504 23.49004
6466.2856 22.13576 669.8947 447.90802 20.82905
6445.237 22.13576 671.44055 435.75708 26.21495
6508.953 22.13576 673.2148 448.6988 20.82905
6421.518 22.13576 667.8511 441.5155 20.82905
6506.1753 22.13576 674.61707 441.22058 22.14375
6678.8135 18.37289 726.8232 328.02533 23.21754
6697.3745 18.37289 726.25446 333.85626 23.21754
6838.898 18.37289 731.2239 339.8219 30.2362
6831.2114 18.37289 723.5406 359.72638 25.17749
6753.2485 19.04572 709.5995 397.5735 25.17749
6838.896 18.37289 731.2239 339.82178 30.2362
6876.476 18.37289 736.08746 340.8836 33.09188
6896.117 17.51422 755.727 325.71588 28.3981
6663.3667 17.51422 749.52203 319.8012 24.19617
6663.366 17.51422 749.5221 319.80127 24.19617
6663.3657 17.51422 749.52216 319.8011 24.19617
6577.0996 16.68589 744.43823 314.6294 24.19617
6810.87 16.68589 748.1115 346.36542 24.15528
6363.512 16.68589 696.0288 263.71875 24.15528
6649.983 16.55372 722.934 275.11627 24.15528
6702.739 16.55372 721.3442 265.0395 27.62561
6809.5503 15.54405 747.9425 254.97247 27.26857
7128.311 15.78782 785.6355 330.59924 26.7055
7116.356 15.78782 773.67926 317.10492 35.01068
6844.434 15.83616 768.7 263.4063 30.40059
6764.9165 16.55372 764.48944 258.253 30.40059
6736.3057 16.55372 737.1618 252.75122 30.2279
6774.4326 16.28759 747.5245 266.42322 24.15528
6863.6113 16.28759 757.3814 276.64008 24.15528
6947.157 15.83616 767.36755 269.05383 24.15528
6913.0737 15.83616 763.03296 258.72864 24.15528
6853.6724 13.25628 747.18317 253.79614 24.15528
7026.281 13.25628 823.1724 201.27667 33.09188
7223.0396 13.25628 833.6673 328.09845 33.09188
7213.8 13.25628 848.05945 300.84473 33.09188
7124.97 11.83952 848.154 272.67596 30.40059
6972.826 11.83952 833.855 209.78247 30.40059
7137.251 11.83952 844.2617 217.44019 31.29347
7035.2935 13.25628 813.19745 232.74982 31.29347
7004.939 13.25628 785.56104 253.46252 30.21963
6879.27 13.25628 779.27655 240.95544 24.41807
7050.5845 15.83616 784.8622 286.2942 24.41807
6734.584 15.11578 754.08057 250.30139 24.41807
6766.975 15.11578 757.36395 239.00806 30.40059
6985.3076 13.81957 812.88214 235.40863 30.40059
7017.4146 12.62948 828.7336 256.18903 30.40059
6985.2144 12.62948 836.6404 216.08264 30.40059
7002.162 13.81957 797.2944 259.41107 30.40059
7258.505 13.81957 830.09454 266.85785 30.40059
7217.132 13.81957 818.5309 281.81567 30.21963
7236.665 13.81957 816.01074 290.0741 30.3828
7024.8335 13.81957 796.7567 299.72107 24.15528
6996.3687 9.11921 816.0675 267.45813 24.15528
7096.3096 9.11921 817.8201 276.5959 24.15528
7071.4766 9.11921 811.7054 291.46027 23.49004
7096.732 9.09407 805.76996 279.67706 23.49004
7087.6514 9.09407 813.86646 281.74487 23.49004
6822.504 9.09407 784.3941 275.55316 22.6857
7094.543 9.09407 811.5875 286.03564 22.6857
6936.1104 9.11921 779.5417 422.10504 22.6857
6961.8467 9.09407 805.2834 279.9616 22.6857
6881.3906 9.09407 792.3862 276.89038 22.6857
6827.514 10.47395 788.0965 265.716 23.60596
6798.7485 10.47395 785.68463 265.01373 22.6857
6791.0005 9.11921 783.96954 262.88397 22.6857
6769.314 9.11921 775.07666 254.58264 22.6857
6842.673 5.80426 776.77924 249.63812 22.6857
6830.501 5.80426 774.57776 248.59033 22.6857
6766.6147 10.24273 777.714 259.31567 22.6857
6717.6816 10.24273 755.8771 253.6405 22.6857
6697.424 10.98809 757.3203 249.47644 22.6857
6801.248 11.83952 768.6593 268.3612 22.6857
6722.5356 11.44046 766.2132 265.69403 22.6857
6658.944 11.44046 731.4298 285.4364 20.47737
6670.574 11.44046 751.8031 262.61145 22.6857
6846.018 11.44046 774.10394 271.89557 22.6857
6722.5347 11.44046 766.21326 265.69397 22.6857
6887.4434 11.44046 777.40924 272.41522 22.6857
6648.623 11.44046 740.7896 252.62366 22.6857
6642.0547 11.83952 747.2952 239.41974 22.6857
6600.909 11.83952 743.99 238.68237 22.6857
6430.4473 9.11921 750.8342 232.72162 22.6857
6440.4575 9.11921 748.36316 229.54303 22.6857
6319.59 9.11921 730.9884 217.81677 23.03474
6164.049 9.11921 708.6876 209.76855 23.03474
6343.1875 7.04364 737.28394 180.41583 23.03474
6297.0317 8.79305 735.3666 218.42828 22.6857
6174.2256 8.79305 696.80884 197.92633 22.6857
6112.829 3.6656 726.27014 150.19885 29.36699
6198.23 8.79305 696.5392 212.05273 22.6857
6143.4146 5.92998 740.3669 198.57935 23.03474
6159.4526 5.92998 746.45544 216.05475 22.6857
6143.414 5.92998 740.36694 198.57928 23.03474
6145.6416 8.79305 725.9219 207.02869 23.03474
6276.1904 8.79305 735.001 210.13232 23.03474
6105.694 8.79305 718.8057 200.76984 23.03474
6052.3975 8.79305 706.92914 197.81122 23.03474
6151.7334 8.79305 720.21045 217.75677 22.6857
6247.8384 8.79305 737.58514 223.29303 22.6857
6110.5244 8.79305 729.6702 205.41089 22.6857
6393.2456 3.11481 742.424 212.17224 22.6857
6383.8276 4.3254 756.08417 167.3996 23.45232
6420.496 5.80426 751.97455 206.97992 22.69691
6395.0 3.41494 781.5883 155.21289 22.69691
6381.9033 3.41494 772.6585 167.46631 22.6857
6314.293 3.41494 766.42786 162.44519 22.6857
6327.1616 5.80426 754.65985 174.32147 22.6857
6253.6914 8.25139 736.0321 191.08813 22.6857
6084.167 6.53957 733.3072 185.61847 22.6857
5888.1396 6.32738 703.52814 170.02112 22.6857
5896.9 6.32738 704.09436 182.18018 22.6857
6054.384 19.35933 598.219 354.65588 18.75478
6103.117 17.37529 627.73334 315.59174 18.75478
6086.1187 17.37529 625.81195 315.10382 19.04572
6096.673 17.37529 629.5535 324.03625 19.04572
6132.3853 19.35933 607.3963 349.88428 19.04572
6335.6436 18.24545 635.30676 349.773 19.35933
6793.4434 18.24545 749.2315 343.87653 23.21754
6557.545 17.51422 745.5582 314.12097 24.19617
6383.795 17.51422 683.30853 277.0796 20.82905
6684.5557 18.24545 745.0639 333.133 20.82905
6555.994 17.51422 732.8059 327.49524 23.03474
6708.164 18.24545 737.46594 351.77332 20.82905
6822.8115 11.83952 760.74194 306.6045 20.82905
6693.457 11.83952 750.33264 270.84216 21.84527
6633.6343 11.83952 744.8365 270.57654 20.82905
6533.7393 16.64856 722.43854 308.39813 20.82905
6547.2446 16.64856 716.7232 303.28546 20.82905
6588.9873 16.64856 738.3417 311.11035 20.82905
6624.511 16.64856 744.38055 299.05743 21.51581
6447.1313 16.64856 728.5975 296.88776 24.09773
6436.283 16.64856 715.5525 288.2248 26.1624
6437.998 16.64856 716.3818 289.54144 21.84527
6398.7944 16.64856 723.9261 297.97974 20.82905
6459.2256 16.64856 737.608 272.8094 26.77596
6702.631 16.64856 758.78705 285.34943 26.77596
6718.1567 16.64856 755.8071 288.20312 26.77596
6649.7764 16.55372 732.85486 245.8399 26.77596
6829.285 16.55372 761.1478 265.53064 33.91339
6837.7944 13.81957 770.495 247.7403 26.77596
6629.3584 13.25628 742.50006 239.11163 26.77596
6673.483 13.25628 745.9757 239.46106 26.77596
6706.766 16.55372 733.90594 273.56128 26.77596
6674.5757 16.55372 729.25287 276.08185 26.7055
6676.8115 16.55372 731.4865 277.8416 26.7055
6532.1274 16.55372 746.8655 258.87915 26.7055
6604.016 18.24545 722.7179 304.87756 26.7055
6551.751 18.24545 722.05884 301.29706 26.7055
6770.5405 16.55372 746.9753 278.6291 23.21754
6773.814 16.55372 749.252 280.5058 23.21754
6932.4316 14.09013 795.33105 237.33276 33.09188
6681.998 14.09013 766.9203 247.79663 30.2362
6691.559 14.09013 771.85046 256.62744 30.2362
7152.546 14.09013 812.9952 280.45282 31.29347
7150.0977 14.09013 811.03723 292.8423 28.17564
7118.708 14.09013 807.687 278.11267 27.85872
7137.045 14.09013 781.1536 321.4395 27.85872
7256.1587 11.83952 775.40454 331.18323 28.17564
7381.0547 10.19582 870.9111 261.1546 33.09188
7294.9365 10.19582 788.88434 329.1281 28.17564
7326.396 10.19582 820.34326 294.27502 30.40059
7257.8975 11.83952 834.6695 269.86798 30.40059
7232.765 11.83952 834.99646 251.20264 30.77288
7262.815 11.83952 832.69806 258.4328 30.77288
7286.6626 10.19582 872.3877 286.19934 31.95672
7324.8423 10.19582 875.9297 286.76794 31.95672
7292.8193 10.47395 853.75696 296.1781 31.95672
7205.2837 10.47395 831.41547 262.778 30.40059
7233.692 10.47395 834.2025 259.53857 31.29347
7336.9185 10.47395 825.9818 285.15686 31.29347
7311.3965 10.47395 828.47217 267.9099 30.77288
7305.825 10.98809 835.5078 290.65613 30.77288
7170.7505 10.47395 829.0125 220.909 30.77288
7055.3765 10.47395 849.176 207.15735 30.77288
7170.749 10.47395 829.01263 220.90887 30.77288
7105.3975 10.47395 833.6963 219.54688 30.40059
7306.592 10.47395 849.57605 263.70703 30.40059
7342.2705 10.47395 841.77185 299.0487 30.40059
7442.6196 10.19582 898.88605 255.27203 34.64907
7358.3994 10.47395 815.54626 300.70667 30.21963
7170.439 10.47395 829.3361 261.17633 30.21963
7233.945 10.47395 829.5073 277.59473 30.0373
7326.0713 10.47395 832.83105 278.81506 30.2362
6898.4233 13.81957 789.15845 241.97461 30.0373
7108.8477 12.62948 808.2088 234.98883 30.0373
7220.8696 12.62948 821.2274 236.0625 30.0373
7220.073 12.2174 819.56287 235.58105 30.0373
7309.1826 10.98809 813.44305 231.99652 30.0373
7150.8823 10.47395 841.8672 247.14026 30.0373
7251.2915 10.47395 827.01483 252.55328 30.0373
7234.54 10.47395 810.26276 277.91083 27.62561
7137.054 12.2174 794.7203 244.22589 27.62561
7062.031 10.47395 814.38525 243.74707 28.45995
7164.233 10.47395 823.2023 286.8108 27.62561
7233.858 11.83952 822.40027 266.5039 27.62561
7128.165 9.45388 823.86456 261.5876 26.77596
7087.208 9.45388 820.3889 260.9524 28.45995
7129.9673 12.69145 810.41547 283.78766 26.77596
7028.106 12.69145 818.39813 278.47772 26.77596
7177.059 9.09407 828.5184 242.8714 26.77596
7140.1255 9.09407 844.7118 300.27588 26.77596
7046.074 9.09407 832.4919 276.9439 26.77596
7078.6304 9.09407 807.60614 241.45294 26.77596
7057.3687 9.09407 808.6695 238.6712 26.77596
7108.907 9.09407 829.5444 223.68158 29.36699
7094.12 10.24273 785.4184 237.72546 27.62561
7195.11 10.24273 799.29803 239.78278 27.62561
7208.777 9.08314 804.4341 239.3789 27.62561
7037.116 4.3254 840.0759 188.818 29.4897
7213.737 4.3254 847.95245 222.74408 29.36699
7229.0967 4.3254 856.8906 248.6239 27.62561
7246.6626 4.3254 842.3961 260.75293 27.85872
7288.6997 4.3254 884.4329 218.78229 30.40059
7254.0806 4.3254 881.3277 192.23236 30.77288
7445.692 4.3254 878.62274 220.53546 30.77288
7370.729 5.80426 862.9336 209.6831 30.77288
7359.8086 4.3254 897.2175 263.54358 30.77288
7330.503 4.3254 909.4254 234.43335 30.77288
7398.129 4.3254 888.05383 200.05603 30.77288
7389.423 3.41494 879.80194 195.93903 30.77288
7300.5874 3.41494 841.3289 228.55975 30.40059
7110.21 3.41494 876.5664 202.34473 30.40059
7120.1353 3.41494 876.59375 208.3695 30.40059
7350.7183 9.09407 853.8644 239.12573 30.0373
7091.772 9.09407 820.8444 229.42365 26.91926
7148.1675 9.09407 836.32117 229.30554 28.17564
7030.862 9.09407 820.6881 226.9353 28.17564
7224.4907 9.09407 830.39417 254.48157 28.17564
7256.924 9.08314 833.52124 255.08545 29.4897
7236.624 9.08314 824.62836 249.50787 28.17564
7213.7446 5.80426 837.1778 246.37811 28.17564
7221.748 5.80426 838.9016 247.90356 28.17564
7266.0938 8.4868 835.7227 256.38995 28.17564
7245.535 8.4868 826.82983 247.01538 28.17564
7216.424 8.4868 820.32416 239.12286 28.17564
7133.284 9.08314 786.64435 258.26215 26.7055
7306.1772 9.08314 826.8546 252.64099 28.17564
7227.393 6.82983 824.926 239.85376 28.17564
7286.6377 9.09407 798.7676 283.82495 26.7055
7509.26 9.08314 816.6313 315.58673 28.17564
7367.338 9.08314 795.9409 331.30835 27.85872
7504.139 6.82983 844.3473 260.01123 28.17564
7441.0903 6.82983 781.3003 321.2589 27.54886
7402.8394 6.03521 787.569 348.85352 26.91926
7525.2354 7.04364 888.5695 213.86163 38.50505
7247.5117 7.04364 824.7081 257.49146 26.91926
7311.094 7.04364 827.1729 269.14764 27.54886
7261.7812 6.82983 829.2542 248.44293 27.54886
7228.387 6.82983 831.2894 240.66919 28.58257
7254.165 6.82983 857.0673 218.45001 30.77288
7150.8804 6.82983 862.37933 226.96759 30.40059
7174.9736 6.82983 861.75104 221.94623 30.40059
7251.952 6.82983 879.19244 221.65875 30.77288
7212.0723 6.82983 839.31226 268.80493 27.54886
7304.777 6.03521 834.7851 248.15631 27.54886
7376.869 6.03521 826.26196 284.21692 27.54886
7366.711 9.08314 828.08105 276.3457 27.54886
7087.3657 9.08314 797.9723 230.07788 26.7055
6849.4746 9.08314 787.20764 238.21985 24.65902
6914.2705 9.08314 788.30585 228.6828 26.7055
6908.572 10.98809 788.1741 228.35583 26.7055
7008.232 12.62948 799.4133 237.72571 26.7055
6863.6772 13.25628 786.8686 245.90863 26.7055
6968.311 10.24273 800.0308 241.0003 26.77596
6893.141 13.25628 791.5216 244.64307 26.77596
6828.428 13.25628 789.6885 257.00916 24.41807
6982.551 13.25628 797.04047 295.50006 24.41807
6921.4795 13.81957 788.1162 253.16895 24.41807
7035.0884 13.25628 834.44635 272.5041 38.19183
6949.9136 13.25628 789.8171 238.34052 30.0373
7039.0405 13.25628 829.37384 268.79132 30.0373
7043.8784 12.2174 832.52277 263.49652 30.0373
7055.4253 10.47395 844.06903 255.49823 30.0373
7142.6035 10.47395 851.32764 256.61194 30.0373
7131.8667 10.83634 840.5905 263.8011 30.0373
7088.5596 10.19582 824.8373 241.58691 30.0373
7170.0796 10.19582 836.1155 242.13806 30.0373
7183.411 10.19582 849.44867 230.51654 30.77288
7115.9365 10.19582 852.64325 237.3742 30.77288
7025.6084 10.19582 842.7169 239.84827 30.40059
6983.5137 10.47395 818.81726 198.16907 30.40059
7093.298 10.47395 842.4125 202.35938 30.40059
7198.6123 10.47395 850.6541 283.33502 30.52903
7155.767 10.47395 851.87445 299.51642 30.40059
7198.6123 10.47395 850.65405 283.33508 30.40059
7093.301 10.47395 842.4124 202.35944 30.40059
7154.0996 10.47395 830.4744 220.69318 30.40059
7118.1685 10.47395 812.4142 215.40381 30.40059
7296.62 10.19582 883.1307 169.3725 34.64907
7348.7163 10.19582 883.68677 185.71875 34.64907
7162.313 10.47395 810.25806 252.91016 27.85872
6995.5737 10.47395 800.1379 242.81769 27.85872
7019.1953 10.47395 797.7133 247.21698 27.85872
7114.8447 10.47395 862.91675 185.31311 33.09188
7105.0386 10.98809 865.1086 185.94781 33.09188
7379.736 9.09407 897.4076 242.39612 35.22947
7467.3794 9.09407 895.27734 262.42236 35.22947
7314.7715 9.09407 829.71204 327.87573 26.77596
7189.9575 3.11481 854.13074 283.51697 26.77596
7255.6655 3.11481 846.7318 241.13904 26.77596
7070.487 8.25139 813.16736 269.3916 24.15528
7041.3735 9.08314 828.26544 292.9146 25.06802
7008.9385 8.25139 827.6933 293.60016 24.15528
7269.1753 9.09407 818.13684 272.60913 24.15528
7209.6064 5.80426 845.0906 262.23352 24.15528
7178.455 5.80426 826.279 255.53925 24.81566
7313.4497 5.80426 816.0872 289.33453 24.15528
7115.882 5.80426 799.1407 261.71234 24.15528
7055.3545 9.11921 796.7837 260.89856 24.15528
7078.0947 9.08314 809.8307 257.27417 24.15528
6980.2217 6.03521 796.7723 246.44061 24.15528
6925.583 6.03521 814.9376 257.92297 24.15528
6923.0454 6.03521 799.6855 244.08612 24.15528
6872.5664 6.03521 796.6857 243.60614 25.06802
6971.0737 10.24273 809.74414 265.3944 24.15528
7056.429 10.24273 801.76154 244.54376 26.91926
7115.15 10.24273 817.7951 258.02826 26.91926
7245.1943 10.24273 817.25806 250.20557 29.28648
7340.164 10.24273 905.1208 153.75018 38.33129
7399.181 10.19582 868.94904 182.2431 38.33129
7298.3906 6.82983 901.504 130.42041 38.33129
7275.404 10.19582 886.2791 137.58014 38.33129
7281.4526 9.08314 885.04694 140.30048 38.33129
7224.503 9.08314 890.3404 153.66278 38.33129
7296.6724 9.08314 890.0077 145.55981 38.33129
7359.2505 9.08314 888.8113 154.12646 38.33129
7332.8403 9.08314 885.9842 157.95844 35.22947
7379.4688 9.08314 864.88983 183.07208 35.22947
7406.0396 5.80426 902.6253 144.61053 35.22947
7355.6 5.80426 902.8293 153.93036 35.22947
7215.3823 5.80426 878.0391 138.87854 35.22947
7281.0054 5.80426 903.9907 147.36499 35.22947
7191.6885 3.6656 898.126 144.07483 35.22947
7185.873 3.6656 904.2719 155.1065 35.22947
7388.636 6.82983 922.04755 197.56915 35.22947
7463.8677 6.82983 924.4301 201.65765 35.22947
7298.5913 6.82983 766.8468 344.51575 26.31472
7335.0767 6.82983 771.17914 351.6081 26.31472
7345.551 8.4868 770.1395 357.2777 26.31472
7281.685 8.4868 772.1681 340.57336 26.20491
7289.179 6.03521 770.42114 348.37244 26.20491
7467.3 6.03521 883.4237 252.85217 35.22947
7493.6597 4.3254 914.10657 193.90002 35.22947
7532.539 4.3254 890.91046 280.52362 35.22947
7415.7847 3.11481 892.3344 185.51129 35.33641
7537.9155 3.11481 905.8185 201.35168 35.22947
7470.5796 3.11481 911.32904 189.45526 35.22947
7260.196 3.11481 862.2245 192.71814 30.77288
7229.925 6.03521 868.3164 195.82141 30.77288
7195.803 6.03521 843.78534 228.19879 27.85872
7164.2715 5.27439 847.0738 227.98163 27.85872
7200.5205 5.80426 834.1585 227.51715 26.77596
7125.8247 5.80426 830.6629 212.94672 26.77596
7052.3447 5.80426 821.18964 212.69318 26.77596
6981.5615 5.80426 835.94275 191.66553 26.77596
6686.998 5.80426 775.9342 195.12012 25.31491
6947.429 5.80426 828.5606 207.80426 25.31491
