2759.8997 139.3843 886.4955 74.0083 172.59387
3078.5273 151.46977 940.7995 123.35712 171.11234
2898.9744 171.11234 938.0235 53.30829 175.39734
2881.2805 152.65053 883.53894 152.51917 158.81538
3001.103 172.59387 947.4372 99.121155 176.18057
2786.7473 156.6483 885.9019 94.595276 167.80708
2860.6653 159.08867 886.51996 151.60443 158.69536
2911.0928 146.42358 879.0019 181.62665 160.12032
2555.5393 132.08876 776.54877 145.52698 151.46977
3131.7375 148.9879 982.98773 116.92877 180.10432
3058.805 175.56256 909.3577 202.55695 172.59387
3069.8975 172.59387 937.4703 133.45538 180.44133
3070.8596 175.56256 922.10974 152.91833 174.07896
2702.3586 147.01022 860.21606 80.810425 160.6806
2650.9507 147.01022 864.39923 37.927124 160.6806
2635.8298 139.34174 864.1351 27.0802 156.44406
2766.1897 139.34174 861.6916 159.34052 156.44406
2678.5046 143.36038 860.17847 63.328796 168.37735
2711.9683 127.88705 868.46576 128.20624 159.08867
2836.9194 127.88705 897.5291 95.88776 162.17918
2872.4082 151.57996 919.0281 95.19525 165.63431
2945.6028 169.7348 927.0672 98.79596 168.23352
3113.103 172.59387 963.6561 142.24316 175.56256
2727.7666 158.76811 826.9214 144.65332 160.6806
2803.4546 162.17918 888.5187 95.44928 167.80708
2896.877 167.80708 894.14655 127.88898 162.17918
2994.1135 148.9879 945.82556 103.957275 175.56256
2741.4128 139.48946 860.2478 118.42932 158.87866
2517.3015 143.36038 804.03955 64.03015 156.26208
2492.0422 143.36038 806.18036 52.945435 156.26208
2927.6055 162.17918 915.5226 137.35718 167.80708
2798.9211 162.17918 874.18536 93.1427 172.59387
2748.467 155.5343 899.22095 47.73828 172.59387
2794.531 155.5343 882.10443 79.271484 172.59387
2819.473 133.08548 880.0924 93.50305 168.82925
2597.3127 131.08076 800.84467 160.81012 156.26208
2762.4458 143.65761 831.2424 169.60535 154.37988
2884.1345 150.98189 901.7519 154.284 162.88988
2488.2463 144.75232 816.09546 36.966553 162.88988
2505.6062 148.06262 826.1164 31.900879 167.80708
2999.1604 151.46977 937.87976 119.58423 163.30281
2964.158 155.41624 902.8771 229.04407 169.18231
3009.5886 144.3241 888.2799 271.3988 169.18231
3005.8489 144.3241 892.5885 186.1029 164.4339
2643.258 147.3938 857.3894 51.257935 156.44406
2723.487 147.3938 873.4013 69.83026 168.37735
2793.9783 148.60858 848.46387 145.55151 162.12308
2720.7817 151.46977 855.6456 86.14551 156.44406
2750.0366 151.46977 884.90076 99.541626 159.31747
2733.0327 161.69604 878.1194 70.06348 167.80708
