34073.316 59.88533 2622.6863 574.0996 89.87119
34020.68 54.3203 2627.8354 590.9109 89.72325
34073.324 59.88533 2622.686 574.0996 103.803
34051.74 59.88533 2601.1064 587.2549 80.25228
33585.83 69.34026 2499.8093 668.7859 68.89751
33174.895 68.15492 2509.9822 547.6277 65.41608
33383.0 68.15492 2421.0615 694.05396 65.41608
33937.59 59.88533 2580.6472 590.948 74.12405
33821.902 59.88533 2551.8735 557.1594 72.3639
33626.785 54.3203 2605.0054 519.61914 68.15492
33682.586 54.3203 2626.2397 559.5415 89.72325
33239.938 70.75626 2497.2217 624.41016 68.89751
33050.9 70.75626 2503.871 605.2754 68.89751
33390.43 63.7898 2583.7188 515.3396 74.12405
33436.562 59.88533 2593.881 496.14673 74.12405
33397.914 68.89751 2577.2148 551.0498 74.12405
33750.844 65.34835 2598.1357 548.34204 80.25228
33926.742 59.90779 2590.4282 589.3423 80.25228
33750.855 65.34835 2598.1353 548.3425 80.25228
33397.93 68.89751 2577.2148 551.05005 104.28301
33317.273 59.88533 2602.8975 495.04077 74.12405
33344.23 68.89751 2569.2866 544.9807 74.12405
33907.0 59.90779 2603.734 588.19165 89.72325
34073.32 59.88533 2622.686 574.0996 89.72325
33987.766 59.88533 2594.9158 597.6782 74.12405
33905.9 59.88533 2561.3362 568.6958 72.3639
33879.254 59.88533 2523.09 634.65576 68.89751
34016.715 59.88533 2600.1196 550.2612 79.81705
33987.277 54.3203 2611.876 545.71387 68.15492
33811.688 54.3203 2554.806 605.72314 65.69004
33926.63 59.88533 2582.071 569.3198 74.16573
33987.27 54.3203 2611.8762 545.7136 68.15492
33626.797 54.3203 2605.0054 519.6194 71.44061
33719.97 65.34835 2596.4731 536.0071 80.25228
33750.86 65.34835 2598.135 548.34326 86.05238
33735.977 68.89751 2583.252 577.978 74.12405
33663.56 65.34835 2580.2002 534.20215 96.09931
33663.547 65.34835 2580.2004 534.2019 74.12405
34018.49 59.88533 2614.0308 521.59766 80.25228
33443.78 54.3203 2588.966 501.35596 78.22947
33914.19 59.88533 2570.2495 559.1328 74.12405
33443.777 54.3203 2588.9663 501.3557 78.22947
33443.79 54.3203 2588.9658 501.3562 79.81705
33299.332 65.69004 2588.386 490.87646 79.81705
33344.22 68.89751 2569.2866 544.9802 74.12405
33822.938 59.88533 2606.7495 552.552 74.12405
33683.156 65.34835 2587.2659 563.4446 74.12405
33962.816 59.88533 2612.1045 527.75684 79.29513
33962.8 59.88533 2612.1047 527.7566 79.81705
33887.91 59.90779 2584.6392 581.1333 80.25228
33872.17 59.88533 2616.1116 533.3325 80.25228
33926.715 59.90779 2590.4285 589.34204 80.25228
33809.168 59.88533 2611.953 505.13525 74.12405
33191.383 68.89751 2518.0977 533.60693 70.75626
33191.395 68.89751 2518.0977 533.6072 70.75626
33697.8 59.88533 2544.092 547.02246 72.3639
33872.168 59.88533 2616.1113 533.33203 80.25228
33585.83 69.34026 2499.8093 668.78516 70.75626
33369.773 70.75626 2523.191 618.9204 104.28301
33561.715 70.75626 2516.5415 638.0554 68.89751
33634.945 65.69004 2588.9502 529.1831 68.15492
33780.934 54.3203 2589.0896 540.1028 68.15492
33987.277 54.3203 2611.8757 545.7136 79.81705
33907.008 59.90779 2603.7336 588.1919 89.72325
33865.836 59.90779 2596.396 576.58545 80.27926
33855.87 59.90779 2596.1057 534.6631 80.25228
33712.965 65.69004 2582.362 567.8467 80.25228
33655.746 65.69004 2595.2566 516.97144 76.75111
33724.297 59.90779 2574.3787 561.67285 79.81705
33763.57 54.3203 2592.1455 532.15186 70.75626
33655.74 65.69004 2595.2568 516.9712 70.75626
33822.93 59.88533 2606.7498 552.5513 74.16573
33683.516 68.89751 2573.4468 573.78516 74.12405
33680.55 68.89751 2590.0537 564.3872 73.06474
33717.98 65.69004 2588.9387 584.44653 89.72325
33680.547 68.89751 2590.0537 564.3877 65.69004
33763.562 54.3203 2592.1455 532.1516 70.75626
33680.56 68.89751 2590.0532 564.3877 65.69004
33683.53 68.89751 2573.4465 573.78564 74.12405
33735.965 68.89751 2583.2524 577.97754 89.87119
33683.523 68.89751 2573.4468 573.7854 86.05238
33565.504 68.89751 2537.4177 547.25195 70.75626
33851.727 59.90779 2583.423 562.09766 68.15492
33680.56 68.89751 2590.0537 564.38745 82.39854
33331.99 68.89751 2583.1824 538.2937 68.26019
33299.34 65.69004 2588.3857 490.87744 70.75626
33299.344 65.69004 2588.386 490.8772 71.44061
33331.992 68.89751 2583.1829 538.2932 78.22947
33299.332 65.69004 2588.3862 490.87695 70.75626
33276.312 65.69004 2579.2874 505.88013 65.69004
33712.97 65.69004 2582.3618 567.8469 80.25228
33655.742 65.69004 2595.2568 516.97095 80.27926
33744.91 54.3203 2591.8691 521.9487 72.3639
33924.625 59.88533 2588.973 551.9385 74.16573
33890.5 59.88533 2584.82 573.2859 74.12405
33430.17 54.3203 2587.4937 508.73315 68.15492
33276.31 65.69004 2579.287 505.88037 65.34835
33430.18 54.3203 2587.4934 508.73315 68.15492
