1282.9324 103.89035 478.9095 60.920837 100.2166
1331.8882 115.35474 514.2185 37.961792 105.8597
1342.7955 70.89317 524.09796 21.73175 106.6561
1281.8787 111.84595 455.81192 98.83078 100.2166
1313.542 96.17577 509.51904 33.41858 104.00551
1306.7754 100.2166 497.46063 51.544617 96.1054
1302.2983 85.95661 505.79593 24.609467 100.76008
1314.9889 106.27953 486.38943 74.17575 101.4792
1295.8063 106.27953 488.9696 73.00134 98.57142
1128.1123 85.93898 419.25244 78.358795 83.47963
1049.7185 83.18903 379.1535 100.91968 83.18903
1078.883 61.03354 404.93158 44.901733 87.34919
1013.2726 72.43349 374.87787 73.293945 83.47963
968.50323 75.545 362.8669 40.535522 81.9603
967.566 77.79063 369.6552 32.802246 85.63253
1022.7226 87.34919 382.29126 50.163177 91.36565
1029.8546 87.34919 387.90884 51.677704 91.36565
1030.1031 76.57748 392.75235 44.201843 91.36565
1037.358 76.57748 392.59366 42.921814 88.8109
1017.4614 76.57748 380.47278 49.960205 87.34919
1069.698 76.36925 410.4922 46.815613 87.34919
1083.4467 72.43349 396.94547 66.40143 91.36565
1091.6947 72.43349 397.5295 71.34885 91.36565
1223.4435 72.43349 437.1556 99.78671 91.36565
1082.944 76.36925 392.80377 65.391785 87.85264
1047.1992 57.95969 409.26257 19.492493 93.1381
1050.3708 62.97256 399.0524 44.77466 91.3699
1091.5869 98.57142 422.22812 27.014313 94.60986
1106.661 96.8657 420.53598 41.515533 94.08121
1064.3458 77.7646 407.0691 31.584747 94.08121
982.0906 77.7646 372.1233 35.362244 89.23959
1135.6914 96.44807 396.98465 105.22604 91.31918
1231.6843 96.44807 453.53998 77.6369 93.7702
1185.4738 93.1381 438.71927 76.085175 90.24762
1292.5865 98.82887 501.83502 28.09906 120.01196
1082.4293 92.66264 413.95004 42.620667 93.7702
1134.0626 83.86839 434.26462 46.938507 93.95355
1236.2295 100.88898 472.10376 78.75568 96.17577
1260.3739 100.88898 494.84747 28.898743 96.43741
1210.2638 98.39732 456.19934 51.51483 94.01542
1218.4752 98.39732 448.09933 84.035065 94.01542
1234.0367 81.9603 463.6609 74.64966 94.08121
1125.3611 81.9603 429.63486 41.64981 93.7702
1090.7468 87.24907 396.91034 69.76953 84.81982
1149.8555 87.24907 426.0938 80.59769 84.70788
1175.4542 72.43349 424.2362 109.88782 84.70788
1156.3198 74.25349 426.0562 87.33234 84.70788
1017.32825 74.2 374.39685 77.65442 81.45215
996.99567 80.72894 368.53925 56.073303 83.47963
953.8009 80.72894 366.33582 23.398315 85.63253
933.77594 75.545 358.45172 31.341858 83.47963
908.8952 72.24467 321.39914 69.9025 80.90054
940.0332 74.25349 326.0391 91.14432 80.90054
906.9111 75.81064 345.8767 38.18445 80.90054
937.89453 69.73188 347.34015 67.70453 80.90054
928.8368 74.18491 338.28232 101.506744 80.90054
986.2074 74.18491 351.6237 116.2388 80.90054
928.6986 63.15535 366.04047 13.214172 85.63253
968.6455 63.15535 371.11813 36.17395 85.63253
972.42505 80.72894 370.27966 37.214294 85.63253
956.68097 80.021 372.07846 29.912872 94.45287
1037.2096 75.52345 397.08807 63.81186 85.95661
1016.35455 87.34919 390.8426 38.046844 85.63253
901.66113 69.50156 320.1366 80.4816 79.56651
997.42786 75.81064 329.18848 115.81421 79.56651
955.04083 75.81064 329.79977 115.84122 80.90054
950.10846 57.8844 352.57336 84.2092 80.90054
864.7701 57.8844 335.04968 27.305603 80.90054
844.30475 68.53916 310.78314 72.43002 79.56651
809.4717 55.29372 307.0569 27.250488 80.90054
780.16364 61.08925 296.92908 36.442535 80.90054
1183.0985 102.23942 429.5005 72.83441 94.01542
1194.848 100.36589 459.84735 47.487915 93.7702
1241.404 102.1236 463.49158 56.912598 94.08121
1210.14 102.1236 462.8928 52.84262 94.08121
1205.7009 87.29479 460.55814 41.955475 96.07934
1160.946 84.70788 415.8032 70.89285 91.3699
1180.4924 94.60986 435.3496 52.068604 93.01144
1036.7285 78.10289 412.24 5.689911 93.1381
1069.6855 66.88945 405.80243 39.39456 93.1381
1043.9132 66.88945 398.87045 33.926727 93.1381
1043.7559 77.00487 393.15747 43.459534 93.1381
1026.1943 80.12766 393.40112 49.12921 93.1381
1205.5034 72.52646 465.0445 32.29126 94.45287
1268.2648 103.89035 488.69214 55.485718 98.03545
1273.9604 103.89035 473.23355 68.58005 98.03545
1274.6039 103.89035 481.1878 50.313965 100.2166
1204.5028 103.89035 444.67398 69.80887 95.59421
1254.6116 106.3681 441.6726 94.89575 92.32213
1286.703 109.51099 473.764 72.33011 100.2166
1151.4237 80.8997 383.4667 120.95859 89.22254
1331.0923 106.6561 515.1322 43.878235 108.08089
1273.2777 106.6561 500.78577 30.220886 101.4792
1363.703 94.68919 520.43665 54.768066 104.04767
1310.848 104.86311 488.251 70.62503 96.44807
1249.4471 106.033 476.96576 45.523254 100.2166
1248.5107 115.86172 493.1945 11.625977 96.44807
1256.0623 117.62522 483.9323 25.669373 106.6561
1120.6235 97.86953 434.72177 30.735626 94.45287
1130.0612 97.86953 430.31808 44.576874 94.45287
1072.5419 84.6319 417.37564 30.357513 94.45287
1121.8978 97.86953 429.8218 36.90982 94.45287
1131.9968 98.93358 427.412 42.50757 94.33003
1111.6935 98.93358 421.7944 35.903168 94.33003
1340.284 103.51913 508.22964 59.40268 106.3681
1315.1909 103.51913 499.82178 57.470215 98.51948
1261.1641 79.56651 449.87415 74.70227 94.45287
1315.3229 103.51913 504.03296 52.12567 100.2166
1260.3997 100.2166 487.7481 28.774475 116.50148
1327.9521 84.76566 520.41394 35.207092 111.36527
1304.2362 84.76566 508.94064 26.281464 112.41936
1339.245 100.2166 521.5043 35.837708 96.17577
1281.7125 94.47625 463.97174 85.519104 91.58457
1149.951 85.63253 392.13007 128.16278 85.95661
1258.8862 94.47625 456.7468 69.860016 91.58457
1156.0946 80.76955 412.5609 83.837036 89.64525
1202.722 87.24907 444.53094 63.40149 91.58457
1276.0474 103.45034 495.5442 32.23633 101.4792
1257.0709 100.2166 492.99442 17.377472 96.1054
1288.703 100.2166 505.8245 30.914276 96.1054
1280.5159 93.16113 487.05975 92.736145 93.7702
