3060.5295 151.46977 965.9415 110.717285 163.30281
3123.73 148.9879 974.283 162.52008 175.56256
2888.6938 162.88988 887.2618 162.19073 156.26208
3094.608 180.10432 945.85785 144.73248 174.07896
3105.75 139.48946 957.0004 153.00323 170.43655
3131.7375 148.9879 982.9878 116.92871 180.10432
2516.6746 142.18704 818.2622 34.182983 162.17918
2551.5598 150.28746 817.28656 58.471313 156.44406
2568.3364 137.87914 836.3962 43.47357 160.12032
2533.0444 137.87914 833.639 41.711853 159.08867
2539.8533 143.49786 824.2711 43.131836 154.18167
2483.2708 143.65761 807.5399 35.60962 158.87866
2445.2383 136.8855 800.266 32.70935 158.81538
3014.4277 175.39734 931.1952 159.90808 171.11234
2918.1702 174.51805 899.575 156.65167 160.57045
2841.3257 165.63431 908.801 63.716187 161.11539
2645.3953 148.06262 861.7053 53.989624 162.41396
2748.9758 155.03871 830.20905 145.25562 151.26845
2637.4011 148.9879 848.28577 59.98401 156.26208
2650.6465 143.36017 848.9961 63.008057 156.26208
2966.144 163.30281 960.7988 68.98901 162.17918
3036.6384 175.56256 933.2562 114.185425 174.07896
2957.5186 170.43655 942.20703 88.171875 176.18057
2898.13 165.63431 946.5962 82.114136 172.59387
2986.9653 167.80708 925.55896 174.03491 167.80708
3017.1255 161.11539 935.2892 212.8479 172.59387
2980.8608 167.80708 919.45483 233.5929 162.17918
2606.7522 152.70178 853.99493 33.14044 172.59387
2591.887 155.56047 855.3373 25.253357 168.37735
2648.2012 155.56047 864.41345 47.673218 168.37735
2614.1353 151.11108 851.0152 47.07788 168.37735
2600.6086 159.26941 846.40155 41.86676 167.80708
2586.9414 159.26941 849.208 47.204224 162.88988
2578.897 139.75049 845.2028 44.433044 159.31747
2626.142 146.85654 851.0153 50.356934 156.44406
2625.5977 150.28746 855.4224 61.201843 150.03307
2573.21 143.36038 830.21423 49.26111 156.44406
2545.5107 143.36038 822.51776 44.889526 156.44406
2511.3672 146.85654 810.1744 43.377075 159.31747
2495.3052 136.8855 821.5587 21.378601 159.08867
2457.685 136.8855 805.31726 39.24182 158.81538
2451.7944 136.8855 801.5878 39.47516 156.26208
2683.3987 142.96455 867.3172 51.38623 160.6806
2687.5444 133.08548 865.9552 63.914 160.6806
2667.5435 147.01022 868.81775 41.133423 160.6806
2638.4932 158.87866 836.2449 86.12848 158.76811
2783.484 133.31015 894.00183 100.78296 150.29782
2887.555 157.99146 871.90796 150.28064 151.48897
2605.2993 143.49786 833.34534 79.07178 148.22198
2516.8333 143.49786 823.95087 46.298645 148.22198
2528.5986 140.68813 821.23206 59.53125 151.48897
3041.9507 162.65744 892.50385 203.45892 170.29402
3094.0125 145.06038 944.56555 133.80017 162.65744
3060.425 139.48946 931.0442 168.5404 161.11539
2844.8796 136.44456 794.12683 230.36475 148.29529
2964.8972 146.85654 946.3617 103.82117 158.76811
3098.2644 146.42358 948.8175 130.9115 175.56256
2833.182 156.65688 899.774 100.8833 152.65053
2559.3186 149.1685 831.0598 36.270996 160.6806
2591.1743 149.1685 833.2756 57.609863 151.68239
2714.9683 149.1685 850.8534 142.66089 151.68239
2951.5947 175.56256 944.3905 77.9917 172.59387
3069.8975 172.59387 937.47034 133.45532 180.44133
2983.0718 158.76811 850.6443 224.6101 162.12308
3001.103 172.59387 947.43726 99.12109 176.18057
3113.1033 172.59387 963.6561 142.24316 175.56256
3005.3481 161.11539 923.5121 155.49707 170.29402
2989.665 167.80708 936.2817 179.14056 167.80708
3004.1384 152.48749 854.6914 243.12585 164.93126
3064.9358 158.15666 915.4891 175.97296 168.23352
2831.414 171.10156 926.3267 49.801453 171.11234
2798.6948 172.16602 894.8408 79.11896 160.57045
2748.9983 163.28447 880.18945 67.15967 161.09023
2677.4534 161.09023 852.7182 60.928833 171.10156
2661.8645 148.06262 864.36676 40.40442 163.28447
2711.483 145.97743 874.8316 60.89856 166.86389
2691.9636 145.97743 869.6937 56.602295 162.65744
2690.3396 145.97743 873.4229 53.110107 163.28447
2683.3572 145.97743 863.87085 52.015564 168.23352
2663.8926 145.97743 875.8755 30.706665 168.82925
2667.6262 145.97743 872.62506 41.450867 168.82925
2668.1763 151.57996 869.9076 40.270203 168.82925
2678.833 161.11539 878.7148 35.7088 172.59387
2633.5496 158.52834 859.1657 51.9433 164.93126
2706.3564 156.44406 863.8347 96.87555 148.06262
2574.0393 135.1452 839.7661 34.996338 156.44406
2645.0198 150.28746 868.25714 39.77777 168.37735
2630.7874 150.28746 862.6212 30.746948 166.57277
2610.8965 150.28746 859.5289 23.378479 162.88988
2630.7869 150.28746 862.6212 30.746948 165.63431
2630.7874 150.28746 862.6213 30.74701 163.30281
2619.956 150.28746 858.97614 30.512085 162.65744
2648.8105 150.28746 859.2932 46.89148 159.1573
2625.3704 159.1573 852.953 34.998352 173.66588
2663.512 140.0743 843.4594 86.27789 151.46977
2704.932 162.88988 852.8284 89.33972 159.1573
2675.0217 159.1573 867.2394 57.004517 165.69635
3037.2605 145.06038 920.87 159.30115 159.09889
2787.101 136.44456 789.3595 205.34894 148.29529
3058.805 175.56256 909.3578 202.55688 172.59387
3033.4531 175.56256 920.50433 161.84174 170.29402
3066.7078 170.29402 953.7591 134.22821 175.56256
3087.1423 151.46977 949.4146 140.27118 175.56256
3082.8674 168.37735 961.55853 158.9477 174.07896
2989.5068 168.37735 925.55804 139.42767 163.04944
2976.1309 148.9879 952.2433 124.59338 163.04944
2910.1492 155.5343 917.7947 105.64996 155.56047
2867.2905 156.44406 919.7057 105.54993 153.60292
2978.1082 151.46977 963.73755 65.783936 176.18057
3003.0078 151.46977 962.63696 66.674805 171.11234
2887.1008 163.04944 905.5295 105.62836 152.65053
2969.1428 171.11234 932.8627 95.1167 156.6483
2896.3 171.11234 946.06165 48.311523 178.6093
2818.4333 168.23352 900.93933 90.68469 169.51671
2935.358 175.56256 916.82245 101.75342 171.11234
2867.958 172.16602 938.6598 41.8869 175.56256
2830.1152 154.18167 915.17993 49.33258 171.11234
2807.0803 154.18167 911.03955 56.67047 168.56853
2672.041 150.07303 869.54694 30.261414 173.66588
2975.004 165.63431 926.924 121.12604 170.43655
2992.7886 170.43655 905.8954 185.20276 167.80708
3103.042 148.9879 956.8664 133.40814 175.56256
3078.5273 151.46977 940.79956 123.357056 171.11234
2991.9878 156.6483 948.2642 96.49432 171.11234
2969.1426 171.11234 932.8626 95.11664 156.6483
3078.5276 151.46977 940.7995 123.35712 171.11234
3083.7444 147.01022 946.01636 160.21106 168.37735
3087.1426 151.46977 949.4146 140.27118 180.10432
3077.3845 139.48946 948.00366 195.52112 165.63431
3000.351 158.81538 940.2696 152.47906 167.80708
2997.5308 161.11539 915.69434 215.90125 167.80708
3014.428 175.39734 931.1951 159.90814 171.11234
2795.9153 154.11949 904.35266 65.58313 152.81651
2809.6165 154.18167 915.6291 84.29297 158.81538
