6961.821 32.08496 1097.9841 122.982666 76.21087
7090.4316 43.02202 1103.3467 155.23914 65.28843
6498.9365 61.88343 906.6057 275.81616 60.08597
6278.3174 47.74063 987.15564 156.47534 55.6672
6518.9004 47.75401 971.52234 280.9723 56.24379
6518.5884 47.75401 935.22296 262.77032 56.24379
5637.3857 45.3786 885.5259 97.83887 54.52553
5683.9517 45.3786 887.89984 109.51129 53.38543
5842.231 45.3786 897.81396 137.81079 53.32561
6131.0156 42.42118 930.2686 161.06122 54.36641
6158.2866 49.1285 941.70526 167.84625 53.49115
6150.1504 49.1285 938.0849 161.09906 53.19848
6033.746 43.29747 965.5461 78.66107 74.67305
5952.2007 45.36795 955.1118 82.98181 74.67305
5990.598 48.04545 957.9799 78.06647 75.31213
6938.5757 61.88343 1002.4347 232.42249 64.66654
6853.7744 54.08098 917.635 297.04883 61.09666
6732.366 54.08098 930.46277 276.8191 58.966
6687.602 50.33316 995.30194 220.50616 57.81812
6598.673 38.63698 1015.9828 173.0448 57.81812
6591.4844 24.83442 1029.6012 192.6399 57.42746
6066.0176 50.33316 934.3766 144.02014 55.72735
6071.4434 52.0214 934.05505 162.073 55.72735
6258.41 52.0214 932.6247 161.86664 55.72735
6228.4517 44.31553 962.977 126.74884 55.72735
6363.23 46.8387 991.51245 138.0774 54.99989
6934.431 47.74063 1091.5522 129.901 68.80523
6856.005 33.14784 1083.9532 149.75073 64.66654
6675.5347 52.25391 1051.6971 112.38757 69.06072
5943.383 40.43753 938.1722 110.41266 55.6672
5873.7666 28.56982 935.1844 86.7663 56.45317
5964.181 44.07455 923.75385 122.014465 55.66837
5934.476 44.07455 925.3962 127.3609 54.66814
6488.023 47.74063 1013.76764 205.45685 57.20359
6544.747 44.4066 1019.5716 113.88727 58.68788
6504.652 41.1458 1037.2728 86.47742 58.68788
6493.9863 55.13396 1020.487 113.59906 70.59364
6497.993 55.13396 1014.85187 134.39972 64.55889
6495.039 52.79583 1035.8531 98.78638 64.55889
6175.042 36.87025 878.5351 262.727 52.79583
6152.781 47.65315 894.2923 256.8592 52.79583
6327.849 32.64738 946.0141 182.13763 54.7565
6325.74 29.70826 959.3456 184.63489 54.7565
6264.276 48.9174 942.5606 187.58746 54.7565
6133.1772 48.9174 922.8386 194.53381 52.79583
6173.7754 55.24325 932.22253 205.55615 55.91177
6384.4976 53.53115 999.6539 155.98627 58.66405
6213.053 53.27932 970.3651 138.87952 56.04556
6227.914 61.58285 971.1589 158.33063 57.7986
6211.2397 61.58285 974.377 149.42145 58.57526
6068.2256 53.48249 913.82806 176.05243 53.79684
6048.747 52.0214 894.3496 190.69055 53.77519
5968.4844 52.0214 914.8551 175.70984 53.77519
5744.871 44.31553 919.4672 94.00061 54.86895
5825.603 44.31553 938.4574 76.354004 62.40581
5814.6836 44.31553 938.8614 66.75464 62.40581
5825.5513 48.30712 937.5599 78.57855 62.40581
5911.2935 47.74063 944.1889 84.064026 62.40581
5981.0537 47.74063 956.1886 88.84656 65.81427
5934.024 47.74063 944.3532 71.42853 62.65563
5936.502 46.0877 939.0867 86.68921 62.40581
6471.028 44.39116 971.9672 207.8067 55.91177
6493.9463 44.39116 989.0071 223.35437 55.91177
6412.205 44.39116 1013.95465 163.64142 55.83956
7020.1665 43.27327 1055.5052 214.14905 64.66654
6890.8984 43.27327 1050.028 184.47754 62.40524
6792.8364 43.27327 1057.0568 178.73572 62.40524
6781.4795 52.79583 1072.3087 131.07117 58.65578
6609.3213 52.79583 989.0587 228.66345 57.20359
6538.784 50.30205 971.4509 252.71753 56.35368
6282.221 31.8558 906.11285 261.50665 52.91439
6312.752 30.08806 931.4639 227.31244 52.91439
6241.5376 30.08806 909.1463 227.22589 53.08484
6232.0854 31.8558 924.7864 211.37646 53.6649
6323.194 31.8558 919.3601 221.03784 53.6649
6246.406 31.8558 931.34644 237.94543 53.21846
6259.142 31.8558 918.1432 244.9972 53.21846
6247.608 31.8558 913.11414 225.40405 53.21846
5568.565 39.65337 842.5897 227.66528 49.87397
5599.919 44.31553 843.3325 235.11743 49.53582
5653.7974 45.33791 818.9482 207.065 49.53582
5733.357 37.15995 849.92053 254.03943 49.53582
6011.939 43.29747 846.49963 287.24963 52.20088
5909.729 43.29747 914.5115 149.87085 51.70871
5938.2144 51.86819 914.0305 168.53223 51.70871
5923.569 51.86819 910.35547 164.72046 52.32679
5939.0933 51.86819 912.43915 167.89288 50.71391
5975.3384 51.86819 919.8555 179.85431 50.71391
5861.9233 52.63091 759.141 331.37903 51.86819
5827.017 52.63091 758.62885 324.6408 52.32679
5960.4556 52.63091 767.86176 330.59796 52.79583
6214.8345 55.90015 929.95825 188.52795 56.04556
6395.5127 53.64393 967.80664 175.6748 56.04556
6461.098 53.64393 973.79596 181.03717 56.04556
6625.433 53.64393 1016.36084 161.8695 58.57526
6564.074 43.27327 1018.67535 152.99408 58.57526
6444.205 54.94806 976.3221 183.63763 55.13396
6554.2646 39.63217 1043.1315 99.11096 55.13396
6456.997 45.36795 991.3488 152.71344 55.13396
6391.6157 52.77459 1001.3954 128.24731 63.53083
6316.8823 52.77459 986.89 116.13403 63.00854
6259.0464 52.77459 1007.40515 99.92615 63.00854
6265.2456 52.36256 1006.5583 117.12421 58.76171
6312.023 52.77459 998.25867 115.309326 58.76171
6259.809 52.77459 991.6016 110.14667 58.76171
6208.937 52.77459 1002.2373 73.3363 77.75049
6222.043 45.36795 975.87244 116.46704 55.83956
6241.2456 44.31553 995.4962 86.77429 59.51725
6215.0845 33.14244 994.7965 69.94922 58.89356
6295.192 33.14244 1020.1714 69.76111 63.00854
6307.098 33.14244 1026.4271 81.70911 65.85149
6298.8467 33.14244 1025.8624 47.374878 76.9412
6311.0186 33.14244 1032.0135 75.11926 76.19376
6321.239 33.14244 1003.47656 79.368774 60.84615
6325.8315 33.14244 1015.8419 68.3136 65.25851
6305.415 33.14244 1019.51385 81.013 60.84615
6299.072 33.14244 1031.6284 55.978394 67.2597
6279.981 33.14244 1013.7636 71.358215 61.42757
6251.023 33.14244 1017.949 72.83838 61.66431
6241.7095 33.14244 1016.08234 47.532898 60.84615
6276.338 33.14244 1022.4879 63.55188 64.33819
6399.482 39.63217 1026.1091 81.41089 64.33819
6378.0137 41.62048 1030.3677 89.8136 61.66431
6341.346 43.29747 1004.897 91.77124 61.66431
6379.339 43.29747 997.8945 114.591736 55.56605
6162.885 32.67483 927.35785 184.23895 54.04918
6133.7603 51.52621 929.3546 173.39868 54.04918
6139.535 52.34418 921.0626 185.07373 54.3437
6168.1426 52.34418 920.7761 208.81616 53.84935
6159.7715 52.34418 935.94775 185.40393 54.04263
6117.894 49.32858 935.77466 184.13477 54.87546
7031.442 19.55452 1102.0038 141.94934 65.74827
6968.9346 32.08496 1080.3943 172.203 64.62117
6937.4 51.52621 1056.1143 211.156 68.10639
6912.21 51.52621 1056.5209 193.15979 64.62117
6840.4365 51.52621 1059.0435 195.60803 62.80075
6694.504 61.66431 1020.8893 195.1001 59.25884
6738.612 56.46078 1026.5524 195.44751 60.62706
6653.3774 56.46078 1015.12103 174.68158 60.62706
6530.5317 55.6672 1023.3706 114.66882 64.95645
6543.157 53.04908 1034.2202 170.58887 62.92336
6645.964 53.04908 1039.3081 186.96973 62.92336
6517.893 53.04908 1032.3102 115.38025 67.2597
6526.2373 53.04908 1034.1895 164.89551 59.25884
6532.6514 57.55273 996.581 205.9107 57.20359
6526.8066 57.55273 1001.43726 164.1438 56.79358
6375.9146 57.55273 990.7972 156.26398 56.46078
6402.6484 55.90015 981.39557 155.98126 56.46078
6515.7773 60.73545 1002.6385 157.09528 61.5284
6502.509 57.95742 1021.58276 128.69373 70.41343
6567.179 56.60441 1037.1725 123.487915 70.41343
6521.2065 57.95742 1034.9196 155.29211 70.41343
6556.488 57.95742 1040.4529 159.56592 70.41343
6563.6714 56.60441 1027.5402 170.9812 58.57835
6549.6777 56.60441 1013.7878 183.93268 58.55163
6439.526 53.79684 1003.93427 131.26678 61.53574
6333.747 53.79684 993.0655 129.71503 61.53574
6437.161 53.79684 1017.65643 103.6358 69.69477
6403.57 52.25391 1016.5438 90.461426 62.92336
6623.4907 43.02202 1050.3373 157.41577 57.96272
6589.066 32.67483 1050.7783 112.593506 57.96272
6593.3936 13.80951 1011.7617 156.70874 57.96272
6619.7544 32.67483 1002.68665 159.9198 57.75995
6589.064 32.67483 1050.7784 112.59326 57.96272
6546.6025 52.61756 991.07184 173.15485 57.75995
6651.9517 52.61756 1070.911 94.194336 58.85069
6572.3687 28.56982 1064.6686 79.05994 83.41895
6586.3887 52.61756 1054.3724 72.75769 83.41895
6441.5776 52.61756 966.8318 146.90466 57.75995
6392.1875 52.61756 979.2966 134.6861 57.62215
6198.4326 44.07455 926.7026 217.60907 53.79684
6178.0903 24.66126 956.8364 149.52441 53.95421
6169.1675 48.30712 926.70056 184.29468 54.37498
6185.7793 44.07455 959.05115 151.20569 54.37498
6313.6587 32.08496 971.2797 145.11053 54.37498
6268.823 32.08496 976.9177 131.64453 54.37498
6206.5073 38.0459 959.1961 155.40057 54.37498
6273.8174 38.0459 958.2793 169.20996 54.36641
6315.8257 30.33872 1000.28687 115.60278 54.36641
6233.2783 30.33872 1000.4264 109.17822 54.36641
6173.7246 38.0459 940.87354 155.56335 54.36641
6123.0356 30.5546 938.43787 134.94788 54.36641
6065.275 53.79684 958.2651 142.2591 53.79684
6103.3003 35.6964 981.7743 79.98047 66.14919
6024.417 46.74719 968.61584 83.01904 73.66014
6113.3286 53.79684 963.747 108.03497 62.05171
6051.746 37.41382 972.4576 83.506775 58.25325
6103.607 37.41382 973.53577 83.72632 58.25325
6088.499 41.1458 985.2515 61.052307 62.05171
6029.472 43.21733 967.0112 74.59863 62.05171
6023.939 35.66736 967.2738 72.93591 60.69471
6050.222 35.66736 976.5235 74.14252 60.69471
6020.889 43.9304 968.38165 66.99481 59.51512
5987.2275 43.21733 969.7692 79.2254 67.2597
5946.823 43.21733 971.8374 49.507935 62.05171
5978.909 43.21733 963.24786 61.284607 66.56048
6147.0693 50.30205 935.4156 253.18207 53.28449
6123.068 38.50861 917.62866 259.3108 52.66116
6151.1523 38.50861 896.50146 264.4016 53.32561
5988.708 38.71996 922.54987 202.52472 52.66116
5978.5566 38.71996 926.1278 205.14526 52.79583
6433.7983 58.57526 962.10095 188.0719 56.92895
6473.224 58.57526 956.41315 196.9671 57.37252
6530.163 58.57526 962.566 194.24811 57.75995
6585.9595 58.57526 963.6134 228.71765 57.75995
6622.1655 53.27499 1028.4159 130.00061 64.56725
6450.3335 53.79684 1004.9079 176.79742 57.37445
6543.688 47.87917 995.904 181.69977 57.37445
6487.794 47.87917 999.97015 152.72992 57.37445
6598.7197 60.84615 1029.9918 136.21619 63.87067
6530.346 60.84615 961.6192 213.85272 58.57526
6427.7363 59.0506 951.4049 209.08215 58.57526
6303.1157 59.0506 949.1776 164.3529 58.57526
6356.2075 55.98789 995.45996 125.43811 63.87067
6306.858 55.98789 1007.5827 93.92267 63.87067
6272.8555 59.6766 985.10175 127.10504 58.57526
6301.4014 55.90015 987.7804 108.57617 56.21327
6285.836 59.6766 985.0939 120.98926 56.21327
6408.7554 59.6766 983.4414 173.19824 56.21327
6430.526 52.95623 994.8553 155.40558 56.21496
6535.8403 52.95623 1013.4044 158.9607 58.966
6494.658 52.95623 1002.2062 152.80603 59.6766
6554.019 56.04556 1025.0585 131.11926 65.25851
6393.886 54.86895 997.0893 145.00397 63.53083
6452.684 54.86895 1018.74786 119.986755 63.87067
6430.2827 56.04556 996.3482 155.37115 60.84615
6446.4995 52.32679 1035.823 91.79956 56.04556
6537.7104 52.32679 1031.6896 110.853516 57.51766
6451.2476 52.32679 982.9369 159.55786 56.04556
6241.23 55.111 907.46204 223.30286 55.70134
6068.6304 53.79684 876.8867 279.0669 52.87331
5994.549 53.79684 864.7329 274.30847 52.87331
5939.469 53.79684 858.3631 265.41266 52.61756
6038.5127 53.79684 873.4726 221.22418 52.96618
6181.6587 53.79684 925.34436 179.58508 56.04556
6011.434 53.79684 892.9043 201.22058 52.96618
6138.8633 43.29747 904.4187 226.0321 52.87722
6134.86 40.09898 891.5515 216.63818 52.96618
6070.061 43.29747 933.89996 163.65997 52.96618
6171.504 32.08496 942.0347 176.7326 52.96618
6213.1953 43.29747 923.39996 176.48956 53.478
6111.7285 43.29747 925.01807 182.59155 53.11559
6099.3984 43.29747 914.07355 182.22003 52.96618
5866.985 43.29747 904.3211 125.57562 53.79684
5861.815 43.29747 899.15094 120.67255 55.45074
5840.2964 43.29747 899.5964 118.251526 55.45074
5883.683 41.68162 892.89355 135.28235 53.34857
5844.472 32.08496 918.68304 134.20026 53.34857
5753.759 32.08496 921.22565 107.72357 53.34857
6617.36 50.52188 962.1101 244.86597 57.44123
6634.844 50.52188 981.71954 226.05743 58.57835
6563.609 50.52188 976.3188 226.09003 57.44123
6363.5864 61.42757 804.55347 357.80737 59.06736
6524.818 57.96272 965.7852 213.6352 57.44123
6329.058 57.96272 949.77106 173.06488 56.81541
6259.6294 40.2571 914.2317 206.17725 54.43023
6233.4893 45.62166 946.9562 182.1438 54.43023
6181.101 44.90975 930.7169 187.59888 53.84935
6158.398 45.62166 932.19116 198.52344 54.04086
6070.596 45.62166 928.3457 151.56787 54.04086
6091.4897 53.21828 916.9319 177.83093 54.04086
6075.2236 43.78222 911.7756 182.65973 52.25391
5944.2886 43.78222 899.77325 153.7846 52.25391
5836.523 30.25858 897.61316 144.82385 52.25391
5910.1997 44.01382 901.56946 154.21594 52.25391
6130.651 35.6964 944.003 158.21234 52.91439
6063.267 35.6964 943.88745 144.97925 52.91439
6103.2593 35.6964 950.3563 140.02759 53.84935
6162.4033 35.6964 941.63446 225.47137 53.84935
6182.8286 35.6964 930.3028 257.22955 53.56702
6231.3843 35.6964 929.1244 243.96008 53.56702
6272.225 40.2571 906.6576 236.44177 53.56702
6235.471 40.2571 910.37195 242.91003 53.56702
6231.6997 40.2571 918.5384 190.04132 53.77519
6446.0693 54.36641 940.7167 244.66235 54.86489
6500.2256 36.02155 958.85223 225.6153 54.52553
6463.4995 38.88095 951.8495 223.06189 54.52553
6927.722 47.74063 1071.0956 157.48364 63.29283
7049.302 47.74063 1100.494 145.97192 68.02489
6923.1206 56.73611 1051.6163 145.88342 63.29283
6881.3076 58.60348 1009.8025 201.81409 63.29283
6809.047 59.09401 1010.29297 203.0304 63.29283
6860.1304 20.00563 1061.3776 147.72986 64.39249
6838.594 58.89356 1039.841 185.66101 63.29283
6654.0444 53.53987 1007.08606 186.27222 59.51725
6702.3027 58.89356 1035.8495 189.13892 59.51725
6540.76 58.89356 1035.7836 155.45068 73.0705
6528.128 60.27118 1028.4043 158.48181 62.55574
6427.798 56.39807 986.7649 143.17712 59.19932
6511.7354 61.69827 992.093 149.75085 59.19932
6405.714 61.69827 984.4251 144.34698 59.19932
6393.6143 60.28402 995.25464 132.33618 59.19932
6275.905 60.28402 977.957 134.31732 57.10972
6119.8506 56.81541 882.95105 200.25293 54.08098
6033.981 60.28402 865.17523 212.87054 54.08098
6351.8867 60.28402 989.0371 194.04504 55.98789
6303.96 61.26583 941.1098 224.65985 53.63
6200.1724 49.37293 942.1297 236.8299 53.63
5991.8604 49.37293 938.1058 141.38055 52.91439
5997.296 32.64738 940.42847 129.33545 54.7364
5916.3066 41.00891 923.9794 138.59985 53.88631
5915.406 49.37293 924.9962 140.84131 53.53115
5768.199 50.3951 883.9113 154.51422 52.20088
5812.1646 50.3951 902.9608 135.25903 54.87546
5825.586 52.20088 911.04865 137.85297 55.75961
5739.6743 30.7325 907.4427 82.14325 56.56695
5769.46 30.7325 918.77185 86.919495 54.87546
5852.6895 30.7325 919.434 114.03351 54.66814
5796.3735 30.7325 908.72205 110.06207 54.66814
5835.5244 46.06871 913.88116 117.7785 54.66814
5886.6255 46.06871 898.7965 131.98047 55.98789
5840.1245 46.06871 914.9272 110.59711 55.75961
5835.6787 47.81277 906.3995 114.02588 55.75961
5780.182 47.81277 900.6558 106.59357 54.86895
5649.6406 50.24399 895.29504 98.11084 54.86895
5702.0903 51.52621 919.0313 61.614014 59.51512
5715.6235 51.52621 898.6124 84.162964 59.51512
5852.8877 50.50341 936.8498 88.79852 66.14919
5850.7383 51.52621 936.22156 79.8681 63.30972
5873.118 51.52621 933.6979 88.865906 63.30972
5849.7393 51.52621 935.1631 73.821045 63.30972
5845.6255 51.52621 927.7732 73.46417 66.50032
5918.396 51.52621 931.37524 121.9126 56.00075
5980.0166 51.52621 934.47974 138.07007 55.83956
5839.708 51.52621 913.30756 125.92828 55.83956
5760.781 52.20088 890.2602 135.61823 54.58033
5675.216 42.61839 889.7752 116.27777 54.58033
5631.8037 43.38229 902.9524 92.5484 55.66837
5509.2295 41.00891 840.1551 141.15833 51.73278
5474.9126 41.44337 843.3872 143.36108 51.52621
5445.1987 47.89979 830.53674 163.8938 51.52621
5516.3716 47.10696 850.4653 119.29022 52.12299
5585.1973 50.3438 865.61945 123.2298 53.22744
5557.4976 51.52621 842.5777 128.03534 52.12299
5522.4434 41.61384 845.9623 144.77856 51.70642
5506.5615 51.52621 867.80164 157.09961 51.70642
5460.983 51.59057 870.52344 153.62402 51.70642
5438.7935 44.84552 858.01044 131.41394 51.59057
5568.4155 13.80951 863.64526 159.36194 51.70642
5615.419 13.80951 862.94086 161.6695 51.70642
5486.9736 41.2243 856.4653 98.44287 52.45424
5478.959 51.52621 862.1627 108.9646 52.45424
5493.635 45.33791 841.9406 117.048645 53.27932
5560.6396 42.37805 849.8979 131.02863 52.45424
5545.0625 32.4696 854.01013 121.49048 52.45424
5466.5566 33.05769 846.91144 136.07922 51.59057
5551.1167 42.37805 846.1578 157.95624 51.59057
5489.604 35.2795 838.7186 117.784546 52.45424
5578.6357 42.37805 849.6443 159.41803 51.59057
5600.9233 30.59833 861.5262 141.87988 52.75827
5770.171 40.16531 913.4891 117.28461 53.11559
5722.292 41.44337 916.26556 68.43323 54.87546
5759.8105 47.77325 907.3992 86.49359 58.73518
5743.8257 42.47797 907.8717 85.70471 52.77489
5695.066 47.3192 889.6145 130.80237 52.77489
5652.11 43.1991 884.3378 97.991516 52.77489
5726.9604 46.97524 904.36926 148.56433 52.77489
5614.678 46.97524 882.8999 101.90027 53.48249
5707.0176 46.97524 895.04816 121.40869 53.48249
5662.6147 44.90975 892.3091 116.75665 53.48249
5657.335 46.97524 896.1103 103.80603 53.48249
5706.6216 47.77325 885.4939 120.48987 53.48249
5783.1934 30.08806 910.56195 105.32251 53.48249
5808.1646 30.08806 907.4033 90.737915 58.19852
5796.1104 30.08806 903.5256 119.53729 53.48249
5873.942 30.08806 904.2063 134.78333 53.15207
5778.718 30.08806 910.6962 120.17938 52.45424
5767.217 30.08806 904.2881 112.79608 53.15207
5802.8555 30.08806 900.3387 133.03082 53.15207
5724.6343 46.8387 888.1391 113.40802 53.79684
5743.1245 50.52188 903.7882 128.89062 53.15207
5790.5947 38.63698 892.8809 123.748535 52.88475
5805.571 51.52621 894.7899 129.52148 53.15207
5733.1875 27.58954 908.80963 107.9693 53.15207
5792.762 38.0459 915.2267 114.32141 53.15207
5741.8477 51.47237 890.9223 127.63916 53.15207
5700.245 47.86531 892.921 117.55829 53.15207
5664.7603 49.45516 898.0242 123.53967 54.43023
5699.0977 50.35661 897.8744 119.14508 54.43023
5759.3706 30.08806 912.8497 101.13574 54.43023
5757.2017 48.11591 897.64734 134.6709 54.43023
5824.401 47.77325 915.6012 117.424194 55.98789
5830.5596 47.77325 893.3639 137.15979 55.53906
5857.749 45.36795 908.2877 134.04102 55.5852
7001.102 45.48005 1034.7572 196.33435 64.97086
6839.7686 45.48005 1011.6183 184.58484 63.17007
6515.245 47.74063 875.6548 303.66797 54.04263
6612.367 47.74063 887.303 312.4281 54.32402
6526.2554 38.04028 910.9931 274.43463 54.32402
6454.4863 26.4873 974.64044 238.14471 54.32402
6438.089 47.74063 974.3511 211.39575 53.93039
6465.1343 43.29747 932.17224 281.98438 54.32402
6244.0894 43.29747 835.3992 322.96484 53.37204
6363.8643 32.26907 911.136 246.80786 53.37204
6323.201 32.26907 951.2841 198.96503 53.89002
6233.046 35.2795 957.10596 212.2992 53.89002
6170.6816 35.2795 943.0836 194.03503 53.89002
6198.9346 35.2795 938.1779 196.10858 53.89002
6181.116 35.2795 896.2171 250.21906 53.37204
6242.0103 37.15538 904.9267 237.2027 53.45815
6285.5767 39.4376 923.8589 208.4104 53.89002
6229.966 39.4376 959.00525 215.42346 53.89002
6243.728 20.00563 933.34143 193.90625 53.89002
6313.569 39.4376 948.832 208.48895 53.89002
6391.8696 47.74063 917.9302 256.53003 53.89002
6336.0903 47.74063 902.23267 253.00696 53.89002
6374.8403 40.16531 918.40186 256.89954 53.89002
6237.8257 40.16531 902.6321 269.99084 53.28942
6216.673 49.23746 886.4629 252.7174 53.28942
6520.8447 51.23574 927.0006 263.636 56.56695
6575.1943 39.90556 981.3511 231.41272 56.56695
6564.18 38.00317 970.33734 206.88812 55.44438
6569.106 45.30687 975.262 209.26703 56.10987
6557.8335 45.30687 987.32605 216.46936 55.44438
6620.269 19.55452 996.20074 199.40851 56.10987
6563.685 41.46089 1019.0026 227.50922 56.10987
6582.477 26.16173 1007.78296 189.64612 56.10987
6596.699 45.30687 978.18805 207.00397 57.98466
6519.7466 51.52621 901.23645 283.3407 55.44438
6640.0996 34.0967 1021.5895 204.51538 58.57526
6741.0464 43.02202 1030.95 211.87671 57.20359
6808.983 43.02202 1043.1055 180.42578 60.84615
6786.6245 38.0459 1067.8496 129.06897 60.84615
6807.019 38.0459 1040.4716 176.33923 60.84615
6724.9775 38.0459 1059.8804 126.920654 60.84615
6774.185 34.6991 1070.1954 110.79358 70.73211
6688.3135 38.0459 1056.5825 111.928345 61.09666
6785.6978 43.02202 1064.3325 123.16162 66.14919
6771.8267 43.02202 1081.4946 97.326294 61.29035
6856.5566 32.08496 1069.622 143.90308 66.99919
6848.4297 32.08496 1061.4949 128.88464 71.13162
6825.8164 32.08496 1085.2452 106.2572 66.99919
6850.6216 32.08496 1083.0562 133.31812 66.99919
6865.343 19.55452 1094.7712 114.38208 64.09595
6795.9424 32.08496 1094.4159 100.49609 72.78552
6821.4136 36.02155 1085.0178 117.1947 64.66654
6821.5884 36.02155 1082.5703 123.982544 64.95645
6862.475 26.33491 1096.354 120.30237 64.66654
6793.082 47.74063 1054.0637 132.23633 59.97424
6687.671 47.74063 1059.0361 101.535645 76.21087
6662.557 43.29747 1058.3011 110.02112 73.79449
6572.603 44.07455 1052.501 94.158936 73.79449
6501.257 44.07455 1032.7756 93.938354 79.94439
6444.6133 44.07455 1022.6146 88.60425 79.94439
6448.902 43.02202 1028.3212 86.857056 79.94439
6996.6816 47.74063 1101.6414 150.48926 64.66654
6892.406 47.74063 1073.0945 135.71033 67.2597
6810.7676 47.74063 1078.4167 133.42053 67.2597
6718.4517 43.29747 1084.217 137.74744 67.2597
6706.9854 32.67483 1063.1583 88.42102 67.2597
6789.0537 32.67483 1075.9122 104.70581 67.2597
6876.1147 32.67483 1056.8041 134.02942 67.2597
6859.157 32.67483 1077.022 103.183716 76.21087
6762.9956 47.74063 1076.4443 111.40027 64.12527
6745.1143 47.74063 1075.41 107.89319 75.36594
6670.634 57.51766 1012.00226 154.51483 61.66467
6760.8584 41.46089 1081.8734 106.73071 67.56404
6703.696 41.46089 1059.3479 87.78418 65.04
6749.5312 41.46089 1085.1458 105.33423 65.04
6817.611 37.02857 1082.6683 114.90588 63.57337
6856.5024 27.58954 1088.5641 123.55127 63.57337
6825.7744 27.58954 1068.5582 139.27856 63.16225
6863.432 37.02857 1057.5371 141.49316 64.00818
6954.026 38.63698 1091.1786 145.70947 66.28608
6841.2026 38.63698 1078.3834 137.87317 66.28608
6696.857 38.63698 1071.9122 88.924194 72.06517
6677.814 50.50341 1061.0966 120.31091 72.06517
6549.3677 26.64654 1050.518 87.17432 72.06517
6515.0376 26.64654 1053.2002 85.311646 74.14928
6497.4795 26.64654 1045.8832 79.41345 79.27333
6526.315 26.64654 1049.0525 84.25476 72.06517
6496.859 26.64654 1032.9735 75.94971 72.53083
6534.9165 39.63217 1048.2169 82.52002 68.79864
