53634.55 36.33923 3416.3333 598.3677 78.19034
53634.555 36.33923 3416.333 598.36816 78.19034
53524.684 43.66964 3377.985 686.26245 77.49073
51658.14 72.58862 3030.5852 926.2063 67.51029
53460.33 36.33923 3410.5217 615.2942 77.49073
51634.707 38.22171 3135.953 545.5698 68.04924
51484.215 50.28931 3082.3777 551.80176 71.54915
50084.8 48.57425 3116.6572 457.62817 77.49073
50511.92 54.99712 3144.1172 476.59692 77.49073
50387.504 50.28931 3041.39 567.80493 67.1209
51005.99 50.28931 3150.5195 477.11304 79.81155
50658.367 54.99712 3074.1904 797.81616 66.05833
51096.04 59.08652 3072.6968 621.6948 70.55095
51500.883 38.22171 3159.8904 544.1658 67.84315
51744.504 38.22171 3162.9517 623.4231 67.84315
52506.2 43.66964 3211.0933 727.7234 69.93009
52739.195 43.66964 3208.204 724.4304 69.93009
51102.066 46.11847 3212.6936 672.96875 74.0599
51164.64 37.42426 3100.5796 568.80664 67.55704
51116.97 43.66964 3199.5945 493.48218 72.16763
49906.363 61.55918 2990.7559 582.1372 70.58435
50011.086 55.34689 3056.8538 506.00513 69.14
50922.035 55.34689 3143.5872 751.2129 68.15876
50032.89 43.92947 3137.2317 515.11084 68.04924
50835.867 43.66964 3154.0447 654.6052 67.1209
50711.344 40.97726 3158.2073 676.60205 67.1209
49246.727 50.55514 3010.8884 831.3633 65.23774
49032.32 46.07086 2981.528 563.1389 65.23774
49049.902 46.07086 2985.5203 564.50146 65.23774
51627.79 43.66964 3060.56 790.62915 66.74837
50293.54 45.51318 3055.7908 564.3262 67.08014
50607.605 45.73336 3085.9912 571.2825 67.08014
50159.473 50.28931 3069.3167 559.78076 67.2871
50186.57 50.28931 3054.11 559.76245 67.08014
50282.316 46.07086 3077.8938 533.0442 67.08014
50401.715 50.28931 3102.6753 581.99585 67.20531
50367.73 60.26007 3033.4316 680.4446 67.08014
50498.934 52.53377 3036.1184 627.0115 67.08014
50362.066 36.33923 3130.4275 441.2495 73.21133
49712.492 39.04208 3135.5117 433.62817 76.92278
50991.414 57.45044 3149.2756 737.8882 69.93009
50517.3 48.57425 3137.2522 475.39673 77.34038
51196.44 43.66964 3172.2312 442.813 76.08959
52802.82 33.19054 3287.2397 746.83154 76.92278
53072.53 33.19054 3283.222 779.6365 74.01904
52778.18 33.19054 3267.7788 746.3501 74.01904
51476.04 59.77117 3026.3416 684.3264 76.65204
51318.02 59.77117 3065.268 626.6284 76.65204
51646.42 56.18236 3089.884 845.115 67.08014
51698.6 54.99712 3211.2893 664.6123 68.98244
51841.805 54.99712 3201.9033 683.99854 84.67525
52860.406 37.42426 3289.4175 670.3032 77.22223
52702.62 45.73336 3274.699 716.5608 77.34038
51212.305 45.73336 3136.3425 514.178 68.4972
51542.08 45.73336 3113.4363 584.5884 67.75017
51352.9 43.66964 3191.3135 501.51392 68.4972
51048.91 48.57425 3174.4155 496.30713 68.4972
51731.527 45.73336 3195.5608 486.25586 72.58862
51458.906 50.28931 3173.1006 516.0193 77.49073
51839.04 50.28931 3183.8293 521.42456 77.49073
51926.445 50.28931 3219.3877 640.26245 81.8745
51594.332 50.28931 3182.9133 517.94995 71.94036
51603.93 48.75191 3202.4177 514.22974 84.67525
51644.324 48.75191 3214.681 752.70825 71.27214
52010.324 45.73336 3237.7524 689.6511 72.69491
51606.86 50.28931 3239.9163 655.7466 84.67525
51146.535 59.1056 3066.8142 647.7092 69.93009
51366.695 52.85518 3135.992 541.2324 71.94036
52052.234 36.33923 3194.868 596.02026 69.93009
51533.758 48.75191 3170.138 481.563 69.93009
51589.035 48.75191 3145.4395 519.9341 68.98244
51857.777 48.75191 3176.956 547.73364 68.98244
52083.254 50.28931 3161.5852 561.94556 84.67525
52059.473 45.73336 3191.5103 525.5867 73.32973
51975.957 45.73336 3207.356 531.125 76.92278
51323.203 45.73336 3206.7368 518.6804 73.00068
51407.996 45.73336 3199.4382 553.21265 73.00068
51306.63 51.41588 3209.8904 549.3076 76.6985
50803.68 51.41588 3183.8167 431.90283 92.76247
50806.96 51.41588 3172.8647 434.3059 86.2778
48991.64 36.42438 3096.2732 403.44775 73.00068
49147.008 38.22171 3061.89 408.3235 72.18852
49308.016 38.22171 3089.36 413.16016 72.18954
50084.242 43.66964 3128.8867 438.4812 77.77138
50266.12 43.66964 3151.3276 376.87988 84.67525
50196.08 43.66964 3139.4539 372.90454 93.87894
49389.926 43.66964 3117.4854 391.77368 83.31369
49511.688 39.04208 3125.9717 386.6936 83.31369
49498.94 39.04208 3122.3354 417.4209 77.44059
49392.59 39.04208 3124.3845 408.29785 77.44059
49261.887 45.73336 3093.9944 408.08887 73.00068
49295.887 45.73336 3079.2217 420.1704 73.00068
49525.1 50.28931 3095.3125 440.56543 74.16102
49035.32 56.55434 3054.5264 494.07568 76.08959
48918.312 56.55434 3027.2292 492.60962 76.08959
49063.926 56.55434 3058.463 468.15674 77.49073
48596.664 56.55434 3045.4429 445.65137 77.49073
48431.598 56.55434 3027.7576 444.73462 73.00068
48515.062 56.55434 3030.583 445.16382 73.00068
48712.414 56.55434 3005.8806 484.29004 73.00068
49615.387 45.92375 3063.0022 436.22217 73.00068
49718.934 45.92375 3080.5825 461.9607 73.00068
49734.125 45.92375 3072.4023 438.66138 73.00068
50132.43 45.92375 3097.096 454.9834 82.48898
50008.277 45.51318 3116.8606 462.89014 72.16763
49734.375 46.89605 3078.7178 440.0796 73.6228
49280.863 46.89605 3065.2986 434.3274 76.44973
48969.25 46.89605 3054.074 418.85425 76.44973
49137.023 46.6412 3073.0872 417.19873 76.44973
48857.043 46.6412 3036.3865 434.01758 73.21133
48787.156 50.28931 3018.3696 463.7776 73.21133
49265.844 48.75191 3042.6108 452.99316 73.21133
49145.62 48.75191 3055.8247 460.63525 73.21133
48954.785 46.89605 3051.6172 436.8877 73.21133
48770.547 50.28931 3023.5872 457.72388 73.00068
48717.02 50.28931 3016.7063 457.1057 73.00068
48588.297 50.28931 3024.0774 450.1919 73.00068
48422.543 50.28931 2998.712 440.7998 73.00068
47071.953 46.89605 2926.7595 405.02026 74.60427
47290.43 43.92947 2924.3516 423.27026 72.16763
47264.387 46.89605 2940.1692 425.31616 72.16763
47254.027 46.11847 2943.7698 418.41357 72.16763
47636.71 46.89605 2946.9172 451.5088 72.16763
48682.707 45.51318 2994.035 424.92432 72.16763
48905.89 43.92947 3017.2534 427.35107 72.16763
48781.117 45.73336 3012.9255 429.54443 72.16763
49246.56 45.73336 3031.8723 464.46704 72.16763
49183.87 39.04208 3053.4905 414.22778 72.16763
49214.586 45.92375 3061.4612 430.2002 72.16763
49574.203 38.22171 3119.8909 391.75122 79.27297
49846.81 38.22171 3127.9255 421.687 73.00068
49485.3 38.22171 3129.1602 351.03418 73.67786
49333.418 43.66964 3121.4714 400.45825 77.8105
49356.79 43.66964 3133.565 408.55005 77.8105
49281.633 43.66964 3121.5576 393.09375 79.27297
49347.1 38.22171 3149.7163 376.0244 73.67786
49023.703 39.04208 3094.2095 388.84937 72.16763
49077.066 39.04208 3114.5088 361.90967 91.67604
48921.008 39.04208 3097.5625 358.53857 91.67604
48980.625 43.66964 3119.3433 413.0735 76.65204
48757.07 45.73336 3070.1975 401.84155 75.4522
48545.414 43.92947 3061.0337 403.28687 72.35691
48591.5 43.92947 3089.6675 393.6162 73.47451
48681.03 36.42438 3081.662 372.8645 72.35691
48752.2 36.42438 3107.186 372.92798 72.35691
48979.266 36.42438 3108.005 389.20435 73.6228
48758.02 36.42438 3108.376 397.86572 73.6228
48494.418 36.42438 3093.7593 379.58252 72.16763
48610.016 36.42438 3100.4573 425.6582 72.16763
49035.49 39.04208 3115.985 391.1128 82.28423
49009.363 39.04208 3124.2622 411.07837 73.32973
49633.992 43.66964 3168.2944 425.8025 72.16763
49842.023 43.66964 3154.5671 384.09912 86.2778
49747.48 33.19054 3178.3884 353.40063 94.28151
49657.688 33.19054 3143.833 385.29858 74.63951
49512.395 33.19054 3150.007 354.05103 73.00068
49633.87 33.19054 3131.6865 412.82788 73.00068
50317.586 33.19054 3178.5688 356.51025 77.49073
50564.734 33.19054 3161.3704 393.58057 77.49073
50428.55 33.19054 3174.4482 371.60034 77.49073
50198.203 36.33923 3167.1206 390.2561 77.49073
49927.94 36.33923 3142.4556 404.20825 75.4522
49571.89 36.33923 3125.1277 386.82495 82.92285
49777.48 36.33923 3119.3 381.8313 76.08959
49859.133 45.73336 3110.2332 372.63916 76.08959
49980.49 38.22171 3082.5134 409.1438 73.00068
50232.582 45.73336 3104.888 409.458 77.49073
49973.9 43.92947 3129.0903 413.62695 77.49073
50642.69 43.92947 3173.0417 422.7893 91.98291
50618.074 43.92947 3154.989 402.12695 94.91364
50585.12 37.42426 3179.2097 401.13306 77.49073
50355.734 37.42426 3179.1033 396.06152 77.49073
50630.31 33.19054 3183.3335 397.14526 78.59705
50485.316 33.19054 3190.2795 411.53784 78.38313
50835.96 37.42426 3192.021 428.56763 78.38313
50747.406 37.42426 3183.8765 416.81738 77.49073
50584.97 36.42438 3163.7502 422.41357 77.34038
50371.9 36.42438 3152.3933 423.2788 75.4522
50362.984 36.42438 3139.0168 407.64795 76.08959
50623.07 36.42438 3154.0608 431.3225 76.08959
50522.348 36.42438 3128.3633 415.15723 75.4522
50449.51 36.42438 3134.4734 407.04102 75.4522
50253.26 36.42438 3185.3105 423.9485 75.4522
50206.566 37.42426 3141.4705 403.9314 75.4522
50184.918 37.42426 3159.1702 413.76807 75.4522
50204.305 37.42426 3151.019 431.1023 75.4522
50496.484 37.42426 3171.177 441.03345 74.01904
50076.117 37.42426 3129.6782 440.70288 72.18954
50151.836 43.66964 3129.4683 457.13843 72.18954
50015.15 43.66964 3154.7698 436.01 72.18954
49771.344 45.73336 3115.7432 434.4563 72.18954
49757.64 45.73336 3118.457 422.1682 72.82789
49310.406 45.73336 3093.3777 422.68286 72.18954
49207.367 46.89605 3068.2554 447.03857 72.18954
49177.3 43.66964 3098.2214 404.9995 72.18954
49178.44 43.66964 3098.6755 405.6953 72.18954
49478.51 43.66964 3106.0376 406.60034 73.61608
49480.75 47.06613 3071.7688 419.41943 82.48898
49076.85 47.06613 3031.5547 472.05566 72.16763
49091.527 47.06613 3039.0251 473.87598 72.16763
49204.598 47.06613 3085.4556 421.84106 77.43744
49222.73 47.06613 3080.4258 433.09204 78.67049
49003.52 47.06613 3064.6296 459.23853 73.6228
48824.695 47.06613 3075.1301 392.8567 96.51272
49350.785 47.06613 3071.076 409.26025 96.51272
49316.996 47.06613 3070.6677 400.20508 96.51272
49523.504 47.06613 3088.9607 425.32324 94.28151
49593.4 47.06613 3079.8633 426.81445 94.28151
49390.7 47.06613 3090.1873 414.39795 94.28151
49367.477 51.05334 3086.1401 415.59448 94.28151
49548.125 51.05334 3087.506 423.66455 94.28151
49282.85 51.05334 3092.1807 416.12354 94.28151
48871.168 51.05334 3068.1245 414.18066 94.28151
49306.01 52.85518 3067.0469 435.45435 94.28151
48996.844 52.85518 3066.5754 416.5039 94.12742
48627.734 52.85518 3061.4314 387.5918 94.12742
48956.863 48.57425 3076.2083 407.6604 94.12742
48855.223 49.84605 3060.6863 414.86523 84.67525
48911.707 49.84605 3048.8528 433.8684 84.67525
49585.3 48.57425 3058.1738 443.3352 84.67525
48543.918 49.84605 3011.942 391.4043 83.31369
48571.504 50.28931 3039.5952 375.5503 89.24748
48819.008 50.28931 3039.3032 402.02856 83.31369
49249.47 48.57425 3073.3323 397.05518 79.3163
49364.105 48.57425 3079.9434 413.9812 76.58974
49047.633 48.57425 3058.8516 451.37964 72.18954
49076.71 51.41588 3046.6057 469.45923 72.16763
49119.47 50.28931 3054.7266 470.93726 73.21133
49049.754 51.41588 3051.9026 442.41626 82.995
48647.508 51.41588 3045.8872 422.30664 82.995
48530.91 51.41588 3055.7246 393.61987 82.995
48460.953 51.41588 3057.3684 402.55542 82.995
48500.914 51.41588 3042.945 456.66138 76.08959
48309.793 51.41588 3056.902 420.8069 74.60427
48412.04 51.41588 3049.3237 416.6687 72.18954
49077.184 52.85518 3038.4214 431.45215 76.58974
49091.062 52.85518 3046.089 437.98706 76.58974
48697.543 54.99712 3055.1304 433.44482 76.58974
48514.453 54.99712 3049.977 422.43115 77.08528
48607.777 54.99712 3060.8184 419.54517 93.87894
48549.656 54.99712 3058.1475 416.28442 82.995
49120.19 54.99712 3078.4915 467.63403 78.74215
49172.63 56.18236 3062.4983 468.24634 83.84343
49312.562 56.18236 3044.7788 491.6101 77.43744
49199.18 56.55434 3030.5342 494.75757 77.43744
49156.93 56.55434 3047.322 502.2483 77.43744
49113.17 56.55434 3055.37 468.9292 77.43744
49045.17 56.18236 3066.8452 458.94873 77.43744
49048.156 56.18236 3061.8047 457.99463 73.32973
49758.605 57.84118 3065.762 496.8086 82.48898
49783.465 56.18236 3087.8845 475.0918 91.90918
48932.176 63.62306 2958.7478 604.89453 68.7391
49556.04 58.90252 3067.434 491.67676 77.49073
50604.11 60.26007 3109.4019 514.68677 99.12666
50511.215 60.26007 3101.7437 502.86548 86.2778
50061.17 64.68629 3076.9224 509.36792 93.82481
49866.066 64.68629 3079.4102 525.36084 93.82481
49864.484 64.68629 3077.288 559.6001 77.49073
49396.68 62.66764 3067.1213 514.3933 84.67525
49649.918 62.66764 3074.1765 515.31714 76.76252
49897.715 62.66764 3095.1973 526.57495 75.4522
50452.008 60.26007 3118.9392 501.35767 77.49073
51352.14 60.26007 3160.2222 554.4231 80.12437
51278.54 55.43587 3034.381 713.426 68.56447
50248.82 54.99712 3096.3977 463.54688 89.33669
49717.875 52.53377 3096.566 454.65503 77.8105
49548.062 52.53377 3071.4612 475.05347 77.43421
49834.652 55.43587 3067.3 476.2185 90.40947
50795.73 56.998 3127.97 486.11255 86.2778
51399.05 50.28931 3158.7488 467.1172 90.40947
51403.63 50.5156 3142.7449 499.64185 90.40947
52090.49 54.99712 3178.2246 764.02026 70.63095
51058.027 52.85518 3126.927 529.1106 70.50957
51372.4 52.85518 3137.7551 570.53174 70.50957
51007.57 57.45044 3110.819 761.74976 70.47028
51069.266 57.45044 3114.8098 767.17285 70.47028
50910.566 59.77117 3090.8452 571.39844 70.47028
50700.43 60.26007 3068.834 613.41284 70.47028
50935.133 61.63363 3052.7917 624.3379 71.60074
50282.76 61.63363 3060.3708 592.8584 72.7438
49829.414 62.66764 3031.236 633.1074 67.84315
50112.844 62.66764 3040.348 627.42847 68.04924
49923.277 62.66764 3051.3557 579.9331 71.86179
50659.855 62.66764 3078.578 581.11523 75.4522
49609.746 52.53377 3077.9778 504.0791 68.56447
49618.555 52.53377 3076.5247 480.98608 77.43421
50305.805 55.34689 3114.6929 488.15356 78.74215
50013.406 55.34689 3092.8743 472.12183 78.74215
50103.47 55.34689 3105.9988 478.49976 78.74215
50112.59 55.34689 3122.4263 453.17212 79.81155
50001.336 56.18236 3080.317 501.71826 76.44973
50888.01 56.998 3104.5776 517.1504 83.84343
51228.473 56.998 3134.8042 518.4109 73.21133
51161.516 50.28931 3167.9746 470.88818 81.45436
50997.863 50.28931 3141.6848 514.2898 70.05326
51171.152 51.41588 3031.2346 669.7097 67.1209
50855.43 63.26168 2970.692 725.6238 67.1209
51030.94 61.55918 2983.0361 700.30566 70.05326
51304.156 60.26007 3003.5117 724.53296 70.05326
51214.867 56.998 3079.0715 627.77344 70.05326
51176.066 54.99712 3157.526 483.36987 72.18954
52115.887 50.28931 3202.3835 720.2097 76.92278
51206.016 56.55434 3163.433 557.2678 72.7438
51236.918 50.28931 3165.9563 509.96436 72.7438
51135.754 50.28931 3165.983 497.80664 73.21133
51737.92 43.66964 3222.2886 462.864 72.7438
51414.96 50.28931 3161.2654 491.8689 72.7438
51217.543 50.28931 3154.394 517.20386 72.16763
51477.965 61.55918 3132.1445 523.2881 76.92278
51174.074 61.55918 3156.674 518.7141 71.27214
51900.848 59.1056 3180.4258 716.83545 82.01817
51770.348 59.1056 3181.5015 713.2097 70.95745
51638.11 61.55918 3181.3257 731.6892 70.95745
51015.914 61.73053 3085.8257 754.5657 70.42271
51672.246 62.8401 3077.2312 851.33325 71.37268
51649.336 66.39945 3037.1191 927.6228 71.37268
50498.484 65.36344 2935.0657 700.35815 73.46774
50773.105 65.36344 2918.872 763.3635 69.14
50235.14 65.36344 2915.5876 747.5769 69.93009
50011.31 64.68629 2939.2634 749.53784 70.42271
50118.293 66.05833 2892.7324 837.8325 70.42271
49645.914 63.20045 2996.5981 588.0564 69.52657
49401.098 64.68629 3001.9426 588.8611 70.58435
49387.88 62.78147 3008.8086 593.5476 68.56447
49780.65 62.78147 3018.7263 633.0066 68.56447
49844.043 62.78147 2988.8052 666.3147 68.29344
49489.688 62.78147 2992.04 630.74414 68.29344
49637.324 61.55918 3024.6018 598.5847 67.84315
49701.953 58.16115 3014.903 596.9021 67.84315
50389.406 51.91515 3107.6338 547.98315 68.4972
50309.223 50.5156 3110.3325 545.0325 68.4972
50606.22 63.26168 3115.4287 740.1587 82.52579
50637.11 61.73053 3097.066 776.12305 73.32973
50530.54 62.66764 3118.989 748.53345 79.0268
50381.164 61.73053 3130.4849 702.26465 74.18118
50360.207 61.73053 3109.4941 740.20557 71.37268
50602.797 60.55045 3098.357 778.8528 68.70586
50371.688 55.37424 3083.2253 749.8779 67.75017
50275.137 55.37424 3089.933 731.0674 67.75017
50327.11 55.34689 3116.6248 715.9702 67.75017
50761.594 55.34689 3116.9485 743.5674 67.75017
50782.688 55.34689 3101.1394 703.6487 68.42986
50555.64 55.34689 3112.1125 733.2407 68.42986
49247.87 56.44655 2990.9194 539.9297 67.12448
49772.215 50.55514 3054.4956 590.3696 67.08014
49673.125 50.55514 3060.0518 550.6284 67.08014
49884.316 56.998 3047.1726 556.2446 67.12448
50329.527 51.91515 3056.2463 627.6399 67.50425
50246.57 51.91515 3061.811 583.16846 67.64299
50246.816 51.91515 3055.3582 575.1758 67.64299
50454.254 50.28931 3060.3225 573.74414 67.64299
50884.0 50.28931 3071.5483 575.3252 67.64299
51060.44 43.66964 3079.4917 595.0735 67.64299
51270.305 43.66964 3164.4976 713.2893 67.20531
51087.176 43.66964 3160.3167 708.7976 67.84315
49591.92 50.28931 3074.9253 485.0393 72.16763
50291.492 50.28931 3068.713 491.06104 72.16763
50131.75 50.28931 3091.794 500.95117 72.16763
50571.934 52.85518 3054.3447 634.90405 67.2871
50963.516 55.34689 3043.9414 696.39014 67.2871
50663.31 55.34689 3065.5405 646.41846 67.2871
50735.95 57.12516 3052.972 641.772 67.2871
50182.305 57.12516 3015.243 592.4258 66.74837
49643.805 57.12516 3012.214 580.5083 68.04924
49509.19 60.26007 3005.5796 652.7717 65.29282
49164.14 57.73047 2970.9592 733.1184 64.68629
50005.57 61.04222 3047.662 600.79614 68.04924
50390.727 60.26007 3028.115 652.907 68.42986
50844.793 60.26007 3058.581 671.70654 68.42986
51122.324 50.28931 3103.797 573.33813 69.93009
51154.605 52.85518 3112.1436 602.91455 68.15876
50920.816 59.77117 3109.3254 493.07373 84.67525
50796.727 59.77117 3116.727 503.4248 69.93009
50576.336 59.1056 3119.4658 514.07446 82.48898
50615.96 59.1056 3115.7708 501.0686 82.48898
51301.17 59.1056 3131.9592 480.2627 90.40947
51309.266 59.1056 3148.3547 500.36475 90.40947
51621.47 59.1056 3136.3694 532.4353 90.40947
51637.598 51.41588 3167.4614 540.15137 80.52892
51576.426 51.41588 3179.0789 533.9182 78.50802
51565.3 50.55514 3167.9827 527.39307 78.50802
51460.496 56.55434 3119.2485 515.594 77.49073
51545.56 56.55434 3112.4287 539.43164 77.49073
51734.152 56.998 3091.9822 604.58936 81.45436
51394.723 56.998 3076.8206 600.35913 73.47451
52060.574 50.28931 3180.773 559.35034 73.32973
51832.72 50.28931 3199.8213 567.25757 73.61608
51886.676 50.28931 3163.9575 533.906 73.61608
51745.086 51.41588 3115.7688 591.91064 73.32973
51464.15 51.41588 3142.0242 589.9724 70.58435
51393.4 51.41588 3147.9792 590.84033 68.04924
51370.953 51.41588 3163.9558 578.8662 71.9291
51053.25 52.85518 3111.1187 566.6719 67.75017
50992.85 54.99712 3093.539 608.02686 67.75017
50802.246 54.99712 3125.566 550.80005 67.75017
50543.676 54.99712 3106.7014 540.67896 68.01818
50357.56 59.34003 3037.2322 604.94556 68.01818
50469.71 39.04208 3090.1294 492.6819 67.75017
50598.367 45.92375 3091.7046 512.78345 67.75017
50426.016 45.92375 3107.5762 508.48242 68.01818
50740.28 45.92375 3107.17 520.0969 68.01818
51246.844 43.66964 3099.998 563.92944 67.75017
51461.13 43.66964 3117.3894 586.87524 67.75017
51108.027 45.92375 3107.4336 574.7258 67.75017
51941.605 50.28931 3112.2722 750.126 68.53938
51730.27 55.95301 3101.456 761.0498 68.53938
51855.67 55.95301 3118.0486 785.7844 68.56447
51325.64 55.95301 3054.0657 604.75806 72.82789
51425.043 54.99712 3079.9036 551.969 72.63032
51440.227 54.99712 3052.181 638.0769 72.63032
51857.01 54.99712 3109.0117 614.9585 84.67525
51597.02 54.99712 3103.088 627.43823 73.21133
52163.09 36.33923 3236.2522 505.87622 73.32973
51986.59 45.73336 3200.5332 570.9326 70.55095
52133.996 43.66964 3234.6929 524.3745 70.55095
51877.574 52.85518 3181.4827 543.2744 74.7702
51897.78 55.34689 3147.0771 549.5376 91.67604
51735.824 55.34689 3143.6938 589.95776 77.49073
51515.223 55.34689 3162.838 546.4822 77.34038
51237.06 53.57693 3135.0 568.6538 74.85582
50897.746 50.55514 3131.7283 574.90234 68.37698
52498.16 38.22171 3244.8918 743.4658 71.60074
52093.445 45.73336 3187.955 669.3618 75.27856
51851.918 50.28931 3198.0684 700.5383 73.32973
51932.418 50.28931 3193.5383 675.0825 73.32973
51792.027 48.75191 3189.8154 669.5371 73.32973
52091.69 50.28931 3204.9026 720.4773 76.44973
52469.055 52.85518 3107.908 935.3523 73.32973
52433.754 58.16115 3143.649 912.31885 72.82789
51456.156 50.28931 3185.859 515.7671 76.44973
51864.945 50.28931 3180.6333 512.854 78.67049
52010.992 50.28931 3165.526 589.44775 73.00068
51908.145 50.28931 3161.3809 565.301 72.7438
52064.1 50.28931 3175.794 552.854 77.49073
52670.156 59.1056 3189.6135 827.9702 77.49073
52308.305 59.1056 3120.837 881.9641 72.59495
52041.35 60.26007 3117.0703 824.3772 72.82789
50452.99 61.40772 2987.3896 734.43823 67.55704
50717.03 61.40772 3011.9575 700.53076 67.84315
49042.746 62.33153 2674.5815 1217.654 65.28069
49361.152 62.33153 2664.887 1245.2397 65.28069
49510.34 60.25985 2705.6655 1244.0623 65.27628
49344.617 60.26007 2864.557 1030.9861 64.66912
48779.156 59.6692 2468.5144 1164.7979 63.08204
48774.934 59.6692 2479.3818 1149.5427 63.68614
48313.094 56.22593 2458.8645 1123.137 61.10706
48266.406 59.82696 2672.8865 936.20605 63.08204
47870.566 55.37424 2671.0295 906.9429 61.10706
47958.688 61.10706 2727.9739 828.2263 64.35159
47929.926 61.10706 2731.3594 833.33374 63.30023
48131.855 60.92402 2728.201 832.52466 63.30023
48347.0 60.26007 2739.6145 850.6555 63.30023
48389.785 58.33273 2751.1765 885.8108 62.17014
50416.35 54.48967 2815.2976 810.70703 65.10909
49739.656 48.57425 2859.364 731.2009 63.23935
48931.152 60.92402 2780.2874 845.65356 65.41843
48404.25 61.40772 2795.7954 776.8738 65.41843
49786.71 61.56515 2901.215 798.7024 66.25061
50439.55 58.71472 2994.4175 757.10205 67.1209
50534.26 56.76763 2983.5398 748.4617 67.08014
50392.3 60.26007 2969.7847 692.9751 67.08014
50406.125 60.26007 2954.2898 721.87427 67.1209
50408.688 59.34003 2979.1157 702.9861 67.1209
50120.8 57.74978 2918.596 696.42725 66.39945
50230.562 57.74978 2931.444 708.57104 66.39945
50236.152 57.74978 2923.711 682.1233 66.74016
50513.656 54.05095 2914.0327 755.6184 66.39945
50783.17 51.41588 2906.315 814.39014 66.39945
50606.688 57.74978 2913.777 786.95386 66.39945
50495.742 50.6273 2946.3823 747.61255 66.39945
49258.574 50.6273 2926.7744 679.615 63.68614
49698.395 50.28931 2935.2917 664.12964 65.28069
49560.473 55.07579 2919.1282 674.87134 65.28069
49599.402 59.1056 2906.8542 723.31494 65.28069
49793.543 59.34003 2928.7786 726.1333 65.93193
49873.55 55.27551 2920.53 744.8152 65.93193
50059.355 59.34003 2891.946 804.3093 65.93193
49984.85 59.34003 2893.2466 781.96606 65.93193
49892.39 59.34003 2909.4097 784.11084 65.93193
49802.66 59.34003 2917.9233 758.2993 65.93193
49370.547 59.34003 2906.8274 702.6792 65.28069
49616.72 59.34003 2901.0386 717.8342 65.28069
49789.105 54.99712 2889.8665 728.5237 65.28069
50355.61 58.33273 2947.5212 992.0928 65.28069
49583.395 54.99712 2918.8394 730.3496 64.68629
49169.61 54.99712 2945.9365 681.6201 64.68629
49548.168 54.99712 2954.296 707.031 64.68629
49401.816 54.99712 2931.8035 753.6753 64.54325
49680.84 54.99712 2911.886 920.5464 63.79536
49672.227 54.99712 2930.2312 885.45776 63.79536
49384.74 38.01183 2905.1443 945.70215 61.55918
53487.46 36.33923 3374.6702 678.8059 77.49073
53194.906 36.33923 3126.2349 978.27637 77.12408
53052.363 43.66964 3139.502 978.56934 76.11815
52735.848 45.73336 3177.8066 761.8181 69.93009
52569.918 50.28931 3203.746 787.4907 69.93009
52793.2 43.66964 3181.404 804.1167 69.93009
52229.098 43.66964 3173.9229 677.1492 72.7438
52434.25 43.66964 3213.267 683.5945 73.21133
52188.12 43.66964 3202.678 809.1968 68.04924
52145.348 43.66964 3202.4685 772.2688 68.04924
52259.336 43.66964 3159.5989 792.563 67.50425
51420.67 43.92947 3173.5732 718.14526 67.50425
51583.414 43.92947 3142.167 661.6128 67.50425
51875.934 43.92947 3195.721 676.8589 68.04924
51855.168 46.11847 3199.4421 707.9507 68.42986
52069.023 46.11847 3210.933 682.32983 73.32973
52170.473 46.11847 3205.1934 691.5774 73.32973
52341.46 48.75191 3269.0676 704.12427 77.49073
52487.707 43.66964 3307.38 639.3965 74.85582
52484.812 43.66964 3309.6438 669.0093 74.85582
52705.137 43.66964 3313.1619 667.3452 77.49073
52383.812 43.66964 3231.0798 640.8174 73.32973
52658.42 36.42438 3209.5442 699.85547 73.00068
52851.836 36.42438 3269.4976 628.2678 84.67525
52633.758 36.42438 3267.6934 681.3511 75.63155
52486.777 43.66964 3229.0437 624.47925 75.63155
52484.777 43.66964 3237.9778 625.2615 75.63155
52552.92 38.22171 3292.0247 648.17993 75.63155
52681.33 38.22171 3298.6626 682.4546 75.27856
52421.402 38.22171 3290.9443 698.8074 71.9291
52565.4 38.22171 3279.5356 569.66064 81.81037
52412.965 38.22171 3259.9763 530.14453 78.57414
51849.824 43.66964 3183.5405 461.57617 73.32973
52067.812 48.57425 3186.4077 525.25586 73.32973
52311.19 48.57425 3244.385 523.6377 91.67604
52124.71 48.75191 3205.6184 532.0918 77.49073
52015.54 50.28931 3217.5876 645.93677 77.49073
51794.242 50.28931 3223.0325 612.3872 80.12437
51770.31 50.28931 3228.5225 625.3047 80.12437
51671.727 50.28931 3229.2979 650.96313 77.85011
51658.137 50.28931 3221.2026 687.9883 76.17896
51618.99 50.28931 3218.1887 681.41504 76.17896
51797.605 45.73336 3213.8992 637.8811 76.17896
51966.43 50.28931 3218.8533 690.5266 77.12408
51949.523 50.28931 3223.1792 683.25854 77.12408
52034.94 60.26007 3188.2942 772.5266 76.40815
52120.18 54.99712 3184.2012 689.37354 83.5124
52206.984 54.99712 3187.5447 704.7698 83.5124
52348.047 43.66964 3266.9539 600.00464 77.49073
52843.332 45.73336 3284.7288 629.8308 78.57414
52724.86 45.73336 3279.3806 611.4226 80.0583
52726.953 43.66964 3275.597 609.4199 78.64849
52652.08 43.66964 3313.4404 590.6465 78.64849
52765.203 43.66964 3322.0217 592.0654 80.0583
52679.152 45.73336 3301.6907 603.7744 77.49073
52017.496 50.28931 3197.9072 521.8689 77.49073
51903.016 50.28931 3202.235 557.8081 77.49073
52504.984 50.28931 3254.9565 672.6394 77.49073
52447.887 46.11847 3224.561 668.36304 77.49073
52158.86 46.11847 3232.4863 649.9629 84.28317
52068.348 48.75191 3224.1025 645.4917 84.28317
52281.42 48.75191 3205.7625 652.70264 84.28317
51974.934 48.75191 3151.0386 746.87476 71.04974
51940.992 48.75191 3117.0996 743.8264 70.50957
51930.617 48.75191 3146.6477 697.09814 72.1282
52031.95 50.04607 3107.842 857.6499 69.14
52328.473 43.66964 3066.7603 962.3579 67.50425
50459.953 59.1056 3068.0886 818.5842 66.39945
50696.555 56.55434 3067.2935 831.35815 65.39774
50408.883 56.998 2991.5522 921.5925 65.39774
50673.805 56.998 3103.442 771.7117 68.37698
51005.34 54.99712 3090.3906 776.3606 66.74016
51079.75 45.73336 3078.8975 733.1719 66.74016
52010.008 43.66964 3087.7534 906.8635 67.08014
50579.41 59.1056 2804.515 1139.1492 65.57835
50295.543 59.1056 2811.9287 1135.0632 65.57835
49625.094 58.07578 2803.2302 1124.6584 63.02725
51452.785 38.22171 3222.1145 444.5498 68.98244
52104.824 43.66964 3289.1812 476.08887 73.32973
52113.785 43.66964 3301.5347 396.6289 79.27297
52315.035 43.66964 3299.9922 443.04346 77.12408
52086.934 43.66964 3288.1357 449.80835 74.19471
51783.242 45.73336 3210.2412 508.69092 74.19471
52035.72 45.73336 3201.999 522.03 74.19471
51899.68 45.73336 3186.9846 493.91577 73.32973
51781.637 45.73336 3220.7646 482.37573 74.7702
51562.18 39.04208 3222.1992 419.3689 78.74215
51414.0 39.04208 3222.9792 414.02612 78.74215
51719.836 39.04208 3258.6917 433.96533 75.4522
51486.164 39.04208 3245.1658 442.39453 71.86179
51596.363 39.04208 3235.3127 460.1494 71.60074
51691.98 39.04208 3238.0085 475.52808 71.60074
51781.48 48.57425 3245.7493 508.85327 76.50023
52466.574 48.57425 3273.5178 771.74097 77.34038
52065.32 48.57425 3222.8367 492.60474 77.49073
51843.83 48.57425 3220.5427 459.84375 77.49073
52106.387 48.57425 3202.609 514.3071 77.49073
52423.562 45.73336 3258.8186 488.74048 77.49073
52911.176 45.73336 3298.8032 621.61426 94.14609
52996.21 43.66964 3300.3164 598.32275 94.14609
52784.168 43.66964 3294.1917 586.5032 94.14609
52526.05 43.66964 3261.526 570.1853 94.14609
52218.938 43.66964 3251.7432 595.1006 70.63095
52283.863 43.66964 3229.9414 600.02026 73.00068
52289.395 37.42426 3238.639 668.0823 72.7438
51974.035 37.42426 3203.8987 681.86523 69.52657
51752.945 37.42426 3222.0835 642.2488 69.52657
51717.055 37.42426 3186.5332 644.2156 68.98244
51340.64 37.42426 3076.7234 755.5464 66.74016
51264.64 27.91447 3119.4062 711.5935 66.74016
51437.438 27.91447 3133.1865 776.15454 66.74016
52149.73 36.42438 3253.49 665.6853 74.19471
52502.402 37.42426 3274.138 675.2356 74.19471
52591.01 43.66964 3259.2073 674.2849 75.98563
52273.406 43.92947 3214.6545 705.5425 71.94036
52322.293 48.75191 3259.3386 705.62695 72.07375
52127.84 48.75191 3260.305 666.26465 76.44973
52124.184 50.28931 3236.845 721.52856 76.44973
51605.332 50.28931 3228.7568 676.07324 76.44973
52181.047 48.75191 3254.2112 664.02246 77.61024
51580.37 48.75191 3225.5703 483.6548 86.2778
51629.492 45.73336 3233.3394 443.46265 77.49073
51696.242 38.22171 3233.6553 485.0498 68.98244
51661.746 38.22171 3229.5564 466.58813 73.21133
51538.566 37.42426 3204.2207 445.27026 73.32973
51648.52 37.42426 3241.3577 430.28003 78.67049
51676.156 37.42426 3219.6467 425.47607 78.67049
51968.402 36.42438 3273.596 444.979 69.93009
52008.4 36.42438 3239.8345 532.01514 69.93009
51917.418 38.22171 3148.8623 591.167 68.98244
51905.746 38.22171 3138.8198 565.4951 68.98244
52158.34 38.22171 3159.54 543.90405 71.37268
51775.742 43.66964 3029.5408 678.9404 67.75017
51558.406 43.66964 3096.1504 623.5708 68.70586
51567.35 43.66964 3070.9797 648.5762 68.70586
52415.61 48.75191 3057.7708 994.3032 68.4972
52111.3 50.28931 3057.5718 962.15063 68.4972
52244.44 50.28931 3065.9705 978.3435 68.4972
52112.9 50.5156 3190.1672 796.0884 70.63095
52563.234 54.99712 3181.6133 762.0752 84.67525
51986.395 54.99712 3179.548 686.1221 77.49073
52185.758 54.99712 3188.3286 708.2866 77.49073
52182.992 54.99712 3168.6755 711.5408 73.40472
51802.797 54.99712 3151.2593 707.1875 73.40472
51930.508 54.99712 3144.3853 705.7473 75.98563
51970.73 54.99712 3185.4414 716.197 75.98563
51614.492 60.26007 3161.1597 772.59595 67.99218
51472.137 56.998 3084.8909 846.5962 66.39945
51818.85 54.99712 3133.5544 789.39453 67.75017
51592.387 55.95301 3051.6199 933.9326 66.74016
51765.312 55.95301 3067.3777 929.5537 66.74837
51673.61 55.34689 3075.44 912.2251 66.74837
51769.547 39.25367 3038.1057 965.82764 66.74837
52017.9 64.27379 3096.5776 891.5852 67.1209
51255.164 64.27379 2716.0781 1277.94 66.7775
48788.11 64.68629 2617.6704 994.54443 66.74016
50525.992 65.29282 2817.122 822.67285 67.08014
50274.188 65.29282 2804.4226 849.6704 66.74837
49883.6 65.29282 2835.3928 781.8804 66.74837
49990.164 65.29282 2851.6907 746.239 67.08014
49977.887 65.29282 2862.401 751.4629 67.08014
49942.02 65.29282 2875.0278 756.77734 67.08014
50405.55 65.29282 2842.9246 758.2014 67.08014
50250.953 63.20045 2854.5466 754.8467 67.08014
49444.22 64.68629 2882.7432 748.7251 68.65038
49574.938 65.46994 2885.7466 764.9326 68.65038
49637.793 65.46994 2881.9573 777.69214 68.65038
49968.58 65.46994 2991.4749 613.19336 72.59495
49711.59 64.13892 2973.546 674.58813 67.2871
49552.24 64.13892 2990.0525 681.1167 67.94243
50140.016 67.2871 3020.6997 681.82153 70.95745
50394.266 67.2871 3021.5288 686.17017 70.95745
50145.477 67.2871 3001.6118 638.79175 77.85011
50323.25 65.27628 2985.904 641.30225 70.63095
50372.32 65.27628 2988.6152 655.2322 70.63095
49921.785 65.27628 3014.3438 571.1218 73.00068
49673.72 65.46994 3039.8762 550.1023 91.90918
49402.1 65.46994 3031.523 526.1387 91.90918
50109.637 65.46994 3026.425 628.01855 72.69491
50477.375 62.66764 3092.4282 545.8325 84.67525
50596.707 62.66764 3091.7048 556.68384 84.67525
50755.695 62.66764 3070.5798 551.5459 99.12666
50947.52 61.73053 3083.6355 610.8059 77.43421
51015.465 61.73053 3057.3516 674.7051 77.43744
51011.91 61.73053 3073.7256 655.4619 77.43744
51116.46 61.73053 3099.097 608.27295 86.2778
51131.617 61.73053 3075.5925 627.6338 89.271
51888.715 60.55045 3182.082 777.6621 78.79844
51893.01 62.66764 3144.0059 870.4309 94.28151
51692.34 62.66764 3172.0955 810.59033 76.44973
51410.047 62.66764 3183.6587 816.7363 76.44973
50405.973 61.73053 3127.0107 697.8115 79.91135
50234.426 61.73053 3115.4878 728.1824 70.63095
50142.168 61.73053 3117.1963 696.59106 81.05618
50185.13 66.74837 3114.3582 767.31006 79.81155
50063.31 66.3578 3044.2266 690.52124 73.61608
49458.137 62.66764 3075.1343 575.1887 73.61608
49812.85 67.1209 3084.627 583.83496 72.7438
49790.543 67.2871 3050.5015 640.48584 72.7438
49725.766 67.2871 3048.4734 639.17163 76.11815
49661.094 67.64246 2988.944 681.8064 77.08528
49688.473 67.64246 2987.3972 652.1714 77.77138
49663.04 67.64246 2990.286 645.8645 77.77138
49403.047 67.64246 2948.9397 706.74194 68.04924
49704.15 67.64246 2921.9683 762.86426 77.43744
49659.086 67.64246 2954.7637 702.0215 76.65204
49512.754 68.04924 2977.3574 647.61206 72.80252
49244.2 68.15876 2982.2249 637.41504 77.60874
49238.945 68.15876 2985.2417 614.5979 68.04924
49245.754 67.64246 2992.0405 650.80615 97.07942
49763.125 67.64246 3014.064 631.32324 105.39122
51494.8 67.64246 3040.4214 927.62256 72.07375
50624.586 64.16719 3074.6345 860.3606 68.15876
51464.93 65.29282 3068.8784 951.1284 69.11223
51686.64 59.34003 3150.2893 768.7571 77.49073
51421.613 59.34003 3180.196 714.3401 77.49073
51527.48 61.73053 3178.4678 728.85547 77.49073
50972.47 57.73047 3162.7603 519.084 86.2778
51029.582 57.73047 3162.9666 565.5879 86.2778
51022.414 59.34003 3171.972 555.989 86.2778
51983.89 59.37528 3191.8638 746.364 79.0268
51484.688 51.05334 3182.8384 537.0591 86.2778
51190.348 51.05334 3163.5376 501.13135 86.2778
51297.996 51.41588 3169.9663 511.8252 86.2778
51118.29 51.41588 3174.3162 483.70142 86.2778
51090.848 51.05334 3182.3257 502.53052 87.80127
51358.934 51.05334 3201.7644 505.95776 92.76247
51387.676 51.05334 3190.1223 527.1526 92.76247
51184.12 51.05334 3189.473 545.5427 86.2778
50996.574 51.05334 3177.7852 517.6023 86.2778
50922.703 56.55434 3167.4087 490.34155 86.2778
51045.08 56.55434 3149.991 492.51514 86.2778
51466.043 56.998 3149.631 501.69385 86.2778
52295.875 59.34003 3201.2515 778.2058 77.49073
52119.727 65.57835 3040.1648 962.6843 77.49073
50783.207 66.74016 3028.0024 577.7788 86.2778
50123.92 65.57835 2964.772 617.42993 73.05701
50700.133 60.26007 3028.9626 566.124 68.56447
50452.8 63.53316 3002.2654 645.40796 68.56447
50561.71 63.53316 3036.5134 635.9126 70.42271
50701.46 61.63363 3053.9312 596.90283 72.5087
50857.113 63.20045 3063.5002 592.91113 76.92278
50421.754 63.20045 3055.1194 558.5676 76.92278
50271.812 63.20045 3050.672 549.7239 76.92278
50533.477 64.68629 3065.2256 573.1687 74.16102
50490.69 64.68629 3053.0898 587.354 73.00068
50548.164 63.5536 3045.8542 607.3362 72.69491
50950.98 64.68629 3074.1416 623.6289 72.5087
50765.55 64.68629 3031.8008 618.44824 83.84343
50365.22 62.354 3060.5134 591.3872 73.00068
50498.914 62.354 3080.7505 567.6411 76.92278
50680.184 62.354 3074.4976 553.7241 76.92278
50569.297 62.354 3046.5554 566.0288 76.65204
50979.215 62.354 3027.8499 617.1582 77.49073
50794.926 62.354 3039.2515 605.19165 76.65204
50829.64 62.354 3043.8193 609.96826 70.8699
50976.105 60.26007 3072.1257 616.99927 71.00372
51016.316 60.26007 3053.635 632.8601 71.00372
51203.13 60.26007 3042.3 659.39795 71.00372
51258.625 60.26007 3034.3604 688.0935 74.63951
50989.92 61.55289 3007.1934 695.489 68.04924
50618.56 61.55289 3024.5571 616.32983 69.8792
50610.152 61.55289 3016.1655 627.01855 69.74838
50550.023 61.55289 3035.6833 606.80273 69.74838
50783.758 61.45918 3054.7998 632.1914 70.75996
50811.934 61.45918 3054.7117 589.77515 68.56447
50656.6 58.47256 3052.9236 582.2529 68.04924
50719.37 58.47256 3050.2927 598.5271 68.04924
50703.34 59.1056 3051.58 591.18335 68.04924
50670.086 59.77117 3049.6575 582.9563 68.04924
50907.254 59.77117 3046.8174 585.229 68.04924
51030.05 59.77117 3037.2656 626.32104 68.29344
50774.695 59.77117 3075.0742 529.6924 68.29344
50494.664 59.34003 3098.0603 506.97217 68.29344
50428.516 59.34003 3103.0115 516.2803 68.29344
50128.36 62.22839 2976.2935 661.0078 68.04924
50248.938 50.55514 2922.6123 692.42944 65.36468
50048.02 50.55514 2934.94 689.00684 65.36468
50169.797 50.55514 2897.2183 737.7466 65.36344
50449.418 50.55514 2916.78 738.4263 66.39945
50092.496 59.77117 2914.5269 734.8699 66.52797
49822.023 59.77117 2916.0083 691.31494 65.36468
49767.312 59.77117 2916.838 712.74756 65.36468
49565.6 59.77117 2928.9414 675.20386 65.36468
49668.402 59.77117 2933.9817 679.5054 65.36468
49675.72 50.55514 2958.913 652.2898 65.36468
49609.977 50.55514 2960.408 635.93506 65.36468
48694.016 50.55514 2945.228 596.56323 65.77201
49125.92 56.22593 2944.0247 638.7588 65.77201
48358.844 56.22593 2922.2383 642.478 65.46994
48271.207 56.22593 2906.7925 640.2051 65.46994
48215.15 56.22593 2892.0125 636.7617 65.46994
48411.875 56.22593 2899.545 642.9082 65.46994
48823.348 52.53377 2922.8567 643.1555 64.24389
49390.715 51.91515 2974.8 633.85864 65.29282
49463.79 51.91515 2978.4563 628.1426 65.36468
49458.26 55.43587 2969.3765 603.57935 65.36468
49554.633 55.43587 2956.4775 664.6577 65.36344
49837.445 59.77117 2771.159 1117.9719 65.36344
53042.312 43.66964 3125.0015 945.2373 75.55608
52938.61 43.66964 3293.2566 644.6155 77.49073
52709.39 43.66964 3292.769 625.4082 77.49073
52714.94 43.66964 3298.331 662.6936 77.61024
52616.242 43.66964 3295.1738 570.44214 77.61024
52775.83 43.66964 3256.5745 623.19214 77.49073
52721.152 43.66964 3283.273 614.0713 77.49073
52582.7 38.22171 3256.0198 675.47754 73.69425
52717.75 38.22171 3276.4219 715.8511 72.7438
52674.33 33.19054 3287.5908 760.8406 72.7438
52730.25 33.19054 3294.31 758.1377 76.92278
52699.84 33.19054 3304.9258 791.69727 76.92278
52912.133 33.19054 3287.085 814.56885 71.37268
52085.84 43.92947 3178.665 816.9436 68.98244
51999.535 43.66964 3169.482 665.4617 69.93009
52243.89 43.66964 3216.125 685.8259 68.98244
52246.53 43.66964 3217.7927 717.27905 68.98244
52408.95 43.66964 3215.316 718.98145 68.98244
52384.4 33.19054 3226.2695 790.3655 68.98244
52500.473 39.04208 3218.8877 769.7715 68.98244
52556.78 43.66964 3253.9644 763.1521 69.97175
52569.34 36.42438 3253.752 808.25757 69.97175
52255.734 36.42438 3216.9624 834.572 68.42986
52248.074 43.66964 3214.9521 791.4099 68.42986
52357.312 43.66964 3201.8228 812.1006 68.42986
52386.03 43.66964 3227.3398 696.8777 71.60074
52172.844 45.73336 3174.7275 711.5554 68.42986
52763.086 45.73336 3243.9524 719.25684 71.37268
52923.316 38.22171 3288.1697 681.7832 77.43744
53044.49 38.22171 3252.591 778.3452 73.6228
52908.805 43.66964 3270.5488 772.9961 74.19471
52709.38 43.66964 3267.0566 715.5056 77.43744
52743.02 50.28931 3233.6433 727.4099 74.19471
52673.47 50.28931 3266.6711 657.1052 82.01817
52972.516 50.28931 3286.8171 663.22485 82.01817
52951.906 50.28931 3257.9429 748.01245 71.37268
53004.664 50.28931 3262.7747 764.04614 71.37268
52786.77 51.41588 3246.728 782.1909 71.37268
52497.434 52.85518 3189.7998 731.10547 75.98563
52462.824 52.85518 3186.693 722.9541 74.19471
52548.305 48.57425 3218.888 711.2344 75.98563
52432.754 47.06613 3269.677 670.55273 75.98563
52453.895 47.06613 3252.6184 708.01904 74.19471
52548.83 47.06613 3271.3079 753.916 73.21133
52641.645 43.66964 3278.4202 689.3296 73.21133
52840.79 43.66964 3263.2778 705.8037 73.32973
52734.83 43.66964 3250.8923 689.2046 75.41508
52694.72 43.66964 3228.433 695.7258 73.32973
52854.133 43.66964 3244.8445 726.27246 74.19471
52709.004 45.73336 3233.1401 671.21533 74.19471
52558.86 45.73336 3244.2786 640.978 77.34038
52568.906 45.73336 3236.0833 696.0569 77.34038
52484.242 45.73336 3224.4548 660.2256 77.12408
52430.246 48.57425 3250.0044 712.11084 74.85582
52434.582 48.75191 3207.3782 694.21875 74.85582
52288.445 48.75191 3200.0337 682.6548 72.7438
52496.383 54.99712 3212.7542 723.3777 75.27856
52202.656 54.99712 3233.7358 723.4038 72.7438
51926.71 54.99712 3236.8137 693.9365 84.67525
51807.707 55.34689 3237.5942 711.6001 87.79668
51993.73 55.34689 3203.8154 804.57495 75.4522
51775.65 55.34689 3206.2283 780.2429 84.67525
51773.055 55.34689 3203.6394 767.0344 84.67525
51347.637 55.34689 3174.8057 521.4407 76.65204
51441.094 52.85518 3161.1836 509.64917 91.67604
51421.996 52.85518 3142.0767 530.0132 77.49073
51601.39 52.85518 3179.9207 521.46826 92.76247
51366.5 52.85518 3169.805 516.3032 90.40947
51912.94 50.28931 3218.5225 498.94995 86.2778
51869.547 50.28931 3218.7573 470.25073 86.2778
51875.355 43.92947 3218.2373 480.9619 86.2778
52599.52 43.92947 3273.2012 669.1987 77.34038
52712.09 43.92947 3268.746 654.33887 77.44059
52515.87 50.28931 3238.462 728.29956 80.52892
52323.04 50.28931 3219.5425 724.6106 77.44059
52243.29 45.73336 3239.327 636.94604 76.92278
52234.8 45.73336 3247.125 607.23755 76.92278
51854.234 45.73336 3213.7344 550.6736 76.92278
51855.285 43.92947 3211.5637 557.7739 76.92278
52307.973 43.92947 3246.964 588.822 76.92278
52563.625 45.73336 3233.4062 675.2134 76.92278
52712.55 48.57425 3239.5513 719.41724 76.92278
52711.273 48.57425 3239.894 736.79614 76.92278
52566.215 48.57425 3247.803 706.4419 81.05618
52796.78 48.57425 3264.0808 719.85693 77.61024
52134.598 48.57425 3229.7727 559.9592 86.2778
51982.926 48.57425 3249.9636 516.8313 86.2778
51878.016 48.57425 3232.586 497.60986 86.2778
52542.566 48.57425 3259.3655 684.228 77.49073
52503.156 48.57425 3231.0388 711.5835 74.01904
52474.957 48.57425 3240.5127 724.50806 76.92278
52352.848 48.57425 3251.9434 712.4353 76.17896
51862.777 50.28931 3196.378 694.49365 76.17896
51617.062 43.92947 3239.8342 612.6299 76.17896
51492.457 43.92947 3207.8193 642.501 69.74838
51669.473 33.19054 3223.3718 705.844 68.53938
52134.883 33.19054 3217.8792 779.99023 68.53938
52303.652 33.19054 3239.7637 798.011 68.53938
52155.305 33.19054 3208.3215 779.4773 68.53938
52048.594 33.19054 3203.8657 717.1714 68.53938
51990.605 33.19054 3212.9116 676.17773 68.53938
51455.04 33.19054 3198.283 598.438 68.53938
51321.266 36.42438 3186.1335 532.9636 68.21146
51535.902 36.42438 3172.635 542.26685 68.21146
51539.94 38.22171 3141.4531 547.3823 68.53938
51508.65 48.57425 3181.0605 516.14014 68.04924
51831.35 43.66964 3205.1914 501.36792 73.00068
51513.402 37.42426 3164.2058 530.51685 68.16422
51285.477 37.42426 3187.8044 514.6948 68.16422
51251.734 37.42426 3172.2266 511.5464 68.16422
50960.17 37.42426 3167.955 505.3003 68.42986
50452.117 37.42426 3125.1946 560.22974 67.1209
50314.383 37.42426 3144.1824 498.1621 67.08014
50355.484 37.42426 3115.8567 514.36084 67.08014
50566.234 37.42426 3113.8806 541.39307 67.08014
50711.723 37.42426 3109.3486 536.87134 67.08014
50988.633 37.42426 3110.928 554.43384 67.1209
51198.59 36.42438 3123.3396 587.7068 67.50425
51562.375 38.22171 3112.6453 606.1094 67.50425
51331.57 45.73336 3122.992 598.1655 67.50425
51390.965 45.73336 3158.0498 601.3606 67.50425
51206.75 45.73336 3008.4285 734.5337 67.08014
51096.426 45.73336 2991.2979 709.6228 67.08014
52119.594 45.73336 3176.2795 728.11694 67.50425
52134.04 36.42438 3160.1294 789.4402 67.50425
51825.113 36.42438 3194.7268 724.3613 67.1209
51983.65 36.42438 3206.4312 779.41846 67.1209
51749.633 43.66964 3156.9233 784.80835 67.1209
52214.066 43.66964 3191.1458 807.197 68.37698
51980.855 45.73336 3210.2473 722.6074 68.15876
51905.387 45.73336 3169.262 717.0928 68.15876
51786.92 47.06613 3168.2637 789.5801 68.15876
52103.664 43.66964 3237.0747 722.20654 68.15876
51980.664 43.66964 3210.7314 703.10474 68.15876
52292.203 43.66964 3225.7485 692.3662 71.9291
52084.582 47.06613 3176.794 779.0029 69.14
51980.11 48.57425 3178.4124 771.60986 68.53938
52022.29 48.57425 3174.5554 753.0029 68.53938
51320.668 50.28931 3166.2646 691.88403 68.53938
51434.707 50.28931 3178.2212 717.53394 68.04924
51217.617 45.73336 3197.871 619.5947 68.21146
51481.35 50.28931 3224.9468 691.9846 69.29471
51582.27 50.28931 3210.79 782.593 68.53938
51406.71 57.45044 3107.511 793.7573 67.08014
51117.43 45.73336 3057.778 755.5801 67.08014
51590.254 47.06613 3144.3303 831.18774 67.08014
51422.75 43.66964 3158.2476 813.8391 67.08014
51532.688 43.66964 3140.6182 817.42114 67.08014
51227.03 43.66964 3163.294 756.3379 66.05127
50561.754 43.66964 3132.354 751.5034 66.05127
50414.54 43.92947 3097.6042 740.8955 66.3578
50554.746 43.66964 3129.899 649.2615 66.3578
50377.78 43.92947 3125.9353 738.09546 65.46994
50300.715 43.92947 3136.8376 745.04565 65.46994
50977.703 43.92947 3120.2417 742.1792 66.52797
50657.793 43.92947 3112.9146 681.187 66.52797
50810.027 39.04208 3152.5984 679.9463 66.52797
50825.8 43.92947 3149.383 690.1636 66.52797
50863.348 43.92947 3123.1096 689.35156 66.52797
50820.793 43.66964 3112.334 688.7427 66.52797
50729.84 43.66964 3099.617 667.95215 66.52797
50716.934 43.66964 3103.396 662.47437 66.52797
50727.055 43.66964 3140.5298 631.73364 67.1209
50697.156 43.92947 3132.6936 686.0779 66.52797
50971.242 38.22171 3143.0938 733.49365 66.05127
50930.793 39.04208 3148.408 679.7344 66.05127
51138.61 39.04208 3129.3718 738.23193 65.39774
50946.508 43.66964 3058.8713 816.4309 65.39774
50776.035 43.66964 3090.8054 810.88354 65.39774
51025.992 43.66964 3164.2078 690.426 67.1209
50032.945 43.66964 3094.502 559.51025 67.08014
50390.938 43.66964 3158.7454 509.92798 67.50425
50389.273 43.66964 3157.091 515.49536 67.1209
50506.99 43.66964 3152.1565 488.23364 68.04924
50903.848 43.66964 3161.5146 501.39478 68.04924
50511.832 43.66964 3118.1882 543.14526 67.2871
50620.945 38.22171 3150.303 519.0603 67.75017
50679.613 38.22171 3143.5024 504.00073 67.75017
50882.99 39.04208 3189.2825 469.2107 68.04924
50890.734 39.04208 3185.2532 459.531 68.04924
50557.38 39.04208 3142.5818 502.23828 67.50425
50860.125 48.57425 3149.9785 521.6946 67.50425
50431.22 48.57425 3117.9836 546.64233 67.2871
49964.62 48.57425 3097.627 545.47314 67.2871
50226.254 45.92375 3106.1777 525.4209 67.2871
51257.78 48.57425 3127.576 911.51733 66.05127
51211.535 48.57425 3132.9238 885.3037 66.05127
50766.082 48.57425 3071.7095 891.0635 65.46994
50500.566 48.57425 3099.446 884.99194 65.46994
50510.473 48.57425 3082.2097 919.49194 65.46994
50463.473 46.89605 3100.9365 890.3396 65.46994
51303.49 43.92947 3132.3645 753.34644 65.46994
51311.22 43.92947 3092.7527 816.1489 65.46994
51285.91 43.92947 2984.1902 871.7715 65.28069
50441.51 50.2865 3036.3105 902.375 65.23774
50857.453 50.28931 2830.1353 1017.6426 64.54325
51073.844 45.59028 2816.4395 1062.6523 64.54325
51151.69 45.59028 2831.6355 1064.7622 64.54325
50681.637 54.86631 2779.9443 1124.783 64.54325
51399.082 38.01183 3016.9907 871.1279 64.54325
51118.008 38.01183 2971.0737 842.8865 64.54325
50659.258 43.92947 2972.1826 983.71533 62.64811
51086.004 43.92947 3072.788 883.04614 64.27379
50687.418 43.92947 3035.2163 855.20825 64.27379
50494.78 36.33923 3053.0454 829.42236 64.27379
50713.754 36.33923 3086.0007 842.8318 65.28069
50969.15 43.92947 3028.241 920.8237 63.53316
50517.24 43.92947 3048.098 813.79395 63.53316
50642.004 43.92947 3069.1416 845.34424 63.08204
50786.23 43.92947 3042.323 881.43115 63.08204
50685.5 36.33923 3060.924 825.97754 65.28069
50483.58 36.33923 3025.4946 821.0947 63.08204
50757.145 36.33923 2997.9072 874.843 63.08204
50381.04 36.33923 2960.2065 943.7085 62.64811
49257.9 43.92947 2978.1567 622.85913 62.64811
49208.0 45.73336 2971.1802 614.8845 62.64811
49483.188 45.73336 3009.9487 627.4885 62.64811
49135.1 45.73336 3002.356 611.31885 62.64811
50179.566 45.59028 3001.926 676.62134 62.54368
50339.68 45.59028 3036.1475 634.4292 62.59374
50730.887 45.59028 3024.574 645.7053 64.68629
50344.86 45.73336 3085.699 570.9009 64.68629
50530.21 45.73336 3093.59 573.032 64.68629
50670.586 38.22171 3061.3325 624.3198 64.68629
50679.95 45.73336 3068.4976 624.5488 64.68629
50644.504 45.73336 3066.5122 619.50977 64.68629
50660.605 45.73336 3055.5984 601.19653 65.28069
50815.496 38.01183 3060.3584 600.21313 65.28069
50958.18 38.01183 3044.7468 600.2717 65.28069
50918.65 45.73336 3057.9126 611.31104 65.28069
50879.16 45.73336 3090.171 578.27515 66.05127
51045.535 36.33923 3095.6213 611.4729 66.05127
50832.875 45.73336 3085.1353 574.3274 66.05127
50934.25 45.73336 3075.8118 586.5896 66.05127
51041.168 45.73336 3093.7334 603.949 66.05127
51554.805 45.73336 3102.86 808.666 66.05127
50929.598 45.73336 3064.1423 580.2798 66.05127
50898.785 38.22171 3073.0222 547.03467 67.64246
51157.22 38.22171 3077.056 588.4397 67.64246
51046.03 38.22171 3078.7405 565.71313 67.64246
51036.992 38.22171 3088.9067 589.2234 67.64246
51563.45 38.22171 3110.0586 602.2678 66.74837
51091.234 38.22171 3093.7363 590.4597 65.36344
50834.918 37.42426 3074.7837 562.5593 66.05127
50852.883 37.42426 3094.8157 547.2637 67.1209
50580.88 37.42426 3078.374 577.9746 64.68629
50868.426 37.42426 3047.1414 813.85815 64.68629
50861.117 37.42426 3055.1343 810.40625 64.68629
50766.934 37.42426 3071.8274 834.79346 64.68629
50747.168 37.42426 3076.186 847.4094 64.68629
50711.047 43.92947 3075.895 869.0271 64.68629
50790.71 45.73336 3072.7717 820.74805 65.36344
50194.83 45.86737 3029.8777 941.56616 64.36086
49359.15 55.37424 2994.7383 858.83716 64.66912
49461.668 46.07086 3012.3076 856.1448 64.66912
49638.332 58.16817 2968.2966 885.53296 64.66912
49355.617 58.16817 2993.6667 855.0681 64.86082
49442.895 58.16817 2987.032 833.7644 65.18073
49532.055 56.55434 2973.6902 858.0508 65.18073
49675.28 58.16817 2968.2373 865.6294 65.18073
49688.742 58.16817 2986.9326 868.4492 65.18073
49654.035 58.16817 2986.9612 898.73145 64.66542
49901.402 45.73336 2985.5117 828.75635 64.66912
50098.61 58.16817 3010.0264 894.052 64.66912
50021.094 58.16817 3011.993 887.3142 64.66912
49807.72 54.99712 2996.6445 864.219 64.66912
49421.13 46.07086 3019.114 849.34375 64.66912
49963.227 49.98691 3033.2224 886.3364 64.66912
50405.434 50.28931 3027.6218 880.407 64.66912
49870.75 50.28931 3022.181 861.8091 64.66912
49739.848 50.28931 3013.4785 871.2854 64.66542
49623.848 48.06499 3016.3882 870.08936 64.66542
49859.867 48.57425 2936.6714 1053.8 62.78147
49395.617 58.16115 2944.7969 922.0288 61.73053
49110.914 57.12516 2938.0376 919.50806 61.73053
48762.69 57.12516 2922.0896 909.1902 61.73053
48786.02 46.11847 2919.0984 889.7173 61.73053
48664.12 57.12516 2939.6401 897.1526 61.98651
48971.4 57.12516 2941.1816 905.55884 63.68614
49103.617 56.80656 2937.7522 912.9104 61.95436
48971.418 50.28931 2937.4187 865.23926 61.95436
48648.684 46.6412 2950.3074 859.60156 61.95436
49362.367 56.80656 2957.4548 922.85645 61.95436
48965.555 54.99712 2950.3506 864.4863 61.95436
49066.76 52.51959 2925.8816 908.02563 61.95436
48977.62 46.6412 2958.713 891.30225 61.95436
49404.094 50.28931 2969.5444 900.10547 61.95436
49051.105 45.73336 2926.5066 826.40625 61.95436
48710.383 50.28931 2960.751 873.13696 61.95436
48686.402 45.92375 2951.2998 866.44165 61.95436
48718.703 50.28931 2931.596 876.71313 61.73053
48456.703 56.80656 2915.4463 895.6196 62.78147
47455.445 43.70429 2854.4375 1050.1016 61.50647
48181.3 43.70429 2895.9697 942.0896 61.56515
49140.45 45.73336 2925.5684 707.574 61.73053
49199.04 45.59028 2955.5713 655.09985 61.73053
49091.062 45.59028 2958.132 638.5137 61.73053
48658.87 45.73336 2946.2346 625.8491 61.73053
48842.695 45.73336 2959.476 629.1338 61.73053
48976.492 49.43811 2755.2344 1133.3691 61.50647
48839.07 48.75191 2732.3445 1130.1663 61.50647
49269.984 56.998 2932.3354 956.04297 61.55289
49203.086 45.11984 2953.4602 888.19165 61.73053
49262.863 45.11984 2924.183 892.5637 61.73053
49602.766 38.22171 2971.3557 928.29224 61.73053
49700.72 50.28931 2968.993 896.5022 61.73053
49310.67 51.74057 2959.3596 912.49414 61.73053
49274.53 54.21933 2965.097 911.2976 61.73053
49820.355 56.998 2982.339 931.16064 61.73053
50178.758 56.998 3000.7524 935.0918 65.36344
50947.77 52.51959 3055.092 898.2158 65.36344
50959.19 52.51959 3029.7559 915.2385 65.29282
51144.387 48.75191 3045.3137 882.9585 65.36344
51227.72 50.28931 3044.3672 888.9199 65.36344
51118.156 45.73336 3049.6943 805.2517 66.39945
51014.574 43.92947 3040.6099 836.9114 65.29282
51181.586 50.28931 3041.7869 862.67285 65.36344
51017.97 50.28931 3047.6516 865.4863 65.36344
50276.01 50.28931 3001.282 661.96045 66.10358
49927.402 52.51959 2990.4192 677.761 66.10358
50035.09 52.51959 2959.9004 668.27466 64.93763
50413.004 46.11847 3022.34 644.802 66.10358
50680.797 46.11847 2991.881 731.968 66.52797
50443.97 51.41588 2992.86 675.03955 66.39945
49444.85 48.75191 3011.8909 611.7112 64.68629
49531.363 48.75191 3015.6025 612.20874 64.68629
49805.113 49.84605 3011.4863 586.06665 64.68629
49846.293 49.84605 3022.8193 600.718 66.39945
50389.266 49.84605 3054.829 818.7529 65.36468
50496.44 49.84605 3045.5925 794.72925 66.39945
50041.87 49.84605 3012.3948 644.677 64.68629
49990.816 49.84605 3012.4717 642.3164 64.68629
49724.832 46.07086 3022.519 595.3523 64.68629
49809.13 46.07086 3014.4854 660.2666 64.68629
50105.562 46.07086 3002.4546 655.9133 64.68629
50980.45 49.84605 3071.0745 830.28687 64.68629
50105.66 49.84605 3013.156 687.05347 64.68629
50804.117 49.84605 2994.536 936.79565 64.54325
49872.75 49.84605 2978.9197 676.4248 64.54325
50076.45 49.84605 2943.6807 687.6006 64.54325
49854.47 49.84605 2975.7354 620.1797 64.54325
49857.14 37.42426 2976.3206 608.10864 64.54325
49944.98 49.84605 2971.7588 626.8037 64.13892
49983.812 49.84605 2976.9968 652.7278 64.13892
49592.156 46.6412 2975.0845 619.93726 64.13892
49568.426 46.6412 2966.9495 651.3423 64.09615
49933.42 49.84605 2960.2092 688.5117 64.09615
50191.668 49.84605 2957.0576 696.7551 64.09615
50531.863 49.84605 3006.702 627.66235 65.36344
50362.562 49.84605 3001.607 614.845 66.39945
50072.35 49.84605 3012.1897 617.281 66.39945
49364.156 52.51959 2953.0676 656.5154 64.93763
49324.46 52.51959 2971.5693 608.02295 64.13892
49294.164 52.51959 2971.397 607.4226 64.09615
49108.17 44.89612 2963.774 591.3989 64.16719
48744.004 54.85442 2897.1396 643.68286 64.16719
48691.723 55.43587 2943.4788 619.19727 63.22761
49027.652 55.43587 2954.6821 636.3667 64.54325
49632.137 56.43159 2970.2285 848.03784 64.54325
49238.383 48.57425 2982.6646 643.0027 64.54325
48888.266 56.43159 2971.8767 654.0486 63.957
48758.395 53.57693 2973.5608 658.1572 63.957
48617.016 52.85518 2966.8442 638.803 63.77489
48445.184 52.85518 2948.482 631.72485 63.77489
48542.5 53.57693 2966.828 656.1338 63.77489
49094.684 54.24748 2952.2551 871.8728 63.77489
49005.188 54.24748 2947.874 855.3884 63.77489
48171.973 54.24748 2934.8618 836.07666 62.65995
48116.363 54.24748 2941.757 830.8948 62.64811
48565.484 56.43159 2942.901 839.88794 62.64811
49533.203 56.43159 2963.8271 924.58984 63.10883
49229.254 56.43159 2958.5198 874.04834 63.10883
49318.23 55.34689 2970.888 889.98584 63.10883
49352.11 55.34689 2971.3916 868.4043 64.27379
49363.68 51.91515 2981.4417 841.4592 62.64811
49303.15 56.43159 2965.9395 876.9243 62.64811
49316.227 56.43159 2968.0115 892.68506 62.64811
49266.688 56.43159 2966.5024 882.0918 62.64811
49480.543 55.43587 2949.0872 885.7468 63.10883
49628.52 52.85518 2958.1846 886.6968 63.10883
49619.98 54.99712 2978.3613 886.5442 63.10883
49664.117 45.73336 2998.486 844.0513 63.10883
49635.055 50.60658 2974.8943 869.46265 63.10883
49529.62 45.73336 2978.8455 815.6875 63.10883
49577.6 45.73336 2981.9321 824.7029 63.10883
49450.34 52.85518 2979.5227 878.37573 63.10883
49753.676 47.06613 3008.032 867.72754 63.56308
49540.375 52.85518 3002.0984 888.4392 63.31657
49499.094 52.85518 2970.066 873.3252 63.56308
49304.715 52.85518 2980.493 847.9336 63.56308
49030.137 52.85518 2980.5603 873.2693 63.56308
49106.7 56.43159 2987.0452 896.87964 64.27379
49135.926 56.43159 2977.2292 907.5791 64.27379
49068.87 56.43159 2989.0076 866.97314 64.27379
49573.125 56.43159 2992.8235 879.23706 65.27628
49137.53 55.43587 2976.1262 870.2656 63.79536
49122.52 56.43159 2967.0596 842.1011 63.79536
49050.69 56.43159 2973.4268 852.4773 64.35562
49105.9 56.43159 2982.3394 856.9236 63.79536
49132.66 56.43159 2969.566 898.0935 63.79536
49362.86 56.43159 2969.2751 898.19995 63.79536
48725.688 55.43587 2921.64 728.2512 63.79536
48947.34 55.43587 2921.6091 740.9263 64.35562
49110.062 55.43587 2921.576 700.92505 64.27379
49078.766 55.43587 2968.163 614.2488 65.36344
48970.16 49.84605 2975.8115 582.7256 65.36344
48615.973 49.84605 2944.0864 581.42896 65.36344
48913.633 51.45221 2958.8513 602.43945 65.36344
49468.355 55.43587 3000.2246 601.5642 65.68388
49140.598 55.43587 2978.465 673.4685 65.28069
49057.473 51.91515 2991.5447 636.7854 65.36344
48916.824 51.91515 2992.427 630.1948 65.36344
49652.816 50.5156 3026.0964 856.1658 65.36344
49723.156 50.5156 3011.6648 844.6123 63.31657
49455.383 51.91515 3017.7375 864.7781 62.66416
49244.266 51.91515 3020.548 904.62915 62.66416
49383.594 51.91515 2999.5688 854.1189 63.22761
48719.3 51.91515 2989.3066 705.50635 63.22761
48824.69 51.91515 2984.5696 694.5029 63.22761
48838.137 51.91515 2986.3809 731.6826 63.22761
48774.46 51.91515 2996.5132 753.55884 63.22761
49261.246 51.91515 2997.4712 791.54834 63.22761
49419.01 50.60658 2950.3396 837.24097 63.22761
49517.582 50.5156 2984.2078 831.89014 63.22761
48857.07 50.5156 2991.844 727.792 63.22761
48712.53 46.30107 2996.0583 637.6636 63.22761
48940.055 51.91515 2976.656 702.8179 63.22761
48582.13 51.45221 2973.9536 640.8899 63.22761
48942.01 50.04607 2975.927 627.1665 63.22761
48679.504 50.04607 2995.1206 624.604 63.22761
48745.3 47.06613 3001.8086 649.1531 63.22761
48789.98 50.04607 2984.3 615.5664 63.5536
48834.836 38.22171 2978.2634 598.9717 63.5536
48641.773 54.99712 2958.0396 588.98 64.54325
48589.402 51.91515 2963.9016 625.6233 63.5536
48370.387 51.45221 2960.0571 630.5242 63.22761
48583.324 51.45221 2962.5754 658.93726 63.22761
48387.926 51.91515 2949.9558 665.13525 63.22761
48332.277 51.91515 2924.3005 689.32275 63.02725
48393.953 55.43587 2940.9219 651.4839 63.10883
48761.93 50.5156 2993.7583 583.45166 63.10883
49024.06 50.28931 2980.4775 638.3362 65.23774
48982.18 50.28931 2960.271 662.1609 63.10883
49109.773 50.5156 2961.707 631.5176 63.20045
50044.652 50.5156 3009.7195 886.8699 63.10883
50150.62 50.5156 3045.2441 958.46216 63.10883
49828.547 55.43587 2997.6228 925.99243 63.83138
50185.16 45.92375 3046.389 875.3364 64.54325
49799.336 45.92375 3019.3923 876.0669 63.5536
49830.71 51.91515 3014.3225 874.9409 63.5536
50149.707 47.06613 3047.5378 882.03784 64.54325
49947.88 47.06613 3052.0566 901.6311 63.10883
50174.44 47.06613 3045.4407 886.3196 64.54325
50024.508 50.04607 3024.4258 874.9663 64.54325
50376.24 52.85518 3040.603 895.3364 64.54325
50204.91 52.11852 2969.1094 991.7473 63.31657
50573.914 52.11852 2988.01 971.00806 64.68629
50637.387 52.11852 2985.8716 976.05444 64.68629
50777.703 55.43587 3040.1985 922.8711 65.57835
50864.914 52.85518 3026.3018 949.4092 65.57835
50819.258 52.85518 3039.5999 913.9607 65.57835
50801.156 52.85518 3030.762 876.8225 65.57835
50705.04 52.87941 3030.918 867.7578 65.57835
50414.9 55.43587 3028.291 887.89844 64.68629
49923.664 50.60658 2998.292 862.4424 64.27379
49655.406 55.43587 2993.3423 916.5122 64.27379
49776.1 55.34689 2993.2114 912.22314 64.27379
50047.76 54.18109 3012.554 895.48486 62.8284
50157.39 54.18109 3013.5745 885.7864 64.27379
50164.574 55.43587 2990.1035 870.0823 64.27379
50100.125 55.43587 2960.4407 922.30225 63.79536
49782.66 45.73336 2940.6426 724.855 63.79536
49581.31 45.73336 2966.0105 742.8799 63.79536
49575.06 45.73336 2964.8628 693.416 63.79536
49515.184 45.73336 2982.9111 692.8115 63.79536
48857.203 56.998 2864.6213 680.77466 63.31657
48437.605 56.998 2869.2488 652.8928 63.31657
48065.992 56.998 2835.963 692.5947 63.02725
48667.65 54.18109 2849.4275 750.782 60.92402
49481.64 57.45044 2907.779 968.031 61.98651
49415.746 58.33273 2871.4575 1091.9333 62.54368
49966.27 45.86737 2884.3428 1077.374 62.54368
50146.918 45.86737 2874.9565 1072.8306 62.54368
49994.555 45.86737 2917.2932 1033.6963 62.66764
50262.48 58.33273 2990.1138 955.7678 64.55641
49992.855 50.04414 2926.896 1007.71436 62.66764
50353.96 38.01183 2934.8003 979.8806 62.66764
50293.375 48.57425 2937.719 1056.665 62.66764
50113.72 45.73336 2917.995 997.6682 62.66764
50427.793 54.99712 2945.454 971.47046 64.55641
50214.316 50.04414 2917.218 1026.8787 62.66764
50569.613 54.05095 2921.2249 1029.4231 64.55641
50472.703 54.05095 2932.2573 1015.4834 64.55641
50356.992 54.05095 2927.8196 962.94385 64.13892
50345.7 58.33273 2933.739 968.74634 64.13892
49989.453 56.998 2961.7812 966.5581 64.13892
50118.152 58.33273 2973.7534 977.1824 64.13892
50194.66 57.89303 2990.3865 961.5957 65.28069
50289.438 57.89303 2958.4722 967.4077 65.28069
50402.37 55.297 2948.6362 1025.5012 64.24272
50871.96 50.28931 2942.7766 997.6238 65.28069
50233.156 50.28931 2921.4514 984.989 63.5536
50135.543 56.44655 2933.6729 989.94775 63.5536
50432.754 54.99712 2927.4724 991.56323 64.55641
50073.977 57.79947 2885.6882 1021.7134 63.5536
50533.312 50.28931 2910.2747 1034.7927 63.5536
51089.367 54.05095 2891.578 1043.9404 64.66542
50540.59 50.63315 2741.1003 1152.5759 64.13892
50777.777 49.98691 2922.219 1027.0593 64.13892
50823.74 49.98691 2881.6643 1056.145 64.13892
50407.027 49.98691 2876.688 1064.8672 62.65995
50353.266 49.98691 2878.3108 1051.1423 62.65995
49735.938 49.98691 2847.635 870.67993 62.65995
49665.664 49.98691 2875.9683 842.63525 62.33153
49659.445 54.05095 2874.3828 845.7239 64.16719
49949.402 46.6412 2891.073 829.31934 63.5536
49764.04 54.05095 2864.2097 830.7422 63.20045
49248.137 54.05095 2811.645 833.27563 62.33153
49928.617 54.99712 2914.1462 977.12476 62.66764
49767.387 57.74978 2893.6155 1009.8218 62.66764
49685.727 57.74978 2872.5767 995.78394 62.66764
49486.254 57.79947 2892.7048 1016.4817 61.98651
49615.625 57.79947 2845.751 1075.2634 61.98651
49793.934 57.12516 2882.067 991.4441 62.66764
49889.242 57.12516 2896.3418 993.3889 62.66764
50145.92 57.79947 2899.2593 1038.3677 62.66764
50340.676 50.28931 2916.0505 1012.3374 62.66764
50061.49 50.28931 2861.4844 1074.9751 61.98651
49869.805 50.28931 2850.281 1019.26587 61.98651
50434.08 50.28931 2906.0762 940.0803 62.66764
50014.457 48.06499 2872.8516 995.2417 61.98651
50132.94 45.59028 2859.9907 985.15845 61.98651
49602.082 45.59028 2822.0056 873.75635 61.98651
49356.523 45.59028 2858.1611 885.9436 61.98651
49993.49 45.59028 2888.8374 997.36597 61.98651
49895.23 45.59028 2874.5627 995.4214 61.98651
49976.76 45.59028 2906.1096 1050.5774 61.98651
50043.99 45.59028 2885.9482 1109.5444 61.98651
50005.633 45.59028 2875.458 1070.21 61.98651
50080.906 45.59028 2864.4255 1084.1509 62.18792
49462.816 45.59028 2812.5654 1126.9014 61.55918
49584.32 45.59028 2846.5085 835.35986 61.98651
49712.043 38.22171 2847.4185 807.2092 61.98651
50238.645 38.22171 2890.33 1067.2646 61.98651
49425.64 38.01183 2920.0322 761.8042 61.98651
48823.18 43.59718 2836.4648 784.1448 61.55918
49129.62 45.59028 2842.8655 798.49585 61.55918
49187.64 45.59028 2833.6255 850.8286 61.55918
49082.73 38.22171 2853.5037 804.86865 61.55918
48827.56 45.59028 2861.296 801.81836 61.55918
49545.44 45.59028 2833.1729 824.87964 61.98651
49626.785 49.43811 2863.1738 733.74536 62.66764
49703.48 49.43811 2874.361 759.0718 62.66764
49724.29 49.43811 2815.1501 862.58154 62.66764
48980.254 52.11852 2868.044 747.9658 61.98651
49125.598 52.87941 2844.4446 801.3425 61.55918
49089.21 52.87941 2836.89 792.7739 61.55918
48975.035 45.92375 2819.1416 781.1343 61.55918
49145.914 45.92375 2826.3284 799.4487 61.55918
49179.316 45.92375 2814.373 819.89355 61.55918
48870.258 48.57425 2849.4084 830.05444 61.55918
49589.844 46.07086 2918.2761 760.5513 62.66764
49702.227 46.07086 2907.244 756.78467 62.66764
50049.26 51.41588 2853.7678 838.0217 64.16719
50064.992 52.85518 2852.7334 823.01416 64.16719
49693.742 52.85518 2878.8208 806.6194 62.66764
49865.746 50.6273 2892.212 774.2656 64.16719
49825.36 52.85518 2896.337 760.8716 64.16719
49344.69 46.07086 2914.9617 698.01245 61.98651
49629.92 52.85518 2885.7146 730.9431 64.16719
50111.188 52.85518 2914.1226 743.1238 65.18073
49971.4 59.1056 2922.7854 782.0923 65.18073
50068.703 56.998 2930.34 790.6614 64.68629
50025.168 56.998 2943.6536 774.9453 64.68629
49642.047 56.998 2934.5625 751.06396 64.68629
49819.195 59.1056 2960.6475 714.2449 65.77201
49737.273 55.07579 2946.9253 699.239 66.10358
49661.52 55.07579 2916.7837 704.01294 64.68629
49572.582 58.33273 2897.0515 724.12354 63.20045
49463.082 57.12516 2899.8115 719.844 63.20045
48963.727 57.12516 2877.1597 705.563 63.23935
49723.355 57.12516 2872.1738 758.5259 64.68629
49463.09 57.12516 2899.8113 719.845 63.20045
49607.984 57.12516 2905.127 733.95874 62.66764
49245.742 57.12516 2911.3562 723.1006 64.13892
49527.164 57.12516 2921.2449 756.8579 64.68629
50013.195 52.85518 2914.6897 758.77954 66.10358
50067.773 52.85518 2896.304 733.9807 64.68629
49528.566 56.998 2908.948 721.60254 64.68629
50032.445 51.41588 2911.5088 760.499 64.68629
49325.38 55.07579 2915.1597 664.4343 65.28069
49762.273 52.85518 2933.9192 680.71094 65.28069
49357.94 56.998 2935.7812 696.5537 64.54325
49446.152 56.998 2955.7795 675.7822 65.28069
49452.8 57.12516 2944.0762 681.6763 64.68629
49958.33 50.04414 2941.4885 702.6565 64.68629
49633.727 50.04414 2919.4414 681.6553 64.68629
49628.695 50.04414 2939.3596 674.52734 64.68629
49622.83 50.04414 2924.5957 693.9783 64.16719
50478.777 50.04414 2958.9883 926.9734 64.68629
49495.73 50.04414 2956.2668 710.251 64.68629
49435.59 51.09145 2978.1494 695.968 64.68629
49426.695 51.09145 2966.1516 682.44385 64.68629
49486.293 51.09145 2952.8381 698.15967 64.68629
49496.633 56.998 2930.8462 715.7644 64.68629
49427.277 50.60658 2924.7683 720.41504 62.65995
49457.992 50.60658 2936.7405 694.6763 62.66764
49373.996 50.60658 2939.501 690.39746 62.66764
49454.242 50.60658 2898.4639 722.88306 62.65995
48954.98 50.60658 2882.0764 696.0193 62.65995
48538.12 50.60658 2859.076 694.3457 62.65995
48437.434 56.18236 2893.752 687.5442 61.55918
48639.668 49.43811 2880.8286 681.75684 61.98651
48747.75 56.998 2910.3506 710.92676 61.98651
48857.316 59.08652 2914.8635 722.4065 62.66764
48875.21 55.07579 2938.7441 700.92285 62.66764
48533.473 55.07579 2902.3164 659.5596 61.98651
48761.88 58.16817 2854.9468 718.3513 61.98651
48623.188 58.16817 2846.4106 715.8782 63.68614
48887.594 59.34003 2847.347 783.2241 63.68614
48703.418 59.34003 2848.6108 781.9475 63.68614
48859.023 59.34003 2866.1548 789.8445 63.68614
48764.707 59.34003 2648.256 1002.44604 63.10883
48754.324 59.34003 2688.0896 978.646 62.66764
48252.19 59.34003 2654.3257 956.1196 61.98651
48887.56 59.34003 2875.551 730.4116 64.4088
49183.637 59.34003 2890.2705 741.85767 64.4088
49316.484 59.1056 2918.2488 732.8862 64.4088
49867.57 59.1056 2931.1982 746.2053 64.7694
49630.848 56.18236 2911.867 732.8567 64.7694
49629.527 56.18236 2919.1013 738.7151 63.68614
49755.66 48.57425 2956.1045 738.9612 63.68614
49598.406 57.45044 2909.8428 957.8799 63.68614
49837.68 57.45044 2936.9785 882.1489 65.28069
49866.945 52.87941 2933.5886 881.6633 63.10883
49836.22 52.53377 2936.72 842.6677 63.10883
49517.9 52.53377 2926.6426 757.96924 63.10883
49192.293 48.06499 2926.3022 728.25806 62.64811
49619.18 52.53377 2922.751 726.4065 63.10883
49641.23 50.28931 2915.456 724.37476 63.10883
49737.727 50.28931 2917.377 701.0852 63.68614
49363.836 46.6412 2947.9558 684.85693 63.68614
49168.934 46.6412 2938.7222 676.2361 63.68614
48959.035 50.60658 2918.612 662.91943 63.68614
49086.137 50.60658 2939.3384 678.1345 63.68614
49081.797 50.60658 2926.203 677.00464 63.68614
49218.113 52.53377 2935.436 685.62573 63.68614
49590.098 52.53377 2910.8198 723.56665 63.68614
49954.13 52.53377 2953.7314 848.87354 63.68614
49990.652 52.53377 2940.4182 859.2446 63.68614
50120.895 52.53377 2938.795 872.9702 63.68614
49909.457 52.53377 2950.593 841.4773 63.68614
49853.703 52.53377 2922.6848 867.04785 63.10883
50185.53 52.53377 2933.2927 878.22974 65.28069
50055.598 52.53377 2934.4375 829.80615 65.28069
50167.133 52.53377 2925.229 856.3213 65.28069
50699.98 51.09145 2970.1438 850.3181 65.28069
50203.453 50.60658 2948.3035 816.70435 65.28069
50432.734 50.60658 2936.5054 848.1968 65.28069
50186.473 51.09145 2923.7095 830.896 64.54325
50497.418 49.84605 2951.7427 858.7163 64.54325
50081.234 51.09145 2954.311 812.5757 64.13892
50404.035 48.57425 2952.0024 875.5757 64.54325
50129.42 51.09145 2949.4312 816.4839 65.27628
50474.08 49.84605 2962.448 821.8313 65.27628
50258.92 49.84605 2942.5466 830.0476 64.68629
50472.895 49.84605 2989.9478 903.72437 64.13892
50462.453 51.09145 2976.0703 893.74854 64.13892
50349.75 50.6273 2992.7234 871.0625 65.28069
49975.47 51.09145 2992.1855 851.9524 64.13892
49945.203 51.09145 2984.1099 800.8762 64.13892
50118.598 49.84605 2963.7798 812.49805 64.13892
49626.047 50.14409 2961.3508 791.3179 64.13892
49995.69 51.09145 2951.481 821.5371 63.68614
49961.836 50.6273 2968.6157 841.89233 63.68614
49989.625 51.09145 2973.8223 818.9812 64.13892
49510.227 51.09145 2970.375 779.4822 64.13892
49400.105 51.09145 2971.2803 798.7031 64.13892
49894.24 51.09145 2963.0542 805.04663 63.68614
50224.582 46.11847 2951.1887 823.0061 63.68614
49880.336 50.14409 2963.33 833.5969 63.68614
50384.4 51.09145 2986.784 843.37256 63.68614
49675.5 49.84605 2957.1404 702.3413 63.68614
49291.83 52.53377 2940.4636 708.5874 63.68614
49771.36 52.53377 2952.1162 730.7522 63.68614
49848.496 52.53377 2947.299 719.86743 65.77201
49799.094 52.53377 2946.3936 689.62036 65.77201
49825.33 52.53377 2956.1787 699.845 65.23774
49803.312 52.53377 2969.3145 700.97485 65.23774
49798.176 52.53377 2970.7822 709.406 65.77201
50395.4 52.53377 2957.7148 736.73193 65.77201
50046.945 62.354 2890.1943 749.07007 67.07116
49296.21 63.79687 2890.1765 700.2317 67.07116
49672.215 63.5536 2896.4968 699.323 67.07116
49470.465 63.26168 2900.9734 743.9431 67.07116
49818.14 63.26168 2919.6113 770.9404 67.08014
49843.707 62.48832 2900.909 768.20703 67.06267
49832.465 62.48832 2901.3306 778.3884 67.06267
49932.566 63.79687 2906.5024 775.39233 67.08014
50040.332 63.79687 2896.7551 773.79175 67.64299
49935.87 63.79687 2935.478 737.3196 69.57073
49916.336 63.79687 2930.7349 713.27 69.57073
51963.066 66.96457 3087.1194 932.66724 72.69491
51592.55 63.5536 3170.4905 811.58545 77.43744
51331.176 63.5536 3168.093 766.8745 77.43744
51415.203 63.5536 3166.3604 770.7881 77.43744
51761.996 63.5536 3170.186 835.1726 78.79844
51158.984 66.74837 3112.7463 766.44336 83.18227
51143.523 66.74837 3133.7908 773.79565 94.28151
50951.93 66.52797 3010.8298 915.72217 68.42986
50898.996 67.07116 3045.0593 868.89966 68.42986
50611.645 63.86697 3039.4065 858.43335 67.75017
51112.465 63.62306 3087.0186 841.5149 69.52657
51025.625 63.62306 3095.3062 841.5635 69.74838
51608.773 63.62306 3132.824 859.3882 69.52657
51595.062 64.16719 3145.6204 871.8518 68.7391
51393.047 65.29282 3123.0945 854.0652 72.58862
51354.26 65.29282 3133.178 836.09375 72.58862
51025.03 63.86697 3105.3032 552.2334 86.2778
50602.4 63.86697 3089.1174 535.375 86.2778
51890.438 66.74016 3163.4238 834.85986 77.35117
51933.996 65.29282 3137.941 902.3428 77.61024
51866.023 65.29282 3130.2402 860.5298 75.27856
51517.254 61.73053 3161.7607 786.9971 69.93009
51758.996 59.77117 3142.5063 768.58545 78.50802
51878.742 59.1056 3151.9648 740.8225 78.50802
51816.438 59.1056 3164.144 723.9236 78.50802
52064.54 59.1056 3163.298 751.447 72.5087
52008.504 60.26007 3121.23 852.13794 76.08959
52294.445 59.77117 3151.8662 832.8801 76.08959
52241.664 59.77117 3174.046 776.97705 69.93009
51945.277 46.11847 3157.8435 744.44995 69.93009
51882.64 46.11847 3178.98 717.3296 69.93009
51868.46 52.85518 3176.994 691.49927 69.93009
51873.633 51.41588 3187.4004 695.24414 74.04159
51916.17 45.73336 3157.5967 683.37134 69.93009
51914.105 45.73336 3161.5684 665.2488 69.93009
52001.586 45.73336 3148.6655 687.6636 69.93009
51884.594 45.73336 3170.662 689.41504 69.93009
52066.434 45.73336 3153.2515 698.5112 69.97175
52336.684 45.92375 3191.3066 750.26636 69.97175
52289.086 52.85518 3178.93 774.38135 69.93009
52287.406 54.99712 3162.493 753.54175 69.93009
52131.645 54.99712 3189.4578 714.7488 79.91135
52030.906 54.99712 3173.8464 735.27124 72.1282
51701.26 54.99712 3197.3757 705.2827 72.1282
51792.785 54.99712 3181.9683 714.56055 71.37268
51824.65 54.99712 3168.786 755.68286 71.37268
51938.16 54.99712 3166.9358 749.1975 71.37268
51193.46 54.99712 3119.025 584.76733 70.79426
50984.52 54.99712 3123.2908 557.84546 68.04924
50789.902 50.28931 3091.4053 534.4133 68.04924
51009.418 50.28931 3127.0051 514.0862 70.79426
51171.918 50.28931 3116.0022 548.7119 70.79426
51190.113 50.28931 3147.6626 513.70044 71.9291
51238.242 50.28931 3113.8325 540.9346 71.9291
51050.047 56.22593 3112.4297 568.1106 68.56447
51047.418 56.22593 3117.0032 530.2571 70.05326
51293.656 56.22593 3064.0808 607.35376 70.05326
51251.254 56.22593 3099.481 540.40356 68.04924
51201.965 56.22593 3134.9177 540.42017 75.27856
51218.875 54.99712 3144.4507 496.30957 90.40947
51489.35 54.99712 3163.8413 511.70068 86.2778
51791.145 54.99712 3165.421 532.77515 86.2778
51635.957 56.55434 3153.7754 570.8074 86.2778
52026.125 56.55434 3204.3164 776.56934 77.49073
52300.227 56.55434 3218.669 784.8093 78.59705
52264.39 54.99712 3218.2588 767.8303 78.59705
52222.082 54.99712 3237.4792 774.5979 78.59705
52364.64 54.99712 3226.419 777.344 77.49073
52664.12 59.77117 3229.1877 791.1389 77.49073
52347.562 59.77117 3199.5132 784.2705 84.67525
51600.51 56.998 3154.9915 516.67773 86.2778
51921.336 59.77117 3084.1006 602.5552 86.2778
52288.36 54.99712 3187.4983 569.4331 86.2778
52026.03 52.53377 3118.023 649.7666 77.49073
52739.656 52.53377 3068.1128 850.26465 77.49073
52877.844 48.75191 3206.3018 733.1721 77.49073
52794.91 48.75191 3212.6675 735.1416 77.49073
52853.145 48.75191 3271.4304 737.25806 77.49073
52628.688 48.75191 3248.7593 701.219 81.6928
52730.19 48.75191 3297.5405 710.76807 77.49073
52404.92 48.75191 3200.3691 819.07056 68.04924
52102.08 54.99712 3154.1921 902.187 68.04924
52000.363 54.99712 3153.071 879.3015 68.04924
51645.11 64.68629 3099.5222 987.6323 72.69491
51796.258 48.75191 3195.188 808.56396 68.04924
51943.355 48.75191 3183.8787 754.5405 68.67783
51155.03 50.28931 3170.9734 690.80054 68.04924
51180.33 50.28931 3208.635 692.4956 68.04924
51282.973 48.75191 3190.7148 702.1494 68.04924
50513.965 50.28931 3144.045 538.49536 68.04924
50579.055 50.28931 3133.8484 555.9436 68.04924
50138.99 50.28931 3118.3752 525.14453 69.74838
50335.1 50.28931 3112.7832 504.0913 68.04924
50191.113 48.75191 3118.3599 496.687 68.04924
49883.363 48.75191 3128.2256 497.04224 69.29471
49620.395 54.99712 3068.917 495.74927 68.04924
50128.246 54.99712 3090.6284 517.70874 68.04924
49920.938 43.66964 3122.6423 486.4126 68.04924
49817.24 54.99712 3102.7625 538.30273 68.04924
49825.848 50.28931 3130.686 474.45044 74.60427
49643.508 43.92947 3101.9932 469.1172 68.42986
49894.465 50.28931 3095.223 492.2964 68.04924
49952.246 45.73336 3111.9778 458.2881 73.32973
50427.367 45.73336 3141.8828 474.6548 73.32973
50146.062 43.92947 3142.7292 466.44604 73.32973
50228.395 43.92947 3149.2517 475.87964 73.32973
50227.355 45.73336 3154.2307 469.56274 73.32973
50112.645 50.28931 3128.9807 469.5337 73.32973
50072.258 50.28931 3107.5051 487.17505 71.27214
50307.71 50.28931 3100.6035 502.96777 68.04924
50023.023 50.28931 3059.876 530.0803 67.2871
49996.707 50.28931 3059.9216 554.92725 67.2871
50103.97 50.28931 3057.6077 558.9673 67.2871
49990.395 53.57693 3061.9453 619.04565 67.50425
49910.1 54.99712 3075.379 577.4072 67.50425
49815.387 55.95301 3051.0789 566.1279 67.50425
49595.41 55.95301 3042.5056 535.10254 67.2871
49868.59 56.998 3053.019 544.468 68.04924
50097.195 56.998 3108.089 556.1987 69.14
49885.906 56.998 3042.4055 560.9944 67.50425
50223.418 57.73047 3058.2815 624.1421 67.50425
50325.21 57.73047 3054.3752 663.17334 67.50425
50548.316 54.99712 3077.131 649.54785 67.50425
50079.527 48.75191 3122.6067 476.5664 68.04924
50362.207 48.75191 3118.959 537.0952 68.04924
50263.78 55.34689 3083.4385 522.73486 68.04924
49915.363 55.34689 3072.5044 513.1416 68.16422
49793.848 54.99712 3067.4304 503.82153 68.16422
49749.61 54.99712 3096.3 507.3037 68.04924
49526.734 54.99712 3106.5847 470.01465 74.0599
49388.22 54.99712 3113.6494 474.40698 68.04924
49041.984 54.99712 3096.0315 517.7854 67.84315
48793.043 54.99712 3040.4712 553.68384 66.74016
48642.58 55.34689 3036.8862 513.5786 66.74016
48569.957 55.34689 3044.1797 554.4519 66.74837
49202.453 43.66964 3064.557 512.8799 66.74837
49235.562 43.66964 3054.3186 524.63745 66.74837
49200.79 43.66964 3062.894 508.3794 66.74837
49168.03 55.34689 3020.6377 546.8594 66.74837
49249.637 51.91515 3044.3452 550.53394 66.74837
49405.934 37.42426 3094.7441 504.19092 66.74837
49261.656 37.42426 3097.3906 484.3728 67.2871
48786.746 39.04208 3071.7375 507.91602 66.74837
49261.63 37.42426 3097.391 484.37207 67.2871
49275.008 37.42426 3098.4692 485.69653 67.2871
48992.83 39.04208 3086.6304 525.6765 66.74837
48895.363 39.04208 3014.5703 568.02246 66.3578
48941.434 38.22171 3026.2358 568.7522 66.3578
48796.277 38.22171 3049.9941 536.7002 65.46994
48709.47 39.04208 3041.8118 523.1719 65.46994
48731.04 43.92947 3047.3762 559.41895 65.46994
48786.56 43.92947 3052.817 559.98315 65.29282
48922.914 53.57693 3067.9678 516.5796 66.4807
49452.414 53.57693 3032.2988 570.7854 67.1209
49433.188 53.57693 3018.5366 565.40405 66.4807
49234.24 46.11847 3046.7532 586.6406 66.4807
49673.086 37.42426 3103.2593 509.2732 66.4807
49289.785 39.04208 3085.0532 529.5945 66.4807
49218.242 55.34689 3066.515 570.07666 66.4807
49546.527 43.66964 3103.79 547.29175 66.4807
49612.066 43.66964 3089.1145 538.19214 67.08014
49358.223 43.66964 3092.4902 505.60962 67.08014
49204.16 52.85518 3065.2024 551.13477 67.08014
48985.492 52.85518 3064.114 521.13794 67.08014
49050.523 52.85518 3064.5576 537.1665 67.2871
49322.39 50.5156 3092.8496 521.6492 67.2871
49354.035 43.66964 3108.6936 498.31152 67.2871
49201.344 43.66964 3086.5723 493.79883 67.2871
49159.684 36.42438 3097.9165 475.27124 67.2871
49059.215 47.06613 3066.9685 497.29053 67.2871
49424.348 50.5156 3082.9258 535.6699 67.2871
49873.574 56.998 3054.5544 594.1802 67.75017
49994.71 43.92947 3124.3826 567.50024 67.2871
49834.594 57.73047 3100.6018 583.37036 67.2871
49752.266 47.06613 3118.9583 588.35254 67.2871
49771.29 50.04607 3112.6318 594.3911 67.2871
49408.164 50.04607 3093.6826 577.5227 67.2871
49109.95 50.04607 3094.6665 559.69727 67.2871
49205.113 48.75191 3095.4353 506.33203 67.8139
49175.836 48.75191 3103.0369 499.5476 67.8139
49083.477 48.75191 3088.795 497.1477 67.8139
49519.47 48.75191 3097.3457 534.8694 67.8139
49286.508 58.16115 3056.2407 595.989 67.64246
49508.45 48.75191 3117.0688 538.29785 67.64246
49670.566 48.75191 3070.8362 575.6741 67.64246
50151.36 48.75191 3128.5308 523.20215 68.42986
50067.81 48.75191 3108.2393 546.8557 67.75017
50393.105 48.75191 3131.3389 562.8745 67.75017
50150.863 48.75191 3112.3604 546.9658 67.75017
49901.18 58.16115 3082.37 623.1653 67.2871
49930.586 61.55918 3055.6501 613.83936 68.98244
49889.453 61.55918 3089.767 533.0178 68.98244
50289.473 61.55918 3041.79 599.5112 66.80084
49683.41 55.297 2997.8945 635.3767 65.77201
49989.773 62.354 3028.266 619.4817 66.3578
49793.766 54.24748 3018.3628 608.26465 66.3578
49748.863 54.24748 3012.6343 597.43335 66.3578
50025.08 48.75191 3021.09 603.9121 66.3578
50018.59 48.75191 3021.5005 622.1736 66.52797
49878.727 54.24748 2994.6746 602.7097 66.52797
49896.555 39.04208 3022.2505 565.7842 66.52797
50041.73 54.24748 2995.0793 626.41406 66.3578
50011.105 54.24748 2989.7593 661.7551 66.10358
49759.688 59.8137 2950.7373 711.3259 65.46994
49179.742 59.8137 2647.739 1009.16675 65.28069
49900.605 60.26007 2691.2246 1282.2522 65.28069
49491.5 62.66764 2669.6257 1259.7031 65.36344
49621.54 62.66764 2623.8523 1228.0417 65.36344
49154.15 62.66764 2627.5505 1265.1267 65.29282
49167.61 63.08204 2637.369 1277.6387 65.29282
49391.9 64.27379 2652.9119 1281.2375 65.29282
49528.574 61.69585 2621.4592 1280.169 65.29282
49882.535 64.27379 2695.864 1286.5837 65.28069
49701.83 61.63363 2701.7266 1300.8474 65.28069
50290.984 61.63363 3004.8557 1014.2991 65.46994
49679.49 62.06884 2999.9304 647.11304 65.46994
49726.9 62.06884 2964.424 657.57275 65.46994
50106.92 51.05334 2997.2925 640.27344 66.55065
50007.875 49.84605 3011.9705 635.2405 65.46994
50441.676 50.28931 3050.1938 588.53076 66.55065
50526.95 50.28931 3004.3823 655.57446 66.55065
50378.48 54.99712 3050.69 599.739 67.08014
50728.324 54.99712 3035.3955 572.88696 67.08014
50643.098 55.34689 3034.8665 587.0415 67.08014
50524.88 55.34689 3033.8613 586.5664 67.08014
50855.473 43.66964 3053.5117 573.2512 67.08014
50409.62 59.1056 3016.541 621.49634 67.08014
50357.004 59.1056 2968.0583 644.35474 66.80084
50450.113 50.55514 3035.527 613.9702 67.08014
50496.113 46.07086 3060.1406 568.9514 67.08014
50778.22 50.55514 3051.8687 617.79346 66.80084
50413.617 56.55434 2871.3994 764.33374 66.80084
50144.035 59.1056 2897.558 734.2549 66.74837
50068.71 59.1056 2940.781 738.79517 66.74837
50505.934 59.1056 2952.8296 735.0879 66.86431
50529.965 51.64587 2952.3843 748.47485 66.86431
50515.535 51.64587 2943.3467 739.48486 66.80084
50392.625 51.64587 2916.4382 714.5891 66.80084
50489.5 51.64587 2927.209 693.2031 66.86431
50486.934 51.64587 2928.1218 677.3877 66.86431
50464.207 51.64587 2896.5898 690.25146 66.80084
50825.34 50.28931 2888.6047 724.4939 66.80084
50832.0 50.28931 2927.7512 750.728 65.28069
50642.344 50.28931 2890.4316 769.3755 64.35159
50629.113 50.28931 2915.6606 738.14136 64.35159
50364.105 38.22171 2930.4866 734.7373 64.35159
50526.02 50.28931 2928.2217 682.791 64.35159
50357.344 50.28931 2977.0703 654.3745 66.20195
50605.336 50.28931 2967.862 682.7971 66.52797
50468.383 52.85518 2926.9983 715.3967 66.74837
50176.465 52.85518 2973.2273 651.83936 66.20195
50300.42 52.85518 2963.6418 669.00195 66.20195
50373.246 52.85518 2966.7334 673.7942 66.74837
50254.582 52.85518 2984.9077 683.7383 66.74837
50500.78 51.41588 2973.522 704.14307 66.74837
50153.844 54.99712 2965.0898 692.0442 66.20195
50067.863 54.99712 2974.6755 674.8816 66.20195
50022.965 56.998 2955.9604 676.2383 66.20195
49778.438 56.998 2934.7712 669.2522 66.20195
49554.754 56.998 2933.6907 644.8928 66.20195
50007.957 57.63566 2943.6433 686.8474 66.74837
50329.707 57.63566 2927.7126 770.1726 66.74837
50311.6 57.63566 2891.393 742.0879 66.74837
50101.03 57.63566 2927.842 704.0669 66.74837
51131.555 67.51029 2612.541 1330.0449 67.1209
51065.24 64.68629 3062.7942 858.47534 67.51029
50788.027 67.1209 3037.3987 853.3899 67.51029
50863.547 68.42986 3071.955 867.1333 70.50957
50912.156 68.42986 3081.9497 864.7195 72.58862
50839.332 68.31635 3077.0747 869.1831 66.7775
51490.418 60.55045 3109.8296 844.41626 67.1209
51988.6 60.26007 3183.8826 792.449 67.1209
51724.773 54.99712 3208.5703 722.00024 67.1209
51468.51 57.49511 3087.9128 907.1028 66.74016
51432.06 37.42426 3108.9678 885.37256 66.52797
51410.008 37.42426 3115.5886 875.8093 66.52797
51242.07 59.34003 3115.7322 833.0962 66.10358
51279.438 45.73336 3153.8389 717.7117 67.41291
51510.344 61.45918 3163.709 796.25195 67.41291
51398.953 63.5536 3170.0017 781.60864 66.52797
51715.24 63.5536 3178.9446 813.4214 81.6928
51670.1 63.5536 3184.433 864.0918 78.67049
51829.18 67.1209 3168.273 783.9761 73.00068
51774.75 67.1209 3183.899 845.7849 77.35117
50817.87 66.39945 3072.8005 607.4458 99.12666
51099.023 65.77201 3098.9797 897.4929 72.5087
50881.324 65.77201 3068.8767 902.2427 70.50957
50244.477 65.77201 3053.3564 659.62573 73.21133
50548.92 66.39945 3033.226 705.12646 71.37268
50348.574 62.11547 3043.6646 644.30884 67.55704
49925.18 62.11547 3073.1296 583.97925 70.50957
50297.34 62.11547 3099.3281 568.48584 73.00068
49945.79 62.11547 3074.8193 568.3845 76.76252
49879.344 66.74837 3061.755 554.3096 70.63095
49900.69 65.29282 3074.7393 567.2644 73.00068
49901.19 65.29282 3074.4868 538.2417 86.2778
49913.66 65.29282 3069.2703 532.64233 86.2778
49882.766 65.29282 3074.6309 520.4802 86.2778
50048.305 65.29282 3097.881 572.7107 86.2778
50565.465 65.29282 3113.0798 579.71533 86.2778
50598.66 63.5536 3112.5122 550.5459 86.2778
50643.133 63.5536 3105.7336 516.9607 86.2778
50310.7 62.11547 3079.1455 514.3225 86.2778
49876.125 62.11547 3053.2712 509.9336 87.92638
49835.19 62.11547 3054.419 513.7151 80.52892
49702.35 62.11547 3065.7527 519.8174 81.81037
49659.11 59.34003 3074.4243 491.39868 80.52892
49932.508 62.11547 3068.1108 552.2351 79.0268
50267.758 64.68629 3079.1245 536.7766 80.52892
49720.324 64.68629 3062.3218 559.522 78.74215
50383.336 64.68629 3094.8088 566.9617 84.67525
50429.316 64.68629 3090.0142 561.4263 78.67049
50446.45 66.4807 3094.3215 577.3972 78.67049
50736.52 66.4807 3104.7131 586.9763 74.85582
50682.324 62.64811 3020.3037 675.93384 68.04924
51046.37 60.26007 3008.2808 713.99194 68.04924
51241.266 59.1056 3031.637 702.9873 68.04924
51074.184 59.1056 3067.3755 636.9717 69.13283
50750.633 59.1056 3086.3857 594.3828 69.14
51121.81 59.1056 3057.4202 617.1553 68.04924
51227.18 45.73336 3031.6758 701.3706 67.1209
50928.15 52.53377 3046.4592 655.61523 67.1209
50668.848 46.6412 3053.5708 663.56885 67.1209
50657.66 52.53377 3070.8796 620.647 67.51029
50694.586 51.91515 3062.2961 637.47925 67.51029
50829.094 50.55514 3105.874 633.42773 67.51029
51158.668 50.55514 3102.1401 632.0276 67.51029
50942.723 50.55514 3081.996 632.29346 67.50425
51166.555 50.55514 3102.2048 635.3816 67.51029
50897.027 50.55514 3100.541 576.0073 67.51029
50812.754 50.55514 3081.5723 589.385 67.2871
51062.6 50.55514 3093.0752 642.2173 67.2871
51192.246 50.28931 3093.0667 610.98364 67.2871
51076.965 50.55514 3072.071 642.10596 67.2871
51259.254 50.55514 3051.1912 641.12573 67.50425
51251.402 50.55514 3062.5107 634.7822 67.50425
51193.72 50.55514 3065.4272 627.78467 67.2871
51570.14 59.1056 3105.746 586.85474 82.48898
51596.46 59.1056 3044.852 730.26636 69.93009
51538.027 59.1056 3128.1672 584.12256 74.04159
51710.215 59.1056 3096.1404 629.47705 79.27297
51348.54 59.1056 3077.3691 629.76 70.47028
51333.99 55.297 3041.5593 690.98975 67.75017
51226.246 50.60658 3012.8916 683.6963 67.75017
51177.367 50.60658 3013.9414 686.61206 67.75017
51422.965 50.28931 3083.867 643.103 70.55095
51321.637 50.28931 3059.1912 667.4004 67.75017
51101.285 55.95301 3020.77 732.6052 67.08014
51143.254 55.95301 3000.1997 754.4314 67.08014
50985.344 59.1056 3028.9355 678.92456 67.75017
50838.164 59.1056 3056.4805 609.9866 67.75017
50899.383 59.1056 3051.438 644.6096 67.75017
50922.355 59.1056 3030.9233 636.3418 67.75017
50820.293 54.66425 3031.4092 607.90015 67.75017
51031.953 54.66425 3057.381 621.39624 67.75017
51155.3 54.66425 3030.0952 662.37744 67.75017
51251.02 56.998 3040.7795 654.7766 70.05326
51108.523 56.998 3050.9958 670.5017 67.75017
51486.938 56.998 3100.9612 649.65186 72.18954
51233.484 56.998 3134.1365 576.9155 72.7438
51582.965 59.1056 3103.3926 623.0537 73.61608
51509.15 52.85518 3119.6367 608.2195 73.61608
51479.684 52.85518 3153.91 531.8113 73.61608
51347.78 59.1056 3096.5288 593.07275 73.61608
51203.113 59.1056 3114.6511 577.0425 74.04159
51243.65 59.1056 3113.0823 584.5498 73.61608
51496.31 59.1056 3115.1172 622.99976 73.00068
52311.42 57.45044 3185.8044 744.39233 73.00068
52271.71 57.45044 3192.9849 753.00977 73.00068
52371.457 57.45044 3187.954 787.02466 70.55095
52298.12 59.1056 3167.2837 855.5393 73.61608
52304.36 55.34689 3196.6555 787.9717 73.61608
52244.28 55.34689 3194.6877 761.11206 73.61608
52373.0 55.34689 3164.89 799.0576 76.40815
52438.02 55.34689 3173.0146 819.76025 70.55095
52311.527 52.51959 3046.4707 935.9863 70.50957
52487.04 45.92375 3211.3374 777.20825 70.55095
52427.61 55.34689 3162.551 804.90063 70.55095
52518.234 59.1056 3189.2385 814.42114 74.05933
52296.65 59.1056 3191.5315 802.0813 70.55095
52258.617 57.45044 3197.1663 767.61865 72.5087
52190.777 57.45044 3198.2327 719.4065 72.7438
51616.367 57.45044 3172.723 686.33154 91.90918
51879.496 57.45044 3182.1516 708.4309 73.21133
51899.25 57.45044 3201.9067 703.574 75.27856
52112.945 57.45044 3202.9768 750.3074 74.85582
52107.652 54.99712 3202.3555 721.75244 74.85582
51930.188 54.99712 3175.425 717.7366 74.85582
51832.664 54.99712 3176.1548 671.3096 73.97758
51646.816 54.99712 3182.7646 642.0625 73.97758
51671.742 54.99712 3170.8584 658.6565 73.97758
51975.445 54.99712 3197.9058 686.0493 77.34038
52059.887 52.85518 3195.367 698.801 77.34038
52179.387 50.5156 3206.5632 704.84033 77.34038
52360.84 50.5156 3229.087 705.7339 79.90965
51740.902 50.5156 3191.6965 679.47266 73.97758
51481.777 50.5156 3200.1775 628.5386 77.49073
51666.824 50.5156 3194.9683 646.3894 77.49073
51985.633 50.5156 3212.361 648.7654 77.49073
52364.98 50.28931 3214.3125 658.9114 77.49073
52156.004 50.28931 3228.1252 653.1714 77.49073
52166.21 50.28931 3224.6328 665.614 78.19034
52060.246 51.41588 3239.28 655.4177 77.49073
52291.086 51.41588 3248.7278 665.9575 77.44059
52105.973 51.41588 3259.919 687.1572 77.44059
52152.86 33.19054 3279.1128 664.4099 72.7438
52054.715 51.41588 3227.5706 711.4055 72.7438
51811.293 51.41588 3204.1252 708.4614 72.5087
51887.707 50.28931 3214.8064 708.57935 73.21133
51672.0 50.28931 3225.2083 710.26636 76.17896
51566.49 50.28931 3243.284 680.0886 76.17896
51799.3 51.41588 3228.9731 716.31836 76.17896
51800.055 51.41588 3234.9202 728.6863 76.17896
51055.73 51.41588 3212.279 543.73584 76.17896
51063.473 51.41588 3188.8853 578.552 73.21133
50811.113 51.41588 3177.4233 561.84814 73.61608
51092.348 51.41588 3179.955 589.218 73.61608
51063.477 51.41588 3188.8845 578.552 73.21133
51376.816 51.41588 3204.3696 594.6631 81.45436
50932.516 51.41588 3178.169 574.59155 72.5087
50971.23 45.73336 3200.811 558.22217 69.29471
51082.965 45.73336 3193.443 528.67505 69.29471
51535.547 45.73336 3211.0964 649.6653 69.29471
51489.016 45.73336 3211.035 638.0054 69.29471
51672.938 45.73336 3207.5059 648.51587 69.29471
51677.094 43.66964 3235.8945 600.2661 69.29471
51156.13 43.66964 3213.426 585.61646 69.29471
51134.38 43.66964 3187.0708 546.6709 68.21146
50654.902 43.66964 3183.8677 538.5547 68.21146
50756.004 43.66964 3188.3467 539.958 68.21146
50470.64 43.66964 3181.3975 501.22192 71.27214
50461.56 43.66964 3191.6768 494.24634 71.27214
50287.94 43.66964 3186.149 492.7273 71.27214
50174.92 43.66964 3140.628 477.9436 71.27214
