7634.4272 4.3254 912.8624 187.28003 38.50505
7541.407 4.3254 845.9518 267.27966 29.28648
7636.648 6.82983 922.35175 208.11798 38.33129
7067.596 12.2174 798.0083 301.57996 24.15528
5973.985 6.82983 721.13086 161.59814 28.40491
7084.611 10.19582 823.62823 227.25043 30.0373
6925.059 3.11481 855.08746 131.1532 33.09188
5829.9663 16.25401 636.6228 260.37738 20.68348
5838.6 13.2815 670.11554 216.85187 24.65902
6887.2686 5.80426 813.76953 279.8899 23.45232
6864.425 5.80426 802.9055 278.41992 23.45232
6099.286 15.80146 667.45874 260.9942 22.6624
7244.4683 12.2174 834.23804 231.40161 33.09188
7256.477 10.47395 862.8274 235.55957 33.09188
6266.0444 7.04364 733.8243 169.63013 30.0373
6234.513 7.04364 731.12256 166.14783 30.0373
6322.4004 3.41494 727.8883 199.68347 23.21754
6754.493 5.92998 790.6078 286.35632 22.6857
6825.076 9.09407 773.94806 274.77887 22.13576
6225.0625 8.4868 704.9989 229.8388 22.13576
6582.861 12.62948 741.2851 234.35144 22.13576
6890.8677 6.03521 776.53503 229.57617 25.06802
7075.3174 7.04364 806.98535 245.52234 25.31491
6768.4087 16.28759 760.0331 286.49658 24.19617
6899.7695 16.28759 775.28265 289.14288 25.25763
7338.4375 10.47395 834.12537 300.8601 31.29347
6356.355 5.27439 774.22845 157.58032 30.0373
6417.136 12.85446 757.4921 212.86517 30.0373
6044.248 12.85446 685.5855 241.25812 20.64232
6187.123 16.55389 666.3633 268.38818 20.47737
6666.4727 10.83634 743.4 249.0857 21.60812
6599.6763 16.55372 662.9257 355.74115 19.85449
6293.9443 9.04912 679.5009 266.17004 18.75478
6711.6143 9.04912 721.10364 396.1681 18.24545
6689.0244 13.81957 710.6523 416.67926 18.24545
6817.119 10.98809 836.5311 176.52661 33.09188
6805.16 10.98809 823.90485 170.25946 33.09188
6864.037 14.55034 762.6365 245.05396 30.40059
6758.665 14.39771 744.0804 253.4773 26.1624
6935.2354 16.28759 772.3833 278.18298 30.3828
7179.068 13.97221 824.6261 270.81592 33.09188
7006.6587 16.55372 774.38837 280.65704 33.09188
7339.3535 11.08703 871.0008 270.3864 33.09188
6697.6265 18.75478 674.965 412.4218 22.14375
6651.3125 18.75478 669.49805 420.1455 19.99211
6642.561 18.24545 741.342 323.57184 26.31472
6582.88 18.24545 736.16895 322.98303 20.82905
7108.0015 12.62948 839.2159 223.54962 33.09188
7085.153 12.62948 842.11926 211.55347 33.09188
6702.3574 12.62948 779.283 225.75806 28.3981
6974.2812 6.03521 814.5335 171.95093 30.77288
6977.4233 5.80426 853.83594 156.48315 30.40059
7003.087 9.08314 833.7351 195.922 30.0373
6928.487 3.41494 874.67676 189.79199 30.0373
7212.926 9.09407 830.5788 214.78497 30.0373
6639.7324 13.25628 735.19324 268.01 23.03474
6409.1733 15.96159 712.2144 265.89417 20.47737
6564.921 15.01437 741.32556 246.9657 20.47737
6655.8726 10.83634 751.99365 244.66968 20.47737
6752.711 10.83634 755.1473 249.48688 20.47737
6811.101 10.83634 744.05646 266.19025 20.47737
6719.845 13.81957 760.9618 261.04504 24.7394
6579.131 15.83616 747.0368 244.33667 33.91339
7005.8345 13.25628 815.43695 257.65558 30.0373
7261.2085 12.62948 853.8204 218.3675 38.50505
7264.236 10.93273 856.84705 225.14331 36.48998
6820.228 4.3254 784.52875 204.81982 25.61572
7004.337 4.3254 826.97296 229.74323 26.31472
7220.1553 4.3254 845.8813 269.7425 25.31491
7188.698 9.09407 789.8485 299.63757 23.90247
6865.177 9.11921 796.41284 273.1703 23.60596
6529.121 12.69145 761.9017 244.27985 23.90247
6786.63 13.25628 761.28955 282.8993 23.49004
6438.498 12.69145 772.0344 240.7909 29.36699
6753.763 12.62948 779.81287 214.48462 29.36699
6838.8843 10.98809 756.9248 235.77722 22.91576
6834.179 3.41494 803.4177 327.30847 22.69691
6979.672 4.3254 784.3983 265.55237 22.69691
7294.874 3.11481 865.08826 255.4685 27.85872
6986.9834 6.82983 815.77515 258.45007 24.15528
6728.8535 12.85446 784.7981 304.64844 22.91576
6667.7095 11.83952 771.1115 267.12848 22.91576
6714.7324 10.98809 760.2091 260.62915 22.91576
6751.3 10.24273 772.18164 220.16388 23.49004
7373.1753 9.09407 879.4091 205.40533 30.77288
7326.4204 9.09407 840.87494 251.35944 30.40059
6625.2134 9.45388 821.6493 150.25085 30.40059
6707.6343 9.45388 811.8914 160.47937 30.40059
6675.292 9.45388 809.19946 156.98016 30.40059
6132.428 4.70189 762.0736 125.511475 30.0373
6151.0684 4.70189 775.539 128.19421 30.0373
6376.3423 13.81957 750.7375 213.74261 29.36699
6859.255 13.25628 781.453 321.70996 22.91576
7015.2 13.25628 817.5253 293.35516 26.31472
6678.9663 12.2174 760.243 235.62756 26.1624
6843.1235 12.2174 777.8848 239.10309 30.21963
6793.871 12.56759 792.4204 244.79138 28.3981
6907.8633 10.98809 760.3201 246.58405 23.86004
6759.3706 9.11921 775.6655 243.98535 23.45232
7187.875 9.09407 816.03674 241.98413 27.36176
7076.0 10.19582 805.2737 255.75415 27.36176
7020.902 9.11921 815.3761 258.6825 27.36176
6759.113 9.08314 764.566 215.03015 26.1624
6610.602 10.19582 797.72595 183.42334 25.06802
6648.651 9.45388 789.81604 210.79834 26.77596
6903.207 9.09407 844.3464 200.02887 30.3828
6923.5894 10.19582 794.49866 233.59595 27.26857
6894.783 10.19582 791.6013 237.49817 26.91926
6876.5083 10.24273 813.2997 221.77246 30.3828
6767.1025 10.63054 780.3231 237.88293 24.41807
6723.573 12.56759 776.2574 240.06592 25.61572
6450.6343 13.81957 739.27216 213.12073 24.7394
7030.973 10.98809 789.2421 276.23297 23.49004
7039.8257 6.03521 794.7368 268.87537 23.49004
6576.977 16.28759 745.2666 275.90723 23.49004
6698.6895 16.28759 750.8962 282.21063 27.51733
5882.4854 19.26933 624.89 330.45123 18.24545
5900.5967 17.00725 650.1881 244.7406 32.79296
5986.3203 17.00725 656.3649 248.43481 32.79296
6021.896 17.00725 659.44653 252.5321 31.90742
6113.84 19.26933 618.0134 332.31964 18.24545
6196.2085 17.00725 672.32764 259.22186 23.21754
6074.1616 19.70974 607.56335 352.2307 20.29102
6500.752 18.75478 669.4203 388.6549 17.37529
5999.401 14.39771 658.4302 297.68976 18.43085
6312.3765 10.19582 680.0879 289.7475 18.43085
6481.1074 10.19582 692.5948 306.4035 18.43085
6470.452 4.3254 693.9066 334.82983 18.24545
6514.26 12.91739 692.66473 306.698 17.51422
6466.508 12.91739 697.4084 320.41864 18.24545
6514.262 12.91739 692.6647 306.69812 17.51422
6461.596 12.91739 686.3417 304.1784 17.51422
6283.1787 6.82983 695.8056 341.82843 17.51422
6244.972 5.27439 693.3391 340.8816 17.51422
6226.6807 5.27439 691.5201 276.2918 17.51422
6224.8154 15.11578 658.9326 300.99042 17.51422
6362.359 11.83952 683.24976 259.4137 18.97013
6151.289 13.25628 659.5363 259.56183 19.04572
6224.7373 13.25628 690.65985 235.71704 20.82905
6238.277 9.45388 687.7636 231.01764 20.47737
6248.0225 3.11481 695.36383 236.06323 20.47737
6374.0166 3.11481 710.4695 236.68433 20.47737
6270.0557 3.6656 680.8554 227.88116 20.47737
6274.145 3.6656 708.65125 240.7215 20.47737
6338.5547 3.6656 723.02515 241.62512 20.47737
6237.738 10.63054 695.9442 235.51685 20.47737
6221.1006 10.63054 699.14667 227.8169 20.47737
6174.3125 13.97221 702.8191 242.99701 20.47737
5959.4106 13.97221 682.9561 218.56183 23.03474
5967.3545 13.97221 678.6291 220.46942 23.03474
5939.2075 14.88415 674.1072 219.82147 23.03474
6001.784 14.88415 677.9684 221.33203 21.85575
5824.8564 3.6656 683.6981 191.75977 22.53264
5829.133 3.6656 689.4486 194.14545 22.53264
5714.236 6.32738 668.95715 199.30457 22.53264
5987.6074 12.85446 708.7543 233.44775 22.6857
6107.2256 11.83952 717.39825 212.92578 22.6857
6035.8594 11.83952 713.6752 201.10455 22.6857
6419.075 10.24273 747.86505 175.91309 23.49004
6453.5225 12.62948 739.855 195.10974 23.49004
6591.3354 7.04364 747.7037 194.125 23.49004
6612.87 7.04364 779.21484 199.66498 23.49004
6640.7437 6.82983 782.9358 189.27972 24.65902
6918.2676 12.62948 766.82074 245.67102 24.65902
6818.262 13.25628 768.7578 256.89417 23.86004
7056.496 11.83952 806.7976 249.32458 28.17564
6854.347 11.83952 791.5694 221.1247 30.2279
6791.8774 11.83952 786.83826 220.92517 30.2279
6740.345 15.83616 758.64484 285.45636 23.21754
6869.4766 10.24273 761.77527 257.84674 23.21754
7029.739 8.4868 780.76355 264.82385 24.15528
6781.98 16.55372 773.1113 286.4945 30.2279
6717.634 16.55372 714.99866 310.38538 20.82905
6977.9604 9.08314 780.4145 304.6053 20.82905
6934.1416 10.47395 760.067 269.79688 20.82905
6871.4336 10.47395 746.16895 265.38654 20.82905
6891.1694 4.3254 772.255 285.35632 20.82905
6887.4175 9.08314 774.3648 288.11945 20.82905
6987.2554 9.08314 784.1989 288.31744 21.60812
6828.6836 4.13811 787.5413 303.09882 22.6857
6906.663 4.13811 790.7271 326.39337 22.6857
6894.632 11.83952 783.89905 284.7307 22.6857
6663.336 16.55372 715.6135 268.23285 27.62561
7070.1587 11.83952 743.74884 349.278 23.03474
7299.2407 10.98809 860.93616 192.90332 38.01073
7143.8877 14.09013 827.58954 266.25226 31.29347
6996.1636 14.09013 807.3368 303.75195 30.40059
7120.6724 14.09013 803.7256 342.09607 30.40059
6916.282 13.97221 772.76965 301.97473 21.60812
6813.062 12.62948 765.16864 293.84344 21.60812
6586.591 16.53516 693.9935 331.9077 19.50135
6685.5996 16.53516 711.2807 332.12445 19.50135
6774.2065 16.53516 734.73553 291.0926 20.47737
6675.255 16.53516 732.8974 281.83423 20.47737
6885.7993 10.24273 748.6248 276.03546 20.47737
6873.4956 10.24273 751.0141 273.28436 20.47737
6924.347 11.83952 773.3389 292.63104 20.47737
6807.2153 15.49201 738.63605 333.9865 20.47737
7059.09 15.49201 776.2159 312.20453 26.31472
7163.5933 13.81957 741.17426 460.86957 26.7055
7159.508 13.81957 785.1722 337.27728 26.7055
6651.256 13.97221 767.33 252.84906 30.0373
6516.7188 15.33938 719.5998 270.28723 22.13576
6336.059 15.33938 710.0862 258.19415 22.13576
6301.3535 15.33938 708.10223 256.75342 22.13576
6548.8384 15.33938 724.58813 278.60883 22.13576
6707.526 15.83616 744.68884 257.8424 26.7055
6697.043 15.83616 751.77094 273.9511 23.49004
6750.54 15.83616 759.4022 280.776 24.65902
6775.3657 15.83616 765.455 280.84808 24.15528
6734.0444 15.01437 765.44293 271.8166 23.61153
6896.429 16.53516 768.1372 300.9375 21.85575
6676.0625 16.64856 751.0842 305.40442 21.85575
6706.0596 16.64856 750.654 312.79144 23.21754
6705.505 16.64856 750.09863 312.40344 23.21754
6228.7324 20.17996 625.81635 370.37982 19.35933
6244.1772 20.65559 649.9809 350.18927 20.82905
6261.06 19.99211 654.59503 342.7486 20.82905
6503.614 19.99211 700.73486 326.69214 23.21754
6673.6567 16.55372 745.0344 284.8131 23.21754
6638.734 19.50135 721.05115 295.3789 23.21754
6459.517 19.50135 651.6169 354.0752 19.99211
6380.749 19.25949 653.04126 379.46313 20.64232
6411.696 19.50135 656.15375 379.46478 23.03474
6689.744 19.50135 735.22644 308.2683 23.21754
6817.0767 16.55372 760.8078 288.08014 27.49233
6531.866 13.97221 752.5752 285.7057 22.6857
6713.9644 5.27439 779.708 244.73499 22.6857
6724.0522 5.80426 776.33075 227.91986 22.6857
6713.884 5.80426 780.4417 234.39789 22.6857
6663.4907 12.2174 764.4061 253.08154 22.6857
6714.5713 12.2174 759.4605 241.28644 22.6857
6619.2373 8.4868 753.045 227.38281 22.6857
6645.3345 8.4868 785.2468 263.59143 22.6857
6814.4604 7.04364 770.69604 225.20709 22.6857
7060.208 8.4868 823.08777 243.98169 25.31491
7183.3545 3.11481 823.73505 234.45172 28.17564
6831.437 6.82983 795.02014 215.30823 25.61572
6884.7373 3.6656 800.6812 227.53094 25.31491
6684.6367 3.6656 803.33484 188.19244 25.31491
6596.252 3.6656 763.5454 179.05597 25.31491
6710.242 3.6656 779.80756 168.26776 28.17564
6891.81 3.6656 842.0556 141.25232 33.09188
7180.1685 3.11481 908.4208 135.92651 35.22947
6895.9097 5.92998 786.0872 234.26782 25.06802
6891.205 10.24273 774.2132 231.41425 26.88716
6966.0864 10.98809 783.88495 234.04633 28.3981
7005.1895 11.44046 817.3275 258.71753 27.62561
6640.087 11.83952 789.1455 217.98181 26.88716
6961.327 11.83952 792.09717 265.91113 24.7394
6943.472 11.83952 793.9911 258.75513 24.7394
6558.2466 11.83952 771.6524 261.24274 22.91576
6791.9136 12.56759 785.036 238.03143 27.13057
6538.2827 12.56759 747.44147 208.12897 24.81566
6714.875 8.4868 790.9663 202.01147 22.91576
6774.918 8.4868 805.6547 229.24664 22.91576
6886.8447 8.4868 816.894 319.1983 22.91576
7022.718 8.4868 781.5557 267.29865 22.91576
6882.7236 8.4868 761.0203 267.1806 22.13576
6776.425 8.4868 749.78107 264.7304 22.13576
6951.198 8.4868 781.1965 237.87561 24.7394
6804.9717 8.4868 766.3784 254.20056 22.69691
6733.5645 8.4868 774.505 262.5492 22.69691
6680.539 8.4868 768.80133 256.32635 22.69691
6790.3955 5.80426 796.1205 305.25916 22.69691
6886.5054 6.03521 775.0562 237.6347 23.40282
6940.335 6.03521 779.44836 238.65222 23.90247
7105.174 8.4868 841.54974 168.0924 33.09188
6915.1475 10.47395 810.9836 266.96307 24.15528
6907.1562 8.4868 791.7938 236.91687 24.15528
6816.0283 5.80426 799.9361 242.55072 24.15528
6933.7876 10.19582 782.2035 236.31256 27.85872
6901.8276 9.45388 782.4645 234.91095 26.77596
6875.849 5.80426 860.76965 116.81549 34.64907
7007.5547 3.6656 883.46155 111.70679 38.50505
7297.961 3.11481 908.3008 158.31421 35.22947
7367.32 8.4868 856.97144 243.09521 30.0373
7363.2646 8.4868 852.9135 237.41595 26.77596
7375.447 9.09407 835.2899 256.6139 26.77596
7307.097 9.09407 835.6831 248.76843 24.7394
7216.509 9.45388 827.40045 264.16827 24.7394
7253.976 12.56759 817.5802 286.85022 24.7394
7089.5107 12.56759 814.5806 265.9572 24.65902
7219.137 12.56759 824.68835 268.22778 30.3828
7191.311 12.56759 821.6824 272.8357 28.3981
7023.251 3.41494 862.1294 155.22986 30.40059
7290.402 9.09407 833.10925 240.38245 30.40059
7236.4297 6.82983 856.1839 216.19183 30.40059
7426.312 9.08314 901.146 225.67407 34.64907
7407.5356 10.19582 904.80756 232.89581 34.64907
7456.4062 10.19582 909.89746 233.56763 34.64907
7421.3013 11.83952 874.791 259.08704 38.50505
7038.3203 11.83952 784.6465 236.87164 30.0373
6977.1416 10.47395 778.4269 241.22241 26.7055
6913.406 9.08314 822.8058 207.7251 26.7055
6800.5474 9.08314 798.33984 206.49213 28.07888
6678.9644 9.08314 790.3416 195.59131 28.07888
6752.934 11.83952 784.6814 207.54321 24.41807
6739.178 13.81957 773.73016 283.16864 23.49004
6703.5903 12.62948 778.93634 239.23236 24.7394
6773.6465 12.56759 789.22754 222.93695 26.31472
6586.214 12.56759 764.5989 223.51324 23.49004
6532.906 12.56759 763.8372 218.08887 23.49004
6436.7974 12.56759 769.25433 217.09662 28.40491
6763.8574 12.62948 759.42694 253.52063 23.03474
6813.4937 12.62948 749.9772 256.81934 23.03474
6733.5386 15.33938 734.1674 290.58295 21.60812
6563.9336 8.79305 727.7777 237.67072 20.82905
6910.7944 16.55372 773.3847 290.59637 30.2279
6777.9272 14.55034 764.9273 265.45233 24.15528
7038.845 14.55034 793.5084 294.162 25.06802
6958.416 13.81957 844.6766 192.88068 33.09188
6802.671 13.81957 788.6118 260.8153 30.0373
6884.459 11.44046 781.1935 236.3869 30.0373
6995.7847 11.44046 803.7097 241.06873 30.0373
6957.27 11.44046 789.6392 236.89264 30.22584
7035.8174 12.62948 797.77484 233.8703 30.3828
7116.63 13.81957 809.6169 311.84625 30.0373
7080.0854 13.25628 797.8105 371.1147 22.91576
7100.2397 9.09407 796.3672 365.00378 22.91576
7281.8403 9.09407 818.45105 292.9198 24.15528
7229.544 9.09407 823.9795 269.24377 24.15528
7160.777 9.09407 818.2064 265.0703 23.86004
6933.922 12.2174 767.29913 255.47601 23.86004
6984.9023 12.2174 789.64435 260.3863 23.86004
6938.6797 12.2174 779.8229 255.79675 23.86004
7059.477 10.24273 796.3731 256.055 26.91926
6963.749 10.24273 800.6355 272.10547 23.86004
6984.904 12.2174 789.6444 260.38635 23.86004
6833.437 12.62948 756.9126 256.03754 23.86004
6918.121 12.62948 753.3076 252.91406 24.15528
6847.902 12.62948 752.401 242.83679 24.15528
6922.733 12.62948 764.4655 244.12592 26.1624
7151.333 12.2174 801.08514 268.1756 26.1624
7058.698 12.2174 789.4733 261.71478 26.1624
7180.6704 12.62948 838.7401 239.41223 33.09188
7098.308 12.62948 796.47864 273.36157 26.77596
7176.8228 12.62948 799.40515 269.3385 28.3981
6943.663 13.25628 806.9621 256.2354 28.3981
6743.16 15.01437 764.3594 287.07715 23.61153
6616.804 15.01437 753.6227 233.85608 24.09773
6624.9854 16.28759 750.1229 247.43512 23.61153
6624.454 15.11578 744.2388 242.42596 25.61572
6454.4805 16.28759 730.136 231.11371 23.61153
6152.687 16.25401 708.6131 220.22327 23.61153
6263.3984 16.21669 712.8517 250.99023 23.49004
6486.9175 14.09013 748.46857 209.9848 30.40059
6287.755 14.09013 728.0317 210.14935 24.81566
6245.07 14.55034 724.6227 209.83374 25.17749
6434.562 14.55034 753.6854 211.48724 30.40059
6577.1406 8.66173 763.614 205.03186 24.81566
6575.843 8.66173 761.62396 204.0459 24.81566
6496.6685 10.98809 766.5234 200.85931 29.39395
6544.9824 10.98809 769.3808 206.22052 29.39395
6648.101 12.62948 780.1335 211.90228 29.39395
6876.3057 12.62948 775.6762 254.47614 29.39395
6750.081 12.6661 788.8773 254.07043 29.39395
6453.943 12.6661 746.8078 232.21759 24.09773
6685.7734 13.97221 756.35297 239.82635 24.15528
6767.5796 13.97221 799.7164 207.00208 33.09188
6789.4795 13.97221 791.8791 214.71307 33.09188
6631.936 13.97221 752.2629 235.03339 23.49004
6582.422 15.11578 749.52637 239.9552 24.15528
6802.4634 15.83616 752.80194 269.56763 24.65902
7018.6177 12.62948 772.1251 253.80823 25.61572
6908.664 10.98809 781.45154 231.92877 26.7055
7128.389 10.47395 809.9356 238.05536 30.0373
7003.2627 10.47395 824.9753 253.2315 30.0373
6969.8975 12.2174 820.62646 255.29272 30.0373
6984.003 12.2174 792.52795 243.53186 30.0373
7019.1475 12.2174 831.7419 262.28363 30.0373
7126.2783 12.2174 839.8933 317.06494 30.0373
7238.038 12.2174 852.87976 270.08374 34.64907
7327.935 10.98809 844.4417 362.84332 30.77288
7113.043 10.19582 803.01483 247.10443 29.28648
7060.4336 10.98809 808.1714 221.5426 29.28648
7054.7607 10.19582 811.87463 252.9823 29.28648
7289.0337 10.19582 837.8436 227.27979 36.54747
7163.216 10.19582 822.53485 240.5777 30.0373
7182.0503 9.11921 843.4708 281.19922 30.3828
7113.8706 12.62948 798.18866 247.11176 30.40059
7398.3115 9.09407 871.13074 255.72388 30.0373
7307.32 5.27439 909.0015 207.00824 33.09188
7258.6055 7.04364 899.7729 160.5368 38.33129
7213.4434 6.03521 835.8767 219.21094 30.0373
7160.9614 4.13811 836.4388 204.50714 30.0373
7198.707 4.13811 854.69415 222.30621 30.0373
6843.4194 5.80426 811.90045 221.05634 24.65902
7092.802 3.6656 850.40533 179.61029 30.77288
7088.531 4.13811 851.6783 178.4466 30.77288
7156.5957 7.04364 851.46857 191.13568 30.77288
7065.9487 8.4868 845.4201 173.3634 30.40059
7053.6006 8.18716 825.7082 218.99323 27.62561
7072.6167 8.4868 883.72906 173.57611 30.40059
7059.38 5.80426 884.06744 182.15167 30.79455
7083.5767 5.80426 870.71344 178.12091 30.40059
7171.991 9.09407 868.41864 212.4018 30.40059
7195.0986 9.09407 866.6438 212.83533 30.40059
7258.5415 9.09407 852.09875 235.59668 30.40059
6952.728 13.81957 793.9575 237.26514 30.40059
6769.1133 13.25628 810.48804 240.63159 30.40059
6610.5825 13.81957 799.7583 184.93842 30.40059
6762.368 13.81957 808.3601 198.05762 30.40059
6735.841 13.25628 820.89056 182.6325 30.40059
6696.0024 13.81957 806.0264 188.41974 30.40059
6703.29 13.81957 804.2516 195.42749 30.40059
6785.6646 13.81957 805.56256 201.52374 30.40059
6966.194 13.81957 812.2134 238.74695 30.77288
7008.3525 12.62948 800.9605 224.47296 30.77288
7032.126 10.83634 822.7141 184.70679 33.09188
6820.387 10.47395 781.9907 213.06372 30.0373
6853.987 10.47395 808.64844 217.99878 30.0373
6883.518 10.47395 795.7491 213.91846 30.0373
6842.3174 10.98809 787.71216 217.0741 30.0373
6948.109 11.08703 797.5867 238.57251 30.0373
6965.5503 11.08703 789.25305 233.8739 30.0373
6948.11 11.08703 797.5867 238.57263 30.0373
6898.3677 13.97221 771.90753 253.4079 30.2362
6856.6978 13.97221 778.99835 246.68378 30.2362
6877.0576 13.97221 785.31635 245.03705 32.42335
6942.9624 13.81957 780.9309 240.41266 30.0373
6733.658 15.78782 756.3922 235.36316 30.0373
6613.3037 15.54405 740.6489 237.48584 24.7509
6607.499 15.33938 734.8468 252.07324 23.03474
6598.1577 15.33938 735.46265 252.15692 23.03474
6611.7725 15.83616 734.71783 257.5323 23.49004
6620.2866 13.97221 755.86865 249.41382 23.49004
6615.8584 13.97221 751.44135 231.83813 24.7394
6668.206 13.97221 764.85846 242.22095 24.7394
6985.47 15.83616 769.06464 274.8437 24.7394
6955.54 11.83952 783.45685 247.58978 24.7394
7049.7554 11.83952 796.01825 244.80035 28.17564
7006.3896 11.83952 797.72626 248.4361 27.26857
6965.2246 13.25628 792.8276 259.93427 28.17564
7026.9155 11.83952 802.20447 241.14795 29.28648
7246.4463 10.19582 845.16266 230.13873 34.64907
7260.584 10.19582 840.72003 225.69794 34.64907
7314.489 11.83952 868.5109 232.56537 38.50505
7199.3022 13.25628 834.66113 307.12524 30.77288
6787.1836 18.19086 749.8162 334.87323 24.15528
6598.1733 17.00098 692.3792 423.61383 18.37289
6487.9097 17.00098 683.3522 323.1969 18.70247
6560.865 17.00098 691.64166 325.33832 18.24545
6536.1494 16.19792 683.8752 324.15045 17.37529
6665.7925 9.09407 693.47375 367.82275 18.24545
6654.788 16.25401 695.13446 373.7166 18.70247
6526.2534 16.25401 692.7708 409.1883 17.37529
6851.679 16.55372 703.9176 404.78247 19.70974
7034.698 11.83952 773.9928 301.0205 20.68348
6938.4834 11.83952 765.834 296.63232 22.47896
6948.3203 11.83952 763.76855 309.3905 20.64232
6717.8022 11.83952 744.4087 279.20337 20.47737
6916.046 11.83952 769.74603 281.37482 20.47737
6776.529 16.25401 742.5835 364.66223 20.47737
6796.866 16.25401 739.3811 373.60303 20.47737
6630.879 16.55372 739.857 316.98114 20.68348
6908.0815 13.81957 756.7852 336.1596 20.68348
6672.6313 12.85446 719.8889 274.71912 20.47737
6744.086 12.85446 733.03534 274.98285 20.47737
7079.672 15.83616 768.4543 354.54462 20.47737
7018.727 15.83616 763.7232 354.34503 20.79233
6688.949 13.96655 730.9336 285.89062 20.47737
7274.782 8.4868 858.9741 242.77576 26.77596
7450.324 8.4868 914.3377 191.34747 34.64907
7522.1465 8.4868 909.4315 180.44592 38.33129
7492.9385 8.4868 925.828 160.54956 38.33129
7491.504 9.09407 909.7137 173.10614 38.50505
7370.177 9.09407 895.9093 172.60522 38.33129
7323.3267 9.09407 909.02563 176.8905 38.40141
7218.115 9.09407 817.1338 230.87744 30.22584
7204.601 6.82983 866.3706 232.82373 30.22584
7202.271 6.82983 832.4704 223.12848 30.22584
7245.831 6.82983 845.51447 223.74664 30.22584
7162.058 6.03521 837.2895 212.24335 30.22584
7124.5684 5.27439 817.8789 204.84717 30.22584
7166.673 6.03521 825.68585 219.30157 29.28648
7201.09 9.09407 833.13965 239.6195 29.28648
7109.9863 10.19582 818.8613 256.19727 29.28648
6922.1587 11.83952 783.3778 245.46484 27.62561
6835.493 11.83952 803.16895 263.44043 24.15528
6818.469 11.83952 799.0931 261.46417 24.15528
6536.9985 9.11921 779.08685 219.77039 24.15528
6570.13 6.82983 800.97723 205.06793 24.15528
6543.887 6.82983 768.4662 192.3905 24.15528
6413.3574 6.82983 752.7134 214.13153 22.69691
6305.438 6.82983 724.462 181.63068 22.69691
6351.8823 7.04364 724.9604 207.23132 22.69691
6478.27 7.04364 762.03625 176.36395 26.77596
6337.572 9.45388 755.6347 173.81268 26.77596
6143.785 8.25139 735.66003 170.48596 26.77596
6097.926 6.62037 727.5992 155.43848 26.77596
6125.7554 6.62037 720.2401 153.99872 26.77596
6073.5303 6.62037 714.31134 161.38678 26.21495
5927.62 4.3254 724.4212 142.38715 26.21495
5898.879 4.3254 717.8571 156.23956 24.15528
6013.5415 4.3254 722.5735 157.91724 24.15528
6143.035 3.6656 764.9048 141.64941 24.15528
6126.8755 3.6656 758.29956 136.38318 24.15528
6173.7896 3.6656 757.1474 135.81879 28.40491
6248.482 5.92998 768.0363 150.67493 30.0373
6110.038 5.92998 754.44977 160.4466 28.40491
6160.867 5.92998 755.39014 164.90857 24.15528
6136.1997 6.32738 753.57025 162.65015 24.15528
6146.9253 6.32738 748.66003 165.21796 24.15528
6227.84 3.11481 761.59204 158.7279 24.15528
6331.7314 3.11481 776.72186 151.81873 26.20491
6406.3535 3.11481 782.9067 158.20099 26.20491
6475.2324 3.11481 794.9266 140.23145 29.36699
6554.5435 3.11481 810.5827 156.18115 26.77596
6352.616 3.11481 764.83606 173.2215 25.31491
6285.292 4.3254 769.8635 171.12854 24.65902
6236.9487 4.3254 772.5696 142.07251 29.36699
6230.993 4.3254 766.61346 141.93341 29.36699
6382.5923 4.3254 781.61127 154.20935 29.36699
6446.087 3.41494 802.72833 122.206726 29.36699
6497.9385 3.41494 801.9648 151.47601 27.62561
6480.246 3.11481 803.4133 121.34125 30.11663
6436.8506 3.11481 778.54004 142.58508 26.77596
6269.214 3.41494 749.3194 148.3222 24.7394
6308.266 3.41494 752.94916 161.0036 24.7394
6264.645 3.41494 771.49036 150.56683 26.1624
6273.257 3.41494 759.051 175.75934 24.43549
6248.987 3.41494 765.49274 159.32458 24.7394
6327.1543 3.41494 763.44324 177.05518 24.7394
6462.94 3.41494 783.9792 137.54718 27.62561
6519.1704 3.41494 796.9896 143.25317 29.36699
6433.2217 3.41494 775.8304 133.72601 27.26857
6404.0776 3.41494 774.43604 135.2879 26.21495
6433.221 3.41494 775.83044 133.72601 27.26857
6392.9927 3.6656 767.6616 150.67114 27.26857
6299.531 3.6656 781.3877 166.22235 27.26857
6451.295 3.6656 813.29126 123.30554 30.0373
6316.835 4.3254 792.59015 134.52936 30.0373
6220.1025 4.3254 772.44885 132.90979 30.0373
6241.607 4.70189 778.5744 128.64526 30.40059
6358.9443 4.70189 781.9972 137.94409 30.40059
6392.619 4.70189 776.6057 149.95013 30.40059
6392.398 4.3254 784.9723 143.63885 30.40059
6408.452 4.3254 780.5005 146.17786 30.40059
6586.195 9.08314 815.04614 121.17517 33.09188
7243.995 12.2174 843.48334 225.07635 33.09188
6990.068 12.62948 778.19763 243.82465 30.0373
6879.8926 12.62948 774.3138 260.47394 24.15528
6630.262 15.54405 733.6164 254.03955 24.05971
6966.2188 12.62948 781.49365 246.81763 30.0373
7015.9126 12.62948 803.7853 242.28564 30.3828
7069.061 10.24273 792.7531 236.08282 30.0373
7156.919 10.24273 804.3683 236.65723 30.0373
7085.4414 12.62948 796.7837 252.4751 30.0373
7050.2793 12.62948 820.07074 247.14142 30.0373
7072.438 12.62948 798.3813 267.91937 30.2362
7072.992 12.2174 787.68774 249.82446 30.0373
6794.862 8.4868 829.1592 176.54956 30.0373
7043.378 8.4868 882.68286 191.13953 30.0373
6741.2188 9.45388 805.1627 173.70477 28.40491
6786.7373 4.3254 814.9772 171.41211 28.40491
6919.345 4.3254 803.414 219.00378 26.1624
7060.272 3.6656 867.2302 166.85486 30.0373
6916.4497 3.6656 831.3532 166.82745 30.0373
6865.5044 4.3254 847.2951 153.21252 30.0373
6863.2847 4.3254 844.4218 149.96613 31.96211
6892.968 3.6656 862.0832 148.19135 30.0373
7082.2114 4.3254 876.4791 211.91162 30.0373
7088.2173 4.3254 876.3689 211.73096 30.0373
6888.6084 3.6656 857.7249 131.33582 30.0373
7082.213 4.3254 876.479 211.91187 30.0373
7088.2163 4.3254 876.36896 211.73077 30.0373
6888.6094 3.6656 857.72473 131.336 30.0373
6898.448 3.6656 857.0632 153.83636 30.0373
6800.9062 3.6656 823.4372 159.3645 28.40491
6773.682 3.6656 820.5399 159.14764 28.40491
6711.4453 10.19582 809.79266 169.99188 28.40491
6924.902 10.19582 820.9981 208.74481 30.0373
6983.02 10.19582 838.43085 275.08478 30.0373
6876.8037 10.19582 829.975 177.32458 30.0373
6934.8286 9.09407 807.5332 238.7799 27.26857
7003.795 9.09407 828.24945 275.55084 24.15528
6804.114 8.4868 813.75635 212.57727 24.15528
6812.818 4.3254 812.4426 224.74854 24.7394
6786.89 8.4868 815.7915 212.22046 24.15528
6598.825 8.79305 772.0946 251.5523 22.91576
6713.0923 3.6656 805.2375 211.00018 24.15528
6609.0854 10.19582 782.8794 256.09106 24.15528
6804.885 10.19582 791.1475 245.04596 24.7394
6770.6704 10.19582 788.2796 239.33905 24.7394
6628.0864 4.13811 801.7598 203.5224 24.7394
6844.078 8.66173 793.45984 229.65643 26.1624
6623.765 5.27439 793.9034 202.27393 25.17749
6763.6455 5.27439 806.4482 196.5733 25.31491
6796.765 6.82983 809.7651 196.87378 25.31491
7214.441 6.82983 835.0115 232.94421 29.28648
7081.4 8.4868 869.1865 184.01294 30.0373
6780.2524 8.4868 821.2268 170.51562 28.17564
6478.396 4.3254 792.1185 170.3158 27.85872
6467.7075 6.62037 780.8486 165.57916 27.62561
6479.577 6.62037 788.28906 170.0102 27.62561
6493.415 4.3254 786.9121 165.02283 29.4897
6757.813 3.11481 835.05536 178.185 26.77596
7036.0884 3.11481 852.6063 226.20703 27.85872
6819.08 3.11481 869.89307 109.760254 33.09188
7019.8223 8.66173 868.97894 153.20636 33.09188
6997.048 3.41494 882.1525 141.70892 33.09188
7045.442 3.41494 863.69855 141.64728 33.09188
6895.2305 3.11481 875.1967 122.3858 33.09188
7023.0234 3.11481 882.74194 135.7221 33.09188
7197.5186 4.3254 891.38385 145.72601 33.09188
7167.271 6.03521 877.98596 163.73181 33.09188
7296.6294 3.41494 911.933 170.49939 33.09188
7268.892 6.82983 885.79565 165.46265 33.09188
7134.586 12.2174 854.86914 186.6731 33.09188
6954.129 10.19582 848.2445 167.34186 33.09188
6944.411 10.19582 851.1768 171.30048 33.09188
7086.76 10.19582 850.4376 168.38263 33.09188
7054.0513 6.03521 857.7871 145.71216 33.09188
6929.5864 10.24273 829.198 168.3092 30.40059
6954.17 10.24273 832.201 170.09442 30.40059
6757.035 10.47395 795.1566 191.581 30.40059
6861.4014 10.47395 804.93524 200.85815 30.40059
6954.169 10.24273 832.201 170.0943 30.40059
6828.179 11.83952 805.4144 193.44391 30.40059
7119.5273 10.47395 843.92505 233.00952 30.77288
6669.9155 14.39771 735.32855 251.41028 25.17749
6649.8457 14.55034 747.07635 249.5307 24.15528
6629.1045 16.55372 742.85486 256.2774 28.3981
6732.8584 16.55372 745.52075 245.66418 30.0373
6616.47 16.55372 730.7627 262.12073 23.21754
6305.314 19.25949 638.0167 341.25397 19.35933
6644.0264 16.64856 745.9274 281.69122 24.65902
6543.0405 16.64856 733.52374 279.133 27.51733
6730.314 16.64856 753.6776 279.8379 33.09188
6683.673 16.64856 745.63525 293.0221 20.82905
6589.1685 16.55372 731.47406 263.55768 23.03474
6782.576 12.62948 752.3441 261.79584 23.40282
6703.865 12.62948 733.761 289.1175 20.82905
6870.7905 13.2815 774.11914 277.23865 23.61153
6834.223 13.2815 768.2967 272.45587 23.61153
6886.7153 13.97221 785.7683 274.49036 30.2279
6805.187 13.97221 784.63104 260.95197 30.2279
6877.0996 12.62948 769.7785 235.71704 30.2279
6737.239 14.55034 751.0803 245.51868 30.2279
6799.7505 14.09013 800.70087 217.82867 30.40059
7025.0977 12.62948 783.27637 223.9082 30.40059
7007.0625 12.62948 802.56335 224.2262 30.77288
7155.7886 11.83952 845.0687 242.09656 30.77288
7199.0293 10.47395 853.61597 242.28992 30.77288
7220.5767 11.83952 840.68494 242.35925 30.77288
7211.0977 10.19582 830.1957 186.6648 34.64907
7260.7124 10.19582 879.8107 150.64813 35.26114
7166.9336 10.24273 792.63257 250.8722 27.37853
7057.768 10.24273 770.3622 259.1797 26.1624
7164.755 10.19582 843.1434 183.92218 34.64907
7228.538 10.19582 871.0975 207.56354 34.64907
7220.7295 10.19582 869.42804 198.08954 34.64907
6929.644 8.4868 769.9886 229.64392 26.31472
6919.082 10.19582 767.7871 229.43237 26.91926
6943.409 10.24273 781.795 231.89075 26.91926
6808.694 12.62948 779.6804 252.04993 23.86004
7047.168 12.2174 794.369 360.10352 23.86004
7066.3857 13.25628 805.76556 273.66742 23.90247
7261.725 12.69145 855.61194 275.5652 38.50505
7278.769 12.69145 862.52997 301.03033 36.48998
6990.142 12.69145 783.9676 305.77704 23.03474
6903.2188 15.83616 776.8792 304.59808 23.03474
6997.802 11.83952 790.76855 276.96155 23.03474
6855.7393 8.79305 772.0366 263.66968 23.03474
6854.776 8.79305 778.178 266.1571 22.6624
6647.2935 3.6656 760.16296 264.1068 22.6624
6698.3125 8.4868 756.1084 246.79565 22.6624
6597.5137 8.4868 750.1077 239.08026 22.6624
7418.3813 10.98809 841.9688 273.50836 35.26114
7320.19 11.83952 832.048 265.57678 30.77288
7373.0796 10.98809 830.33765 300.73706 30.77288
7312.346 11.83952 835.02136 277.71765 30.40059
7199.985 8.66173 852.1703 231.24426 30.40059
7312.3457 11.83952 835.02136 277.71753 30.40059
7234.316 10.47395 862.11365 261.83008 30.40059
7246.486 9.09407 869.87 246.05469 30.40059
7238.3213 10.47395 845.2415 244.72455 30.40059
7244.3257 12.56759 836.07385 203.21179 30.40059
7213.392 12.56759 848.60425 217.86768 31.29347
7085.615 10.19582 850.4837 250.9494 30.40059
7234.232 10.19582 859.56995 236.39929 30.77288
7047.1685 10.19582 842.54535 233.34052 30.40059
7176.925 10.19582 862.0132 229.18054 30.77288
7139.4805 10.47395 838.577 221.43494 30.77288
7011.75 10.47395 851.6799 171.39185 33.09188
7020.7334 10.47395 856.9772 184.16016 33.09188
6961.9033 9.08314 849.1984 154.13367 33.09188
6954.343 9.08314 853.18726 163.96155 33.09188
6905.3125 10.47395 855.71906 155.41333 33.09188
6940.909 10.47395 854.2153 154.39197 33.09188
7194.268 10.47395 878.67175 191.42578 38.50505
7243.357 10.47395 882.04193 193.74359 38.50505
7349.5728 10.47395 882.34955 236.80304 38.50505
7233.802 10.47395 879.4485 213.97424 33.09188
7216.5903 10.47395 886.79803 217.4527 33.09188
7276.6084 9.09407 900.45575 179.37982 33.09188
7565.0786 9.09407 930.8378 179.86627 40.55643
7284.931 10.24273 830.55634 235.07147 33.09188
7194.7104 10.19582 836.13 202.64331 33.09188
7218.8057 10.24273 837.5573 204.18 33.09188
7264.6074 10.24273 883.36017 173.39911 36.54747
7204.147 10.98809 870.1349 170.45056 36.54747
7211.7393 10.24273 869.94446 165.9845 36.54747
7087.323 8.25139 859.1481 149.08124 36.54747
7117.42 3.6656 886.01373 120.15662 38.62883
7499.7544 8.4868 924.73834 162.617 38.50505
7488.9487 9.09407 913.9341 173.71216 38.50505
7517.0557 3.41494 916.2988 198.01611 38.62883
7575.2354 4.3254 914.45935 172.30408 38.33129
7570.924 4.3254 928.44354 209.05328 38.33129
7513.7983 4.3254 871.31775 215.193 38.01073
7042.3594 10.47395 832.2262 281.56897 29.28648
7033.022 10.24273 829.7729 280.51654 29.28648
6991.5117 10.24273 789.36395 249.30695 26.31472
7120.835 10.24273 799.8616 243.17114 27.13057
7056.9575 10.24273 805.72485 253.93445 26.91926
6991.2617 11.44046 799.10706 255.68591 24.65902
6769.2397 12.56759 779.9584 251.98877 24.65902
6391.877 13.2049 750.2109 229.31104 23.86004
6396.0317 13.2049 753.7102 231.41553 23.86004
6365.1533 13.2049 754.6274 201.60907 22.91576
6216.3403 8.79305 729.3223 201.21515 22.91576
6233.9956 5.80426 731.08136 206.65198 22.6857
6252.397 5.80426 736.28375 206.76892 22.6857
6186.073 8.79305 724.2223 221.47845 22.6857
6128.0776 8.79305 702.76514 227.24939 22.6624
6108.583 8.79305 704.35626 219.83423 22.6624
7457.158 5.27439 869.23334 264.09576 29.28648
7199.835 5.27439 828.8751 237.0398 27.62561
7166.054 4.13811 841.4337 230.38489 27.62561
7178.8423 5.27439 855.1592 199.969 31.98356
7099.181 5.27439 868.3401 197.72534 30.40059
7106.987 3.41494 878.8231 196.17957 30.52903
7147.858 5.80426 860.736 204.24261 30.40059
7142.107 5.80426 862.77985 201.7602 30.40059
7273.2656 5.80426 868.28796 208.92908 30.40059
7244.2783 4.3254 887.33136 206.4704 30.40059
7342.1167 4.3254 896.6545 211.46649 30.40059
7469.056 4.3254 914.9399 183.72308 33.09188
7492.441 8.66173 890.7907 227.18744 33.09188
7484.178 4.13811 889.6942 223.65393 33.09188
7532.868 9.09407 894.83044 227.25842 33.09188
7467.9062 9.09407 889.53894 221.04968 33.09188
7426.13 8.66173 885.4991 220.97882 33.09188
7360.2295 8.66173 845.8609 243.16974 30.40059
7430.1465 8.66173 871.1707 266.93488 30.77288
7492.321 8.66173 843.5109 275.35553 30.77288
7401.7417 4.13811 881.3179 216.03137 30.77288
7492.9478 6.03521 770.7596 356.9854 28.56166
7477.7305 6.03521 783.8557 317.35254 28.56166
7417.895 6.03521 791.9763 353.4325 28.56166
7401.023 6.03521 788.7371 351.4096 28.56166
7414.609 6.03521 778.38574 311.09924 28.56166
7493.4707 6.03521 770.2652 357.91827 28.56166
7632.2407 6.03521 909.0352 194.37799 38.33129
7531.6206 6.03521 846.6019 264.48657 30.0373
7517.4194 5.80426 856.42004 248.45422 31.29347
7517.753 4.3254 856.6657 252.83844 31.29347
7477.0293 4.3254 893.31006 241.09827 30.0373
7471.0757 4.3254 873.93427 236.67413 30.2362
7515.6016 4.3254 857.6567 260.54938 30.2362
7334.7275 3.11481 870.9095 232.33514 30.2362
7272.4634 3.11481 858.7408 230.35284 30.2362
7200.2334 5.80426 863.1355 230.63538 30.2362
7266.4106 9.08314 875.9338 235.16779 30.2362
7298.3867 4.3254 881.7593 234.06079 30.2362
7447.434 4.3254 881.72064 238.03632 31.29347
7471.7695 4.3254 880.8452 229.98181 31.29347
7461.1694 5.80426 847.91315 229.45624 30.0373
7456.1177 5.80426 873.6465 238.42749 29.28648
7367.5674 9.08314 841.2543 329.83594 29.28648
7372.542 9.09407 837.1267 245.21094 29.28648
7188.4253 4.3254 862.5463 208.4815 29.28648
7161.329 9.09407 861.2975 205.19604 29.28648
7063.352 9.09407 847.9235 233.58331 27.85872
7023.394 8.66173 844.4479 232.94836 27.85872
6910.3174 3.6656 828.4297 234.18115 25.31491
6907.4297 3.6656 836.85175 231.05707 25.31491
6917.0347 3.6656 833.1429 241.25653 26.1624
7115.095 4.3254 820.26105 228.36334 26.1624
7063.36 4.3254 843.63495 246.11127 26.1624
7072.403 4.3254 860.84644 276.46655 26.1624
7026.7085 5.80426 844.9992 275.45428 25.31491
7167.889 8.4868 830.2997 237.72095 26.1624
7024.9814 8.4868 803.3797 233.12726 26.1624
6874.8955 4.3254 839.4467 212.81256 26.1624
6712.7256 4.3254 788.6236 194.4856 26.1624
6838.8257 4.3254 816.85846 197.76093 26.1624
6837.435 4.3254 820.2807 209.55731 25.31491
6903.9326 4.3254 840.57367 178.2511 26.77596
6833.3916 8.25139 831.10046 185.87018 26.77596
6997.4946 8.4868 856.3786 199.51044 26.77596
7158.2407 8.4868 850.95886 221.79211 26.77596
7014.687 8.4868 821.83997 215.85376 26.77596
6997.737 6.82983 822.44775 218.60803 26.77596
7007.0635 5.80426 855.31665 198.80627 26.77596
6858.8623 5.80426 833.8033 176.1377 26.77596
6828.822 5.80426 818.75073 175.04193 26.77596
6738.1943 6.82983 813.1585 172.5752 26.77596
6811.792 8.4868 819.3933 177.61511 29.4897
6779.808 8.4868 816.0765 177.12555 26.77596
6871.342 8.4868 832.32007 199.16064 26.77596
6755.953 8.4868 833.8929 179.25214 29.36699
6748.8066 8.4868 835.7826 176.92383 29.36699
6864.8833 8.4868 834.2098 197.67804 26.77596
6948.346 7.04364 839.9894 166.41779 30.77288
6966.4883 7.04364 838.5655 165.67279 30.77288
6905.4966 6.82983 829.9904 165.50714 30.77288
6979.184 6.82983 858.45734 172.33783 30.77288
6959.37 4.13811 860.2626 172.70154 30.77288
7118.771 4.13811 852.6177 184.20703 30.77288
7138.1514 6.03521 859.91943 184.50708 30.77288
7157.071 6.03521 864.2395 185.74744 30.77288
7166.1333 5.80426 857.9204 188.01794 30.77288
7173.31 6.03521 862.7423 194.74329 30.77288
7186.187 6.03521 847.41046 204.30365 30.77288
7179.5977 8.4868 849.1852 196.4768 30.77288
7288.931 6.03521 887.55493 164.20483 35.22947
7268.6377 6.03521 909.66284 166.25647 35.22947
7232.108 5.92998 893.32733 165.65973 35.22947
7333.1846 4.13811 908.7875 167.11218 38.01073
7334.291 4.13811 917.8644 167.62256 35.22947
7306.0938 4.3254 913.88 166.0 35.22947
7272.215 4.3254 903.2515 165.2038 35.22947
7357.211 4.3254 897.42584 165.13202 35.22947
7174.9053 5.80426 870.80133 146.91895 35.22947
7063.891 5.80426 872.4194 132.40808 35.22947
7107.019 8.4868 858.8367 155.12476 35.22947
7119.6475 10.24273 871.3553 167.72992 35.22947
7271.369 10.19582 871.0721 189.45648 35.22947
7291.59 4.13811 892.12823 155.99908 35.22947
7344.622 4.13811 906.48016 156.40363 35.22947
7440.3335 4.13811 915.027 175.57153 35.22947
7381.314 8.66173 908.0677 175.6607 35.22947
7442.5317 9.09407 890.93726 204.61353 35.22947
7451.752 9.09407 892.7871 190.1654 38.01073
7433.4346 5.80426 908.0986 174.57404 38.01073
7336.24 9.09407 890.9313 192.88159 35.22947
7326.448 9.09407 883.606 190.05951 35.22947
7285.358 8.66173 876.0448 160.54456 35.22947
7272.353 8.66173 880.4295 156.81671 35.22947
7194.191 10.24273 873.81213 169.20532 36.54747
7118.912 10.98809 865.1599 187.11609 33.09188
7084.112 9.45388 853.5661 186.11261 33.09188
7166.209 10.98809 863.1838 188.32416 33.09188
7080.2866 10.98809 799.8661 244.23816 30.30061
7101.6724 10.98809 791.34296 256.5202 30.30061
6980.8633 10.98809 805.6517 240.80695 26.77596
6966.965 10.98809 806.1277 240.34338 26.77596
7139.5234 10.98809 823.45386 262.66284 26.77596
7165.5303 10.98809 826.35126 258.16364 29.28648
7099.5005 10.98809 782.2252 245.63525 29.28648
7070.547 10.98809 779.3279 248.70007 26.77596
6956.4097 10.98809 814.36237 260.35614 26.77596
6955.551 9.45388 811.927 252.27405 26.88716
6860.937 9.45388 798.7215 255.31378 24.65902
6887.04 5.80426 830.01154 296.09344 24.65902
6990.92 5.80426 795.87756 237.06909 24.65902
6987.5913 9.08314 804.5324 238.29547 24.65902
6923.4995 3.41494 781.45087 234.80359 24.65902
6884.587 9.45388 794.16223 241.27673 24.41807
6986.001 9.08314 806.4221 238.92126 24.65902
7122.9824 6.82983 818.81354 245.97723 24.65902
7145.8794 5.92998 819.89307 255.5028 24.65902
6868.0703 5.92998 797.5873 249.25012 24.41807
6678.6685 5.92998 792.2644 229.10803 23.49004
6919.221 9.11921 799.67834 256.43665 24.65902
6912.6143 9.45388 771.2243 253.60004 24.65902
6916.7314 9.11921 783.29407 253.11597 24.65902
6919.2217 9.11921 799.6783 256.4367 24.65902
6912.613 9.45388 771.22437 253.59985 24.65902
6908.2656 9.45388 769.3346 253.34387 24.65902
6986.974 9.45388 782.5399 247.59094 26.77596
6796.0063 9.11921 807.77765 205.9773 26.88716
6613.5073 9.11921 763.1163 206.22711 24.7509
6497.417 9.45388 759.26434 199.4588 24.7509
6388.0845 9.45388 740.0259 214.79346 22.69691
6471.999 3.6656 750.98846 201.40765 22.69691
6574.8574 10.19582 756.66455 217.74908 22.69691
6565.3955 10.19582 747.20264 230.5346 22.6857
6835.4365 10.19582 772.38544 281.1612 22.6857
6754.6797 10.19582 751.3339 267.67297 22.6857
6769.375 10.19582 753.53546 268.9773 22.6857
6575.0757 9.08314 779.16455 232.71216 22.6857
6598.6084 4.3254 785.3924 231.78937 22.6857
6605.596 4.3254 776.10834 205.99634 22.6857
6797.769 4.3254 794.1234 286.59167 22.6857
6672.882 4.3254 778.3423 210.90259 22.6857
6700.2065 4.3254 793.9871 194.51172 24.15528
6838.657 4.3254 807.97534 246.17358 24.15528
6832.1924 4.3254 808.0966 251.0473 24.15528
6883.7686 5.80426 798.7755 232.62097 24.15528
6836.887 5.80426 780.21826 207.99683 24.81566
7017.034 5.80426 811.45917 228.09308 24.81566
6921.2544 6.03521 789.86694 237.98181 24.81566
6915.1514 4.3254 814.7732 232.00647 25.06802
6903.469 4.3254 821.37213 251.64923 24.15528
7072.816 4.3254 832.18506 286.71838 24.15528
6971.869 4.3254 827.2549 267.66687 24.15528
6956.2383 6.82983 826.2489 262.65906 24.15528
6786.5186 6.82983 798.1576 260.09314 23.49004
6917.723 9.09407 770.4536 250.2547 23.49004
6903.371 9.08314 779.8178 272.03497 23.49004
6885.124 9.09407 780.5406 266.7951 23.49004
6927.5312 9.09407 779.31433 241.39758 24.7394
6879.3916 9.09407 785.8533 241.91833 23.49004
7011.624 9.04912 797.2748 253.8949 23.49004
7035.2446 9.04912 812.6733 279.86664 23.49004
7074.808 9.09407 815.9786 280.3863 23.49004
6812.568 9.09407 764.8565 270.3194 22.6857
6792.6377 9.09407 786.19574 276.0766 22.6857
6748.0977 10.47395 787.5379 297.5479 22.6857
6771.6396 5.80426 792.13257 292.9392 22.6857
7391.3154 4.3254 795.09216 325.4099 27.85872
7458.1836 3.11481 832.9618 304.93323 28.17564
7382.1367 4.3254 821.0686 289.91272 28.17564
7425.6587 4.3254 851.3839 290.39636 28.17564
7376.496 4.3254 847.16125 288.8573 28.17564
7471.7 8.66173 906.268 216.97186 35.22947
7040.6855 5.92998 843.3706 143.75995 36.54747
7008.195 6.03521 839.4999 143.8996 36.54747
7060.169 5.80426 865.6795 125.94519 36.54747
7180.5327 5.80426 889.25024 140.33484 36.54747
7296.3916 5.80426 887.5535 154.33624 36.54747
7273.9355 5.80426 898.22906 142.8747 36.54747
7353.334 3.6656 916.49756 125.576416 38.62883
7320.189 3.6656 908.062 138.2334 38.33129
7229.6123 3.6656 905.62787 124.818054 38.33129
7177.137 3.6656 893.75635 122.796814 38.62883
7184.1323 3.6656 897.0658 124.36035 38.33129
7158.4233 3.6656 894.0107 124.30127 35.22947
7258.214 3.6656 905.30096 131.35162 35.22947
7298.767 3.6656 903.4134 145.17072 35.22947
7279.857 3.6656 898.4713 130.2544 35.22947
7340.3413 6.03521 874.8964 184.52325 33.09188
7235.3354 12.62948 832.4277 228.4245 33.09188
6894.551 10.47395 770.5995 241.4021 24.7394
6834.382 12.62948 753.5044 244.83502 24.65902
6892.2354 12.62948 757.7271 245.14062 24.7394
6755.9033 13.2815 743.9192 254.58661 25.17749
6790.9897 12.69145 750.3501 253.08759 24.7394
6955.09 12.69145 786.0629 265.58392 26.31472
6897.167 13.25628 774.79333 268.37378 24.15528
7060.883 12.62948 793.7234 266.1394 24.15528
6968.4785 8.4868 787.1932 248.64203 24.15528
6856.627 12.62948 763.9386 255.58179 24.15528
7036.511 13.81957 799.0845 268.7063 30.21963
7022.822 9.11921 800.49176 285.55524 23.49004
7002.3926 6.82983 806.1079 278.9889 23.49004
6969.6113 5.27439 800.9943 272.74164 23.49004
7006.9043 6.82983 804.6647 272.87756 23.49004
7058.6646 9.09407 806.9605 279.32233 23.49004
7187.915 9.09407 818.2144 262.67694 24.65902
6935.3696 10.47395 799.66974 274.7591 23.49004
6721.5566 10.47395 775.77924 258.37726 22.6857
6653.349 10.98809 767.1082 276.57208 22.6857
6433.8257 13.97221 744.90155 282.33344 22.6857
6419.5444 14.09013 747.4875 271.63837 22.6857
6740.709 14.09013 773.6283 297.89026 22.6857
6561.015 14.09013 746.4975 312.2409 20.64232
6557.124 16.19792 740.747 309.74384 20.47737
6581.5947 16.19792 737.5446 318.50446 20.47737
6512.7983 16.64856 685.9614 363.0747 17.37529
6258.4756 14.09013 682.566 305.08514 17.37529
6229.1123 8.25139 685.7684 295.59918 17.37529
6193.184 8.25139 683.30194 294.34113 17.37529
6411.783 8.25139 710.64954 298.57715 18.53034
6503.2866 12.2174 708.9486 283.54968 19.70974
6378.137 9.08314 687.7096 299.06335 18.75478
6395.079 9.08314 684.50726 300.9082 18.75478
6668.284 8.4868 706.3414 321.59174 19.70974
6612.5005 6.82983 722.3878 334.03735 19.70974
6857.151 11.44046 718.6575 363.14294 19.70974
6762.8354 11.44046 707.1328 388.8673 18.43085
6523.7544 10.98809 692.8512 369.30408 18.43085
6744.4736 8.4868 709.34186 339.94147 18.78206
6729.9307 10.98809 707.0266 343.45898 18.78206
6664.0576 10.98809 714.2552 269.89893 19.04572
6663.859 4.3254 710.3006 263.9856 19.04572
6575.0156 9.04912 700.07635 264.84595 19.04572
6686.317 10.24273 701.11615 331.05438 18.78206
6685.6196 10.98809 702.7768 326.22064 18.78206
6624.0938 5.92998 709.61334 269.20172 19.04572
6642.471 5.92998 718.1696 281.12238 18.78206
6607.482 8.66173 714.0931 284.04407 18.78206
6732.7563 10.98809 697.557 367.80273 18.78206
6846.1235 10.98809 714.3808 380.1009 18.78206
6641.5107 10.98809 707.5467 347.37775 18.78206
6495.999 8.79305 708.32996 325.7987 18.78206
6390.822 7.04364 694.70435 298.4715 18.53034
6280.782 7.04364 686.6912 291.60956 18.53034
6393.4424 7.04364 691.36554 296.72485 18.53034
7529.9883 5.92998 934.6383 166.30383 42.47788
7563.0713 6.03521 943.6433 168.16821 42.47788
7336.452 8.4868 856.2633 234.3971 30.0373
7378.0186 8.4868 860.0566 230.94794 30.21963
7366.889 8.4868 831.02295 241.25696 30.0373
7186.939 8.4868 874.9624 214.58337 30.0373
7179.3755 9.09407 872.11615 217.72064 30.0373
7180.7847 9.09407 870.4516 219.82367 30.0373
7358.2896 9.09407 837.1739 242.07635 30.0373
7220.7905 9.45388 822.5073 256.09216 30.0373
7266.0635 10.19582 834.02655 329.67377 30.0373
7123.1123 10.19582 831.44104 279.53687 30.0373
7230.971 11.83952 832.4962 292.78674 30.0373
7107.0566 11.83952 832.8213 268.4099 30.0373
6927.681 12.62948 793.7442 243.93939 30.0373
7050.9355 12.62948 814.72644 247.01025 30.0373
6808.335 12.62948 786.3175 237.4129 30.0373
6699.057 12.62948 783.0933 214.66101 30.0373
6485.8604 12.62948 763.97614 214.08612 22.91576
6622.0215 12.62948 770.44714 241.54346 22.91576
6583.004 9.08314 767.0669 228.36401 22.91576
6525.153 9.08314 762.8442 231.30841 22.6857
6492.6655 9.11921 759.71716 232.7041 22.6857
6626.7183 9.11921 771.5858 253.55676 22.6857
6716.464 9.11921 778.9711 266.64728 22.6857
6474.537 9.11921 748.8572 230.90143 22.6857
6532.5215 12.56759 753.07996 228.44293 22.91576
6545.007 12.56759 758.2022 231.1814 22.91576
6616.739 12.62948 768.0622 233.94965 22.91576
6780.1626 12.62948 761.2179 238.65881 24.7394
6676.2974 12.62948 746.6429 247.50879 22.91576
6654.7686 12.62948 751.574 236.5069 22.91576
6674.7993 5.80426 782.03687 246.33655 22.6857
6918.8193 12.62948 776.7569 267.61163 22.91576
6712.948 12.62948 753.1498 266.83978 22.91576
6927.9355 12.62948 772.31976 278.9455 22.91576
6742.158 12.62948 733.899 289.1181 20.82905
6761.4 12.62948 748.884 292.44806 20.82905
6948.0625 12.62948 798.1148 271.31317 23.90247
6715.6 12.62948 773.76373 239.2251 23.90247
6634.931 12.62948 768.91614 224.13403 23.86004
6491.776 12.62948 765.43604 185.8891 23.86004
6515.463 12.62948 761.2105 213.67865 23.86004
6244.3125 16.21669 709.484 228.09045 23.49004
6104.9165 13.24492 650.0517 348.34332 16.25401
6277.522 10.24273 661.4464 283.61987 17.37529
6264.3525 13.97221 690.5406 305.09247 17.37529
6155.5103 15.11578 647.55334 294.83856 17.37529
6131.4814 15.11578 649.21405 280.88104 17.37529
6185.2944 10.93273 660.70276 303.26648 17.37529
6118.9614 8.79305 665.9385 274.95068 18.24545
6124.4497 13.2049 657.9012 271.9441 17.37529
6186.62 15.3043 710.64404 226.19269 23.03474
6190.804 15.3043 714.50146 234.2721 23.03474
6224.128 15.33938 706.44965 227.87512 20.82905
6264.8896 6.82983 711.8039 221.28217 20.82905
6285.822 6.82983 713.8111 237.26038 20.82905
6358.535 6.82983 735.85034 209.70874 21.60812
6171.2593 6.82983 713.03735 226.34912 20.64232
6091.208 6.82983 705.2103 222.40173 20.64232
6179.324 3.6656 715.8073 210.17438 20.64232
6052.4014 6.82983 682.2705 212.34814 20.64232
6167.857 3.11481 710.9424 194.35413 20.64232
6169.0806 3.11481 712.1655 198.99988 20.82905
6063.4326 6.82983 679.7133 217.03064 20.82905
6234.0317 6.82983 724.1178 217.55817 20.82905
6042.5215 6.32738 696.3572 202.87408 20.82905
6111.167 6.32738 698.61475 205.4989 20.82905
7404.3135 6.82983 785.28 362.1831 28.17564
7646.0674 6.03521 922.86316 213.65857 38.33129
7555.834 6.03521 832.6281 275.6895 35.42082
7580.7593 6.03521 857.55316 236.73224 38.01073
7537.4272 9.09407 850.2831 238.45752 38.01073
7356.08 10.98809 808.25256 349.333 29.28648
7294.1865 12.2174 809.8254 329.42438 27.62561
7090.272 11.83952 792.87885 248.77057 27.62561
7061.91 10.47395 811.2448 247.68414 28.3981
7007.537 10.47395 806.8527 247.54791 28.3981
7059.499 14.88415 804.9537 285.8974 28.3981
7080.821 14.88415 799.731 326.85748 29.28648
7139.3135 14.88415 814.252 302.99603 33.09188
7130.208 14.88415 815.154 291.55707 33.09188
6704.7905 16.55372 739.9058 283.28552 23.21754
6749.9307 16.55372 746.9404 273.49084 24.15528
6656.5083 16.55372 741.30896 267.419 23.21754
6637.7383 16.55372 722.54016 282.17297 20.82905
6515.2827 16.55372 711.689 259.29242 23.45232
6238.213 17.51422 673.5725 270.2461 20.82905
6350.575 10.98809 686.2463 263.1524 19.04572
6367.7974 10.98809 672.2831 302.3667 18.24545
6424.1157 10.98809 695.1055 291.90857 18.78206
6596.968 10.98809 708.43396 329.20728 18.78206
6721.9614 10.98809 721.53534 372.49005 18.78206
6740.8516 5.80426 717.76855 403.7942 18.78206
6845.7266 10.98809 718.9136 420.8031 18.78206
6774.103 12.2174 717.56354 403.81744 19.70974
6721.025 12.2174 713.3714 402.24786 19.70974
6819.745 4.3254 726.78235 375.56287 19.70974
6795.0513 16.64856 712.5932 356.85175 19.70974
6561.2095 17.51422 702.4881 432.5606 18.66649
6575.74 18.24545 681.83704 374.09326 18.43085
6530.9507 18.24545 679.9103 373.65955 17.51422
6362.273 16.55389 684.5435 283.28033 18.75478
6441.176 17.51422 691.1541 318.1413 17.37529
6739.0957 12.62948 697.2076 352.22577 19.70974
6724.9956 12.62948 698.1121 342.53436 20.29102
6619.9263 12.56759 709.4284 312.6546 19.70974
6537.616 12.62948 702.9975 309.57947 19.70974
6471.3267 12.62948 697.0596 292.625 19.26933
6463.493 14.88415 693.0436 346.70605 19.26933
6363.7505 14.88415 685.2166 283.3996 19.04572
6424.8853 14.88415 689.9477 278.68713 19.70974
6508.5854 16.55372 696.9178 290.211 19.70974
6537.1987 19.04572 679.7737 407.6023 20.64232
6739.254 19.04572 719.139 422.8543 26.91926
6805.729 18.37289 716.06067 378.19434 24.15528
6412.1772 17.51422 683.3364 281.44598 24.15528
6345.8374 17.51422 678.60535 273.62744 24.15528
6350.517 18.37289 692.9698 275.00964 19.04572
6426.654 15.33938 704.16077 272.08765 20.82905
6416.3184 15.33938 706.55 274.16345 20.82905
6418.4453 18.37289 690.8814 268.29108 30.2279
6350.1084 18.37289 685.53723 269.8485 25.17749
6300.083 17.51422 677.42163 271.04053 20.47737
6666.919 18.37289 712.81586 371.9272 20.47737
6656.857 18.37289 667.87604 390.10052 19.70974
6634.9243 18.37289 665.5547 386.44666 19.99211
6846.2285 18.37289 731.1764 360.3877 30.2279
6721.8213 13.97221 728.4355 408.71918 19.70974
6725.7695 18.24545 699.34125 371.29303 19.70974
6827.8496 18.37289 712.797 370.63 24.15528
6721.822 13.97221 728.43555 408.71924 19.70974
6819.7114 9.09407 708.068 352.61462 19.70974
6507.6074 18.24545 692.75385 330.12152 18.43085
6595.074 18.24545 699.1847 326.0907 20.68348
6712.493 9.09407 692.58795 384.88568 18.24545
6821.9106 9.09407 700.6427 376.8766 18.78206
6822.416 9.09407 724.0615 384.64966 19.70974
6728.4287 9.09407 714.5219 400.0865 18.24545
6720.9736 12.2174 712.51465 409.6482 18.24545
6620.227 16.64856 691.57416 399.35126 18.43085
6843.127 16.53516 705.95825 385.1676 18.24545
6749.142 6.03521 719.2572 451.61426 18.37289
6852.182 13.97221 730.60315 434.37097 19.70974
6825.69 16.55372 703.82416 394.33856 19.70974
7246.2266 13.81957 865.6408 270.68048 33.09188
7233.785 13.81957 866.9356 269.6767 33.09188
7301.635 11.83952 854.9635 264.7881 33.09188
7343.971 11.83952 830.6847 340.05298 33.09188
7166.8306 11.83952 834.4148 321.52795 30.0373
7140.2886 10.47395 841.73114 280.05768 30.0373
7338.0073 12.2174 831.99927 331.8523 30.0373
7193.024 12.2174 805.8828 275.08252 30.0373
6911.763 15.83616 784.0073 259.089 24.7509
6957.4907 15.83616 779.4236 263.44873 30.2279
6735.058 15.83616 750.53894 259.81543 24.7394
7036.1045 15.83616 761.68427 289.89948 33.09188
6998.9062 15.83616 770.0289 290.81195 30.0373
7072.4077 16.28759 776.33716 317.37427 26.21495
7097.3457 16.28759 770.7627 333.48584 26.21495
7139.2783 9.09407 807.37933 286.565 23.49004
7162.006 10.98809 772.0567 384.50287 23.49004
7100.0586 15.83616 767.8629 370.36108 23.49004
7019.9653 15.83616 780.70917 324.3499 23.49004
7132.1885 15.83616 795.28 297.16406 30.2279
7077.3228 15.33938 773.3657 341.4458 23.21754
6918.671 15.33938 764.5309 302.662 23.21754
6959.5854 16.64856 764.83905 333.8498 25.61572
6748.9727 16.53516 758.6365 298.4287 25.61572
6749.082 16.53516 749.9844 283.92078 30.2279
6818.949 16.64856 759.26843 326.33496 30.2279
6868.8687 16.64856 757.57513 322.72137 30.2279
7005.0444 16.53516 778.543 299.83746 30.40059
6754.685 16.28759 758.7424 288.71198 23.49004
6628.443 12.85446 741.74066 251.23242 23.21754
6913.322 12.62948 777.82227 263.67395 23.49004
6892.8916 12.62948 774.84564 258.57855 27.54886
6821.1733 12.62948 776.1874 254.03564 27.54886
6815.972 12.2174 777.6105 251.01025 27.72451
6581.422 13.97221 755.8155 234.9859 24.09773
6534.173 12.69145 752.86395 233.75635 24.09773
6787.1523 9.08314 772.1806 218.37482 26.1624
6583.081 15.78782 745.9938 220.06488 23.49004
6563.1016 15.33938 737.73706 228.29102 23.21754
6484.588 15.33938 732.95996 227.86835 23.21754
6566.9844 10.98809 718.96814 265.5428 21.51581
6666.14 9.08314 749.44617 234.33557 23.03474
6642.012 10.98809 728.4042 265.97784 21.51581
6665.581 10.98809 751.9739 227.90466 23.21754
6597.657 11.08703 741.4076 225.15533 23.21754
6680.433 15.33938 749.8926 252.16687 23.21754
6702.215 15.33938 748.2953 253.82196 26.1624
6754.087 15.33938 749.15454 261.8053 23.21754
6908.7563 12.62948 768.2824 246.82257 27.54886
6875.1533 12.62948 774.49097 219.31464 27.54886
6850.068 12.62948 760.1783 258.37366 23.49004
6803.021 12.62948 750.5453 254.61676 23.49004
6883.506 10.98809 780.05334 221.69049 23.49004
6781.272 12.62948 761.7982 238.90564 23.49004
6903.0234 12.62948 773.9541 258.8662 24.65902
6948.4023 12.62948 751.19116 279.06946 23.61153
6945.014 12.62948 753.2835 276.56244 23.61153
6930.946 10.19582 764.9162 254.46167 23.61153
7169.138 9.09407 792.24554 293.82574 23.61153
7122.8403 12.69145 787.0222 302.34094 23.61153
7026.4565 16.28759 782.9401 293.92206 23.61153
6789.505 16.64856 752.2745 324.35638 23.61153
6774.0376 16.64856 729.44073 358.67792 21.51581
6756.4873 16.64856 721.3788 352.85486 21.51581
6820.1885 16.55372 706.05554 398.19006 21.60812
7058.693 16.55372 782.477 305.4477 23.61153
7154.2495 15.83616 786.9916 313.72595 23.61153
7050.64 12.62948 778.138 282.4184 23.61153
7031.29 10.47395 766.4831 275.45575 23.61153
7029.2207 12.56759 773.63635 281.65784 23.61153
7023.697 12.2174 761.3225 263.33667 23.61153
6971.02 12.2174 708.6478 322.19226 21.85575
7040.9473 8.4868 738.06604 322.55286 23.03474
6934.95 12.2174 700.9441 321.94647 21.85575
7057.748 12.2174 726.6093 354.28973 23.03474
7060.1777 10.19582 723.2476 340.09247 23.03474
7175.9775 9.09407 765.8266 363.60297 23.03474
6938.4565 12.56759 711.29553 350.21704 21.85575
7057.7495 12.2174 726.6094 354.2898 23.03474
7041.656 10.24273 731.43054 332.90405 23.03474
7054.289 10.24273 727.05444 308.4917 23.03474
7179.4307 9.09407 751.1301 352.50708 23.03474
7200.731 9.09407 750.5816 343.2083 23.03474
7114.2036 10.98809 740.8642 342.89374 23.03474
7111.4824 10.47395 747.2967 371.9759 23.03474
7176.004 10.98809 729.80664 439.06213 23.03474
7170.173 10.98809 745.7367 351.6942 23.03474
7150.699 10.98809 742.49756 349.67114 23.03474
7417.8086 10.98809 885.02045 276.36725 33.09188
7380.707 9.45388 842.5001 255.56897 33.09188
7280.3643 9.45388 827.7179 266.76074 28.17564
7258.416 12.56759 780.0701 384.66595 28.17564
7301.7554 10.98809 768.9691 376.35535 25.47872
7378.606 8.4868 780.0001 355.62366 26.20491
7315.5234 8.4868 792.37067 301.24994 26.20491
7460.25 8.4868 906.0699 166.2276 35.22947
7484.161 8.4868 918.8026 186.02136 35.22947
7452.82 9.09407 909.41815 211.23126 35.22947
7471.1216 9.09407 917.20605 187.90894 38.40141
7483.5767 5.80426 923.46246 175.87677 35.22947
7506.5747 5.80426 923.69775 174.03967 38.33129
7602.037 5.80426 923.3995 222.67401 38.33129
7481.115 9.09407 802.4774 321.96704 29.28648
7381.8457 9.09407 813.1747 273.42786 27.85872
7348.7275 9.09407 821.18463 254.81354 27.85872
7391.8784 9.09407 812.1203 281.12665 28.17564
7240.224 9.09407 859.6895 309.17255 29.28648
7436.6445 9.09407 837.44684 250.54767 29.28648
7339.3013 10.19582 828.5766 262.11847 29.28648
7298.0283 10.19582 825.27136 261.59863 29.28648
7221.5435 13.2815 787.84357 312.25323 27.85872
7117.052 13.2815 780.56824 309.15173 24.15528
7155.193 13.2815 788.7233 315.68146 30.21963
7251.51 13.25628 811.7885 318.53546 28.17564
7174.8706 13.25628 803.5339 283.17548 28.17564
7143.849 13.25628 785.62103 310.80707 23.90247
7102.6567 13.25628 770.2022 407.4361 23.49004
7094.1763 13.81957 781.14606 368.9549 23.49004
7163.466 13.2815 776.4129 363.86725 27.54886
7094.1772 13.81957 781.146 368.95483 23.49004
7001.0347 13.81957 804.6715 283.98975 23.49004
7074.062 13.25628 814.04254 332.66302 26.7055
7023.0215 13.25628 821.48303 317.82983 24.65902
7202.6147 13.25628 812.3887 298.99646 24.65902
7160.4917 13.97221 793.55676 308.94678 31.29347
7165.4863 13.97221 783.5054 327.82288 31.29347
7044.141 16.28759 779.6469 301.85846 23.61153
7007.1865 16.28759 779.5742 293.96387 23.49004
6998.378 16.55372 776.67035 303.16803 30.21963
6821.9575 15.33938 730.40094 346.0843 21.60812
6800.05 15.33938 760.85016 300.49774 21.60812
6998.3774 16.55372 776.6705 303.16803 22.14375
6808.733 16.55372 735.2864 400.81555 21.60812
7029.534 9.09407 784.0374 286.75006 22.14375
7136.213 9.09407 795.0205 286.97888 23.21754
6817.0024 16.55372 756.59064 288.1718 23.21754
6726.7 11.08703 746.73376 251.87439 23.21754
6840.0605 6.03521 763.66907 248.758 23.21754
6691.8 11.08703 723.305 268.37958 21.85575
6955.899 11.08703 776.23126 297.91522 21.85575
7060.1553 11.08703 785.16345 306.4967 23.21754
7025.581 16.55372 779.3738 318.3004 23.21754
6776.0537 16.94896 751.1604 337.2804 23.21754
6607.034 16.94896 736.9139 330.07758 20.82905
6896.648 16.55372 738.69086 411.82465 22.13576
7027.835 16.55372 768.3049 342.4344 22.63494
6918.8325 10.83634 759.2387 275.6751 22.63494
6653.598 16.55372 715.8677 274.3476 20.82905
6456.731 16.94896 715.8483 312.685 20.82905
6776.677 16.94896 752.08246 322.24188 24.7509
6835.8477 16.94896 749.02454 318.45032 25.61572
6882.9966 16.94896 745.10315 338.7212 30.40059
6850.5166 16.94896 748.1417 355.9143 25.61572
6425.9785 16.94896 679.5189 302.99683 20.68348
6383.999 16.94896 677.3617 313.16376 19.85449
6456.1724 16.55389 690.61597 314.93152 18.75478
6704.289 16.55389 690.8002 364.7749 17.51422
6686.1685 18.24545 691.3301 367.3827 21.85575
6798.453 17.51422 747.6357 340.94745 21.85575
6605.4673 16.53516 719.15796 278.62482 21.85575
6620.1636 16.53516 721.6113 279.6773 21.85575
6677.183 16.53516 741.93195 260.2953 23.21754
6755.3315 16.53516 747.1951 277.6491 23.21754
6905.1567 13.97221 794.7802 243.25177 33.09188
7084.0083 16.53516 769.3489 326.03772 33.09188
6843.0967 16.64856 755.2693 328.417 23.21754
7089.849 16.53516 775.1876 340.19495 29.39395
7036.803 16.21669 777.6829 299.8852 26.7055
7079.163 16.21669 778.01654 312.36066 30.40059
6827.3115 13.81957 796.0319 235.6535 30.77288
6830.866 12.62948 806.25146 224.98096 30.40059
7056.431 12.62948 834.8936 199.39862 33.09188
7048.5127 12.62948 834.48926 199.3883 33.09188
6808.8687 12.62948 794.2316 221.53894 30.40059
6927.3564 12.62948 804.1152 222.55511 30.40059
7098.8154 12.62948 814.52203 225.86359 30.40059
7093.7295 13.81957 761.8617 307.75342 24.83813
7080.4185 14.55034 792.2692 312.2276 29.39395
7076.8384 14.55034 799.1096 293.64612 30.77288
7070.0747 15.83616 791.55194 292.17657 28.3981
7006.0474 15.83616 786.82086 291.97687 24.15528
7033.6733 15.83616 789.7671 292.0475 24.54395
6927.8267 13.97221 770.3279 301.83582 20.82905
6817.5522 13.97221 768.4897 300.7835 20.82905
6897.311 16.53516 767.3323 302.0337 24.15528
6741.829 14.55034 754.1331 326.89093 20.47737
6684.99 14.55034 753.47406 318.8094 20.47737
6816.109 13.97221 771.16724 311.6089 20.47737
6820.028 13.97221 775.04956 315.97424 20.64232
6841.8755 13.97221 769.95056 303.89563 20.47737
6707.2056 13.97221 756.7903 291.0714 20.47737
6753.3203 13.97221 773.24927 273.90417 22.91576
6908.603 13.97221 783.4418 277.86206 24.41807
7058.2007 13.81957 800.71875 277.41248 24.7394
7120.3926 13.81957 809.5995 273.0321 27.62561
7150.05 13.81957 828.8983 259.9431 30.40059
7216.323 13.81957 831.1698 324.28967 30.40059
7067.485 13.97221 807.7488 262.99548 30.40059
7152.52 13.25628 847.0605 252.51385 30.40059
7116.6353 13.25628 811.1751 291.79327 28.17564
7240.139 13.25628 819.4004 295.5077 28.17564
7062.1797 13.25628 813.7705 283.51648 24.15528
6964.6416 15.83616 782.0641 288.24353 24.15528
7108.2974 11.44046 797.7049 282.76605 24.15528
7176.52 10.98809 783.0418 354.74176 24.15528
7060.926 13.97221 775.2151 352.97742 23.49004
7142.05 9.09407 804.6476 285.1095 23.49004
7064.0815 13.2815 790.89056 285.80133 23.49004
6992.833 16.55372 726.08685 355.87555 22.01747
7062.9136 14.55034 796.1682 286.84973 30.77288
7089.02 14.55034 797.5797 288.55212 30.77288
7233.4966 13.81957 818.64856 260.9442 30.77288
7438.979 9.09407 869.0744 224.164 30.77288
7469.8125 9.09407 852.96564 246.84991 30.77288
7453.067 9.09407 836.22034 246.74597 30.40059
7309.681 13.81957 825.1591 277.16852 30.40059
7216.5757 15.83616 800.2782 329.87036 31.29347
7323.4746 13.25628 852.02594 258.29376 31.29347
7130.511 15.83616 797.4336 290.7948 30.2279
7282.0117 12.2174 835.1179 275.6543 30.40059
7373.7686 10.19582 860.45825 288.0664 30.77288
7327.02 11.83952 860.3524 283.61414 30.77288
7238.0776 12.2174 838.32574 359.50702 30.40059
7283.8584 11.83952 847.81415 255.50836 30.40059
6938.848 9.08314 809.2093 232.1579 26.91926
6975.9683 9.08314 844.1134 261.36206 26.91926
7053.7026 9.09407 804.996 227.22095 26.91926
7285.1094 9.09407 843.9083 245.38489 26.91926
7147.078 10.24273 788.5431 237.9364 26.91926
7231.023 10.24273 872.4889 171.49438 35.22947
7156.5923 10.19582 847.8237 180.35437 33.09188
7276.377 10.19582 848.6368 201.52716 35.22947
7261.7666 10.19582 834.0262 225.0285 34.64907
7149.9595 10.19582 867.0678 175.58417 34.64907
7038.423 3.11481 886.75433 116.38104 34.64907
7216.2896 9.09407 886.2048 178.41888 34.64907
7330.5186 8.4868 891.085 195.53925 33.09188
7336.62 8.4868 909.1065 183.9997 34.8891
7345.166 5.80426 909.3001 182.44843 34.8891
7350.0537 8.4868 911.487 185.16718 34.8891
7499.4907 8.4868 916.58307 193.15741 38.40141
7480.597 8.4868 897.68933 188.47583 34.8891
7457.637 8.4868 895.54626 187.50476 34.8891
7327.1367 8.4868 914.2175 177.03247 34.8891
7275.953 8.4868 911.0291 174.45905 34.8891
7306.1587 4.3254 914.8405 168.39117 34.8891
7275.953 8.4868 911.0292 174.4591 34.8891
7306.941 4.3254 909.1292 168.12726 33.09188
7275.878 8.4868 911.0062 168.50671 33.09188
7319.7954 5.80426 905.0435 189.1452 33.09188
7302.3477 6.82983 904.73193 171.07312 33.09188
7318.406 5.80426 898.5547 165.09619 33.09188
7300.0806 5.80426 909.8291 193.75085 33.09188
7434.1978 8.4868 906.5852 201.9419 33.09188
7425.6797 9.09407 903.22754 205.5907 33.09188
7369.8325 11.83952 857.0718 342.93433 33.09188
7256.459 11.83952 855.7082 271.1585 33.09188
7339.9497 11.83952 852.2886 328.21143 33.09188
7340.488 11.83952 827.3849 265.90552 26.91926
7191.836 11.83952 804.3233 264.91522 26.1624
7057.9395 10.19582 814.74756 278.2146 26.1624
7024.42 11.83952 812.9337 311.3192 23.86004
7036.842 5.80426 819.5358 303.35956 23.49004
6936.483 5.80426 813.50195 269.57666 23.49004
6561.153 19.99211 705.13464 412.906 18.37289
6573.8076 19.99211 702.45593 412.1244 18.37289
6482.347 19.99211 696.2793 411.8297 18.37289
6530.427 13.97221 711.31683 411.0794 18.37289
6617.9067 10.98809 714.4809 426.25104 18.43085
6547.2456 9.09407 715.4204 341.05847 18.43085
6517.8296 13.97221 717.08105 346.95227 18.43085
6306.743 8.4868 701.64246 312.4596 18.43085
6222.335 12.91739 685.342 292.13812 17.51422
6338.2036 12.91739 696.5782 379.0323 17.51422
6524.9707 18.37289 654.22974 395.4021 19.35933
