16485.0 0.0 385.0 55.0 0.0
16428.0 0.0 387.0 54.0 0.0
16425.0 0.0 387.0 53.0 0.0
16415.0 0.0 385.0 51.0 0.0
16437.0 0.0 386.0 53.0 0.0
16439.0 0.0 386.0 55.0 0.0
16382.0 0.0 390.0 55.0 0.0
16381.0 0.0 389.0 54.0 0.0
16403.0 0.0 388.0 52.0 0.0
16399.0 0.0 389.0 55.0 0.0
16374.0 0.0 389.0 52.0 0.0
16405.0 0.0 387.0 52.0 0.0
16402.0 0.0 387.0 51.0 0.0
16395.0 0.0 385.0 50.0 1.0
16385.0 0.0 384.0 48.0 0.0
16369.0 0.0 388.0 49.0 0.0
16360.0 0.0 387.0 44.0 0.0
16382.0 0.0 387.0 47.0 0.0
16385.0 0.0 386.0 49.0 0.0
16367.0 0.0 388.0 48.0 0.0
16306.0 0.0 387.0 42.0 0.0
16332.0 0.0 388.0 45.0 0.0
16339.0 0.0 389.0 46.0 0.0
16342.0 0.0 388.0 47.0 0.0
16325.0 0.0 390.0 44.0 0.0
16338.0 0.0 390.0 49.0 0.0
16323.0 0.0 391.0 49.0 0.0
16657.0 0.0 382.0 72.0 0.0
16666.0 0.0 380.0 72.0 0.0
16661.0 0.0 380.0 71.0 0.0
16652.0 0.0 383.0 68.0 0.0
16651.0 0.0 389.0 66.0 0.0
16601.0 0.0 387.0 61.0 0.0
16559.0 0.0 389.0 56.0 0.0
16580.0 0.0 389.0 58.0 0.0
16572.0 0.0 390.0 57.0 0.0
16583.0 0.0 389.0 61.0 0.0
16587.0 0.0 389.0 62.0 0.0
16598.0 0.0 388.0 62.0 0.0
16607.0 0.0 389.0 64.0 0.0
16606.0 0.0 386.0 61.0 0.0
16618.0 0.0 388.0 63.0 0.0
16638.0 0.0 386.0 63.0 0.0
16644.0 0.0 384.0 65.0 0.0
16626.0 0.0 385.0 62.0 0.0
16598.0 0.0 385.0 60.0 0.0
16608.0 0.0 386.0 62.0 0.0
16592.0 0.0 387.0 60.0 0.0
16602.0 0.0 387.0 62.0 0.0
