1043.0 0.0 95.0 17.0 1.0
1051.0 0.0 94.0 18.0 1.0
1101.0 0.0 101.0 18.0 2.0
1127.0 0.0 104.0 19.0 1.0
1159.0 0.0 107.0 20.0 1.0
1163.0 0.0 109.0 19.0 2.0
1165.0 0.0 109.0 22.0 2.0
1166.0 0.0 106.0 27.0 2.0
1167.0 0.0 106.0 28.0 1.0
1164.0 0.0 109.0 25.0 1.0
1164.0 0.0 106.0 24.0 1.0
1160.0 0.0 107.0 23.0 1.0
1165.0 0.0 106.0 26.0 1.0
1171.0 0.0 104.0 32.0 1.0
1177.0 0.0 102.0 33.0 1.0
1169.0 0.0 102.0 29.0 1.0
1170.0 0.0 103.0 31.0 1.0
1172.0 0.0 101.0 28.0 1.0
1173.0 0.0 104.0 28.0 2.0
1168.0 0.0 105.0 27.0 2.0
1051.0 1.0 95.0 20.0 1.0
1060.0 1.0 95.0 25.0 1.0
1135.0 1.0 96.0 33.0 1.0
1134.0 1.0 98.0 36.0 1.0
1106.0 1.0 99.0 32.0 1.0
1123.0 1.0 96.0 30.0 1.0
1128.0 1.0 97.0 34.0 1.0
1124.0 1.0 98.0 32.0 1.0
1118.0 1.0 98.0 27.0 1.0
1128.0 1.0 98.0 35.0 1.0
985.0 1.0 90.0 18.0 1.0
999.0 1.0 90.0 19.0 1.0
1068.0 0.0 96.0 25.0 0.0
1040.0 0.0 93.0 24.0 0.0
1033.0 0.0 95.0 18.0 0.0
1036.0 0.0 93.0 20.0 0.0
1029.0 0.0 94.0 17.0 0.0
1033.0 0.0 97.0 16.0 1.0
1042.0 0.0 96.0 17.0 1.0
1048.0 0.0 94.0 17.0 1.0
1040.0 0.0 96.0 16.0 1.0
1025.0 0.0 96.0 12.0 1.0
1030.0 0.0 97.0 15.0 1.0
1029.0 0.0 98.0 13.0 1.0
