2424.0 0.0 144.0 46.0 1.0
2295.0 0.0 143.0 18.0 1.0
2316.0 0.0 147.0 21.0 0.0
2348.0 0.0 144.0 24.0 0.0
2338.0 0.0 145.0 22.0 0.0
2348.0 0.0 147.0 26.0 0.0
2368.0 0.0 145.0 25.0 0.0
2340.0 0.0 145.0 24.0 0.0
2348.0 0.0 144.0 22.0 1.0
2369.0 0.0 146.0 24.0 1.0
2384.0 0.0 149.0 27.0 1.0
2382.0 0.0 150.0 27.0 1.0
2372.0 0.0 148.0 25.0 1.0
2368.0 0.0 147.0 24.0 1.0
2382.0 0.0 147.0 25.0 1.0
2385.0 0.0 145.0 27.0 0.0
2411.0 0.0 149.0 34.0 1.0
2416.0 0.0 147.0 28.0 0.0
2423.0 0.0 147.0 38.0 1.0
2412.0 0.0 149.0 40.0 1.0
