933 144.636 458.1353 19.976196 184.15265
1101 156.92747 516.36487 62.978027 156.48383
1045 158.25616 502.07654 41.69812 167.03824
968 132.04134 456.53314 66.80359 152.13582
1123 156.48383 533.5643 55.487183 171.26996
970 150.20662 471.29114 28.446716 167.03824
983 142.93231 479.30917 22.937561 184.15265
912 137.32033 440.65793 50.322937 159.69215
925 129.66705 445.154 48.840576 156.90201
1118 156.90201 488.81287 110.453735 179.39748
996 154.76756 487.05637 30.395782 167.03824
1131 139.6416 525.3237 73.87384 188.54979
933 144.636 458.1353 19.976257 184.15265
975 132.04134 480.71732 19.038818 187.99191
1045 158.25616 502.07654 41.69812 187.99191
1024 153.86165 479.33588 74.44275 156.37518
1100 158.25616 507.20514 86.3786 187.99191
940 144.82408 462.54034 24.908142 184.15265
