26583 33.27364 1931.2235 697.23303 48.13319
25653 33.27364 1917.3118 651.2261 53.7794
25744 33.27364 1896.9944 697.5032 55.78107
25411 33.27364 1824.1646 711.07666 54.21107
26165 33.27364 1915.1818 687.03357 57.72969
26307 33.27364 1933.6023 710.47876 57.72969
26144 34.3645 1923.4022 719.79675 55.22795
25699 33.27364 1878.0645 681.0654 58.43356
25241 33.49905 1801.8923 709.76025 59.85804
26717 33.27364 1975.156 685.8391 58.43356
26582 33.27364 1959.0453 694.62854 67.40914
26201 33.27364 1908.6128 720.1824 55.78107
25606 34.3645 1847.1471 883.97156 57.72969
25529 33.49905 1887.8044 695.8147 67.40914
25806 33.27364 1910.9987 690.39417 66.78848
26307 31.61128 1962.3905 548.67224 54.21107
26466 31.61128 1939.4625 758.2645 57.32447
26612 33.27364 1908.4192 727.4592 55.78107
26206 31.61128 1927.6167 687.9116 55.78107
26190 31.61128 1943.0823 870.5681 57.72969
25925 33.49905 1855.8745 798.40894 55.22795
26231 31.61128 1947.1006 677.07275 65.55164
26351 33.27364 1920.0579 691.04785 60.40291
25633 33.27364 1882.0691 668.63184 58.43356
26026 31.61128 1935.6248 672.6511 69.3874
25877 31.61128 1921.922 540.44714 53.7794
26248 33.49905 1938.7727 682.8801 69.3874
