9468 97.6638 1452.5641 267.39917 118.41447
10016 97.6638 1495.4554 373.2721 130.79944
9684 102.84141 1493.291 297.74194 137.1764
10032 97.6638 1506.555 402.10046 115.21211
10216 109.80492 1533.1154 405.94543 123.86501
9468 97.6638 1452.564 267.3993 118.41447
9988 109.80492 1568.3741 336.33496 113.99528
10129 102.84141 1521.9182 441.00305 121.75722
9559 99.34773 1451.7725 264.9048 115.21211
9998 102.84141 1500.2856 385.12573 113.99528
10216 109.80492 1533.1155 405.9453 124.14783
10109 97.6638 1538.8899 407.34766 126.27656
10078 97.6638 1511.2185 379.75537 124.14783
10089 99.34773 1511.4197 424.34216 121.38859
9989 97.6638 1515.2675 389.22986 124.14783
9951 109.80492 1541.8997 299.81616 114.31124
10131 113.99528 1560.1735 370.44617 131.02661
9696 102.84141 1484.9032 273.03418 137.1764
10106 102.84141 1512.7721 456.91272 121.39697
9859 97.6638 1509.3763 326.06677 113.99528
10027 97.6638 1492.8726 389.7898 121.75722
