935 120.32983 438.2661 63.049255 134.3523
957 139.2482 441.55682 83.46918 145.79784
818 98.80766 391.20892 39.858276 135.03438
968 135.03438 452.97064 49.91101 142.54219
854 134.3523 422.04285 14.348145 163.71101
917 138.82346 422.22842 76.34042 131.76189
932 121.67804 454.80795 29.579376 142.54219
935 108.56403 438.38696 62.0755 140.76465
873 134.3523 408.77374 47.906372 135.03438
864 131.76189 418.38123 34.046234 140.76465
884 131.76189 420.53577 34.453735 135.6776
835 122.75 407.12274 24.932678 135.6776
935 120.32983 438.2661 63.049255 142.54219
920 115.90499 449.63843 30.386047 139.2482
835 122.75 407.12274 24.932709 138.82346
957 139.2482 441.55676 83.46924 135.6776
920 135.6776 445.34375 50.124023 134.3523
947 142.54219 453.784 40.66165 144.8869
