2962 151.13753 955.2938 64.58545 176.97986
2687 119.96345 871.2549 49.021973 178.98338
2548 142.88564 843.97955 20.043274 175.80763
2893 153.86288 907.45215 93.20978 168.26527
2823 129.60553 859.50793 175.38562 168.26527
2535 149.42737 810.89935 61.02191 163.86292
2575 123.95151 804.6166 100.388855 162.2185
2693 155.51724 842.0918 139.53717 174.8939
2674 152.7385 873.3198 61.461548 164.9951
2783 159.26299 893.0662 82.315 186.40506
2615 153.30304 835.452 90.14685 172.89203
2881 161.94368 926.0935 91.34631 178.49908
2737 153.30304 867.036 99.550964 168.26527
2525 142.00987 821.32275 52.340576 164.4875
