734 105.26381 344.0955 43.92166 113.77252
755 106.22484 349.08362 52.707428 107.10871
739 112.10912 365.73364 9.666199 119.42939
672 106.22484 334.43573 5.6850586 107.10871
739 105.26381 342.34317 50.98181 122.06136
703 92.73268 340.2863 40.48883 105.75769
723 99.50481 353.9863 27.601288 107.10871
652 79.32525 301.43994 56.304718 99.50481
738 106.22484 347.40698 52.718903 112.89103
763 108.19735 349.37952 78.631744 122.06136
785 99.50481 373.4419 29.183777 106.22484
754 108.19735 357.98917 54.361298 123.84803
