9660 101.36645 1449.4066 450.25146 125.18014
10200 104.32045 1518.9855 359.94788 128.09222
10153 97.43981 1515.2119 366.80493 123.08891
9728 99.91209 1439.8707 266.1703 128.96672
9461 94.37682 1374.7078 476.93567 120.44604
9651 76.67819 1445.6763 399.43982 121.50094
9980 107.67623 1548.299 245.99329 129.3651
10241 76.67819 1551.1202 382.78833 124.86697
9502 99.91209 1492.7188 282.3723 123.1506
9600 94.45551 1479.5834 319.7782 128.67598
10147 108.00185 1414.0167 464.2672 125.83985
9612 76.67819 1460.7639 312.29346 128.96672
10081 108.00185 1542.8844 322.89258 125.83985
9296 94.37682 1427.6776 346.1151 119.222
10470 104.32045 1602.019 279.95935 135.91411
9173 93.1523 1423.3555 191.82568 156.52348
9301 89.63389 1334.7654 443.1632 123.03136
10076 115.3528 1543.0098 296.7787 137.54306
10136 105.17415 1511.697 440.79822 131.4112
9306 96.17423 1424.738 265.49695 128.96672
