1363 64.08331 409.758 113.208496 87.78164
1658 57.94574 464.5793 165.6849 94.34366
1200 46.64787 369.11563 61.342377 91.09827
1636 86.32724 505.35153 108.65994 103.5145
1281 65.42872 402.96667 63.58185 88.01641
1583 81.14587 492.60153 63.473846 101.31435
1395 40.14147 432.57074 87.35071 92.88728
1627 90.27459 505.14813 111.96173 100.54552
1630 62.4606 495.3909 85.7258 94.80502
1572 71.24776 467.70325 164.1745 88.50394
1635 87.36324 510.60757 58.2529 106.80104
1518 81.14587 476.70547 61.580597 94.29174
1701 60.07549 499.42584 105.4942 98.87845
1578 82.19707 503.14987 77.171295 98.20522
1635 80.96506 525.20496 51.51892 102.32107
1501 70.68641 448.00534 113.24216 85.51395
1508 54.57765 429.2755 154.2699 92.17399
1370 59.2094 421.461 101.603455 92.88728
1735 85.51395 540.2385 92.134155 106.61333
1659 72.69684 495.4123 167.12555 89.58405
1361 57.80084 425.78503 54.71982 92.47433
1553 66.93485 473.56006 116.7558 96.49461
1596 65.30015 452.30255 159.8023 100.54552
1617 62.4606 500.59137 106.82538 100.37723
