5461 85.78374 1129.7963 180.4502 133.67322
5499 90.26119 1124.5067 197.18372 139.08466
5270 109.36805 1007.3196 273.13074 133.67322
5544 100.8087 1145.3008 313.44983 154.16429
5372 102.33291 1097.5184 177.38928 138.0703
5102 94.45334 1084.2058 79.15405 143.44133
5097 100.00348 1053.5575 184.46472 130.04404
5294 89.7496 1031.1393 322.04102 128.3817
5304 109.24145 1060.2285 214.11194 135.99432
5371 94.80451 1125.6227 129.05359 132.1874
5471 105.7428 1042.6904 313.95703 130.98604
5185 109.44823 1068.9056 209.3977 133.23715
5332 110.0831 1087.3765 241.68066 143.61017
4977 102.04848 996.95886 207.78003 120.1499
5285 96.68059 1098.5453 148.85327 126.07224
5157 98.35815 983.22534 269.90173 124.23028
5214 96.90192 1029.7375 227.84155 130.8367
5062 114.0714 1066.9169 144.422 126.18161
5337 114.42176 1078.6426 225.8208 138.2611
5439 107.85218 1091.8524 250.21179 128.41849
5339 96.68059 1086.8252 239.06519 129.53746
5292 90.26119 1123.1031 112.75879 151.47035
