5097 91.63654 1069.6663 158.62378 143.50246
5071 100.53255 1046.7185 196.14893 118.80964
5240 91.63654 1093.239 229.23254 118.80964
5322 83.88527 1034.0616 315.28748 116.05396
5095 91.63654 1063.7817 168.2157 133.96819
5094 80.85741 1033.5785 196.71106 128.58206
5359 91.63654 1098.2772 190.51318 131.94957
4815 100.53255 1010.65454 168.13501 111.96383
5006 100.86976 1070.8895 165.71326 122.51017
5356 95.39267 1091.8972 238.41968 124.0129
5188 95.39267 1074.5403 220.41931 131.94957
5342 91.63654 1095.7113 219.16296 119.26879
5017 95.39267 1052.8602 184.18884 137.1338
5392 91.63654 1108.7023 232.74548 119.26879
4864 80.85741 983.00665 203.33112 109.54816
5326 100.53255 1086.0369 243.89014 118.80964
5328 91.63654 1090.047 199.71448 116.87615
5261 91.63654 1085.4277 204.19226 118.80964
5200 91.63654 1066.0249 162.9104 137.1338
4894 80.85741 1015.2854 146.2799 137.1338
4577 95.39267 964.7675 151.81195 127.33356
5163 100.53255 1068.0642 214.75134 128.58206
5053 90.16449 1055.6646 195.11768 127.33356
5286 95.39267 1061.0834 280.02502 118.80964
5306 83.88527 1079.6661 184.66382 137.16914
5249 100.86976 1066.7794 233.21301 111.96383
5149 90.16449 1057.8584 244.83899 111.96383
