115.66267 115.66267 115.66267 0.0 95.93041
111.40755 111.40755 111.40755 0.0 96.78043
110.17945 110.17945 110.17945 0.0 96.78043
121.24863 121.24863 121.24863 0.0 98.39362
103.78619 103.78619 103.78619 0.0 71.76292
77.78452 77.78452 77.78452 0.0 77.60063
103.20326 103.20326 103.20326 0.0 95.93041
51.87417 51.87417 51.87417 0.0 78.32226
90.30303 90.30303 90.30303 0.0 102.0232
102.61105 102.61105 102.61105 0.0 102.38081
83.41022 83.41022 83.41022 0.0 80.96391
83.5611 83.5611 83.5611 0.0 102.0232
60.99338 60.99338 60.99338 0.0 86.99315
64.70553 64.70553 64.70553 0.0 96.78043
