2394 127.74095 704.06085 149.09296 142.6
2077 108.09579 643.75073 95.40698 140.20103
2093 107.43868 666.21545 70.16797 150.03505
2214 90.06073 675.9929 172.16711 135.74806
2449 110.03629 741.43176 198.1944 155.52693
1931 93.60253 609.2575 76.93524 136.42247
2438 111.13986 704.8579 182.82373 152.79585
2491 101.93015 803.97986 140.60443 165.60703
1881 93.86987 570.2565 106.97327 137.67546
2410 106.98541 668.2544 234.27551 142.64938
2291 129.17166 725.5139 106.7077 150.03505
2428 94.98965 698.636 266.22992 141.0963
2514 101.40415 775.1711 204.61664 170.78578
2353 120.5844 735.1783 108.41382 144.46397
2397 106.11394 738.4317 114.12494 138.90826
2401 110.03629 708.63007 209.78735 161.33466
2317 114.69247 693.61414 141.71338 141.43262
2137 106.11394 657.3454 97.50195 138.5688
2427 111.13986 736.1155 166.22943 162.15675
2132 111.14765 662.02155 105.507996 152.01302
2108 86.18322 667.88446 74.66022 149.02751
2257 93.86987 626.27893 193.12836 137.67546
2047 110.72649 647.50684 113.098145 138.10373
2095 120.27814 652.0309 84.02948 143.22653
2123 92.96571 674.5785 102.03308 157.83562
1955 93.60253 581.0327 147.16571 136.42247
2089 101.93015 648.95605 86.36182 138.10373
2446 126.35085 765.438 80.39087 164.45105
2154 111.13986 664.7864 146.96509 137.67546
