1570 62.3008 485.43207 86.914185 76.34327
1606 46.9595 493.37088 105.09006 95.52441
1574 80.47892 497.0896 59.276367 98.062
1664 74.18324 492.12183 128.1383 85.64449
1740 52.97396 531.3282 141.3841 91.1582
1506 63.4254 431.99478 121.21481 97.11059
1628 77.06127 483.16943 109.85272 98.062
1206 35.9958 374.57843 55.80237 105.34093
1225 37.82761 378.55707 85.44171 95.48402
1799 78.07786 506.35883 139.43512 101.62389
1772 61.97002 516.6188 110.88745 103.88736
1645 56.88419 478.92938 108.78644 103.43562
