48098 70.08608 3513.521 1000.11914 125.25951
47904 70.08608 3544.2634 944.3679 125.25951
48244 101.69387 3525.0784 952.40063 150.14604
48117 117.17059 3550.958 969.74805 147.80638
48057 99.97977 3443.9443 1007.40674 142.17465
48533 70.08608 3634.7866 883.38965 142.17465
48321 99.97977 3518.2432 939.9458 147.80638
48195 70.08608 3598.3442 907.82275 137.33328
48220 70.08608 3504.5552 980.67334 132.5976
48264 70.08608 3481.4534 966.1443 130.98018
48149 70.08608 3447.217 1042.8733 147.80638
47986 101.69387 3644.513 786.6306 136.97452
47918 117.17059 3519.977 1030.9409 147.16223
48142 99.97977 3467.7532 940.27515 149.55171
47831 101.69387 3583.3953 919.26587 136.44286
47340 101.69387 3518.4707 946.29004 132.47856
