2559 156.12598 827.58386 63.505066 175.04541
2761 150.77972 883.7471 164.62622 180.48166
2654 158.58327 842.70447 102.695435 181.32622
2698 126.15556 855.727 95.112366 176.10094
2644 152.7742 838.8729 77.982056 175.04541
2697 154.35379 849.1235 97.39349 171.72865
2793 151.0889 853.34326 121.30176 163.35265
2742 151.0889 818.0796 204.45349 159.02377
2698 150.77972 853.5408 108.43237 166.3419
2821 150.64714 887.66315 140.54913 159.78616
2670 156.12598 854.55786 125.4906 171.72865
2655 126.15556 821.6122 119.541626 157.75847
2784 156.7193 874.20386 169.90186 171.72865
2594 156.7193 824.679 90.400696 178.63991
2675 156.7193 827.0171 107.78198 202.57986
2754 152.46037 871.0363 95.38092 198.21162
2716 143.53525 845.7897 117.27771 168.43668
2608 152.7742 851.2337 39.169067 157.58128
2669 152.7742 847.552 81.54047 202.6733
2657 156.12598 847.11316 82.62085 159.78616
2669 144.40591 824.26764 114.819336 159.02377
2755 151.0889 846.72766 135.48596 175.04541
2741 156.12598 870.6842 97.37732 194.76718
2619 152.7742 857.5915 55.185974 166.3419
2707 151.84142 829.1362 116.07214 159.02377
2698 152.59003 825.71136 194.40924 171.72865
