22286 64.39234 2259.9973 439.8589 123.7159
21492 86.4666 2158.2114 544.2136 116.44072
21586 66.36919 2272.1672 402.14307 129.71631
22740 85.18904 2292.3125 557.2671 121.82803
22168 77.76026 2322.9612 424.4973 117.36342
22471 66.36919 2289.931 503.50366 123.20833
22625 86.4666 2222.8076 622.35864 120.15351
21934 77.76026 2283.9438 461.26367 112.70827
21615 85.32874 2194.132 439.08813 116.17342
22118 84.15447 2221.5693 553.9568 116.44072
22109 89.71558 2189.6318 700.6394 118.56412
21995 64.39234 2233.3481 491.77954 116.83733
21828 77.76026 2162.339 547.3179 120.15351
21952 85.18904 2270.913 537.635 129.66776
21966 85.18904 2223.8542 559.9553 114.01573
21301 66.36919 2178.9255 374.65063 123.7159
22232 64.39234 2198.999 529.5757 116.23379
22171 84.15447 2166.7007 596.8916 120.15443
22364 66.36919 2259.4165 544.3242 120.15351
22169 66.36919 2179.3064 523.5403 125.97775
21758 85.18904 2213.166 593.62427 129.66776
21213 77.76026 2199.37 380.5122 129.71631
22316 64.39234 2169.967 616.9702 117.08429
