6101.522 0.0 212.25 73.04001 0.86
6049.104 0.0 209.10002 77.249985 0.99
6144.411 0.02 201.65999 97.95003 0.99
6147.057 0.0 210.36 80.58003 0.91
6132.959 0.0 213.83997 63.53 1.4
6086.8 0.0 186.21997 100.80002 0.93
6317.0107 0.01 218.55 70.89003 1.29
6165.4565 0.03 207.50998 83.28 1.32
6179.31 0.02 206.49002 81.51996 1.07
6324.7036 0.0 215.3 78.12996 1.24
5988.6333 0.0 202.91 72.620026 0.95
6076.939 0.01 205.70003 75.28993 1.32
6158.699 0.01 192.4 112.350006 1.07
6057.8306 0.02 204.60999 75.32001 1.27
6058.125 0.0 212.39003 65.90996 1.14
6130.761 0.0 208.63 64.0 0.96
6375.4307 0.0 213.71999 80.91002 0.99
6189.1587 0.0 208.77998 75.81996 1.15
6018.5225 0.0 203.97 71.20001 1.13
6243.6846 0.0 213.14996 65.20007 1.24
6154.7085 0.0 210.23 66.749985 1.29
6184.2812 0.01 199.29001 90.70001 1.23
6091.5713 0.0 201.2 79.62996 1.03
6345.131 0.0 202.51999 111.120056 1.0
6179.0977 0.0 212.55 71.09996 1.14
6279.0903 0.0 223.58998 77.49007 1.1
6325.7437 0.0 199.29004 101.99997 1.08
6172.988 0.0 213.39003 100.90999 1.01
6242.0635 0.0 187.11998 92.63002 1.28
6313.7803 0.0 194.07 100.109985 1.08
6098.3423 0.02 210.93001 92.80998 1.23
6311.7217 0.0 205.68002 99.819916 1.02
6027.414 0.0 208.34 69.98004 1.18
6264.9346 0.01 207.85997 79.85997 1.46
6188.311 0.0 210.66003 85.52997 0.98
