341.0 0.0 32.0 39.0 2.0
340.0 0.0 42.0 32.0 3.0
326.0 0.0 43.0 20.0 3.0
344.0 0.0 34.0 39.0 4.0
335.0 0.0 46.0 22.0 2.0
299.0 0.0 41.0 19.0 3.0
306.0 0.0 41.0 26.0 2.0
276.0 0.0 38.0 16.0 3.0
333.0 0.0 44.0 22.0 3.0
297.0 0.0 41.0 17.0 2.0
290.0 0.0 37.0 19.0 2.0
333.0 0.0 41.0 23.0 4.0
312.0 0.0 40.0 25.0 2.0
318.0 0.0 42.0 21.0 4.0
303.0 0.0 37.0 27.0 2.0
330.0 0.0 44.0 22.0 3.0
320.0 0.0 38.0 31.0 3.0
289.0 0.0 35.0 24.0 2.0
336.0 0.0 37.0 42.0 3.0
312.0 0.0 43.0 23.0 3.0
276.0 0.0 24.0 39.0 2.0
302.0 0.0 41.0 21.0 3.0
281.0 0.0 35.0 21.0 3.0
239.0 0.0 26.0 26.0 3.0
321.0 0.0 25.0 42.0 3.0
