4496.0 0.0 169.0 61.0 0.0
4419.0 0.0 169.0 63.0 0.0
4631.0 0.0 162.0 81.0 1.0
4577.0 0.0 158.0 68.0 0.0
4535.0 0.0 171.0 71.0 0.0
4633.0 0.0 153.0 93.0 0.0
4485.0 0.0 171.0 72.0 0.0
4631.0 0.0 161.0 89.0 1.0
4398.0 0.0 165.0 61.0 0.0
4564.0 0.0 169.0 66.0 0.0
4532.0 0.0 167.0 76.0 1.0
4452.0 0.0 151.0 72.0 0.0
4487.0 0.0 160.0 78.0 0.0
4473.0 0.0 154.0 85.0 0.0
4506.0 0.0 167.0 67.0 1.0
4519.0 0.0 167.0 74.0 1.0
4416.0 0.0 155.0 79.0 0.0
4338.0 0.0 159.0 80.0 0.0
4530.0 0.0 150.0 100.0 0.0
4564.0 0.0 164.0 70.0 1.0
4611.0 0.0 167.0 82.0 1.0
4441.0 0.0 151.0 92.0 0.0
4349.0 0.0 156.0 65.0 0.0
4503.0 0.0 167.0 67.0 1.0
4390.0 0.0 154.0 72.0 1.0
4371.0 0.0 149.0 83.0 1.0
4432.0 0.0 152.0 85.0 1.0
4569.0 0.0 164.0 90.0 1.0
