14419.0 0.0 303.0 111.0 0.0
14376.0 0.0 314.0 100.0 0.0
14409.0 0.0 313.0 98.0 0.0
14761.0 0.0 320.0 113.0 0.0
14374.0 0.0 305.0 99.0 0.0
14203.0 0.0 309.0 88.0 0.0
14391.0 0.0 317.0 107.0 0.0
14299.0 0.0 313.0 97.0 0.0
14207.0 0.0 312.0 97.0 0.0
14186.0 0.0 306.0 99.0 0.0
14445.0 0.0 296.0 112.0 0.0
14410.0 0.0 313.0 111.0 0.0
14136.0 0.0 306.0 91.0 0.0
14411.0 0.0 290.0 158.0 0.0
14402.0 0.0 307.0 105.0 0.0
14231.0 0.0 309.0 119.0 0.0
14185.0 0.0 296.0 124.0 0.0
13985.0 0.0 296.0 101.0 0.0
14164.0 0.0 285.0 119.0 0.0
14534.0 0.0 307.0 121.0 1.0
14457.0 0.0 307.0 121.0 1.0
14132.0 0.0 295.0 100.0 0.0
14099.0 0.0 301.0 115.0 0.0
