18019.0 0.0 342.0 102.0 0.0
18227.0 0.0 349.0 120.0 0.0
18090.0 0.0 343.0 109.0 0.0
17872.0 0.0 350.0 108.0 0.0
18178.0 0.0 351.0 112.0 0.0
18488.0 0.0 326.0 146.0 0.0
18045.0 0.0 345.0 108.0 0.0
17990.0 0.0 343.0 105.0 0.0
18366.0 0.0 357.0 129.0 0.0
18250.0 0.0 353.0 128.0 0.0
18000.0 0.0 349.0 121.0 0.0
18037.0 0.0 339.0 117.0 0.0
18131.0 0.0 348.0 126.0 0.0
18141.0 0.0 349.0 135.0 0.0
18186.0 0.0 331.0 134.0 0.0
18170.0 0.0 336.0 137.0 0.0
17950.0 0.0 339.0 116.0 0.0
17881.0 0.0 347.0 113.0 0.0
18127.0 0.0 342.0 162.0 0.0
18092.0 0.0 339.0 133.0 0.0
17881.0 0.0 334.0 123.0 0.0
17966.0 0.0 343.0 133.0 0.0
18134.0 0.0 330.0 154.0 0.0
