-13035.428	-144.32755	-2048.583	367.84302	178.58943
-13126.991	-144.32755	-2060.395	374.7815	159.83609
-13074.015	-147.49121	-2041.2638	352.47937	148.98947
-13080.444	-147.49121	-2047.6951	370.83716	150.73563
-13126.991	-144.32755	-2060.3948	374.78198	148.98947
-13080.441	-147.49121	-2047.6951	370.8369	151.41685
-13126.99	-144.32755	-2060.395	374.78174	148.98947
-12946.8545	-147.49121	-2026.7358	348.2566	159.83609
-13126.992	-144.32755	-2060.3948	374.78223	164.75615
-13079.864	-148.98947	-2028.3657	410.0481	177.44951
-12973.275	-148.98947	-2015.3286	381.6516	147.49121
-12973.28	-148.98947	-2015.3286	381.6516	151.41685
-12703.187	-144.32755	-2011.3716	240.33472	159.83609
-12988.944	-148.98947	-2013.6134	389.9679	159.83609
-12988.944	-148.98947	-2013.6134	389.96814	147.49121
-13079.863	-148.98947	-2028.3657	410.0481	144.32755
-12703.185	-144.32755	-2011.3716	240.33472	155.38664
-12930.876	-144.32755	-2049.0212	365.12305	177.44951
