-15706.874	-5.91016	-569.9497	116.317566	10.47473
-19348.807	-7.1211	-735.42365	95.07764	10.85495
-19002.73	-7.40675	-690.80066	119.17651	11.51955
-18408.93	-9.74218	-641.6986	171.83923	9.71185
-18147.648	-8.92917	-659.7315	135.08551	10.44462
-18194.432	-9.66333	-650.3646	159.21362	9.70824
-18968.092	-6.96778	-703.7456	122.651855	10.5513
-19352.824	-6.98212	-751.19055	76.80499	10.85495
-19101.604	-7.3253	-699.5608	120.67938	11.16288
-19272.502	-7.08308	-742.0454	77.72485	11.36354
-16607.443	-3.85746	-605.2366	118.98999	10.70093
-19263.033	-7.1211	-673.4295	151.57593	10.67239
-19336.842	-6.98212	-746.20215	86.37689	10.71634
-17995.459	-6.96132	-666.6862	129.51392	10.45371
-18074.432	-9.57705	-659.1694	143.0282	9.55301
-18371.385	-9.88737	-649.7134	151.5368	10.17005
