-136002.22	-59.54766	-5754.633	1041.417	88.28069
-135371.81	-59.54766	-5621.0137	1149.7832	86.95538
-127971.69	-77.61249	-5171.3296	1411.2866	80.4346
-129893.17	-80.80602	-5015.003	1684.9668	81.09992
-135254.06	-65.92001	-5636.9634	1028.9722	88.28069
-135932.72	-54.44828	-5765.2725	986.04297	88.76254
-134766.45	-44.42643	-5459.373	1290.7651	84.26611
-135295.06	-49.68494	-5725.7017	1033.1074	85.88001
-128560.28	-78.78718	-4863.2935	1835.6216	78.72076
-129782.414	-76.95615	-5090.308	1678.917	84.1543
-128301.38	-78.71082	-4912.349	1831.1514	77.6967
