-7386.3384	-5.80426	-829.2373	298.65027	30.77288
-7316.9023	-9.09407	-820.95087	319.8188	26.77596
-7370.707	-6.03521	-890.6288	250.23462	35.22947
-7634.4272	-4.3254	-912.8624	187.28003	38.50505
-7541.407	-4.3254	-845.9518	267.27966	29.28648
-7636.648	-6.82983	-922.35175	208.11798	38.33129
-6548.7163	-19.99211	-701.2002	414.2379	29.36699
-6344.3677	-15.36034	-648.5167	387.69153	24.19617
-5983.9004	-16.55372	-586.07965	388.64008	25.31491
-6525.0693	-18.37289	-651.6369	399.6541	29.36699
-6985.441	-3.41494	-716.8256	420.18927	26.21495
-7479.134	-5.92998	-832.32526	283.18073	34.02747
-7651.4326	-4.3254	-928.7249	212.42682	38.33129
-7520.7075	-6.03521	-797.50073	343.78735	36.87917
-7057.18	-8.25139	-826.2316	243.54767	30.0373
-7649.989	-6.03521	-926.78326	206.53656	38.33129
-7242.7344	-3.11481	-850.0097	241.15033	34.8891
-6817.852	-9.08314	-763.81995	309.67737	33.09188
-6554.939	-3.6656	-732.33704	292.19812	26.77596
-7643.864	-6.03521	-927.86615	199.03986	38.50505
-7427.921	-6.03521	-880.10583	272.90662	33.09188
-7600.0146	-9.09407	-928.12854	198.61292	38.33129
-6485.4834	-3.41494	-770.72473	222.1759	33.09188
-6990.617	-6.82983	-845.44745	251.6474	33.09188
-7551.9106	-4.3254	-892.992	242.34198	34.64907
-7434.67	-5.80426	-892.0582	262.443	34.64907
-7060.295	-5.80426	-799.6449	249.94421	33.09188
-5786.24	-7.04364	-651.5067	312.61206	26.31472
-7623.6265	-6.03521	-940.1151	175.27686	42.38684
-7602.328	-4.3254	-879.61914	239.995	38.01073
-6513.2676	-19.99211	-699.5911	414.9759	17.51422
-6487.7915	-21.51581	-678.77985	407.13654	20.82905
-6094.913	-10.19582	-686.63947	328.2375	28.40491
-6084.565	-9.11921	-663.8772	304.86426	28.45527
-6652.6177	-4.13811	-727.6773	308.88348	29.01012
-6587.693	-13.81957	-732.34283	342.5489	22.21844
-6391.985	-20.64232	-637.0072	476.57727	19.99211
-6317.0654	-21.60812	-627.5107	446.62653	19.99211
-6534.1636	-18.75478	-652.6702	438.05963	19.70974
-6533.718	-17.37529	-677.12695	504.08374	27.62561
-6636.469	-6.53195	-703.8441	401.03857	24.09773
-6132.36	-10.83634	-679.4162	312.85065	24.65902
-6163.437	-8.79305	-677.7128	306.0213	28.07888
-6597.6694	-19.99211	-699.1923	404.56	29.36699
-6282.1807	-23.03474	-633.36224	500.81415	26.21495
