-6725.497	-26.4873	-986.9615	250.09174	64.62117
-7011.0386	-43.27327	-1046.3767	190.85828	65.06538
-6572.6133	-26.64654	-909.274	249.7807	63.57337
-6785.4907	-43.02202	-1012.75916	183.5835	67.59782
-7086.0684	-24.83442	-1136.9075	116.5708	76.21087
-6428.151	-26.64654	-976.0324	174.81989	67.35172
-7071.253	-43.27327	-1085.7811	165.34326	68.72882
-6493.7886	-64.58495	-946.65027	224.07727	56.81541
-6783.977	-57.37252	-1016.99	202.61731	67.40867
-6440.84	-58.57526	-966.1301	216.27844	60.03695
-6550.671	-58.21807	-818.6673	408.94672	63.87067
-5899.237	-53.73195	-875.3661	205.86365	55.44438
-6156.8047	-30.41162	-927.4502	210.99304	60.29772
-6645.4873	-47.74063	-833.0333	391.7433	60.84615
-6674.6606	-47.74063	-872.4359	332.20044	64.97086
-6715.525	-34.30858	-823.8226	363.44672	63.67736
-6611.7744	-28.56982	-820.4089	370.4909	63.51992
-5835.6255	-45.2492	-860.46814	201.04907	72.17931
-6682.2437	-25.16356	-817.52167	400.44904	63.51992
-6664.8584	-24.83442	-826.51953	382.61902	63.55306
