-129368.55	-122.43136	-6721.5176	647.5669	147.45378
-129237.89	-123.81409	-6747.786	627.8086	153.41919
-129270.87	-106.63748	-6731.617	621.812	150.68959
-124681.96	-137.04274	-6240.1606	1070.7173	153.41919
-124351.81	-136.72815	-6291.358	832.61914	144.175
-122427.305	-107.80138	-5254.0693	1923.3389	143.4525
-121226.164	-103.17026	-5290.218	1836.5762	143.92137
-124671.97	-107.81284	-5363.446	1852.9805	145.10898
-119445.16	-97.11159	-5075.716	1872.4976	142.99063
-122839.195	-97.73918	-5277.0156	1860.3271	143.8741
-119496.805	-84.32993	-5147.337	1856.9819	142.9814
