-9355.014	-163.93184	-1785.1543	194.93799	174.36157
-9323.476	-158.90211	-1822.1699	132.35388	185.39194
-9271.926	-154.48308	-1789.7244	142.86157	174.36157
-8948.074	-142.17139	-1596.7122	307.48535	170.58655
-9148.451	-136.51692	-1621.0121	341.06396	169.25342
-8821.398	-155.21843	-1652.0103	205.21558	168.88826
-9148.272	-147.12909	-1773.8059	100.84729	178.80188
-9065.064	-158.90211	-1770.3905	102.46228	178.80188
-8904.134	-174.36157	-1681.8488	224.16492	172.24133
-9084.164	-167.91774	-1675.975	225.93872	181.34158
-8817.338	-160.10626	-1707.3121	140.6449	165.36847
-7836.108	-138.16656	-1527.9502	77.3136	168.11316
-8178.99	-140.33202	-1583.6207	127.962036	170.36116
-7903.3228	-106.98147	-1412.1018	283.1034	163.22998
-7926.3057	-125.5442	-1477.127	269.8938	165.33313
-7698.678	-113.47651	-1413.1711	350.00037	164.8346
-9374.625	-158.90211	-1791.6686	205.71106	181.21349
-8232.926	-128.60052	-1501.4446	382.86035	165.08954
-8973.847	-153.20276	-1544.8264	352.99182	169.2522
-9322.448	-161.1099	-1799.6252	192.1737	175.07686
-9099.641	-156.9105	-1688.2184	240.99194	174.12633
-8874.682	-149.8217	-1657.3188	234.91992	167.07993
-8980.473	-154.36682	-1565.9619	361.86523	172.23912
-8609.707	-140.54477	-1666.6664	124.15369	173.42319
-9126.737	-157.32475	-1750.6722	168.03625	184.26668
