2867.9578 172.16602 938.65985 41.8869 171.11234
3074.1238 167.80708 961.17487 185.15118 175.56256
2725.6484 152.8547 815.19885 129.14746 160.6806
3094.7896 170.43655 946.0394 150.80261 175.56256
3103.8845 171.11234 954.43726 199.2085 175.56256
3123.73 148.9879 974.283 162.52008 175.56256
2639.593 149.1685 839.64594 115.83917 160.6806
2757.0908 163.82455 889.14557 69.23663 169.51671
2989.5068 168.37735 925.55804 139.42767 163.04944
2834.475 168.23352 904.41675 110.52716 165.06464
2889.8428 152.65053 874.1957 152.61414 156.65688
2992.7886 170.43655 905.8954 185.20276 166.57277
2402.5447 142.18704 778.2334 39.892334 176.79051
2536.5205 130.59935 827.7127 43.40094 165.63431
3062.078 180.30351 958.69574 126.65607 180.30351
2922.231 147.3938 915.2633 120.15381 166.75435
2963.5276 147.01022 927.41614 119.47034 169.51671
2625.1843 155.03871 831.8178 135.25153 148.9879
3110.3777 146.42358 964.202 146.29126 180.44133
2919.3872 162.17918 914.0413 117.40167 163.30281
2920.1904 156.6483 927.4231 85.64374 162.17918
2580.7344 145.08446 805.248 111.85187 151.26845
2615.6887 150.28746 818.76184 90.70068 154.18167
2691.9119 148.9879 868.6542 71.40845 154.18167
2754.9905 148.9879 874.5611 91.31464 156.26208
2898.974 171.11234 938.0235 53.308228 175.39734
2912.389 171.11234 923.45447 100.06409 180.44133
3070.8599 175.56256 922.1096 152.91846 174.07896
3058.8047 175.56256 909.3577 202.55695 172.59387
3064.9363 158.15666 915.48914 175.9729 168.23352
3041.9507 162.65744 892.50385 203.45892 170.29402
3094.0125 145.06038 944.56555 133.80017 162.65744
3060.425 139.48946 931.0442 168.5404 161.11539
2890.2844 139.48946 890.8385 161.34058 159.09889
2877.9587 145.06038 878.5127 150.64795 159.09889
2756.7283 148.9879 884.08765 100.946106 156.44406
2632.2544 132.08876 859.73236 36.41864 166.05585
2537.163 149.1685 828.19635 52.324524 160.6806
2529.8477 136.8855 822.7713 47.827637 161.09023
2510.5898 135.1452 816.48694 34.85443 169.55957
2837.1396 168.23352 901.18604 108.510315 168.37735
2662.37 142.98468 826.56036 105.55975 152.81651
3014.356 159.1573 950.4068 113.19818 174.07896
3002.2515 166.57277 915.3579 195.89258 170.43655
2573.0015 139.34174 828.387 71.1485 158.81538
2569.6885 139.34174 825.07404 51.315125 156.44406
2574.9622 132.45357 841.6916 50.01367 156.44406
3036.6384 175.56256 933.2562 114.185425 174.07896
2982.9192 170.43655 957.14246 82.81384 175.56256
2989.1426 147.01022 949.181 145.1438 168.37735
2936.8533 145.06038 900.74176 126.14496 168.82925
2461.6338 136.27896 790.41876 50.128174 159.09889
2537.0513 140.68813 787.0609 116.004395 150.28746
2593.1396 150.28746 828.67883 85.17932 168.82925
2529.697 136.27896 830.35657 34.78247 175.39734
2575.304 136.27896 835.9004 56.057617 168.37735
3046.9014 146.42358 930.5108 140.53229 174.07896
