9418.099 158.90211 1826.5223 157.33691 181.34158
8966.939 169.52435 1711.3315 140.01318 173.78304
8234.073 105.7589 1617.2032 65.523315 169.12161
8452.948 150.20596 1657.8278 85.829834 171.29735
8614.834 161.87439 1648.0952 147.45776 164.94165
8580.122 156.64426 1655.0074 106.40051 166.3936
8544.6 156.64426 1665.2117 98.4989 165.35995
8866.3955 152.50389 1734.6897 71.03088 174.62337
8815.338 154.45143 1735.1385 81.111084 173.78304
8874.105 137.84033 1720.8027 132.10791 168.03444
9077.169 149.38101 1715.6865 179.12097 168.0409
9294.903 170.58655 1775.0784 159.11475 174.36157
8985.562 150.09839 1651.664 276.29468 167.84029
8863.278 155.21843 1683.2584 164.45593 167.5551
8738.265 163.12079 1633.5464 221.63037 165.33313
8787.276 163.12079 1649.0387 189.97217 167.5551
8722.839 164.8346 1672.3116 215.73132 168.10551
8659.597 162.92406 1661.8325 210.25867 165.81833
8359.126 156.0503 1635.3251 78.21863 167.09227
8314.888 160.08427 1626.4733 68.23816 167.09227
8331.913 160.08427 1616.2872 78.881714 167.09227
8424.787 158.28462 1619.5497 136.70422 166.22816
8642.055 161.1496 1674.7236 102.59424 170.60704
8519.568 161.1496 1647.2831 103.68787 167.45956
8605.739 161.1496 1660.3777 172.021 167.45956
8450.506 147.6021 1643.3489 76.732544 170.16382
8637.78 169.78125 1677.725 91.38269 189.50417
8591.913 165.44508 1672.366 80.32837 175.91609
8586.856 165.91383 1685.7948 77.94006 174.81317
8589.237 165.91383 1646.0383 124.80054 171.16081
9218.813 156.64426 1776.4423 181.25891 174.12022
8832.927 156.64426 1725.0925 110.5188 168.17484
8800.269 158.54541 1732.1124 57.978516 174.74765
8654.667 154.45143 1684.0156 91.940796 166.22816
8735.355 154.45143 1704.3219 66.41931 173.78304
8833.542 158.47075 1715.0707 109.18713 170.78816
8709.564 129.82169 1700.0546 94.62427 171.10956
8812.103 157.14642 1702.7677 123.28088 166.58904
8767.243 157.93507 1683.2046 129.0177 166.77203
8693.575 150.09505 1686.2046 85.6145 172.25597
8571.593 150.09505 1672.477 116.46594 165.36847
8571.798 150.09505 1665.9269 114.70203 163.39345
8512.472 160.10626 1651.6477 92.23071 166.62468
8549.911 160.10626 1666.121 99.93787 167.83339
8516.444 157.14642 1653.1912 98.10486 167.82477
8925.808 162.03156 1630.3973 238.28601 166.22246
9063.036 162.03156 1751.1456 144.5343 173.4757
9144.825 169.0815 1796.2566 82.566284 173.48418
9149.062 169.0815 1769.5051 93.6449 184.21141
9180.141 166.22816 1773.3257 137.35767 188.71999
9180.145 166.22816 1768.1671 119.99841 188.71999
9166.505 166.22816 1756.3503 131.3523 179.15924
8262.545 147.52968 1541.7865 222.72437 161.47746
8301.859 140.56639 1558.2375 234.50159 162.2631
8276.568 140.56639 1570.1672 208.81836 161.47746
8223.515 148.66354 1563.0312 180.71472 162.3431
8191.8247 128.60052 1514.1675 236.05908 160.14868
8153.3643 109.19549 1499.0228 220.49182 160.14868
8057.7686 128.60052 1554.2953 117.90564 162.2631
7880.5215 133.08179 1416.9214 281.0713 158.28462
7427.6577 115.15708 1377.967 216.30444 155.90303
7668.5156 133.70686 1429.1027 211.57019 158.7164
8178.4727 135.36838 1549.7081 162.7091 160.40916
8135.3594 129.33142 1559.1963 156.14355 158.23817
8038.0864 138.97258 1546.2657 156.0498 161.9281
7978.446 138.97258 1527.5413 136.33813 162.78477
7965.792 138.97258 1552.9336 88.7439 162.76709
7915.241 134.4654 1557.7029 88.8573 162.76709
7978.844 134.4654 1557.063 69.84436 162.76709
8012.61 134.4654 1532.3406 104.58081 162.76709
8052.9556 134.4078 1560.3937 112.14856 162.76709
7989.4565 134.4078 1561.5187 100.05383 161.4
7965.3726 135.81244 1555.8383 102.47864 161.57295
7956.1064 135.81244 1550.4001 108.75366 161.4
8015.4863 135.81244 1545.0151 110.41675 161.4
8278.58 142.19382 1587.9033 146.42664 162.28741
8326.152 117.95741 1562.0352 212.30347 161.4
8447.496 117.95741 1598.8156 226.34827 161.4175
8353.449 117.95741 1586.5753 227.49805 161.4
8334.536 137.1246 1604.3292 175.25513 161.9281
8402.64 137.1246 1591.7882 216.88208 162.26248
8510.896 137.1246 1596.5134 224.32336 162.26248
8347.489 137.1246 1581.3007 203.21094 161.4175
8338.324 137.1246 1570.4852 177.02637 161.4175
8040.9937 137.1246 1450.1827 215.50159 160.40916
8261.936 137.1246 1559.6381 142.34741 161.4175
8257.115 138.76268 1606.4689 119.60242 160.62572
8183.9727 139.50816 1536.312 194.8562 160.62572
8177.929 139.50816 1545.1329 186.13757 161.9281
8166.9805 139.50816 1566.942 168.69983 161.9281
8190.803 145.81133 1604.9445 78.23657 165.38295
8297.617 152.24823 1630.4417 81.31702 163.19127
8435.352 153.18489 1592.0282 141.00342 163.28625
8573.184 144.0198 1627.636 140.33704 164.94165
8535.934 153.50403 1631.5696 143.72375 164.94165
8504.703 153.50403 1654.7496 84.802124 164.94165
8847.958 149.78938 1670.5911 205.63708 164.94165
8786.478 146.89085 1646.9124 224.7688 164.86464
8677.124 135.95323 1638.783 218.33911 162.49982
8684.557 159.80264 1687.9249 164.50537 163.19127
8726.169 160.55135 1678.2924 143.80151 163.19127
8810.456 146.27359 1705.8392 98.37463 165.72655
8973.234 144.0198 1729.0182 143.61096 169.23686
8891.17 153.1416 1671.7622 234.85742 165.78857
8901.247 152.80214 1677.9202 238.92981 166.58904
8887.466 149.64706 1657.7233 184.9729 166.88687
9025.974 142.17139 1688.5488 193.85046 167.96506
8978.965 161.0865 1698.2277 201.08044 167.67914
8986.474 158.90211 1723.0472 183.31213 168.03444
8855.686 158.90211 1704.0775 140.01831 165.22179
8807.379 157.32475 1694.09 105.73071 173.46404
8730.26 156.0503 1687.8374 119.18176 165.22179
8832.313 156.0503 1707.5756 140.47498 168.03444
9012.879 149.64706 1685.2273 204.59253 168.17484
8878.726 145.67773 1715.1699 146.45117 169.40921
8739.871 153.50403 1682.9375 122.427 168.03444
9292.875 154.48308 1800.7734 117.09277 176.88963
9231.817 161.25354 1778.5726 143.58325 174.52417
9250.695 161.25354 1769.7891 142.07007 178.43755
9163.663 154.481 1758.5403 121.666016 174.36157
9234.088 154.481 1788.1497 98.53992 179.96461
8999.435 170.66316 1663.2515 226.35095 172.17154
9056.751 170.07121 1656.1569 239.3789 173.78304
8979.016 164.6754 1682.7896 197.83264 172.17154
9003.886 161.3898 1718.1515 165.88257 172.17154
9133.748 161.20546 1745.5992 162.94519 172.23912
9004.217 160.38492 1726.5496 159.99927 168.17699
8893.942 163.70543 1660.8428 199.76392 168.17699
8826.242 162.26248 1710.6604 121.04016 172.7754
8842.278 162.26248 1704.6815 139.28369 168.17699
8774.233 157.93887 1716.364 102.676636 168.17699
8761.496 162.26248 1702.3838 112.74744 168.17699
9115.261 158.90211 1691.2269 207.05591 168.0409
8971.644 135.01726 1679.999 196.63232 167.45956
8863.595 158.90211 1646.6161 201.9043 167.45956
8796.104 161.08527 1655.3733 183.74316 167.45956
8916.874 162.60805 1681.7552 175.53601 168.88826
8933.453 135.01726 1713.7803 134.18811 168.88826
8966.26 135.01726 1699.413 156.03381 168.88826
8948.937 135.01726 1731.9795 174.70056 169.26762
8986.831 150.6547 1732.5768 183.59131 169.26762
8883.436 164.29047 1627.8269 246.52368 167.45956
8664.854 164.70554 1626.4658 172.06982 169.26762
9010.206 162.60805 1658.2839 218.85815 169.52435
8590.213 162.41766 1622.6587 142.29016 167.45956
8767.135 162.41766 1653.2485 146.32996 169.52435
8914.363 164.94165 1615.6965 279.7069 168.88826
8937.695 164.94165 1615.5801 316.16138 168.88826
9042.187 164.94165 1588.565 343.61755 168.88826
8957.336 164.94165 1594.2529 307.87988 168.88826
8944.336 164.94165 1604.5145 275.0835 168.88826
9316.39 158.90211 1752.6061 246.67676 174.36157
9299.903 158.90211 1785.9286 203.21033 176.17882
9192.924 166.74571 1758.8329 151.36414 172.85611
9173.469 163.93184 1761.2662 149.51282 172.85611
9063.281 162.2631 1749.6636 145.9226 173.34793
9181.423 162.2631 1750.5851 211.22205 172.4946
9126.731 163.17189 1730.0386 198.30566 170.69711
8690.013 165.73799 1672.7175 130.88916 170.69711
8763.121 165.73799 1681.3787 153.46997 170.69711
8706.383 165.73799 1654.6722 191.1399 166.79442
8756.174 166.79442 1652.2021 231.69873 167.35643
8769.16 167.50009 1654.7919 236.31702 165.73799
8762.958 163.51688 1679.6017 178.55652 169.12161
8874.82 161.34639 1702.6584 159.63452 169.12161
8715.266 161.34639 1673.4005 172.52747 167.56459
8667.084 161.34639 1652.0635 216.57959 166.65726
8646.635 162.39507 1652.4905 184.62988 166.65726
8534.679 145.09744 1617.776 253.97119 163.17189
9257.085 168.0409 1779.7283 147.18506 187.51761
8955.443 163.12764 1699.8346 158.97607 171.26283
8954.215 166.55363 1709.8931 164.25513 169.48607
8746.977 162.37631 1666.9113 161.06445 167.91774
8632.822 164.19875 1689.1313 90.84033 167.91774
8567.906 161.1745 1641.341 139.6698 167.25055
8639.957 159.31575 1672.1261 112.160645 166.54428
8654.551 161.1745 1642.7318 142.90503 166.54428
8701.833 160.3636 1680.9475 151.96973 166.54428
8523.352 160.61742 1646.0822 129.79248 166.54428
8522.215 161.1745 1637.6515 118.61084 166.54428
9306.415 163.70543 1774.0842 186.80347 176.64444
9269.434 158.47075 1784.0625 137.23853 174.36157
9329.6875 158.47075 1789.4906 161.67224 176.64444
9333.582 163.93184 1770.7704 191.99463 176.64444
9374.909 158.90211 1808.0571 208.3418 181.21349
9095.825 168.0409 1686.8755 211.28284 173.2176
8965.674 163.84941 1683.3339 225.96973 171.41327
9297.797 158.28462 1792.2407 128.71509 174.36157
9077.209 164.29047 1745.6721 158.56384 172.4946
9028.124 164.29047 1720.5898 198.64478 172.40428
9076.229 169.52435 1751.5635 172.97937 174.12022
9180.107 168.0409 1745.9979 159.6156 173.40654
9156.858 158.01738 1762.7305 121.92224 174.36157
9194.62 143.0818 1783.6716 116.15454 174.36157
9212.233 143.0818 1782.1208 100.51416 178.92998
9180.562 143.0818 1783.2574 105.11499 178.80188
9206.668 143.0818 1804.9252 100.993164 181.08952
9220.02 143.0818 1798.384 111.2135 181.34158
9177.851 152.50389 1793.4746 101.944824 181.34158
9180.496 152.50389 1789.5714 97.71362 181.08952
9232.615 170.57436 1773.3649 148.7815 175.74286
9219.639 164.94165 1782.2893 134.06226 174.59618
9268.768 160.69627 1776.4117 127.982056 169.52435
9279.252 160.69627 1784.6707 133.71753 184.39275
9303.875 160.69627 1807.8677 161.81421 179.7491
9272.515 160.69627 1783.4602 187.9342 175.8498
9357.607 168.0409 1782.4424 164.15076 181.98518
9401.235 164.94165 1802.7372 134.01843 181.21349
9359.35 163.93184 1823.0931 136.9596 189.2007
9292.373 163.93184 1805.6338 179.94067 179.70042
9308.246 158.90211 1803.2858 233.90344 179.70042
9267.026 158.90211 1788.4761 196.97864 178.80188
9222.322 172.7754 1754.8729 156.56885 178.80188
9160.454 157.32475 1760.5913 117.77637 180.79916
9150.677 173.68413 1763.3276 123.757935 180.79916
9189.588 173.78304 1766.4805 125.33191 181.34158
9212.178 158.90211 1789.0684 137.24219 178.80188
9313.219 158.90211 1822.3093 73.092285 182.22795
9179.696 167.56459 1754.1515 137.5343 175.99098
9256.163 167.56459 1737.0361 190.48792 173.99953
9282.779 160.69627 1763.6506 192.88269 173.25581
9364.376 155.85728 1821.2045 156.38733 176.84186
9418.538 138.71661 1833.7037 148.63464 174.36157
9421.702 155.85728 1816.7567 134.54565 174.36157
9367.474 164.95471 1762.529 206.22156 186.23871
9330.611 164.95471 1778.8734 159.27051 182.19127
9135.31 149.45412 1583.5725 327.74536 168.0409
9319.221 142.17139 1813.9401 142.41748 173.25581
9334.948 154.36682 1813.7036 137.63684 173.25581
9175.36 154.36682 1725.0634 247.34033 168.88826
9006.103 152.93358 1699.8679 209.21033 168.88826
