1326.626 85.95661 497.95248 62.76584 100.76008
1255.3752 99.05415 461.9591 90.47742 99.82602
1198.2095 84.81982 429.49695 102.61755 94.01542
1329.9335 106.27953 507.17407 66.20117 106.55519
1114.8424 96.87655 404.99728 65.634125 98.38893
1231.7734 104.00551 457.3739 78.59741 98.03545
1322.4897 93.16113 506.88983 63.78351 100.88898
1254.5667 96.8657 481.94434 50.46814 100.94125
1160.4573 70.89317 405.41895 156.81958 93.16113
1224.19 83.86839 451.52902 52.38492 96.8657
1314.6927 96.35551 488.9166 69.20584 94.45287
1268.416 98.57142 473.05948 108.18997 99.86883
1166.747 89.42029 378.34558 128.82501 85.77415
1044.5072 80.00593 368.9312 87.91522 91.9413
936.37836 78.28619 334.94208 63.58716 94.33003
771.33154 49.34185 294.49777 26.156525 101.88488
716.8576 53.62857 263.02954 59.55426 91.9413
891.3122 67.20324 336.14935 64.469604 90.24762
961.95123 72.28247 352.50598 83.246704 90.24762
1025.5233 72.28247 352.83615 110.89252 90.24762
1122.9612 72.28247 394.84406 125.15198 91.24007
1277.747 85.95661 494.75793 46.975647 100.76008
1287.147 94.01542 494.18954 57.475616 100.22431
1327.7822 105.97981 521.0726 27.92102 105.8597
1263.8909 99.86883 461.75143 89.42093 98.93358
1125.6036 80.12766 401.37793 85.75003 93.7702
1055.0873 87.62355 396.2694 64.8645 94.01542
1132.4012 63.55667 406.08136 79.97449 94.08121
1127.8402 57.20853 398.98422 106.651764 93.7702
1201.2449 83.86839 468.52338 29.988586 96.17482
1277.5269 106.55519 465.0852 110.75293 111.02892
1118.069 89.05354 384.85104 121.81287 91.58457
1208.8359 100.88898 441.19113 78.43393 96.87655
1256.9288 93.7702 489.28397 53.138092 100.88898
1215.3339 93.7702 459.9291 42.496063 103.51913
1254.6863 95.20418 480.2869 47.197296 100.94125
1209.6954 93.7702 474.4168 19.517883 108.30666
1167.5957 91.67013 438.07904 57.022217 99.97337
1273.4534 92.52419 470.857 108.323975 94.08121
1226.2262 80.12766 433.09534 123.08624 93.7702
1020.4834 86.80249 394.07513 36.685364 100.66947
1016.7658 69.50156 393.8211 23.93335 108.12545
1068.5972 97.11533 400.0434 63.82489 94.45287
968.51874 63.16915 363.78973 46.894226 93.1381
900.9363 42.14516 316.4291 100.72452 87.85264
1363.703 94.68919 520.4366 54.768127 104.04767
1091.9753 82.25971 384.01477 91.16934 94.08121
1133.5726 79.00214 395.87985 99.8371 94.08121
1167.3717 73.35732 390.23505 115.96655 93.94808
1157.4154 70.08803 407.93082 97.4285 94.08121
1063.8616 69.58491 385.39352 66.546234 94.08121
1312.8123 100.16016 487.03607 77.16382 101.88488
