16116.0 0.0 365.0 90.0 0.0
15744.0 0.0 371.0 51.0 0.0
15897.0 0.0 370.0 54.0 0.0
15955.0 0.0 372.0 60.0 0.0
15941.0 0.0 375.0 60.0 0.0
15911.0 0.0 373.0 57.0 0.0
15923.0 0.0 376.0 59.0 0.0
15854.0 0.0 372.0 53.0 0.0
15871.0 0.0 375.0 55.0 0.0
15904.0 0.0 374.0 57.0 0.0
15887.0 0.0 373.0 56.0 0.0
15865.0 0.0 373.0 54.0 0.0
15826.0 0.0 372.0 52.0 0.0
16069.0 0.0 377.0 73.0 0.0
16086.0 0.0 371.0 74.0 0.0
16090.0 0.0 370.0 76.0 0.0
16054.0 0.0 374.0 66.0 0.0
16056.0 0.0 377.0 67.0 0.0
16082.0 0.0 374.0 73.0 0.0
16045.0 0.0 371.0 65.0 0.0
16067.0 0.0 372.0 67.0 0.0
16068.0 0.0 371.0 69.0 0.0
16071.0 0.0 369.0 65.0 0.0
16045.0 0.0 369.0 64.0 0.0
16025.0 0.0 369.0 62.0 0.0
15962.0 0.0 370.0 60.0 0.0
15957.0 0.0 369.0 59.0 0.0
15991.0 0.0 372.0 63.0 0.0
15977.0 0.0 374.0 63.0 0.0
15981.0 0.0 373.0 61.0 0.0
