13079.865 148.98947 2028.3657 410.0481 144.32755
12678.604 147.49121 1998.3344 233.72815 155.38664
13126.992 144.32755 2060.395 374.78174 148.98947
12973.277 148.98947 2015.3286 381.65186 147.49121
13079.864 148.98947 2028.3657 410.04785 149.8714
12988.946 148.98947 2013.6134 389.9679 147.49121
13074.015 147.49121 2041.2639 352.4795 162.99625
13035.428 144.32755 2048.583 367.84302 159.83609
13126.991 144.32755 2060.395 374.7815 159.83609
13074.015 147.49121 2041.2638 352.47937 148.98947
13080.444 147.49121 2047.6951 370.83716 150.73563
13080.441 147.49121 2047.6951 370.8369 151.41685
13079.861 148.98947 2028.3658 410.04797 144.32755
12973.277 148.98947 2015.3286 381.6516 173.77284
12946.8545 147.49121 2026.7358 348.2566 159.83609
12973.279 148.98947 2015.3285 381.65173 147.49121
