129404.73 122.43136 6757.638 626.87744 148.81927
129242.34 113.14942 6732.1763 656.1416 147.45378
128487.64 123.52054 6594.339 693.7451 146.72157
129368.55 122.43136 6721.5176 647.5669 147.45378
126771.16 140.37236 6388.0234 870.8257 146.46162
129337.805 122.43136 6742.6284 624.4834 149.67123
129151.02 122.43136 6632.6396 699.5112 146.3265
129084.98 123.81409 6627.392 790.65137 147.45378
128923.945 123.81409 6599.799 738.5239 153.79124
128693.28 123.81409 6563.069 708.6909 153.79124
128501.46 126.97676 6608.146 750.99805 149.67123
128403.16 126.97676 6576.9087 751.1738 147.45378
128314.51 126.97676 6578.4897 715.9844 148.78528
128162.29 126.97676 6557.6978 710.6948 148.78528
119581.195 89.24999 5666.0747 1466.2808 143.32047
123371.5 95.1551 5607.3965 1565.3013 142.9661
125290.2 97.73918 5900.2134 1379.8262 143.57185
122192.53 101.79288 5615.4834 1531.2349 140.37236
123211.266 101.79288 5614.4946 1600.4302 140.37236
128642.945 123.81409 6673.192 686.1177 148.02708
126829.52 140.37236 6420.3027 873.4634 145.10898
126371.92 140.37236 6403.938 868.07666 150.57047
126306.2 140.37236 6445.7847 840.59375 153.76926
126675.54 139.69392 6476.339 834.48584 155.45728
126972.5 138.17288 6467.2715 841.0239 150.57047
127168.91 138.17288 6435.4443 870.06885 150.57047
127185.01 138.17288 6418.2827 918.36475 150.57047
116260.71 89.28175 5537.1606 1403.6875 140.39607
122847.74 104.81479 5603.164 1423.082 143.19392
123639.97 112.21345 5697.328 1397.8364 143.8741
124422.305 112.21345 5725.914 1406.5879 143.8741
