748016.2 0.09 27745.281 7000.1055 96.62
749850.44 0.16 27339.377 7021.51 95.71
667176.2 65.01 23325.379 8776.906 65.16
694685.3 76.59 24152.47 7850.711 110.43
676234.2 62.53 22452.33 9173.199 59.77
725652.25 2.07 26573.557 5486.217 131.28
752097.94 3.37 26816.281 6618.9883 115.87
744878.06 2.51 25231.902 9034.801 92.89
752602.3 1.49 27406.947 6143.459 102.99
747862.9 1.15 26056.576 8540.646 82.3
672431.5 67.35 22140.24 8537.439 69.24
696683.7 73.05 23706.918 8029.7227 70.1
647842.06 1.38 22542.316 5356.6113 97.09
649775.25 1.83 22872.277 5819.41 87.52
649649.25 1.83 23215.328 5909.215 81.91
652373.1 1.83 23049.709 6554.7324 81.91
644752.8 1.83 23550.809 5034.414 94.47
643022.44 1.83 23568.773 4532.672 94.47
644066.44 1.83 23655.752 4352.8438 139.75
646548.9 1.83 23562.139 4652.4824 125.95
641743.8 1.95 23516.062 4632.299 174.99
653358.75 1.95 23983.56 5473.8086 95.7
654235.3 1.95 23727.266 5163.135 98.56
657788.3 3.61 23483.873 5658.916 97.82
657990.75 3.61 23825.162 5740.922 97.82
654883.94 3.61 23346.863 5459.0996 97.82
654346.2 1.38 23548.172 5309.6914 97.82
652310.25 1.38 23585.852 5442.328 97.82
655241.75 3.89 23212.191 5843.0156 97.82
653446.44 3.82 23383.662 5464.9805 94.69
652693.25 3.82 23594.092 5723.158 88.33
649862.25 3.82 23900.986 5609.9863 88.33
644002.8 3.82 23652.25 5025.133 88.33
645169.25 3.82 23381.914 5249.8965 88.33
645176.2 3.82 22924.193 5885.6387 84.0
645858.56 3.82 22837.43 5970.953 83.49
645990.75 2.99 22514.64 6170.672 83.49
643682.94 2.99 22930.62 5557.633 83.49
645381.2 2.99 22391.45 6576.3613 82.16
644383.06 2.99 22484.008 5889.883 82.16
642479.4 2.99 22736.248 6083.582 76.08
644241.9 2.99 22639.07 6726.74 76.08
641205.0 2.53 23071.809 6119.51 76.08
642227.1 2.53 23160.73 6366.789 76.08
638564.0 2.53 22251.498 6715.1133 69.23
636464.4 1.25 22476.29 6256.783 69.47
639905.4 1.25 22334.309 6507.6836 69.47
738835.5 0.76 26140.94 6676.717 101.56
717078.2 0.76 25682.104 6439.7676 82.14
716935.8 0.76 25564.412 6425.367 82.14
747189.6 0.09 27289.648 6785.008 96.62
741434.8 0.09 27143.432 6410.217 96.62
739730.2 1.9 26715.314 6779.0293 107.36
740447.4 1.9 26379.373 7783.158 107.36
740377.56 7.36 26437.004 7038.2734 107.36
736479.06 7.36 25730.44 7585.6504 91.92
734910.75 7.36 25864.332 7494.078 91.92
732616.75 7.36 26451.244 6946.455 132.69
728792.94 7.36 25678.662 7355.8887 91.92
728787.56 7.36 25597.43 7316.8086 91.92
723125.0 8.93 24971.463 7680.9883 91.92
716384.44 8.93 25220.795 6882.965 91.92
714332.9 8.93 25214.217 6865.0254 147.04
711293.06 8.93 25182.365 6699.5156 147.04
706066.44 8.93 24822.967 6639.1836 147.04
703727.25 5.84 24461.07 6192.83 134.97
698048.5 5.84 24804.6 6207.383 134.97
697902.3 5.84 24856.533 5753.3203 134.97
696319.56 5.84 25105.713 5666.412 134.97
692500.94 5.84 24993.031 5941.1816 130.53
688434.4 5.84 24309.33 6561.3613 123.45
682709.7 8.93 24322.45 6304.4824 112.38
681947.06 8.93 24529.127 6033.3633 112.38
681455.3 8.93 24799.506 5173.213 112.38
681129.7 6.31 24529.145 5019.1934 112.38
682357.25 6.31 24615.76 5206.3984 112.38
683742.06 6.31 24303.568 6015.076 98.54
744689.44 1.94 26922.014 7588.4434 108.49
740961.25 5.21 24980.084 9657.502 122.02
668269.7 51.63 23989.182 7253.502 120.21
668846.8 51.63 23468.018 7322.635 120.21
667910.75 41.24 23220.342 6948.621 120.21
655931.56 11.34 23771.459 6205.0664 96.72
649791.6 11.34 23500.44 5292.463 131.03
647294.6 11.34 23523.488 5256.451 96.72
647586.75 11.34 23483.213 5086.498 98.43
647964.25 4.96 23330.059 5736.0586 98.43
651459.7 4.96 23561.924 5350.7793 100.96
650515.56 4.96 23038.812 5394.24 98.43
651808.75 4.96 22954.47 5834.211 98.43
645582.2 4.87 23102.426 5683.0547 86.9
642450.5 4.87 23089.596 5402.2344 86.9
642654.2 4.87 23198.611 5655.3164 86.9
641634.94 4.96 23455.97 5125.119 86.9
642766.2 4.96 23313.229 5763.873 86.9
639815.06 4.96 23491.03 5032.6016 86.9
640528.06 4.96 23686.205 4685.924 94.72
643172.4 4.56 23569.338 5486.881 94.72
663760.25 60.3 22268.826 7514.662 77.07
663415.5 60.3 22523.639 7075.0195 77.21
663424.9 60.3 22793.018 6740.459 83.64
665562.25 60.3 23416.797 6179.34 91.89
665370.4 62.67 23961.238 5551.5293 102.34
667451.9 34.54 23597.996 6727.3984 84.81
668349.1 34.54 23151.227 7232.582 84.81
667914.56 26.77 23089.41 7213.5625 84.81
676056.6 21.6 23221.45 7240.662 93.02
673748.44 13.85 23567.88 6718.826 113.53
671029.25 13.85 23314.734 6371.0645 113.53
695324.4 72.03 24791.645 7933.6562 96.24
695767.25 68.0 24851.652 7732.957 89.34
692837.0 68.0 24706.059 7667.162 143.66
690747.8 68.0 24294.0 7526.4316 143.66
689347.56 58.11 24151.807 7254.213 143.66
691588.4 58.11 24215.223 7349.086 143.66
686585.4 58.11 24196.244 7292.5625 152.5
682747.9 41.86 23700.012 7006.5664 143.57
680264.06 37.79 23791.58 6522.5 143.57
682505.8 37.79 23972.822 7265.1973 124.33
678479.3 37.79 23752.152 7205.547 124.33
678012.3 37.79 23981.271 6049.5527 124.33
678469.8 37.79 24027.578 6278.881 124.33
680945.1 35.75 24543.021 5483.367 124.33
679522.25 34.11 24739.34 5517.662 124.33
680710.3 34.11 24548.986 5901.377 117.24
684260.8 1.64 25363.393 5372.5664 117.24
689348.1 11.7 25011.924 5643.3066 141.62
688250.3 11.7 25029.752 5896.459 117.24
676856.25 0.76 24776.404 5078.465 100.0
674225.75 0.76 24818.846 4851.5566 100.0
671785.6 0.76 24905.348 4969.408 100.0
672678.4 0.76 24669.906 4686.4453 100.0
671336.5 0.76 24472.285 6031.3906 86.45
670687.8 0.76 24417.545 5742.584 86.45
668754.06 4.24 24502.09 6254.7695 86.45
661297.8 4.24 24117.861 5495.6465 104.28
658052.3 4.24 24255.719 4731.418 104.28
659646.1 4.24 24133.438 5002.865 104.28
658074.75 4.24 23890.54 4954.9453 104.28
650208.56 4.21 23393.43 5808.699 98.55
678583.1 54.78 22427.012 9235.9375 65.23
674270.0 46.06 22123.846 8848.912 69.31
679929.06 16.15 23316.992 7697.1562 69.31
678754.6 16.15 23802.762 6955.412 69.31
677152.2 16.15 23898.432 7032.7695 92.78
682178.7 16.15 24040.377 6800.4414 104.62
680779.56 10.71 23799.68 6700.541 104.62
678565.3 10.71 23949.248 6727.758 104.62
677869.1 10.71 23623.389 6580.7207 113.48
676739.94 10.71 23779.97 6539.0215 113.53
673712.2 10.71 23737.812 6695.328 113.48
727310.4 2.07 26512.918 5693.1055 96.42
726702.06 2.07 26058.361 5782.621 91.2
723940.5 2.07 26207.979 5595.7246 92.45
719698.3 4.7 25456.854 6429.834 92.45
716769.44 4.7 25428.953 6270.158 98.81
712244.7 4.7 25609.87 6422.3594 109.7
710675.9 5.76 25302.01 6279.8457 109.7
708356.75 5.76 25499.936 6216.6426 109.7
705640.25 5.76 25700.523 5433.879 109.7
703034.06 5.76 25354.592 5845.7812 86.7
696107.6 5.76 23134.729 7493.131 82.26
690720.8 5.76 23395.059 7390.5703 82.26
689380.4 5.76 23857.238 7205.7793 83.09
685661.8 5.76 23879.87 7214.75 83.09
681504.6 7.41 23471.441 7485.592 86.12
747896.8 3.37 26465.043 6614.336 193.51
740205.6 3.37 23628.61 9293.922 96.09
741436.44 3.37 23061.285 9717.738 96.09
737759.06 3.37 23157.055 9290.742 96.09
741096.3 2.51 24924.123 9370.834 89.35
737925.06 2.51 23627.229 10646.166 84.59
732416.44 2.51 23717.896 10283.213 84.59
728515.6 2.51 24029.998 9538.229 78.57
730042.3 2.51 23722.707 9645.594 74.51
726288.1 2.51 23131.637 10683.156 70.08
717879.5 2.51 23186.26 10393.49 70.7
713518.56 2.51 23144.418 10236.336 74.07
712044.8 2.51 23405.082 9406.328 67.71
707327.4 2.51 23416.91 9130.58 67.71
749879.8 1.49 26764.15 6602.6973 102.89
745055.94 1.49 25488.596 8103.463 84.92
740721.1 4.46 24385.688 9360.359 86.73
740865.0 4.46 23673.797 9882.75 86.73
739175.3 4.46 23377.346 9617.107 84.92
730941.8 4.46 23242.777 9338.676 84.92
728591.25 2.85 23941.188 8766.297 84.92
724460.0 2.85 24302.12 8100.914 84.92
726228.7 2.85 24604.89 7784.164 85.54
725699.44 2.85 24650.86 8216.441 89.72
722453.0 2.85 24680.111 8120.2324 89.72
719933.0 2.85 24815.582 7798.2305 89.72
719564.8 2.85 24504.28 7712.4434 89.72
716899.3 2.85 24253.61 7704.631 89.72
714481.6 2.85 23949.963 8290.717 74.41
713274.0 4.46 23643.607 8694.141 75.68
709555.2 4.46 24444.178 7617.992 75.68
707551.25 4.46 24484.6 7641.3496 75.68
705329.7 10.65 24214.174 7806.455 88.63
700724.4 10.65 24434.068 7491.467 88.63
699351.9 10.65 24219.082 8508.281 75.68
696017.3 12.69 24536.65 8127.207 72.16
694647.06 3.73 24760.832 8241.836 72.16
689374.25 3.73 24593.227 8214.215 84.01
744695.25 1.15 26159.635 8149.424 93.65
743902.6 1.15 26718.041 6904.4434 97.45
741086.6 1.15 26262.62 6779.252 93.65
736246.94 1.15 25526.44 7413.498 82.98
733600.06 1.15 25743.25 6834.283 82.98
732491.75 1.4 25927.082 6285.115 96.06
729014.56 1.94 25738.76 6248.801 96.62
722836.4 1.94 24989.205 6784.0938 80.08
718802.8 2.56 24982.883 6854.832 80.08
717789.44 2.56 24709.24 6787.8477 80.08
695610.7 68.48 23636.348 7815.8477 76.21
696299.8 68.04 23706.338 7524.416 76.49
696666.94 25.06 23311.625 7759.756 85.49
697230.6 25.06 23462.367 7755.8945 95.43
696406.6 25.06 23400.027 7467.5645 95.43
693560.8 25.06 23731.951 7326.58 98.53
691181.44 25.06 23806.55 7387.338 141.23
688791.2 25.06 23756.033 7119.6055 141.23
683658.6 25.06 23132.26 7100.8516 141.23
650809.56 28.36 22596.633 7193.168 82.26
650665.4 28.36 22698.627 6674.203 84.02
653930.4 25.96 22921.01 5994.34 84.02
653995.94 23.02 23019.1 6138.9785 84.02
656702.75 23.02 22907.43 6214.871 84.02
652838.0 23.02 23028.648 6083.174 93.59
653407.75 23.02 22840.75 5911.701 95.39
651493.06 23.02 23147.74 6144.1934 95.39
651410.5 23.02 23180.533 6137.9297 95.39
649870.6 8.57 23214.434 6169.42 95.39
649324.9 8.57 23189.42 6112.4785 97.05
649437.75 11.37 22893.43 5785.67 95.39
649192.25 11.37 23216.818 5432.7246 95.39
648631.44 11.37 23726.766 5489.463 99.65
646275.6 20.32 23246.145 6012.2637 99.65
643018.8 20.32 23007.668 5581.8105 99.65
640621.5 20.32 23112.834 5776.6055 99.65
639295.6 20.32 23298.975 4946.992 97.23
639282.1 20.32 23340.988 4653.4785 107.87
640419.75 20.32 23208.902 5459.2285 97.23
641640.25 20.32 22832.686 5840.1133 97.23
643010.25 13.92 23706.977 4678.1973 97.23
648451.06 13.92 23497.44 5817.0117 97.23
649841.25 13.92 23739.615 5895.789 97.23
647445.0 13.92 23634.422 5220.4316 97.23
646856.3 13.92 23733.838 5078.3926 97.23
643813.9 13.92 22940.205 5788.2754 93.05
643731.8 17.36 22969.607 5880.8633 93.05
643307.2 17.36 22923.268 5537.926 93.05
642016.6 17.36 22719.53 5379.7285 93.05
644473.2 9.49 23084.89 5389.496 93.05
647999.25 9.49 23208.02 5437.926 93.05
649972.5 13.99 22659.57 5769.959 93.05
644770.0 0.65 23225.986 5002.924 93.05
642001.6 0.65 22896.482 4928.8066 93.05
