-15501.921	-6.57191	-537.39716	174.73059	10.04988
-15531.159	-6.57191	-536.70105	175.0733	10.04988
-15637.704	-5.80861	-523.77673	194.24493	9.6566
-15481.828	-5.23259	-517.05725	193.46075	9.6566
-15438.923	-5.23259	-517.61957	192.10193	9.6566
-15463.506	-5.23259	-516.2516	187.55695	9.6566
-15476.792	-5.23259	-516.66327	191.518	9.6566
-15971.783	-5.71052	-585.29083	122.621765	10.4838
-16019.63	-6.10819	-581.6026	125.250854	10.31552
-16144.431	-5.99667	-584.626	119.454346	11.24633
-16183.394	-5.99667	-586.8197	119.86536	11.24633
-16064.61	-6.67158	-575.3093	134.77405	10.82359
-16637.742	-5.44426	-593.6141	121.00726	10.84251
-16638.314	-5.44426	-590.50916	123.84338	10.84251
-16696.37	-5.44426	-588.58386	130.28156	10.84251
-16681.39	-5.44426	-585.5854	128.99805	11.08648
-16673.432	-5.44426	-586.05194	128.07349	11.08648
-16313.955	-5.71227	-596.45294	130.51105	10.39423
-16274.422	-5.71227	-594.3129	130.3075	10.43312
-15300.877	-4.8775	-516.79645	184.44434	9.79847
-15364.982	-4.8775	-516.3271	184.2107	9.79847
-15433.5	-4.8775	-519.8005	185.05939	9.79847
-15480.971	-4.8775	-521.0826	192.43701	9.79847
-15979.946	-5.32917	-591.3808	106.14081	10.95673
-16377.614	-4.56618	-600.31335	126.339966	10.44557
-16339.004	-4.56618	-603.5798	116.89801	10.42593
-15532.521	-6.0025	-524.5152	228.4491	9.87826
-16048.832	-5.3619	-585.4356	120.46307	10.94303
-16450.672	-5.46717	-578.3626	165.11768	10.02148
-15940.288	-6.02246	-588.74994	119.61328	11.01136
-19341.217	-7.37631	-722.60333	96.21857	11.49913
-18948.018	-7.37631	-622.7496	196.68481	11.00818
-18846.5	-6.49538	-623.09955	189.59808	11.08828
-15802.332	-6.57191	-570.23413	132.88861	10.95308
-16313.4375	-5.86771	-530.80597	235.3739	9.97798
-16225.758	-5.86771	-527.8071	234.22571	9.97798
-15447.795	-5.84123	-522.3235	180.52515	9.86965
-15594.042	-5.82666	-521.6027	194.51929	9.86965
-15825.741	-5.84123	-522.2186	198.05328	9.81631
-15872.374	-5.84123	-529.00946	201.80536	9.81631
-15915.188	-5.84123	-526.82025	205.40472	9.78315
-15589.546	-5.47449	-540.678	149.26251	9.97146
-15658.54	-5.47449	-553.2314	140.10944	9.97998
-16169.27	-6.70522	-554.255	189.31415	10.05385
-16070.475	-5.45802	-580.32745	132.82251	10.35905
-16304.333	-5.98749	-553.5007	185.81067	9.98449
-15485.623	-3.65923	-552.48926	150.36108	9.90252
-15556.678	-3.65923	-554.6579	151.17426	9.90252
-15745.796	-5.95483	-570.33105	115.663635	10.70794
-15372.44	-4.2332	-558.671	107.34296	10.18676
-16275.309	-6.13433	-559.39056	186.24023	10.001
-16249.979	-6.13433	-558.18787	184.6623	10.001
-19222.268	-5.37587	-725.78577	101.62714	11.24589
-19165.78	-5.37587	-717.7071	109.2276	11.19375
-18978.582	-5.37587	-639.7295	173.89435	11.07294
-18828.736	-5.37587	-641.53064	172.72742	11.07294
-18746.615	-5.37587	-642.11145	171.21686	11.07294
-18123.428	-5.71052	-640.35956	134.21198	11.24011
-15961.801	-4.2	-567.6236	148.2951	9.97096
-16195.656	-6.17981	-577.04346	150.7514	9.90808
-19357.682	-6.68281	-701.24115	118.097534	11.39342
-19021.293	-6.65357	-629.3971	182.23254	11.37102
-16054.668	-4.37264	-594.209	127.9552	10.40913
-15950.418	-5.48999	-535.7883	205.23474	9.78979
-15981.637	-5.48999	-540.55084	206.58868	9.78979
-16016.615	-5.48999	-539.41705	211.66852	9.78979
-16127.976	-6.69776	-548.4223	193.33655	10.02647
-15380.491	-5.3	-532.54956	143.63623	9.95691
-15993.542	-6.19032	-563.5586	165.80115	10.05734
-17165.03	-5.42679	-623.9396	119.8996	11.0991
-18884.344	-5.37587	-642.65497	183.5014	10.88026
-15393.456	-6.37181	-509.01627	217.56113	9.92572
-16017.328	-6.60227	-550.0471	176.7171	10.01998
-17536.947	-5.25833	-667.91675	84.2536	10.8379
-17228.967	-5.25833	-618.8003	128.284	10.67989
-17261.488	-5.25833	-616.51575	130.05511	10.67989
-17717.252	-5.42679	-644.8112	125.29938	10.79491
-15429.24	-5.93717	-512.88196	174.55774	9.84124
-15538.343	-5.93717	-517.1623	172.86969	9.84683
-15865.168	-5.82151	-547.44385	214.50159	9.71494
-15867.437	-4.49778	-572.30853	113.73633	10.5745
-15353.735	-4.16413	-551.5802	137.58313	9.96092
-15892.888	-5.84551	-520.36804	213.08868	9.90303
-15870.492	-6.11474	-517.3085	216.67181	9.83921
-15751.573	-6.11474	-517.46454	212.51758	9.83921
-15746.581	-6.11474	-520.2457	213.16211	9.83921
-15653.083	-6.11474	-522.07666	198.68237	9.83921
-15359.055	-6.14003	-540.16547	167.41797	9.82344
-18604.445	-6.36553	-623.4029	189.01154	11.31503
-18550.39	-6.36553	-624.56647	182.00659	11.31503
-15963.993	-6.17333	-563.6414	149.4621	10.02647
-19415.684	-5.37587	-696.3035	134.04724	11.47432
-18396.477	-9.66282	-651.47034	143.71002	10.57922
-18390.838	-7.1218	-658.1972	138.67944	10.57922
-15939.1875	-3.58887	-581.15247	153.71399	9.92572
-16026.846	-4.93153	-585.9366	116.63342	10.50476
-15981.697	-6.32772	-582.1967	118.48816	10.05187
-15986.161	-6.32772	-583.7646	118.7146	10.05187
-15967.508	-6.32772	-585.43207	115.8761	10.12176
-16062.088	-6.32772	-582.3003	118.16913	10.41777
-16262.623	-6.32772	-582.96094	123.19928	10.41777
-16277.518	-5.55158	-582.24084	120.69293	11.10495
-16252.466	-5.55158	-580.9375	117.16504	11.10495
-16213.168	-5.55158	-584.88715	114.61566	11.10495
-16199.416	-5.55158	-586.1712	112.92566	11.10495
-15731.442	-5.87537	-520.74744	206.0774	9.81733
-16200.719	-5.97997	-545.9755	180.38898	10.02846
-15754.791	-6.26897	-548.4826	177.3534	9.93076
-15601.0625	-4.81041	-552.36816	160.21106	9.86002
-15637.82	-4.81041	-552.36365	166.78491	9.86002
-15719.387	-5.43967	-576.2801	112.20062	11.13463
-15696.075	-5.43967	-578.6124	107.84357	11.13463
-16091.634	-5.39444	-579.73755	119.03345	10.73499
-16143.508	-4.50333	-581.589	129.45483	10.25963
-16559.584	-5.56237	-568.3518	174.39362	10.03095
-16241.454	-5.60357	-566.7307	176.89386	9.83565
-16288.857	-5.46992	-523.69495	249.10638	9.9232
-15410.164	-6.16685	-518.1331	187.19568	9.88585
-16333.757	-4.65296	-582.003	161.1062	9.96243
-16048.533	-4.87545	-542.7278	210.6399	9.80816
-18285.855	-9.87421	-660.18396	135.1875	10.05783
-15611.033	-5.67627	-543.52167	210.54272	9.8158
-16273.965	-6.78749	-581.4725	122.5979	11.21026
-15993.698	-5.63205	-588.5267	126.302246	10.40288
-15775.534	-6.46452	-548.5756	159.62299	9.96042
-15620.595	-5.04876	-562.8256	143.74274	9.96494
-15679.903	-5.04876	-562.8672	147.23431	9.96494
-15695.209	-5.04876	-562.1691	146.60828	9.96494
-15686.8125	-5.04876	-562.217	149.30768	9.96494
-15672.03	-5.04876	-560.51013	145.05402	10.001
-15791.971	-6.40703	-566.2193	130.34589	10.13163
-15860.391	-6.40703	-568.1824	134.29681	10.13163
-16128.828	-6.37417	-551.7822	206.26855	10.01848
-16653.865	-6.37417	-568.214	208.5072	10.01848
-16710.16	-4.37264	-572.63715	207.11713	10.01848
-16275.712	-6.49846	-595.8913	126.21399	11.241
-16088.204	-4.71381	-555.1319	164.06586	9.66178
-15628.286	-5.14684	-528.22406	195.5055	9.80663
-15626.477	-5.09902	-529.07684	193.27246	9.80663
-15454.449	-4.82493	-561.7141	114.53613	10.61979
-15383.748	-4.82493	-557.99634	111.19202	10.61979
-15396.404	-4.82493	-558.37256	111.82922	10.61979
-16500.09	-5.26118	-599.2038	113.12164	10.95308
-16474.703	-5.26118	-599.5935	109.34961	10.95308
-16084.986	-5.26118	-577.2254	118.48193	10.52378
-16403.475	-5.25071	-548.7423	231.98505	9.97196
-15946.875	-4.34971	-555.2912	174.14862	9.83565
-16519.047	-5.37587	-598.28644	123.90527	10.44797
-16064.97	-5.39537	-579.0517	130.76917	10.31988
-16013.325	-5.39537	-571.30304	134.48822	10.245
-16330.889	-6.72904	-597.5168	126.40961	11.37805
-16204.728	-5.71839	-570.54266	191.69574	9.9554
-16078.397	-5.71839	-566.1616	187.06018	9.87117
-16112.346	-5.71839	-567.5061	187.7331	9.87117
-16561.71	-6.4405	-602.6443	120.78772	10.51095
-16509.896	-6.38122	-597.6672	133.54346	10.34988
-15779.7705	-3.13209	-564.4449	134.32642	10.02347
-15786.437	-3.13209	-562.8367	140.64691	10.02347
-15815.974	-3.13209	-560.88727	146.59424	10.02347
-16438.475	-5.25833	-612.12396	108.454895	10.71074
-16673.053	-5.65774	-596.821	188.08942	10.03992
-16120.688	-5.43415	-583.83984	127.632385	10.41393
-16040.19	-5.43415	-583.09064	127.579895	10.41393
-16190.88	-6.28172	-546.38293	200.93109	10.02048
-16257.962	-6.28172	-547.8591	201.47717	10.02048
-16210.788	-6.28172	-542.37756	200.55145	10.02048
-15489.172	-4.34971	-542.8206	142.19049	9.96995
-15408.619	-4.34971	-538.3297	148.38715	9.84886
-16269.688	-5.74195	-545.7161	176.30945	9.94837
-16346.76	-5.60179	-550.91534	176.4884	10.03494
-15472.181	-5.71664	-526.7753	184.3357	9.86914
-15918.595	-6.20081	-558.2562	159.81561	10.03294
-15813.756	-5.91185	-534.86017	169.23529	9.87674
-15815.871	-5.91185	-530.69867	168.01599	9.87674
-16055.155	-5.34977	-561.85284	149.71118	10.01998
-15689.073	-6.07618	-508.15988	211.87949	9.89495
-15302.542	-5.23927	-508.206	179.76239	9.77036
-15297.21	-5.23927	-513.4572	176.93982	9.77036
-15257.955	-5.23927	-514.1756	176.66321	9.77036
-15335.46	-5.23927	-514.6443	180.66504	9.77036
-15248.898	-5.23927	-515.40546	185.1048	9.77036
-15488.391	-6.58027	-522.61053	254.96454	9.97096
-15993.128	-6.0407	-566.85236	134.25714	10.30243
-16766.11	-4.94267	-611.34576	130.44556	10.14988
-16774.248	-4.94267	-606.4231	135.03375	10.14988
-16858.074	-4.94267	-610.82654	134.34772	10.60754
-16724.857	-4.68295	-596.0947	158.36725	10.02048
-15743.854	-5.4231	-574.2445	112.41046	10.63391
-15884.357	-5.4231	-574.0458	113.17816	10.63391
-16215.537	-6.15224	-543.48755	183.36334	10.01299
-16233.437	-6.15224	-543.0025	186.18256	10.01299
-16239.543	-6.62571	-541.2046	187.84644	10.05684
-16415.545	-6.51153	-603.59515	123.92053	11.29115
-16013.6455	-6.53529	-566.59717	166.61359	9.95038
-16014.256	-6.53529	-563.89075	166.60773	9.95038
-15962.862	-6.53529	-562.54443	161.09003	9.95038
-15883.85	-6.5437	-543.2807	224.80176	10.01748
-15469.46	-4.86313	-530.2258	171.09735	9.82751
-15503.421	-4.86313	-531.8303	168.85687	9.84378
-15505.382	-5.41572	-534.5136	172.87366	9.82751
