-2486.8584	-138.86511	-794.0018	54.806396	138.44269
-2486.8582	-138.86511	-794.0018	54.806335	133.2093
-2449.7627	-138.44269	-782.7278	87.713806	127.62217
-2132.2947	-115.57811	-683.31256	51.17169	148.63234
-2343.677	-122.83325	-730.0124	97.823425	126.59215
-2300.0986	-126.59215	-719.0176	73.16193	124.596
-2339.4746	-115.57811	-731.18945	80.128296	126.59215
-2241.243	-124.596	-703.94196	71.53754	126.59215
-2496.4746	-133.2093	-802.9477	58.83246	138.86511
-2388.7356	-122.83325	-736.86554	109.119385	126.59215
-2467.9985	-138.44269	-799.33026	52.117188	133.2093
