-7222.9043	-156.74846	-1533.0354	157.4375	180.39503
-7206.7007	-156.74846	-1537.2568	156.04663	179.83795
-7109.3726	-156.74846	-1537.3245	102.17261	179.83795
-6774.8623	-150.9639	-1404.0165	184.18066	169.91818
-7014.5566	-166.85081	-1452.4573	167.82935	180.18295
-7011.6865	-158.1165	-1462.2231	143.14587	178.64627
-7032.4414	-166.22899	-1482.9786	114.72461	179.38512
-7222.903	-156.74846	-1533.0355	157.43726	179.38512
-7231.605	-166.22899	-1527.374	154.76855	174.15352
-7108.5596	-166.22899	-1516.1168	143.32092	179.38512
-6997.0176	-166.22899	-1511.4395	87.67175	171.63148
-6986.3774	-132.8682	-1468.849	205.03601	169.91818
-7068.425	-156.74846	-1533.8291	93.11096	179.38512
-7022.942	-154.015	-1501.987	108.236694	176.8985
-7077.7183	-156.74846	-1529.5647	142.36914	176.8985
-7078.7905	-156.74846	-1513.4032	118.12207	179.38512
-7013.1953	-156.74846	-1513.1992	86.77136	179.38512
-7085.8213	-156.74846	-1512.4237	117.2406	176.8985
-7107.094	-156.74846	-1517.2393	130.03735	177.18243
-7146.2627	-156.74846	-1550.0499	101.60095	181.17328
-7166.8716	-164.54955	-1478.0818	201.4635	171.51328
-7071.126	-156.74846	-1521.9255	98.85034	181.17328
-7144.9	-156.74846	-1529.6764	144.29834	177.18243
-7181.234	-156.74846	-1527.9087	138.51355	181.17328
-7214.6406	-157.265	-1539.1047	218.69922	173.58748
-7851.888	-156.74846	-1692.053	157.60144	182.50279
-7319.5244	-167.01422	-1551.6378	169.46423	174.7367
-7693.1616	-156.74846	-1644.0175	110.09839	182.50279
-6895.836	-134.5507	-1402.1978	210.78845	171.08647
-7512.6226	-166.85081	-1603.4116	131.9707	197.40558
-6763.4785	-153.31886	-1430.9935	151.10583	171.08647
-7579.3936	-171.08647	-1620.1829	182.60962	175.97603
-7681.9424	-181.7072	-1604.1328	201.79248	182.50279
-6855.507	-154.9508	-1446.8632	157.05212	171.08647
-7553.853	-177.33543	-1592.3724	146.08545	180.78838
-6958.0874	-147.8012	-1481.9473	137.88245	171.51328
-7343.5835	-155.74196	-1555.9257	143.6842	180.18295
-7183.544	-166.23059	-1478.6313	217.56201	171.51328
-7380.767	-151.34694	-1555.9502	139.2395	178.0225
-7210.441	-166.23059	-1442.3234	267.67126	171.51328
-7673.8613	-174.7367	-1624.3466	167.12952	201.64563
-6732.491	-140.39668	-1415.877	146.9281	171.08647
-6946.612	-156.076	-1422.34	230.87585	169.50111
-7064.8633	-164.54955	-1479.7285	179.15515	171.51328
-7382.283	-151.34694	-1516.5466	230.75793	175.40486
-7132.9883	-151.34694	-1503.5139	209.14209	171.51328
-7787.5454	-171.51328	-1626.5204	222.28613	181.7072
-7559.7993	-175.40486	-1524.0076	288.72705	175.37465
-7580.7266	-169.7106	-1608.9698	175.46594	192.734
-6984.327	-166.23059	-1457.2759	206.52576	171.51328
-7608.2734	-166.995	-1610.1659	193.745	182.50279
-7173.6016	-156.74846	-1551.705	111.322754	181.57945
-7786.53	-156.74846	-1659.0682	120.42627	190.53282
-7523.8364	-156.74846	-1509.0667	237.74194	175.37465
-7851.889	-156.74846	-1692.053	157.60156	185.04375
