3760.2979 139.43135 1019.32916 85.91156 160.5631
3849.7686 116.11183 1064.8932 81.59631 149.62454
3695.301 149.62454 996.33105 136.87476 151.80461
3504.8875 123.55983 923.8962 154.95392 142.87265
3805.9211 129.4343 1020.286 94.952515 163.9469
3777.4165 151.80461 992.29034 176.08917 147.03775
3719.3154 139.43135 1005.75696 112.09326 151.80461
3652.2168 146.81595 1014.49536 69.25354 145.20337
3693.0088 142.98242 1009.80664 131.95044 156.50897
3719.9253 151.80461 984.0564 164.47754 156.50897
3771.703 140.6333 1021.004 107.198 153.6638
3710.7715 145.04329 978.81116 150.66797 159.20638
3757.1267 139.43135 989.04974 138.3758 151.80461
3785.0815 126.70641 1036.3713 99.52905 153.2802
3853.1475 117.03864 1077.7528 46.427124 159.20638
3792.7095 142.87265 1032.0085 91.730225 156.0786
3307.6218 111.42402 892.6849 102.54761 144.64003
