-1191.6248	-96.81609	-440.5385	100.39215	84.76566
-1273.2777	-106.6561	-500.78574	30.220978	101.4792
-1319.2041	-107.12615	-493.1372	72.37756	101.88488
-1312.8256	-103.51913	-506.91068	33.263214	104.04767
-1149.4214	-98.69046	-431.59448	53.41107	86.77349
-1199.713	-100.76008	-469.85803	18.960938	94.01542
-1038.7095	-76.57748	-394.1942	35.922424	83.47963
-1317.3477	-94.45287	-501.32605	35.81079	99.3271
-1363.703	-94.68919	-520.43665	54.768066	104.04767
-1314.6927	-96.35551	-488.9166	69.20584	94.45287
-1245.515	-99.22202	-422.7556	118.4798	93.16113
-1365.7021	-106.27953	-537.10254	23.189941	105.8597
-1090.0883	-79.62264	-393.8101	71.51257	82.03045
-1281.0238	-105.97981	-498.3608	22.011505	98.93358
-958.23047	-82.70992	-363.5752	34.437164	92.62736
-1243.3198	-106.82649	-479.299	31.329956	93.01144
-1311.8192	-112.82114	-481.50687	85.61844	100.16016
-1276.4241	-112.82114	-480.15118	51.57898	100.16016
-1259.2806	-107.12615	-449.96594	87.29077	96.1054
-1260.3315	-100.2166	-494.63696	15.41272	103.51913
-1236.6178	-91.9413	-420.6738	125.20096	90.87757
-1250.3486	-89.42029	-418.15277	119.026794	90.07275
-1273.0845	-104.86311	-472.048	63.64023	94.33003
-1276.7977	-91.3699	-477.9727	76.11838	92.52419
-1027.7283	-74.17943	-384.48816	69.40082	79.56651
-1040.5479	-74.17943	-394.27762	48.20453	87.06419
-1225.8057	-91.3699	-463.42932	42.313232	92.52419
-1183.9789	-86.08819	-440.4452	61.39453	89.22254
-1299.068	-100.2166	-496.42944	50.778687	96.1054
-1352.8645	-106.27953	-522.5521	35.124878	100.16016
-1083.83	-94.45287	-405.08734	44.413208	88.88132
-1084.5281	-91.59799	-405.78543	41.927124	88.88132
-1258.1655	-107.12615	-455.527	79.93259	96.1054
-1293.6022	-104.02303	-463.28973	92.97089	94.45287
-1300.1492	-107.15253	-485.14832	82.62439	100.76008
-1192.5344	-107.15253	-460.15814	43.97473	95.59421
-1181.716	-97.92899	-444.95056	75.85022	85.28205
-1169.8489	-101.22816	-446.0069	64.324524	84.70788
-1179.7595	-96.35551	-436.4196	66.80606	90.92028
-1149.5164	-87.67722	-427.97934	61.19232	91.3699
-1281.7964	-108.08089	-486.6089	40.277832	100.16016
-1230.4514	-105.8597	-458.66364	63.751587	91.59799
-1283.9777	-107.64108	-486.16907	45.571472	104.04767
-1254.0107	-94.47625	-471.2129	61.078125	91.58457
-1281.7125	-94.47625	-463.9718	85.51904	91.58457
-1108.788	-76.36925	-419.3977	49.05475	91.59799
-1241.3809	-103.67973	-439.29053	100.43298	91.3699
-1250.9211	-107.54245	-449.88477	82.33838	95.59421
-1127.6364	-87.67722	-446.2177	9.318848	106.82399
-1342.7958	-70.89317	-524.098	21.73169	106.6561
-1273.7985	-100.2166	-495.66815	27.84845	96.51643
-1257.0709	-100.2166	-492.9944	17.377533	96.1054
-1331.0923	-106.6561	-515.1322	43.878235	108.08089
-1233.1642	-104.02303	-475.72125	27.469666	94.45287
-1237.6514	-100.76008	-477.4331	30.363342	96.35551
-1200.179	-97.93336	-428.39114	102.509186	86.77349
-1256.2714	-90.92028	-494.79077	20.28833	98.82887
-1053.7529	-76.57748	-381.77982	61.369568	83.47963
-1083.6978	-77.47475	-410.23517	54.791046	84.70788
-1130.4531	-76.36925	-428.172	61.602295	84.70788
-1093.9791	-76.36925	-410.96698	47.47693	88.8109
-1069.9491	-76.36925	-404.61017	43.512268	87.54034
-1034.3715	-76.36925	-392.44128	31.045044	88.88132
-1033.7897	-80.83837	-401.82986	26.12558	88.88132
-1041.6921	-80.83837	-389.89856	65.765076	81.75585
-1255.648	-111.36527	-455.53888	101.194275	93.7702
-1331.8882	-115.35474	-514.2185	37.961792	105.8597
-1256.0623	-117.62522	-483.9323	25.669342	106.6561
-1301.8864	-107.64108	-486.8853	67.17255	104.04767
-1306.7754	-100.2166	-497.46066	51.544586	96.1054
-1278.8687	-114.37209	-499.16074	26.335236	105.8597
-990.60046	-74.2	-349.92157	75.401886	81.45215
-1272.6068	-109.51099	-489.45145	42.546417	96.44807
-1085.2853	-80.83837	-416.59256	41.33603	91.24007
-1303.9653	-94.45287	-507.4627	32.105408	100.76008
-1326.3221	-100.76008	-497.6485	70.435974	99.05415
-1296.2544	-105.8597	-483.31543	81.54004	99.13725
-982.38684	-75.545	-351.2666	66.01935	81.53632
-1248.5109	-115.86172	-493.1945	11.626007	96.44807
-1323.1134	-115.72777	-500.51642	69.224304	105.8597
-1288.7031	-100.2166	-505.8245	30.914276	96.1054
-1280.5159	-93.16113	-487.05975	92.736145	93.7702
-940.05835	-75.81064	-351.23904	65.96948	80.90054
-1257.1646	-107.15253	-488.9729	26.361877	97.71368
-1318.3839	-81.9603	-513.52246	28.13617	99.05415
-1243.9795	-103.51913	-475.95074	47.033203	94.01542
-1302.2361	-103.51913	-497.93604	36.27124	98.70285
-1281.2932	-81.9603	-491.36884	59.738037	94.68919
-1272.3682	-81.9603	-482.4439	56.396484	94.08121
-1339.2451	-100.2166	-521.5043	35.837708	96.17577
-1285.9255	-104.86311	-485.81644	63.93393	93.7702
-1286.9387	-106.27953	-473.22772	58.500916	96.17577
-1343.1921	-91.36565	-528.1912	17.682861	107.64108
-1253.17	-96.51643	-481.91235	44.56714	94.01542
-972.6533	-75.52345	-376.74823	19.595398	85.95661
-1288.5936	-107.15253	-501.9206	32.45038	100.76008
-966.5196	-80.72894	-370.9013	48.005676	85.63253
-972.425	-80.72894	-370.2797	37.214264	85.63253
-986.20734	-74.18491	-351.6237	116.2388	80.90054
-1307.4114	-103.46128	-477.09897	77.759796	99.97337
-1061.603	-80.72894	-356.542	113.23401	84.58547
-1057.7482	-80.72894	-365.977	99.94406	84.58547
-1033.4429	-77.81219	-390.62802	47.196564	85.63253
-974.5677	-78.37756	-368.4911	61.10025	85.63253
-974.3796	-78.37756	-368.8428	60.560425	85.63253
-904.09045	-78.37756	-353.47083	18.528809	94.47625
-954.705	-76.36925	-373.65494	22.67868	85.63253
-945.69385	-76.8026	-353.93243	45.82434	83.31849
-963.5271	-74.69124	-351.82104	66.104126	79.56651
-950.27527	-75.545	-352.6748	46.585693	80.43753
-1023.85156	-74.25349	-375.74188	83.00888	81.53632
-986.04987	-75.545	-354.1117	66.83731	81.53632
-968.5032	-75.545	-362.8669	40.535522	81.9603
-953.8009	-80.72894	-366.33582	23.398315	85.63253
-967.566	-77.79063	-369.65524	32.802216	85.63253
-938.0635	-76.8026	-359.70935	30.580536	84.87974
-973.5229	-76.8026	-364.1245	44.94754	86.47375
-987.0674	-74.2	-361.5219	60.43692	81.9603
-944.1736	-77.79063	-370.6404	13.401947	85.63253
