-7106.7285	-43.02202	-1119.4423	156.05469	76.21087
-7084.5205	-19.55452	-1118.3513	128.08972	66.80471
-6995.7593	-39.4376	-1097.053	168.30554	68.02489
-6930.0254	-41.46089	-1066.6377	151.2749	60.22829
-6818.377	-64.62117	-974.84595	219.02686	68.80523
-6532.3213	-62.40581	-904.5657	277.2953	57.75995
-6538.1064	-56.21496	-942.0228	251.89502	55.56605
-7062.291	-43.02202	-1091.969	156.97278	68.02489
-6936.773	-47.74063	-1081.119	166.44055	61.31929
-6930.4697	-44.31553	-1076.9388	163.01855	61.54085
-7012.1484	-43.02202	-1087.3846	170.28748	64.66654
-7051.942	-47.54001	-1085.7736	167.41699	68.72882
-6855.709	-60.03695	-990.4132	221.51624	64.62117
-6816.229	-53.53115	-1026.9429	187.2511	65.74827
-7048.465	-28.56982	-1100.36	161.94507	68.72882
-7072.947	-43.02202	-1067.5321	176.16528	65.55874
-6889.841	-61.88343	-1014.81604	214.93701	67.59782
-7081.7437	-24.83442	-1099.3505	171.0592	69.69477
-7089.9814	-28.56982	-1130.7003	83.45422	80.01286
-7074.0557	-24.83442	-1108.1284	138.60388	76.21087
-6861.0503	-43.02202	-1103.0181	90.92236	64.66654
-6931.458	-28.56982	-1116.0221	115.76111	69.18771
-6948.7295	-24.83442	-1119.5612	132.43225	67.74534
-6902.0303	-28.56982	-1087.265	113.47229	69.18771
-6370.006	-52.25391	-1006.64087	106.87341	57.37252
-6781.9272	-44.4066	-1045.6432	150.75623	59.51725
-6988.389	-28.56982	-1107.4971	121.00537	68.10639
-6887.8335	-50.50341	-1051.3195	145.14539	62.74834
-6724.221	-54.04263	-993.0379	205.77838	60.22829
-6944.1445	-24.83442	-1106.4435	97.224976	69.97512
-6952.759	-39.4376	-1076.9595	191.94995	64.62117
-6953.1816	-39.4376	-1071.5187	196.0581	64.62117
-6954.721	-24.83442	-1107.1902	105.13721	69.97512
-6952.7803	-24.83442	-1105.2477	129.71191	68.02489
-6713.472	-44.4066	-1090.0085	64.154175	70.59364
-6966.967	-19.55452	-1081.3978	118.12891	64.66654
-6320.361	-64.1869	-976.2651	164.80841	74.48638
-6629.644	-52.79583	-1055.4401	123.121704	62.40581
-6893.5034	-28.56982	-1082.8134	118.691284	63.67736
-6924.6704	-28.56982	-1055.7493	140.12488	63.67736
-6661.959	-56.81541	-1048.6531	208.27979	62.40581
-6696.948	-56.81541	-1043.309	155.27795	61.09666
-6646.9062	-51.52621	-1051.2789	169.70557	58.57526
-6931.289	-19.55452	-1054.0496	148.46802	63.53083
-6740.3247	-56.81541	-1076.2151	148.57874	63.29283
-6394.983	-55.56605	-984.77466	124.78064	58.57526
-6802.3184	-28.56982	-1064.6587	116.87402	61.46766
-5562.5835	-40.29301	-856.6985	137.57855	51.19741
-6759.0146	-47.87917	-1044.5426	148.05078	61.16306
-6188.7075	-58.68882	-933.71094	193.1582	54.52553
-6380.1953	-53.32561	-995.40717	122.88043	57.75995
-6546.6567	-53.32561	-1052.1333	104.63379	61.2539
-6253.0586	-56.81541	-970.09717	119.31287	55.79691
-6640.163	-52.61756	-1044.9767	103.87134	73.79449
-6387.4683	-55.90015	-982.0195	185.02216	55.29988
-6635.7725	-52.61756	-1078.062	70.61902	67.59782
-6547.8687	-52.61756	-1060.7778	60.156006	63.87067
-6595.701	-52.61756	-1055.3052	97.10303	63.87067
-6773.495	-47.62929	-1080.3672	107.45874	65.85149
-6695.6953	-52.61756	-1050.7917	190.40967	58.53434
-6745.394	-47.81277	-1061.5465	146.65698	57.75995
-6415.254	-58.57526	-967.69354	186.3974	55.13396
-6073.358	-38.63698	-947.36816	113.333374	53.19848
-6092.117	-56.81541	-937.152	167.54626	53.3777
-6258.0767	-47.77325	-1000.6334	128.14868	54.86895
-6883.703	-32.08496	-1091.4668	118.17651	62.40581
-6743.194	-54.04918	-1000.74963	213.23376	61.46766
-6737.3223	-57.64715	-1021.14905	184.53564	61.46766
-6427.2144	-47.62929	-989.08435	181.47925	54.36641
-6334.093	-52.25391	-985.4671	150.53351	54.36641
-6437.0015	-58.55163	-924.41516	278.80945	55.75961
-6593.7046	-58.57526	-1035.654	135.1742	61.79756
-6599.0034	-49.80157	-1040.9529	140.94312	56.79358
-6684.8145	-54.04918	-1040.6956	154.30981	61.42757
-6714.4897	-53.04908	-1056.1415	148.0177	61.42757
-6783.402	-53.04908	-1054.3809	141.03613	61.42757
-6738.377	-53.04908	-1029.2335	162.09692	58.78363
-5760.081	-43.31539	-909.0483	108.615906	52.77489
-6734.388	-53.04908	-1034.5201	147.41882	58.78363
-6974.043	-39.4376	-1087.2366	128.28674	69.69477
-6224.381	-38.04028	-958.72107	170.30237	52.20088
-6730.27	-59.51725	-1020.9552	211.17188	58.57526
-5726.1416	-35.2795	-926.36865	56.012207	55.33995
-5812.85	-50.24399	-907.8093	122.15149	52.77489
-6040.927	-50.24399	-943.44507	126.33484	53.15207
-6789.586	-44.4066	-1040.0463	168.80505	60.23899
-5963.779	-38.71996	-961.6901	61.47284	57.40421
-5968.342	-50.24399	-949.9917	121.52478	53.15207
-6868.654	-35.6964	-1103.5044	109.72412	67.2597
-6789.1963	-55.83956	-1002.67926	228.3039	60.73545
-6952.0117	-43.02202	-1082.4027	149.50854	61.88343
-6819.769	-43.02202	-1067.599	131.69604	61.88343
-6540.2466	-34.38817	-1014.57104	186.60303	54.2989
-6419.5195	-34.38817	-1000.79156	181.61212	52.79583
-6595.5425	-54.53454	-922.57355	246.72247	55.83956
-6597.9243	-54.53454	-915.3606	253.56335	55.83956
-6810.1006	-58.57526	-1072.5779	123.90698	63.11359
-6741.4	-52.79583	-1058.8346	152.01501	61.88343
-5328.6587	-38.20922	-859.85657	55.38794	60.87269
-6338.297	-43.27327	-1012.34674	84.74713	58.22231
-5722.8457	-40.20008	-906.617	94.11151	52.39294
-6498.5728	-39.4376	-971.9298	199.5752	53.59238
-6337.679	-43.27327	-1018.3434	76.884766	58.23563
-6332.2427	-24.20142	-1011.4149	72.81201	56.77441
-6668.0605	-43.24795	-1009.9994	186.22534	54.80323
-6666.0244	-43.24795	-1000.9633	192.7475	54.79729
-6357.307	-43.27327	-1018.1769	85.467285	56.77441
-6516.844	-55.90015	-931.672	245.3988	55.6672
-6847.317	-61.88343	-990.95056	239.54895	64.62117
-6959.575	-52.79583	-1016.01215	220.22919	64.62117
-6719.144	-55.75961	-952.44476	257.28644	57.75995
-6516.347	-50.46368	-975.4692	202.22296	54.04918
-6637.7495	-59.85564	-1034.3481	150.86743	55.90015
-6506.864	-60.03695	-917.87695	244.03516	55.90015
-6520.256	-60.03695	-916.5927	266.9688	54.86895
-6495.7407	-47.65315	-998.9955	181.02136	55.16313
-5699.7163	-50.24399	-897.06494	112.89935	52.25391
-5764.5195	-50.24399	-904.02185	108.39319	53.48249
-6988.3257	-41.46089	-1095.1031	144.99438	68.02489
-7003.7295	-43.02202	-1103.4614	150.17456	69.56377
-6680.7144	-56.84732	-1014.2631	172.83856	58.68788
-5671.4395	-47.81277	-898.2908	88.08191	52.75827
-6702.1123	-47.62929	-1035.6593	145.7633	59.0506
-6803.8335	-47.62929	-1042.1123	149.19983	61.09666
-6849.3066	-47.62929	-1040.1576	189.47278	61.09666
-6698.4565	-55.8184	-889.30707	323.727	56.73611
-6877.1665	-47.18692	-1036.9489	194.66174	60.82906
-6798.1855	-47.18692	-1041.0823	168.83386	58.53434
-6745.0005	-53.478	-1008.22546	216.50195	58.53434
-6928.8022	-43.02202	-1055.7643	178.6167	59.24962
-5748.97	-50.24399	-886.03345	131.20709	52.12299
-6936.543	-39.63217	-1091.1267	132.37683	67.40867
-6924.3926	-39.63217	-1080.8538	123.25171	61.89501
-6689.348	-50.63661	-1048.5361	140.33667	60.23899
-6955.1636	-35.2795	-1096.224	123.729614	68.02489
-7044.269	-32.08496	-1110.8182	134.99695	68.02489
-7064.0947	-32.08496	-1088.3119	151.30481	68.02489
-7055.5386	-26.64654	-1079.7565	140.39587	68.02489
-7067.9736	-24.83442	-1092.191	161.38245	68.02489
-7072.548	-24.83442	-1104.8063	153.76611	68.72882
-7046.644	-24.83442	-1098.6831	128.95862	68.80523
-7000.246	-24.83442	-1102.6177	120.66492	76.21087
-6691.2524	-47.54001	-1026.7489	140.53992	60.29772
-5839.967	-47.81277	-943.39996	68.262024	56.39807
-6981.9214	-36.02155	-1079.2023	142.31494	73.37176
-6290.0757	-53.478	-998.3785	85.31976	60.84615
-6935.252	-36.02155	-1101.6427	99.3999	80.01286
-6914.9507	-43.02202	-1086.8767	107.90845	74.4536
-6216.13	-53.478	-989.9679	106.85156	59.31536
-6489.4736	-52.79583	-959.92926	216.93182	54.79729
-6316.3804	-53.478	-995.67896	126.3667	55.61841
-5858.3354	-47.81277	-921.93396	108.09241	53.6649
-6904.441	-52.61756	-988.5073	218.21619	63.29283
-6789.4624	-60.03695	-976.37756	244.26404	57.95742
-6613.4595	-52.61756	-949.0934	241.10205	54.37551
-6764.6934	-64.62117	-967.6173	247.67163	57.95742
-6655.193	-59.0506	-957.40314	252.00873	57.51766
-6937.4453	-47.54001	-1071.9929	124.04346	68.72882
-6811.7417	-39.29473	-1099.181	77.65808	74.43851
-6326.9937	-47.77325	-1005.59265	102.83069	55.6672
-6677.329	-56.73611	-979.53864	243.7862	56.62727
-6654.0435	-56.73611	-989.569	211.53748	56.62727
-6542.1084	-34.0967	-1005.5473	146.74542	54.79729
-6653.811	-56.73611	-989.3367	208.85107	56.62727
-6756.273	-52.61756	-981.14575	233.30884	59.0506
-6694.1084	-52.36256	-1012.3771	179.09106	57.20359
-6567.17	-43.24795	-983.41364	169.7663	54.53454
-6524.2627	-52.61756	-953.9535	298.33008	54.80323
-6504.451	-62.40581	-897.40326	286.53876	57.37252
-6531.6533	-53.32561	-951.8026	301.54663	54.80323
-6487.557	-50.50341	-971.09174	283.05853	55.00199
-5498.0854	-39.39426	-849.17883	124.453	51.07157
-6675.282	-56.87085	-1032.7415	152.18848	61.55377
-5963.6533	-51.1053	-910.22595	176.87915	50.50341
-6773.939	-62.40581	-1039.6964	158.6543	62.19437
-5502.87	-32.64738	-839.84546	132.91974	50.45699
-6484.318	-51.52621	-968.5349	251.20178	55.00199
-5481.4434	-35.6964	-846.4247	106.81177	50.45699
-6718.158	-52.79583	-1034.4941	146.92126	61.31929
-6754.8726	-43.29747	-1088.1548	78.962036	60.84615
-6813.2944	-52.79583	-1074.8191	149.63635	64.09595
-6849.958	-52.79583	-1063.1456	144.95569	63.51992
-6826.519	-56.81541	-1065.7177	139.3617	68.72882
-6684.4727	-52.79583	-1037.6489	150.0896	58.65578
-6335.8643	-61.4049	-965.52856	172.10474	56.81541
-6879.7515	-54.04918	-1078.7865	177.21667	74.4536
-6641.5356	-52.79583	-1053.3109	117.03235	58.65578
-5740.291	-34.20926	-821.7977	249.25989	50.45699
-6643.9414	-36.91188	-1055.7167	101.3363	59.51725
-6622.2695	-60.03948	-1004.93726	198.20776	56.90694
-5705.4175	-37.48383	-868.6715	201.5553	50.45699
-6866.089	-50.63661	-1019.9143	183.15527	62.54048
-6663.1553	-52.79583	-1054.6149	119.23303	58.65578
-6650.165	-53.6649	-1044.6355	132.65625	58.65578
-5534.2485	-16.32912	-860.8743	127.4953	51.07157
-6944.895	-52.79583	-1083.4763	145.9762	73.27288
-6658.6904	-53.6649	-1016.6771	164.06067	58.65578
-6930.624	-52.79583	-1085.832	159.92297	63.55306
-6023.119	-19.0372	-983.03546	47.220764	61.40934
-6037.252	-30.08806	-915.2909	187.60754	51.44909
-6875.684	-54.04918	-1073.7627	129.64453	69.69477
-6813.8784	-52.79583	-1030.3383	187.21716	61.88343
-6841.5186	-54.04918	-1063.4424	124.06006	69.69477
-6590.3823	-51.52621	-1012.8888	232.89941	55.44438
-6655.9067	-53.6649	-1033.35	153.11646	58.65578
-6596.7075	-39.63217	-1053.1882	113.14612	60.61271
-6459.6816	-47.65315	-916.5632	274.93036	53.11559
-6772.039	-44.31553	-1075.2906	127.520874	60.84615
-6762.7007	-50.50341	-1086.2982	113.13904	76.21087
-6529.809	-50.30205	-986.69006	223.58765	54.80323
-6792.445	-44.31553	-1081.285	127.76648	60.84615
-6737.88	-44.34543	-1055.6665	136.67395	60.22829
-6454.2905	-56.81541	-1039.7817	113.026245	60.23899
-6757.996	-47.87917	-1027.0411	160.92395	59.15611
-6045.003	-27.58954	-977.39	54.243896	61.40934
-6535.6353	-56.81541	-1030.781	121.23108	60.23899
-6553.804	-52.79583	-1048.9509	102.82898	60.23899
-6836.61	-47.87917	-1063.7505	160.62671	61.46766
-6640.445	-55.90015	-999.743	198.51642	57.20359
-6810.1367	-52.79583	-1079.4043	140.57825	69.69477
-6805.533	-52.79583	-1082.8242	144.4364	75.36594
-6791.962	-52.79583	-1077.4167	143.82117	62.40581
-6670.9204	-52.79583	-1044.9318	134.12073	62.40581
-6532.2896	-52.79583	-1043.29	100.17151	60.23899
-6417.167	-61.4049	-971.4037	173.77356	56.81541
-6539.6504	-52.79583	-1052.3542	95.01233	60.61271
-6689.0225	-52.79583	-1063.033	143.21997	62.40581
-6504.5967	-55.75961	-935.48505	249.41827	54.37498
-6751.969	-54.04918	-1047.1781	184.53711	61.79756
-6003.5723	-26.33491	-976.0054	51.108276	82.9315
-6574.685	-26.16173	-1057.8625	94.78052	60.23899
-6018.0327	-27.58954	-985.14026	51.643555	82.9315
-6681.3604	-48.9174	-1061.6782	110.27185	62.40581
-6789.4614	-50.63661	-1036.6473	162.76013	60.84615
-6655.9897	-54.04918	-951.199	250.72095	56.60441
-6726.482	-44.34543	-1047.5532	138.6372	60.03695
-6698.769	-50.63661	-1032.99	142.96082	61.0541
-6670.296	-52.79583	-1040.4261	137.37292	61.0541
-6625.3765	-52.79583	-1059.8741	107.0376	61.0541
-5646.511	-39.39426	-875.0499	191.56995	50.38468
-6551.4277	-42.42118	-1046.8115	72.79138	60.73545
-6526.7915	-52.79583	-1036.2229	72.25195	60.73545
-6731.4624	-19.55452	-1057.4485	109.17688	58.68788
-6708.023	-47.87917	-1052.5886	144.26831	61.16306
-5486.7627	-38.39145	-854.1173	126.29224	51.19741
-6539.679	-51.19741	-1049.112	82.1322	61.88343
-6378.4214	-62.62568	-978.9109	190.30225	54.53454
-6546.967	-26.33491	-1049.2532	64.90344	61.88343
-6776.458	-49.1285	-1072.0048	121.59729	63.16225
-6335.4336	-47.16864	-1009.03174	90.028564	56.04556
-6714.642	-44.34543	-1055.8893	138.65247	58.22231
-6591.8457	-26.33491	-1070.5725	66.38953	60.73545
-6650.9214	-53.6649	-1049.8981	146.01855	57.95742
-6800.617	-48.9174	-1075.318	107.87158	64.00818
-5746.2593	-52.41034	-907.95056	122.93323	53.19848
-5713.312	-52.41034	-882.46124	164.91998	52.0214
-6769.703	-53.79684	-1017.3773	180.74194	61.46766
-6778.188	-19.55452	-1071.2874	111.32202	59.25884
-6847.99	-47.54001	-1060.175	154.98865	60.84615
-6538.488	-53.6649	-1035.3372	147.77222	57.84421
-6516.934	-53.6649	-1035.3977	94.84253	63.20523
-6755.805	-47.54001	-1063.0563	176.23767	59.25884
-5278.418	-37.02857	-826.332	95.460144	51.45622
-6367.661	-47.16864	-1028.242	86.073364	57.37252
-6468.8833	-55.6672	-1028.5016	114.56775	59.25884
-6742.8335	-47.54001	-1037.5201	141.62024	59.25884
-6339.884	-45.36795	-1024.438	87.171265	56.04556
-5271.821	-40.29301	-839.3587	70.91937	51.45622
-6837.382	-50.50341	-1063.4579	173.47546	61.29035
-6217.358	-56.07936	-952.50665	148.4638	52.61756
-5271.536	-40.29301	-837.70135	69.66016	51.45622
-5290.16	-40.29301	-824.9401	97.49707	51.59057
-6750.1494	-50.50341	-1075.6583	106.9834	79.94439
-6794.0957	-49.1285	-1084.5258	129.58215	61.46766
-6216.6274	-56.07936	-964.20984	138.13928	52.61756
-6279.267	-45.36795	-1015.484	82.35315	60.23899
-5257.6396	-40.29301	-851.5892	60.196167	55.24325
-6268.57	-45.36795	-1020.33044	70.73694	57.84421
-6229.06	-56.07936	-976.64355	132.80212	52.77489
-6783.017	-54.04918	-1080.583	107.28064	67.2597
-5297.761	-40.29301	-826.0391	96.72516	51.70642
-6298.656	-56.07936	-969.0705	140.20001	53.25053
-6275.038	-45.36795	-1008.5347	86.30829	56.24379
-5406.345	-40.29301	-845.31586	128.83575	51.19741
-6543.428	-44.4066	-1039.7839	97.81641	58.26154
-6758.686	-52.61756	-1072.0115	123.51233	61.46766
-6820.5234	-55.6672	-1074.7739	104.369995	67.2597
-6288.7285	-42.42118	-1017.1892	84.92981	56.24379
-6282.458	-42.42118	-1010.9188	97.4104	55.72735
-5326.354	-24.05279	-846.90765	98.73132	51.70642
-6864.947	-55.6672	-1054.0785	144.71228	69.69477
-6705.517	-55.6672	-1038.0798	171.57275	57.75995
-6801.7896	-52.61756	-1072.3573	137.43091	61.46766
-6643.4297	-52.61756	-992.0189	200.80774	57.20359
-6664.3096	-55.6672	-1025.4546	169.89465	57.75995
-6721.163	-47.87917	-1038.8545	159.40796	57.75995
-5470.6885	-40.29301	-863.0049	135.96185	51.19741
-5337.712	-39.39426	-842.37225	87.45459	51.70642
-5358.915	-39.39426	-840.4633	115.76587	51.19741
-6914.3555	-49.1285	-1095.9563	135.1864	80.01286
-6948.9014	-50.50341	-1072.876	192.4552	67.59782
-5245.847	-38.71996	-838.3284	90.85303	51.19741
-6476.3745	-60.03695	-1017.4779	143.9563	58.70201
-6635.7007	-62.62568	-968.4891	216.08087	63.87067
-6433.9893	-63.07981	-1006.24115	148.19354	58.70201
-5292.8994	-40.29301	-830.8525	105.90851	52.46244
-6723.176	-62.62568	-1024.8639	172.32556	68.72882
-6421.396	-63.87067	-1005.83624	148.19672	68.80523
-5245.4453	-40.29301	-804.36334	122.84717	51.19741
-6783.329	-52.79583	-1001.9742	226.5899	61.0541
-6872.8906	-47.87917	-1043.3439	175.23938	61.31929
-6955.777	-47.87917	-1066.0701	153.0216	76.21087
-6603.5254	-63.87067	-1007.67975	161.51923	67.74534
-6364.729	-57.51766	-1003.5991	125.42944	60.23899
-6921.1606	-28.56982	-1101.4323	124.769775	63.51992
-6502.843	-62.62568	-1003.44446	189.53821	67.69051
-6849.3774	-52.61756	-1061.0651	133.78662	63.51992
-6317.123	-53.32561	-985.4791	223.23682	54.86895
-6542.9854	-56.21496	-949.6145	253.39075	53.53671
-5238.974	-40.29301	-833.7188	96.26758	51.19741
-6844.599	-51.19741	-1070.1562	142.09766	63.51992
-6442.0923	-57.51766	-1010.13525	126.71228	60.23899
-6873.2607	-51.52621	-1098.8174	138.521	64.00818
-6200.643	-30.08806	-1004.2927	68.59216	56.04556
-6184.94	-29.51186	-1000.2645	56.91687	67.87547
-6402.8	-57.51766	-1000.9696	122.20056	60.23899
-5188.198	-40.29301	-818.3728	92.433105	50.38468
-6266.2407	-55.45074	-932.92236	204.2063	52.77489
-6660.3223	-58.13554	-969.93536	222.08063	57.20359
-5320.65	-42.70753	-785.2901	169.15607	49.63159
-6933.5625	-52.61756	-1095.6274	119.31323	64.00818
-6704.4966	-60.14228	-1014.1095	187.18921	57.57819
-6281.6655	-43.27327	-950.29987	207.26642	52.29298
-6048.8096	-38.40831	-899.87897	230.20184	51.07157
-6024.95	-38.40831	-914.1257	200.69733	51.07157
-5410.2744	-42.70753	-795.9779	195.70416	49.63159
-5359.4536	-45.33791	-794.0236	182.31036	49.63159
-6752.9087	-32.67483	-1050.0751	127.95056	60.73545
-6032.655	-38.40831	-899.84076	216.92902	51.07157
-6384.424	-55.6672	-1015.7757	93.413635	60.23899
-6619.822	-62.40581	-1047.0161	120.93408	67.74534
-6726.066	-27.58954	-1048.0621	122.18213	60.73545
-5702.7383	-44.31553	-868.21106	145.51282	49.80157
-6696.634	-27.58954	-1051.7721	113.67273	60.73545
-6476.3203	-62.62568	-954.367	209.81232	57.95742
-6599.564	-62.40581	-1060.27	116.3999	63.87067
-6399.7036	-62.62568	-955.7181	201.23737	57.95742
-6447.473	-62.40581	-1024.5795	106.5238	62.0986
-6091.998	-32.52272	-918.22894	207.30707	51.07157
-5994.9434	-32.52272	-914.47925	195.64331	51.07157
-6438.9224	-48.75454	-1014.81836	115.60205	56.45317
-5567.2637	-45.33791	-831.41254	166.05249	49.80157
-6466.7583	-61.58285	-1010.7062	109.70471	63.87067
-5456.481	-38.40831	-820.33826	165.2193	49.63159
-5929.658	-38.40831	-910.37604	189.03339	51.07157
-6577.915	-56.81541	-1052.5409	94.98413	74.48724
-6540.4355	-56.81541	-1061.9272	81.36145	63.87067
-6305.956	-56.07936	-976.68884	209.65234	53.78371
-6541.3022	-57.64715	-1033.4092	107.65723	61.88343
-6639.4155	-61.58285	-1056.1322	137.0857	65.56113
-6543.476	-29.70826	-1020.9231	160.28174	55.15351
-5761.4717	-38.40831	-892.42365	136.98737	51.07157
-6666.932	-26.64654	-1033.7676	180.73193	55.3122
-6516.0166	-55.6672	-1005.4862	145.67078	57.20359
-6399.409	-62.62568	-967.4254	188.46423	57.95742
-6731.196	-27.58954	-1051.0856	125.387085	60.73545
-6872.078	-32.67483	-1053.2236	146.12427	61.46766
-6403.4424	-60.29772	-959.8785	158.19916	56.04556
-6369.2793	-62.62568	-965.4168	184.72284	57.95742
-6416.6875	-62.19437	-954.7516	213.39624	57.56195
-6448.6826	-52.40744	-883.2516	278.51575	53.11559
-6798.8784	-32.67483	-1047.0896	142.81116	59.17234
-6606.0083	-26.64654	-1026.9703	174.60413	55.53906
-6275.7417	-50.04527	-947.81616	197.49878	52.61756
-6706.1265	-32.67483	-1031.1157	138.37683	59.17234
-6250.8047	-60.29772	-969.34204	128.60486	56.04556
-5598.703	-38.40831	-873.7541	150.76569	50.46368
-6201.679	-54.43023	-974.79224	112.420654	57.36559
-5890.943	-48.28842	-918.74603	185.01886	52.0214
-5875.7295	-48.28842	-905.85974	153.82141	52.0214
-6490.5186	-55.6672	-1021.80365	130.08063	57.20359
-6588.4507	-55.6672	-1041.8367	118.65845	60.23899
-5979.9746	-48.28842	-922.49567	192.3227	52.0214
-6368.6333	-62.62568	-964.771	180.98389	57.95742
-5446.5684	-38.40831	-868.41406	99.50574	50.46368
-6840.7964	-43.02202	-1058.3342	141.59814	60.22829
-5371.612	-38.40831	-856.58624	92.78833	51.83669
-6778.2344	-43.02202	-1053.6294	141.5055	55.90015
-6500.451	-62.62568	-980.71216	176.36975	58.47508
-6563.7817	-55.6672	-1048.3491	100.64282	60.23899
-5959.522	-47.77325	-926.1149	166.03827	52.0214
-5699.401	-38.40831	-841.80994	311.77527	48.9174
-5367.4604	-38.71996	-842.224	95.4834	51.83669
-6547.8364	-55.90015	-1018.0651	144.82208	58.47508
-6541.3022	-55.6672	-1027.6084	131.31018	57.40438
-5820.065	-38.40831	-869.7811	294.90967	49.00412
-5816.3633	-38.40831	-859.1404	264.0786	49.63159
-6304.6797	-60.29772	-989.88446	106.7785	61.88343
-5587.6733	-38.40831	-822.7092	209.66736	49.63159
-5414.3145	-35.54458	-838.9095	102.82422	49.63159
-5440.6455	-35.54458	-850.90717	117.15509	49.63159
-5592.2627	-38.40831	-806.32367	196.20209	49.63159
-5573.1694	-34.6991	-840.7406	142.69214	49.63159
-5434.8555	-38.40831	-824.4894	132.89355	49.63159
-6489.3306	-55.6672	-1017.33575	134.90228	57.12691
-6385.627	-60.29772	-1004.0029	129.35327	62.05171
-5433.8	-38.40831	-836.7371	118.03583	49.63159
-6432.2266	-47.16864	-1013.8557	137.54553	55.58145
-5684.0444	-32.89952	-851.15643	243.15143	49.63159
-5566.604	-38.40831	-822.9368	186.84033	49.63159
-5475.9624	-38.40831	-804.2441	175.10944	49.63159
-5549.2466	-38.40831	-830.1194	204.14758	49.63159
-5604.2295	-38.40831	-831.1399	217.79309	49.63159
-5586.684	-38.40831	-835.4641	214.12646	49.63159
-5830.201	-38.40831	-867.5709	279.12695	49.63159
-5736.0166	-37.34958	-874.5724	296.26404	49.63159
-5820.637	-30.55366	-886.86035	333.0299	49.80157
-6206.07	-52.91439	-984.3255	97.71747	55.44438
-5522.4395	-43.3937	-763.7665	410.41846	49.63159
-7002.439	-47.74063	-1073.0443	187.25049	67.74534
-6848.529	-63.11359	-994.07886	224.08545	67.74534
-6715.953	-63.11359	-1003.8812	200.01978	67.74534
-6418.408	-57.95742	-905.51654	259.924	54.83826
-5446.242	-38.71996	-878.85547	63.511597	56.52375
-6723.185	-43.02202	-1041.0212	132.64526	59.44316
-5449.057	-38.71996	-867.22906	99.201355	52.16811
-5435.542	-38.71996	-877.7271	75.11267	52.16811
-6784.7886	-61.09666	-1046.0977	156.89368	67.40867
-5624.599	-45.33352	-843.8197	302.62512	50.42228
-5567.8193	-47.89979	-817.1279	333.53833	49.80157
-5479.135	-47.99643	-782.25665	374.83258	49.63159
-5605.2817	-46.88828	-823.9817	350.69897	49.80157
-5696.964	-46.88828	-821.4907	380.4297	49.80157
-5658.6333	-47.89979	-814.6368	363.26923	49.80157
-5957.2007	-32.89952	-884.5844	263.05255	50.42228
-6501.9233	-43.24795	-967.21674	195.02472	53.32561
-6576.365	-28.56982	-1049.5846	77.59436	61.88343
-5788.8896	-46.88828	-862.7556	314.7599	50.42228
-6880.1504	-61.09666	-1074.1687	168.69995	66.99919
-6428.056	-53.45815	-961.25507	170.26703	55.3122
-6906.4253	-47.74063	-1099.7013	121.57056	66.99919
-6841.0273	-57.37252	-1069.9995	157.41785	66.99919
-6806.322	-55.90015	-1078.7052	124.70776	66.99919
-6654.206	-43.02202	-1045.4764	128.4292	57.75848
-6602.4883	-62.40524	-1023.8916	149.24146	58.47508
-5506.4	-37.41382	-884.0589	81.39404	52.03395
-6613.2363	-43.02202	-1045.1538	117.012695	59.3513
-6366.401	-53.45815	-945.8177	169.33258	54.58216
-6823.3535	-53.53115	-1058.7357	137.94727	66.99919
-6885.388	-55.90015	-1052.1307	194.68347	68.10639
-6988.477	-47.74063	-1070.5691	148.83362	64.62117
-7001.086	-47.74063	-1068.2413	169.1499	66.80471
-6948.712	-44.31553	-1080.9556	151.85364	70.7154
-6947.237	-39.4376	-1077.0116	144.6095	67.0981
-6511.952	-60.29772	-1009.492	164.45868	57.75995
-7000.7754	-50.63661	-1062.1434	170.94214	70.7154
-6514.465	-62.40524	-1015.18665	147.7843	57.95742
-5897.2036	-29.64833	-878.0372	295.65594	49.80157
-6836.908	-50.63661	-1062.9342	170.68298	55.7001
-6439.2812	-62.40524	-1018.5439	149.14044	59.07284
-6803.0063	-26.33491	-1070.7323	181.7113	61.21692
-5840.478	-42.86266	-863.1527	292.71838	49.80157
-5632.804	-44.31553	-771.359	414.35486	49.63159
-5524.392	-37.41382	-876.0957	83.95068	52.88475
-5902.517	-44.31553	-877.462	303.70184	49.80157
-5742.3267	-44.31553	-874.4291	275.15955	49.80157
-5755.652	-41.00891	-887.61395	331.40485	49.77487
-5786.3154	-41.00891	-887.304	337.5838	49.77487
-6550.365	-43.01435	-1025.3469	123.083496	57.75848
-6409.325	-58.57732	-999.93384	143.74915	60.81319
-5835.059	-44.31553	-900.48096	295.78528	50.29426
-6462.7563	-62.40524	-1015.4449	157.98944	57.95742
-6518.1353	-62.40524	-1022.26874	180.68268	58.19852
-5910.7725	-44.31553	-887.4656	283.46252	50.29426
-6202.5376	-46.74719	-941.18835	238.01917	51.83669
-5842.4966	-35.6964	-896.8696	338.18018	49.80157
-6339.0376	-62.40524	-999.8868	141.98688	58.19852
-6534.115	-34.6991	-1043.2413	118.18713	56.45317
-6261.874	-46.74719	-938.0768	227.9945	51.91719
-6396.4673	-46.74719	-975.9364	234.10815	53.478
-6758.654	-47.76096	-1049.2239	160.64172	57.12439
-6568.5674	-47.76096	-1019.7791	151.00311	55.7001
-6336.904	-53.48249	-906.8149	208.67462	52.61756
-6462.1787	-53.48249	-964.2789	174.03925	53.25053
-6512.9507	-45.36795	-1023.14417	122.38306	55.83956
-6479.0747	-56.46195	-971.99976	185.78247	53.25053
-6274.01	-43.31539	-928.5441	265.10175	51.91719
-6210.4756	-43.31539	-931.65576	275.12646	51.83669
-6388.0015	-51.59057	-985.88226	151.42719	53.25053
-6233.877	-48.33817	-868.71075	250.14557	52.20088
-6448.406	-38.04028	-990.6236	178.94354	53.25053
-6340.3623	-43.31539	-941.0895	268.4099	52.25391
-6260.7744	-41.91291	-895.6095	197.05334	52.20088
-6415.126	-62.40524	-1006.7031	146.39844	58.89356
-6400.5117	-47.76096	-981.08716	172.64331	54.52553
-6365.476	-60.29772	-997.0838	128.97101	57.64715
-6137.1313	-50.30205	-919.88196	180.45935	52.39294
-6191.7793	-38.33417	-970.84607	166.80615	52.39294
-7013.7915	-47.74063	-1063.9624	207.85583	68.14945
-7031.6304	-47.74063	-1081.8025	186.97046	68.72882
-6949.5615	-51.52621	-1035.7814	196.39087	68.14945
-6417.9795	-38.33417	-999.0521	197.99414	53.25053
-6406.149	-38.33417	-1006.2379	181.71594	52.20088
-6361.851	-43.31539	-937.4702	263.9735	52.25391
-6410.281	-45.90413	-1005.75256	125.598145	52.77489
-6958.626	-48.9174	-1042.5616	171.77576	61.89501
-6355.749	-54.06131	-1005.27783	120.909424	57.64715
-6442.563	-19.55452	-997.2063	154.776	52.77489
-6875.3315	-48.9174	-1046.4586	157.9248	61.89501
-6320.1865	-47.74063	-984.3678	142.71375	52.77489
-6301.9253	-47.74063	-996.4476	116.59772	55.53906
-6229.0938	-46.74719	-995.6937	139.71545	52.77489
-6206.2393	-43.31539	-917.6804	252.76562	51.66693
-6484.971	-42.42118	-1031.0513	136.91663	55.44438
-6050.251	-44.91833	-926.1053	207.95026	52.20088
-6752.8	-47.87917	-1059.61	118.256836	61.89501
-6421.877	-57.36559	-1016.5338	142.01917	61.42757
-6397.141	-57.36559	-1018.46405	147.30975	61.42757
-6559.137	-43.02202	-1045.2823	93.99524	58.25325
-6364.232	-43.29747	-996.82245	106.42108	55.44438
-6499.7676	-43.29747	-1027.1505	124.37695	55.83956
-6240.8394	-57.36559	-996.658	101.785095	61.42757
-6185.202	-32.52272	-925.21594	220.80249	51.66693
-6233.6587	-57.36559	-997.68085	89.48041	63.16225
-6304.7705	-57.36559	-1000.4685	110.23804	61.42757
-6093.205	-32.52272	-914.43896	228.23413	51.20221
-6145.556	-30.08806	-916.50793	231.59656	51.20221
-6040.781	-30.08806	-905.48975	208.74866	51.05185
-7039.07	-43.02202	-1074.8733	152.02686	65.28843
-5983.82	-32.52272	-903.4207	205.38617	51.05185
-7064.217	-43.02202	-1076.9309	155.71924	65.28843
-6995.7285	-43.02202	-1078.6915	166.74988	65.28843
-6412.7056	-41.1458	-1008.5637	100.17407	57.51292
-6899.351	-47.74063	-1029.5867	207.66797	59.58458
-5651.1245	-37.41382	-912.85297	50.32843	56.50384
-6311.365	-57.36559	-1001.65967	115.641846	60.23899
-6755.1763	-57.75995	-988.02075	276.9436	60.23899
-6447.247	-50.63661	-989.0835	174.81335	55.44438
-6519.759	-48.9174	-1025.2025	160.48547	55.44438
-6563.8735	-38.0459	-1043.0844	121.18286	56.21496
-6819.996	-53.53115	-1000.1098	235.9267	60.23899
-6904.5234	-32.67483	-1080.9175	135.96143	63.11359
-6567.64	-38.0459	-1038.0256	129.7987	56.21496
-6794.95	-53.53115	-975.06555	256.29944	59.23911
-6721.999	-53.53115	-990.73145	221.16528	56.40644
-6597.4067	-53.53115	-986.3467	213.1571	55.6672
-6528.171	-38.0459	-1044.227	99.84277	55.64872
-6379.7056	-48.9174	-993.3579	125.84216	55.64872
-6192.762	-31.8558	-987.12415	114.29797	54.45232
-6445.3096	-53.53115	-986.8037	193.95471	55.6672
-6710.45	-47.87917	-1071.748	92.84094	71.01897
-6519.981	-48.9174	-1007.0573	139.6242	55.64872
-6207.1226	-35.6964	-992.91327	122.86871	54.45232
-6693.016	-39.63217	-1064.9331	115.15845	60.03695
-6267.4834	-52.79583	-1000.26917	78.317505	58.57835
-6170.945	-35.6964	-974.17755	111.6236	54.45232
-6003.419	-35.6964	-970.0393	108.13135	53.45815
-5953.507	-32.52272	-915.7927	214.2522	51.05185
-6005.7773	-32.52272	-895.9232	241.57849	51.05185
-6061.9316	-35.6964	-982.76166	94.84735	54.45232
-6550.407	-44.4066	-1041.6093	95.33142	59.97424
-5742.0415	-37.41382	-929.46136	57.84076	68.33952
-6021.666	-45.3572	-902.4852	239.531	51.20221
-6014.8003	-45.3572	-891.26135	243.88867	51.18311
-6058.675	-39.4376	-971.8011	84.3703	54.33739
-6057.1875	-43.29747	-927.4905	237.70972	51.20221
-5891.2456	-43.29747	-910.4857	138.729	51.20221
-6679.9517	-43.27327	-1034.762	159.52649	55.64872
-5772.4404	-39.63221	-882.78253	165.86322	51.05185
-6577.3184	-35.66736	-1035.2058	165.38843	55.64872
-6060.875	-30.7325	-966.19714	89.05701	54.58033
-5679.0664	-39.63221	-879.40125	145.33606	51.05185
-5940.164	-48.32792	-919.18335	98.04175	53.11559
-6292.485	-57.95742	-980.1189	128.46362	58.13554
-6344.3843	-57.95742	-989.27606	132.96393	57.40421
-6613.733	-46.58046	-1018.3262	185.68127	55.64872
-6379.1885	-57.57819	-972.3668	185.27087	55.6672
-6521.2695	-44.4066	-1031.6119	94.78735	59.97424
-5683.9546	-39.63221	-872.76196	159.70544	51.05185
-6507.421	-46.58046	-1012.2621	147.50647	55.13396
-6574.8984	-30.08806	-1021.0492	163.16772	55.13396
-6546.2363	-33.14244	-1065.1097	68.05969	63.11359
-5593.072	-39.63221	-869.1358	132.48224	51.05185
-6532.881	-46.58046	-1008.7535	162.53839	55.13396
-5686.4214	-37.41382	-928.1434	42.47162	65.86986
-6184.717	-50.50341	-914.049	213.63824	52.39294
-6640.5566	-46.58046	-1014.8626	158.23444	55.83956
-5994.08	-46.60744	-950.46185	76.339294	53.11559
-6436.024	-59.6766	-976.166	186.83887	55.6672
-6032.5244	-46.60744	-960.53766	69.68207	53.83783
-6112.3184	-54.04918	-971.83496	115.61511	53.83783
-5716.0425	-36.5253	-927.38727	48.114502	68.33952
-5695.3384	-36.5253	-928.2959	54.41925	61.20333
-6163.719	-54.37498	-982.4142	95.83557	54.33739
-6245.4053	-54.37498	-979.0207	123.35248	54.33739
-6300.98	-44.76134	-923.91693	231.31451	52.61756
-6582.7026	-33.14244	-1065.9135	68.26819	63.11359
-5656.7725	-39.63221	-896.60565	100.91809	51.83669
-6560.2646	-46.58046	-1013.93646	155.05511	55.64872
-6537.6157	-47.77325	-1022.0031	141.36237	55.83956
-6315.6016	-44.76134	-916.5708	252.29663	52.61756
-6541.459	-47.77325	-1015.78357	144.96094	55.64872
-6283.13	-44.76134	-922.2001	224.09448	52.61756
-5707.5576	-25.74695	-931.5647	48.7865	61.20333
-5718.4717	-25.74695	-935.6806	49.72467	68.33952
-6630.694	-26.33491	-1045.9684	123.934326	58.57526
-6600.6597	-26.33491	-1051.2769	121.11719	55.90015
-6227.095	-50.50341	-913.18506	221.11401	52.39294
-6255.0737	-50.50341	-992.02466	120.68469	54.37498
-5722.47	-25.74695	-925.7493	53.180115	68.33952
-5684.388	-25.74695	-926.17596	40.930054	62.17525
-6343.535	-47.74063	-994.603	133.52002	54.37498
-5710.414	-36.5253	-928.71387	56.073975	69.00303
-6668.8945	-48.9174	-1073.1178	84.049194	61.54085
-6678.5454	-50.50341	-1076.4069	121.9397	63.51992
-6647.6436	-50.63661	-1015.5987	183.9992	55.29238
-6421.792	-44.81524	-999.74725	147.08636	54.37498
-6489.8027	-47.74063	-986.5235	164.36078	54.79729
-6458.107	-47.74063	-994.0997	156.90741	55.00199
-6451.251	-52.25391	-973.4873	177.05457	54.36641
-6552.6816	-47.62929	-988.082	166.06183	55.00199
-6641.8877	-50.50341	-1073.8792	115.22424	63.51992
-6654.2163	-52.25391	-1074.237	74.789795	73.96162
-6542.2554	-52.79583	-1048.2146	114.00134	59.97424
-6533.7285	-50.63661	-1003.42633	187.9898	55.13396
-6488.325	-49.1285	-998.02747	159.20032	55.13396
-6401.6504	-49.1285	-997.4162	144.39813	55.13396
-6372.624	-54.07242	-987.1747	175.85474	55.13396
-5724.767	-36.72607	-927.5266	52.05725	71.25023
-6506.7183	-45.30687	-976.9365	174.88477	54.33739
-6500.862	-45.30687	-982.6404	178.26843	54.45232
-6598.5776	-52.79583	-1055.064	120.31348	59.97424
-6202.936	-46.8869	-911.9975	201.0279	52.39294
-6177.0776	-50.04527	-914.7614	196.72992	51.52621
-6429.949	-53.04908	-1004.28455	160.1947	55.13396
-6687.8164	-44.07455	-1053.9194	126.579956	59.97424
-6612.451	-44.07455	-1047.5464	105.881714	59.97424
-6214.8853	-47.87917	-906.1423	227.62384	52.20088
-6586.0166	-44.90975	-1007.40344	210.31946	55.00199
-6614.658	-52.25391	-1056.5072	104.21887	61.46766
-6625.056	-52.25391	-1038.3792	115.72705	59.92816
-6691.7754	-52.25391	-1069.0244	88.60559	63.11359
-5778.6206	-36.72607	-943.284	54.849976	71.25023
-6160.6167	-47.81277	-963.58685	119.55817	53.32561
-5809.109	-36.72607	-937.467	58.08252	68.02489
-6388.527	-52.87331	-1003.11206	137.0149	55.53109
-6600.5117	-45.62166	-1050.2522	115.64624	59.97424
-6660.6953	-52.25391	-1072.4126	83.11145	63.11359
-6074.3857	-51.59057	-897.3103	207.59326	51.59057
-6444.6367	-52.79583	-997.4246	130.09247	56.46078
-6459.8643	-47.74063	-1005.62067	163.09552	54.80323
-6382.5977	-52.87331	-990.80566	128.00024	56.46078
-6465.63	-49.32858	-1007.5322	179.29395	54.80323
-6436.725	-53.04908	-1003.8471	116.24542	56.60441
-6350.6987	-55.65229	-982.9987	126.513	56.60441
-6761.3315	-52.25391	-1076.2549	115.94336	65.04
-6719.097	-52.25391	-1092.2769	90.47424	73.74339
-6557.983	-45.62166	-1046.7859	105.167114	59.97424
-6395.5513	-54.04918	-983.4289	126.1712	56.60441
-6158.355	-52.0214	-899.8601	216.67078	51.59057
-6176.5327	-56.81541	-962.19745	122.97052	53.53115
-6820.405	-47.54001	-1087.2805	101.17432	63.11359
-6003.2637	-52.0214	-884.4496	228.38562	51.52621
-6027.0	-52.0214	-883.8554	228.02484	51.53568
-6132.501	-56.81541	-965.49365	108.4906	53.53115
-6120.0454	-52.0214	-881.8833	213.33069	51.53568
-6874.386	-47.54001	-1106.6708	110.37317	63.11359
-6480.233	-55.90015	-1025.1144	129.68665	56.60441
-6170.3843	-56.81541	-963.6614	116.1156	53.53115
-6136.9087	-53.48249	-877.9952	221.46002	52.12299
-6143.9834	-54.83826	-967.9447	111.872314	53.45815
-6119.5166	-54.04918	-892.15704	197.42792	52.39294
-6738.9175	-48.9174	-1062.9473	107.535645	63.11359
-6760.356	-48.9174	-1063.7113	113.02405	63.11359
-6830.192	-48.9174	-1085.4395	161.13354	63.11359
-6819.379	-48.9174	-1078.5044	149.5094	63.11359
-6189.3965	-35.2795	-985.99866	109.48657	53.48249
-6733.642	-52.25391	-1081.017	128.22644	63.11359
-6108.5493	-35.2795	-976.08514	98.407776	52.77489
-6428.353	-50.30205	-978.4466	192.13629	54.79729
-6152.12	-35.2795	-977.83105	116.90686	53.38543
-6767.525	-47.54001	-1102.8285	76.81506	63.11359
-6478.374	-57.96951	-1014.979	139.37512	59.97424
-6551.007	-53.04908	-1033.1332	150.29236	57.81812
-6777.0317	-43.29747	-1095.5437	88.35693	65.56113
-6673.773	-43.29747	-1080.6426	75.075806	63.11359
-6193.8237	-35.2795	-976.9562	116.86597	53.38543
-6536.6016	-49.51991	-954.0116	219.58154	54.79729
-6220.8335	-35.2795	-970.7336	122.81305	53.11559
-6298.5796	-52.79583	-970.29596	143.39972	53.48249
-6236.6313	-52.79583	-976.5526	126.58594	53.11559
-6469.557	-63.07981	-992.5708	170.90234	57.96951
-6314.177	-63.07981	-971.0135	156.04913	57.96951
-6542.2896	-49.51991	-953.86334	210.6424	54.79729
-6359.884	-53.73195	-958.0754	182.22638	54.79729
-6618.704	-63.07981	-1001.8679	155.15503	58.68069
-6452.922	-52.79583	-978.29834	190.91907	54.79729
-6149.9004	-35.2795	-974.596	98.56415	53.48249
-6612.1826	-52.79583	-1035.194	153.43042	57.81812
-6665.46	-43.29747	-1014.23126	155.71393	54.79729
-6505.3003	-61.27577	-999.95056	162.1239	56.27516
-6684.649	-47.54001	-1033.59	153.1665	57.37252
-6144.448	-52.79583	-966.0774	109.08325	53.48249
-6652.739	-43.29747	-1077.159	72.00464	63.11359
-6592.1226	-47.54001	-1005.48224	155.8255	54.79729
-5728.8545	-52.77988	-854.67145	172.56671	51.90502
-6549.9873	-47.54001	-999.0326	155.48071	55.00199
-5745.7983	-52.77988	-848.3822	185.09851	51.90502
-6644.317	-47.54001	-1038.53	143.36499	57.81812
-6569.354	-51.19741	-1003.0571	161.96606	55.53131
-6113.105	-56.81541	-914.5197	160.90619	52.25391
-6581.228	-43.29747	-1061.3906	67.954834	63.11359
-6672.159	-43.29747	-994.68854	180.05817	55.6672
-6526.023	-51.19741	-1023.46704	148.9198	57.20359
-6498.029	-45.36795	-1046.1449	68.461914	63.11359
-5839.3037	-52.77988	-865.0471	205.50012	51.53568
-5862.263	-52.77988	-861.15906	213.32507	51.53568
-6522.835	-52.79583	-1030.6481	121.34082	56.60441
-6542.675	-52.79583	-1036.9949	105.0437	57.81812
-6495.0464	-49.1285	-1022.13007	97.24347	57.81812
-6497.215	-52.79583	-1021.54895	97.66101	57.81812
-5856.0205	-52.77988	-862.6247	205.61664	51.53568
-6026.642	-55.44438	-915.8222	145.8338	52.25391
-6108.6177	-51.52621	-921.447	168.40503	52.25391
-6044.543	-53.48249	-906.005	185.39563	52.12299
-6558.0967	-52.79583	-1039.0525	114.50952	57.81812
-6647.863	-47.62929	-1034.7803	142.24634	57.81812
-6049.911	-44.90975	-911.82477	182.77411	52.12299
-6514.079	-45.36795	-1048.0648	74.309814	63.11359
-6505.3594	-55.13396	-1016.20074	129.10028	57.81812
-6486.687	-55.13396	-997.5297	148.93951	56.60441
-6466.828	-60.14228	-980.8491	159.75635	56.60441
-6479.3477	-58.22231	-997.9905	136.29626	55.70134
-6579.2573	-45.36795	-1067.7316	65.77173	63.20523
-6003.534	-52.77988	-853.6787	223.05566	51.90502
-6660.479	-44.34787	-1014.8086	154.26587	55.6672
-6500.105	-58.22231	-1002.8776	141.18915	56.60591
-6141.697	-44.90975	-971.0384	100.25079	53.49115
-6509.258	-61.1772	-996.6252	139.60162	56.60591
-6425.6772	-56.07936	-991.9177	125.826416	58.76171
-6337.7046	-59.68434	-992.36145	128.84094	58.76171
-6522.7354	-47.62929	-968.3658	196.3758	53.11559
-5989.068	-52.77988	-865.2457	222.65344	51.53568
-6093.999	-44.90975	-976.3551	106.82471	53.49115
-6070.8403	-52.77988	-862.8609	231.50311	51.90502
-6537.1665	-51.52621	-1062.8077	58.46057	65.56113
-6310.063	-61.1772	-974.5726	128.53082	58.76171
-6496.6147	-51.52621	-1048.8618	75.364624	63.11359
-6266.716	-61.2539	-968.9034	129.47003	56.00075
-6509.652	-52.25391	-1053.0917	81.89441	63.11359
-6200.2446	-44.90975	-967.17596	107.65558	53.80592
-6327.048	-55.72735	-963.23486	190.50745	52.79583
-6291.0776	-61.66431	-988.12994	118.60394	58.57835
-6172.636	-52.87331	-968.8906	117.98547	54.66814
-6510.8667	-52.79583	-1045.7645	93.98584	58.22231
-6243.4824	-54.3587	-957.173	206.7174	52.75827
-6456.5977	-36.02155	-1047.9113	85.450195	58.22231
-6459.3237	-36.02155	-1041.757	74.53064	58.22231
-6549.191	-36.02155	-1037.3553	113.46167	58.22231
-6495.1406	-36.02155	-1045.0068	79.51013	58.22231
-6182.153	-54.3587	-938.72107	218.4281	52.42988
-6192.8374	-53.64393	-947.8419	194.46204	52.42988
-6343.689	-52.77459	-1010.89185	111.33276	56.00075
-6172.085	-47.65315	-933.13245	220.71875	52.20088
-6435.592	-42.37805	-1032.0247	75.61401	58.22231
-6153.28	-53.04908	-970.9561	112.117615	53.80592
-6043.697	-44.76134	-917.0211	220.11267	51.53568
-6407.5127	-36.72607	-1040.7535	62.30591	58.22231
-6166.1006	-53.48249	-975.91315	115.265564	53.80592
-6388.3804	-52.77459	-1010.08057	113.104614	55.91177
-6447.7954	-44.4066	-1019.00934	85.24274	58.22231
-5929.699	-44.76134	-921.6825	176.70996	51.53568
-6450.4937	-45.36795	-1021.78284	115.65076	55.83956
-6482.801	-44.4066	-1043.7902	69.14392	62.0986
-6450.08	-44.4066	-1020.34265	115.532104	55.83956
-5824.6313	-44.31553	-919.64594	171.59564	51.53568
-5892.0938	-44.31553	-922.6543	176.15088	51.53568
-6131.223	-47.18692	-940.5	182.87292	52.25141
-6015.5474	-39.90556	-928.30286	174.76477	51.66812
-5991.724	-41.57637	-940.33923	179.55896	51.66812
-6416.267	-56.81541	-968.20593	184.45752	55.6672
-6061.723	-41.57637	-927.20294	205.5722	51.91719
-6233.2207	-51.52621	-978.5661	116.87726	54.9494
-6410.1865	-44.4066	-1029.6654	90.32507	55.83956
-6085.117	-38.00317	-926.7743	227.47534	51.70871
-6416.0083	-44.4066	-1031.004	78.82263	58.25325
-6401.065	-44.4066	-1036.5825	58.343872	59.51725
-6402.1475	-56.81541	-973.81036	160.21417	54.99989
-6310.789	-56.81541	-964.1588	159.59412	54.99989
-6285.8115	-49.32858	-969.6914	150.12341	53.11559
-6232.6304	-51.52621	-974.96826	115.93982	54.45232
-6281.289	-44.90975	-989.0183	110.299194	54.83826
-6309.139	-51.52621	-972.55475	130.07794	54.83826
-6252.0654	-51.52621	-967.8158	116.62903	54.43023
-6473.927	-44.4066	-1047.2815	64.48035	63.07981
-6492.0024	-44.31553	-1053.8413	78.848145	63.07981
-6354.6567	-51.52621	-1005.7161	91.69086	58.85069
-6005.104	-41.13568	-943.4803	112.34589	52.33474
-6507.972	-35.6964	-1062.9362	62.05371	63.07981
-6513.2104	-35.6964	-1059.5103	58.446167	58.22231
-6370.4688	-51.52621	-1005.965	102.07721	56.45317
-6397.566	-47.81277	-1027.1538	97.096436	58.19852
-6108.117	-32.02541	-950.73016	136.4123	52.06516
-6358.684	-49.32858	-983.3771	147.1521	54.79729
-6103.6377	-43.29747	-954.5005	126.41431	52.06516
-6265.684	-49.32858	-979.3702	127.36835	55.13311
-6325.0884	-50.35661	-984.5203	108.18353	55.64872
-6391.3706	-50.35661	-1005.627	87.2724	60.23899
-6407.282	-37.02857	-1022.4606	80.58984	55.6672
-6352.548	-49.32858	-980.2964	130.54773	55.09618
-6366.747	-56.81541	-967.1062	156.02783	55.13311
-6408.525	-52.79583	-999.14966	154.6239	55.75961
-6355.19	-56.81541	-967.207	156.48663	55.53109
-6269.149	-59.68434	-970.4137	135.11987	55.53109
-6319.0073	-52.79583	-1005.53687	91.330444	55.64872
-6251.1235	-52.79583	-1003.73627	69.27301	61.30201
-6325.6846	-60.14228	-968.64294	126.13867	55.53109
-6254.681	-52.79583	-996.8256	73.73895	55.64872
-6209.998	-47.5946	-1002.92096	66.59979	55.53109
-6334.1226	-57.36559	-983.6905	121.48773	55.53109
-6211.87	-52.79583	-998.8586	76.872375	57.51766
-6267.5186	-52.79583	-984.1149	128.58551	54.86895
-6320.3174	-52.79583	-992.87427	120.57727	55.64872
-5926.489	-42.37805	-934.1969	120.6687	52.01514
-6357.4927	-56.07936	-990.2936	126.40808	56.60591
-5932.863	-42.37805	-944.3926	108.38098	52.61756
-6006.282	-41.46089	-959.0221	113.80774	52.87331
-6015.321	-41.46089	-966.85846	115.750916	52.87331
-6024.3735	-42.37805	-966.35706	114.16028	52.87331
-6048.9214	-48.30712	-951.10583	111.50403	52.42988
-6051.3877	-48.30712	-956.849	117.9624	52.42988
-6582.171	-52.79583	-1052.5386	150.25842	56.60441
-6661.3354	-47.62929	-1027.8186	152.21228	56.60441
-6351.598	-56.07936	-975.246	125.153076	56.60591
-6146.504	-52.61756	-962.0716	129.85455	52.42988
-6130.289	-47.65315	-947.36206	144.7821	52.25141
-6041.1226	-47.65315	-955.2218	123.9491	51.70642
-6363.179	-56.07936	-975.14514	135.95435	56.60591
-5935.601	-47.65315	-929.3655	109.04736	51.70642
-5910.7314	-47.65315	-933.66187	113.6427	51.70642
-6282.357	-58.17295	-975.58887	126.52344	55.09618
-6718.9844	-52.79583	-1054.2992	167.30933	59.3513
-6285.2783	-57.64715	-982.48944	131.73224	55.09618
-6261.3823	-52.91439	-966.739	152.45447	53.11559
-5964.522	-49.37293	-950.32837	95.2229	55.44438
-6668.9814	-52.79583	-1054.0563	153.60693	58.90936
-5926.177	-49.37293	-945.40814	76.04877	55.44438
-6732.7524	-52.79583	-1037.0431	171.83826	58.90936
-6781.363	-43.02202	-1045.4956	151.62268	59.3513
-6829.238	-43.02202	-1059.0127	129.7898	61.79756
-6766.917	-43.02202	-1060.7732	128.78552	60.22829
-6729.9595	-34.30858	-1049.6461	139.66284	55.83956
-6673.2666	-50.63661	-1036.7604	164.31165	55.83956
-6500.5703	-45.05274	-1028.3749	100.94495	57.20359
-6261.4365	-52.91439	-954.6696	148.22125	53.11559
-6535.346	-50.63661	-1044.1901	101.90344	56.79358
-6481.9556	-52.25391	-1032.7678	119.84436	55.6672
-6340.2764	-52.91439	-952.24133	163.6228	54.80323
-6638.9307	-47.54001	-1057.6735	132.07019	55.6672
-6606.8965	-50.50341	-1023.5574	231.8888	55.6672
-6028.058	-46.8387	-974.0542	72.45215	54.52553
-6058.2954	-46.8387	-976.51086	77.66821	54.52553
-6368.9272	-49.32858	-1008.3035	137.36383	54.80323
-6454.4023	-49.32858	-1016.2133	144.86761	54.80323
-6445.519	-44.4066	-1008.81287	142.11536	54.79729
-6433.64	-44.4066	-997.1776	152.50867	54.37498
-6528.7603	-44.4066	-990.33813	179.8208	54.52553
-6602.484	-44.4066	-1017.52997	151.13788	54.79729
-6508.588	-44.4066	-1030.0963	131.06018	55.44438
-6386.916	-47.65315	-1001.1488	144.21057	54.7565
-6232.8447	-40.44135	-975.2929	116.07721	54.7565
-6571.373	-39.4376	-1032.4789	139.03064	55.44438
-6537.844	-39.4376	-1013.72266	150.38123	54.45232
-6442.028	-43.29747	-1026.3207	110.63025	54.80323
-6562.68	-43.29747	-1026.0455	162.88208	54.80323
-6515.3276	-47.77325	-994.7071	204.74738	54.80323
-6548.8667	-47.77325	-1016.7897	219.48315	54.37498
-6655.363	-34.30858	-1029.3319	196.40027	54.36641
-6662.482	-32.52272	-1036.4514	155.8274	55.7001
-6589.1826	-32.52272	-1028.4971	168.49487	53.93039
-6391.529	-32.52272	-999.33813	142.69702	52.12299
-6233.3125	-32.52272	-925.692	201.77771	52.06516
-6168.3354	-32.52272	-920.747	187.42194	51.52621
-6501.648	-43.24795	-970.45844	206.0987	53.93039
-6475.988	-43.24795	-980.7244	191.63788	52.91439
-6352.318	-30.08806	-962.21326	176.45605	51.52621
-6402.496	-47.18692	-969.3108	174.0343	52.79583
-6430.546	-50.63661	-968.40967	178.36633	53.93039
-6385.257	-52.84802	-962.73846	181.28241	52.79583
-6364.607	-53.478	-969.74243	164.26782	52.79583
-6456.5967	-50.63661	-969.5865	179.94122	52.79583
-6451.074	-38.04028	-981.3547	189.35895	54.32402
-6542.9736	-38.50861	-966.081	223.39923	54.32402
-6469.5293	-23.2702	-931.6644	254.1969	52.79583
-6463.38	-23.2702	-938.3277	259.7353	52.79583
-6534.1636	-38.50861	-943.6132	240.862	53.77519
-6509.4717	-38.50861	-999.6294	210.51062	53.77519
-6501.763	-38.88095	-987.85297	223.99225	53.93039
-6531.6597	-38.50861	-989.6987	221.77417	53.77519
-6478.841	-38.50861	-998.0829	205.98438	54.36641
-6479.9175	-43.27327	-997.6656	250.82452	54.36641
-6386.994	-47.77325	-988.88306	226.62354	53.478
-6274.978	-47.77325	-973.1974	235.73254	53.11559
