-3765.862	-145.20337	-1003.2428	114.690674	147.34499
-3849.7686	-116.11183	-1064.8932	81.59631	149.62454
-3873.5117	-142.87265	-1087.6736	59.97461	151.80461
-3730.506	-145.62318	-1030.3274	77.8302	147.04594
-3853.1475	-117.03864	-1077.7528	46.427124	159.20638
-3752.27	-142.15053	-1046.2043	46.353516	158.40257
-3810.6733	-148.66559	-1041.6564	99.04138	151.80461
-3738.223	-150.77475	-1001.2077	119.64667	153.6638
-3751.9958	-156.002	-983.7388	126.90283	151.80461
-3490.3242	-133.75209	-941.14954	91.99634	142.87265
-3700.6357	-152.403	-1020.8324	82.01453	145.20337
-3502.9663	-133.75209	-979.6349	39.41394	149.62454
-3756.7822	-146.81595	-1008.7202	127.58179	149.62454
-3862.8057	-116.11183	-1064.7433	82.03296	149.62454
-3873.512	-142.87265	-1087.6736	59.97473	151.80461
-3811.7554	-142.87265	-1064.3394	59.764282	156.50897
-3817.6711	-142.87265	-1055.052	59.09546	145.20337
-3829.353	-142.87265	-1067.2294	60.77002	149.62454
-3769.067	-145.20337	-1006.9429	125.52893	149.62454
-3508.0098	-109.15797	-965.6385	89.79608	138.49104
-3500.516	-132.54417	-951.3918	108.31378	138.49104
-3402.9392	-132.29478	-937.84625	68.07739	142.29216
-3715.2534	-142.15053	-1045.9645	42.9375	154.6745
-3777.4165	-151.80461	-992.29034	176.08917	147.03775
-3556.9001	-125.74078	-978.16284	86.11401	138.8136
-3496.0535	-132.29478	-952.0057	122.526306	138.49104
-3728.9995	-145.62318	-1023.846	115.97394	145.20337
-3665.0762	-129.10553	-1028.4811	45.82434	148.47684
-3736.431	-152.81738	-1015.5254	81.521484	149.62454
-3727.8945	-152.81738	-1022.0068	77.733826	149.62454
-3728.1533	-147.16432	-1031.4529	61.97766	152.81738
-3745.1255	-149.62454	-1006.6252	109.700134	152.81738
-3292.9146	-123.82196	-923.3947	33.87787	140.65865
-3450.0947	-133.75209	-942.23584	77.72156	142.29216
-3620.8582	-125.74078	-976.2458	108.19623	139.43135
-3308.224	-109.2596	-926.8105	35.87372	142.29216
-3384.255	-109.2596	-948.75024	67.627075	142.87265
-3335.3042	-121.78088	-926.0576	53.98828	142.1823
-3388.822	-121.78088	-928.4315	77.579285	141.86374
-3519.2256	-125.74078	-967.43384	81.82507	138.8136
-3568.4263	-126.97279	-968.3896	116.31317	142.87265
-3703.6675	-154.6745	-1023.8639	73.52124	149.62454
-3762.067	-146.81595	-1046.3826	57.786133	156.50897
-3758.2505	-145.62318	-1039.8986	86.63574	149.33876
-3647.7341	-125.74078	-951.85815	159.45972	139.43135
-3646.6484	-139.43135	-947.912	156.23071	140.6333
-3759.2102	-147.34499	-1018.9169	94.51282	151.80461
-3505.2349	-145.20337	-930.8032	103.48413	142.87265
-3444.5095	-139.43135	-962.0448	36.736633	156.50897
-3465.7537	-139.43135	-960.1919	49.032043	147.16432
-3688.0696	-145.20337	-1034.499	40.021362	159.20638
-3748.3948	-147.34499	-1025.8971	79.92334	149.62454
-3585.5044	-146.51575	-987.8878	123.74548	140.6333
-3617.6543	-140.6333	-977.8581	118.40521	139.43135
-3667.5938	-137.67381	-942.25525	140.37561	140.6333
-3438.1023	-142.15053	-952.2661	57.787964	145.04329
-3593.9194	-139.22101	-991.2471	99.655396	144.08519
-3517.5132	-142.98242	-966.97595	76.77466	145.04329
-3746.1736	-142.87265	-1048.7538	45.121704	158.40257
-3646.6482	-139.43135	-947.9121	156.23059	140.6333
-3297.321	-111.42402	-923.26215	45.565063	146.51575
-3679.0845	-139.43135	-959.661	138.771	143.48468
-3404.2732	-140.76094	-945.78595	49.51935	145.20337
-3673.451	-146.51575	-1007.50476	119.909546	142.87265
-3765.4617	-142.87265	-1051.7211	56.475708	156.50897
-3644.215	-140.6333	-953.4704	165.72882	139.43135
-3707.2207	-139.43135	-1042.841	38.730103	156.50897
-3738.2222	-150.77475	-1001.20776	119.64673	149.62454
-3578.1729	-139.43135	-990.6569	81.43292	143.8985
-3745.1252	-149.62454	-1006.6251	109.700195	151.80461
-3354.4526	-138.4287	-931.7808	47.645264	151.80461
-3539.143	-146.51575	-976.2201	102.92151	145.04329
-3551.394	-139.43135	-990.7812	49.005554	153.6638
-3637.9048	-138.8136	-982.53143	116.19403	142.98242
-3627.8152	-145.20337	-978.50854	98.89563	142.98242
-3515.1025	-139.43135	-983.3904	37.07312	153.2802
-3765.4614	-142.87265	-1051.7211	56.475586	156.50897
-3751.9956	-156.002	-983.7388	126.90271	152.81738
-3773.025	-149.62454	-1004.76807	107.80432	156.002
-3741.2678	-147.03775	-1029.3306	92.920166	149.62454
-3551.845	-139.43135	-953.2609	102.76178	142.87265
-3473.813	-137.05473	-950.3092	82.95874	142.87265
-3503.2905	-137.05473	-976.16284	48.254517	152.33353
-3516.808	-143.94437	-950.599	104.561035	142.87265
-3759.7466	-142.87265	-1048.6674	53.079712	152.81738
-3481.8052	-146.51575	-961.7833	60.020264	145.04329
-3456.2793	-149.62454	-967.0722	49.283264	147.16432
-3290.2368	-120.58631	-909.16895	61.779053	140.6333
-3348.9885	-126.70641	-930.7827	46.422485	145.04329
-3703.6672	-154.6745	-1023.8639	73.52112	149.62454
-3718.2927	-154.6745	-1019.99384	109.01312	156.50897
-3746.7578	-148.66559	-1033.0168	88.74072	152.81738
-3733.8105	-149.62454	-1012.85364	154.89905	147.03775
-3300.2905	-136.18852	-919.7156	50.293335	145.04329
-3764.3328	-142.87265	-1049.273	50.72705	156.0786
-3767.4329	-147.16432	-999.1759	118.627075	150.77475
-3834.5012	-142.87265	-1074.8741	62.33264	149.62454
-3697.2168	-142.87265	-942.14124	151.65918	143.48468
-3627.8147	-145.20337	-978.50867	98.89551	142.98242
-3518.0562	-147.16432	-971.3462	60.03308	150.77475
-3724.149	-146.81595	-1013.0764	77.58325	150.77475
-3755.1409	-146.81595	-1020.05664	95.70007	149.62454
-3744.07	-154.6745	-999.11505	155.66888	149.62454
-3718.2925	-154.6745	-1019.9938	109.01306	149.62454
-3738.2227	-150.77475	-1001.20776	119.64661	150.77475
-3493.0647	-147.16432	-968.21	56.59906	171.61513
-3488.3467	-147.16432	-970.81726	57.59265	156.50897
-3681.5889	-142.87265	-966.52893	111.6438	144.1652
-3738.7505	-151.80461	-971.4116	158.30212	146.81595
-3713.8057	-146.81595	-1020.077	77.30298	149.62454
-3635.2861	-129.10553	-975.2367	100.93103	144.1652
-3632.2214	-150.77475	-1003.8456	69.344604	160.5631
-3519.0574	-144.1652	-918.6987	126.77637	138.8136
-3767.304	-151.80461	-1025.8767	134.62659	149.62454
-3589.9204	-138.8136	-980.79504	82.76062	144.1652
-3456.2524	-116.20982	-855.8937	204.00427	137.33208
-3748.3953	-147.34499	-1025.8971	79.92334	151.80461
-3839.1619	-147.03775	-1054.0359	90.63855	151.80461
-3747.8328	-147.03775	-983.4198	133.7826	147.03775
-3695.8767	-146.81595	-945.754	163.04456	142.87265
-3596.7004	-146.81595	-951.12366	129.13354	140.76094
-3571.4001	-142.98242	-953.84985	117.392334	138.8136
-3586.017	-146.3314	-955.46204	130.9607	138.8136
-3787.1536	-151.80461	-1018.8965	132.39929	149.62454
-3494.1145	-138.8136	-944.5547	102.20923	140.76094
-3502.8784	-126.70641	-953.3926	111.130615	139.22101
-3454.8716	-140.76094	-946.93555	81.27832	138.8136
-3479.036	-141.64267	-939.75305	94.13501	140.76094
-3746.7576	-148.66559	-1033.0168	88.7406	152.81738
