-2388.7354	-122.83325	-736.86554	109.11932	126.59215
-2449.7627	-138.44269	-782.7278	87.713806	127.62217
-2486.8584	-138.86511	-794.0018	54.806396	133.2093
-2467.9985	-138.44269	-799.33026	52.11725	133.2093
-2496.4746	-133.2093	-802.9477	58.832397	138.86511
-2241.243	-124.596	-703.9419	71.5376	126.59215
-2300.0989	-126.59215	-719.0176	73.16193	124.596
-2288.0496	-127.62217	-706.96814	86.6604	124.596
-2343.677	-122.83325	-730.0124	97.823364	126.59215
-2335.5972	-118.02769	-733.63904	78.55231	126.59215
-2339.4744	-115.57811	-731.18945	80.128296	126.59215
