-2443.0	-0.0	-149.0	43.0	1.0
-2461.0	-0.0	-143.0	56.0	1.0
-2401.0	-0.0	-146.0	38.0	2.0
-2377.0	-0.0	-146.0	37.0	2.0
-2456.0	-0.0	-145.0	41.0	1.0
-2437.0	-0.0	-142.0	37.0	1.0
-2442.0	-0.0	-145.0	39.0	1.0
-2389.0	-0.0	-144.0	32.0	1.0
-2373.0	-0.0	-146.0	29.0	2.0
-2446.0	-0.0	-140.0	57.0	0.0
-2428.0	-0.0	-140.0	50.0	0.0
-2438.0	-0.0	-144.0	38.0	1.0
-2336.0	-0.0	-145.0	24.0	1.0
-2416.0	-0.0	-144.0	42.0	0.0
-2426.0	-0.0	-138.0	48.0	0.0
-2429.0	-0.0	-137.0	49.0	0.0
-2420.0	-0.0	-140.0	46.0	0.0
-2259.0	-0.0	-142.0	20.0	1.0
-2357.0	-0.0	-146.0	31.0	1.0
-2376.0	-0.0	-145.0	29.0	1.0
-2349.0	-0.0	-146.0	26.0	1.0
-2323.0	-0.0	-143.0	23.0	1.0
-2396.0	-0.0	-145.0	39.0	0.0
-2402.0	-0.0	-143.0	39.0	0.0
-2400.0	-0.0	-144.0	39.0	0.0
-2304.0	-0.0	-142.0	22.0	1.0
-2268.0	-0.0	-137.0	22.0	0.0
-2254.0	-0.0	-140.0	17.0	0.0
-2260.0	-0.0	-139.0	22.0	0.0
-2303.0	-0.0	-143.0	23.0	0.0
-2313.0	-0.0	-140.0	26.0	0.0
-2320.0	-0.0	-143.0	27.0	0.0
-2309.0	-0.0	-142.0	26.0	0.0
-2330.0	-0.0	-142.0	27.0	0.0
-2342.0	-0.0	-143.0	29.0	0.0
-2374.0	-0.0	-141.0	35.0	0.0
-2386.0	-0.0	-143.0	37.0	0.0
-2353.0	-0.0	-144.0	32.0	0.0
-2386.0	-0.0	-145.0	38.0	0.0
-2369.0	-0.0	-143.0	34.0	0.0
-2357.0	-0.0	-144.0	33.0	0.0
-2352.0	-0.0	-146.0	34.0	0.0
-2362.0	-0.0	-146.0	34.0	1.0
