19341.86 6.64981 742.7285 73.8349 11.40219
19329.678 7.76015 722.42865 86.98773 11.36486
15081.275 5.08134 528.25684 179.5957 9.96594
18428.264 10.12176 643.1635 156.40906 10.12867
17257.309 6.16117 653.3596 95.69635 10.80972
19285.752 7.4054 711.39417 99.37439 11.12789
19311.906 6.94046 736.4536 79.75958 11.00364
19459.5 6.03158 756.6474 60.4317 11.09009
18407.326 9.88484 673.32275 116.45264 10.65317
19171.633 7.34234 728.0986 90.65466 11.5862
19222.547 5.27826 698.25934 115.40906 10.83651
19201.238 6.03158 700.82104 117.93005 10.90642
18177.617 5.93801 690.4568 108.31262 10.83467
18566.168 9.97998 624.1052 182.81677 9.88484
18537.945 9.992 673.3661 136.5877 10.02597
17818.766 4.51553 649.8848 105.632324 10.79676
19182.443 5.27826 708.2618 111.0072 10.90642
16151.448 5.56866 574.87024 134.07959 10.47807
18582.246 7.27393 707.00055 92.46411 11.31901
19388.21 7.34234 716.7461 107.798706 11.09009
19264.479 7.34507 665.7697 153.30621 10.98271
19451.234 6.03158 751.8727 66.43152 11.03947
19343.85 5.37587 701.89496 117.723206 10.95445
18956.832 7.16589 720.09174 77.71564 11.65847
17326.537 6.31744 650.20416 126.35266 10.61508
17787.777 5.02792 654.61786 111.40875 10.76801
17884.736 5.17494 650.76526 131.21802 10.62967
19431.04 6.03158 749.51965 74.200745 10.99273
19420.191 6.43661 749.7555 65.90765 11.28893
17970.5 5.96573 675.5271 85.26367 10.90642
17525.652 5.06261 643.82007 107.693054 10.8614
17304.826 5.06261 643.56354 112.62518 10.41489
19362.395 6.03158 670.09033 147.33978 10.90275
18641.469 6.00333 681.2989 110.13068 10.90046
19313.531 6.43661 657.83984 155.32501 10.9476
19142.06 6.03158 677.98566 127.468445 10.79444
17900.459 4.35086 672.03906 84.068054 10.83236
