9045.423 88.20019 1429.4535 194.29199 102.20926
9077.794 82.88181 1451.3583 185.4159 103.77537
9080.836 82.88181 1443.0431 187.5669 101.89092
9050.3 59.5564 1434.383 176.13843 100.28615
9028.375 76.00563 1436.4746 198.099 97.52448
9029.181 85.5496 1428.6122 192.95569 100.28615
8915.241 59.42687 1408.5713 150.22546 102.20926
9065.289 82.88181 1454.1255 161.42493 101.89092
9080.836 82.88181 1443.0432 187.56665 103.81152
8931.352 82.88181 1427.8707 159.90259 101.89092
8938.767 101.66351 1437.163 162.90393 105.07169
9017.331 100.28615 1431.9867 204.36633 91.96045
8977.992 102.20926 1420.0571 213.85413 116.14337
8619.594 102.57836 1266.5278 285.55518 97.07841
8974.141 101.66351 1447.7534 167.37292 91.96045
8754.289 102.20926 1363.8679 222.23389 92.7333
9047.1 100.28615 1433.3215 218.09106 91.96045
8611.429 59.5564 1345.3966 156.67395 108.76659
8588.771 74.54115 1308.1816 163.30212 97.07841
8350.806 56.96555 1143.1675 426.43628 89.65701
8691.693 78.88409 1209.4812 400.45642 91.83954
8731.159 68.00309 1261.9244 301.33362 89.90467
