34051.742 59.88533 2601.1064 587.2549 80.25228
34073.324 59.88533 2622.686 574.0996 89.72325
33626.79 54.3203 2605.0051 519.6196 68.89751
34073.32 59.88533 2622.6863 574.09937 89.72325
33687.9 59.10025 2490.2056 662.67993 68.89751
34020.688 54.3203 2627.8354 590.91113 89.72325
34016.715 59.88533 2600.1196 550.2612 74.12405
33834.668 59.90779 2562.04 669.63086 89.72325
34018.477 59.88533 2614.031 521.59766 80.25228
33331.98 68.89751 2583.1826 538.29346 78.22947
33191.39 68.89751 2518.0974 533.6079 70.75626
32623.75 59.88533 2499.353 513.2947 88.3876
33680.56 68.89751 2590.0537 564.38745 80.27926
33234.527 68.89751 2501.3652 564.3379 71.44061
33634.94 65.69004 2588.9507 529.1824 96.09931
33750.14 59.90779 2487.0828 700.05273 80.27926
33612.34 65.34835 2576.1887 527.19214 80.25228
33344.223 68.89751 2569.2869 544.9802 74.12405
33174.895 68.15492 2509.982 547.6277 65.41608
33369.777 70.75626 2523.191 618.92065 68.89751
33680.547 68.89751 2590.0535 564.3877 65.69004
33551.242 68.15492 2529.302 561.2727 65.41608
33634.938 65.69004 2588.9507 529.1821 65.34835
33174.89 68.15492 2509.9822 547.62744 65.41608
33612.35 65.34835 2576.189 527.19214 103.803
33373.77 69.34026 2403.4282 775.7097 68.89751
33595.92 68.15492 2512.5698 592.0032 65.41608
33369.773 70.75626 2523.1912 618.92017 74.12405
33610.75 65.34835 2589.3748 518.2388 65.69004
33680.55 68.89751 2590.0532 564.3882 79.81705
33055.027 54.3203 2553.1724 512.55664 79.81705
