129108.1 123.17925 6683.1855 707.13086 147.45378
129327.02 122.43136 6689.063 641.72217 147.21472
128646.37 113.86264 6655.4673 682.0044 147.03877
129142.49 106.63748 6752.4536 644.95215 146.59882
128616.984 106.63748 6676.8374 620.74365 153.41919
127194.58 106.63748 6482.783 806.9824 146.3265
129434.484 122.43136 6787.394 542.2173 154.63593
129037.08 123.81409 6524.7437 831.5156 153.41919
129167.94 123.81409 6579.6533 773.0386 154.63593
128767.95 132.53271 6604.5522 686.63574 147.03877
125646.586 142.99063 6231.249 950.12744 141.46008
125732.305 142.50319 6277.167 972.68066 140.39607
126876.54 138.50993 6461.389 829.6948 149.82169
126494.13 140.39607 6255.0537 975.6167 140.37236
126517.38 142.50557 6335.419 977.04736 140.47026
