7548.4023 5.80426 863.96655 255.28845 36.48998
7591.52 6.03521 924.8617 162.5946 38.50505
6906.823 5.27439 712.1091 413.6463 26.91926
7387.416 5.92998 854.78876 282.87335 34.64907
6686.827 3.6656 787.1578 231.37256 30.40059
7576.3335 9.08314 869.55304 238.66754 36.54747
6701.288 5.92998 758.02295 224.72363 33.09188
7534.4185 4.3254 826.7577 298.8047 34.28632
7535.857 6.03521 821.2564 285.8199 34.64907
7238.526 12.69145 823.8353 330.53625 30.0373
6513.9893 3.6656 747.0526 268.5014 28.17564
7658.7837 4.3254 943.61597 195.17029 38.33129
7295.1016 6.03521 805.8096 296.95142 28.95294
6768.0586 11.83952 719.66315 396.54816 28.56166
7659.777 4.3254 944.6093 200.15204 38.33129
7630.0083 6.03521 941.19165 180.17542 42.38684
7520.8843 4.3254 813.2227 304.05084 29.28648
7463.479 6.03521 778.2743 316.29163 28.78408
7393.476 8.66173 895.36237 178.87274 38.33129
7137.862 4.3254 828.3963 334.58136 30.0373
7488.5176 6.03521 932.3021 179.65308 35.22947
6915.1133 7.04364 777.84033 297.21472 29.39395
7045.06 3.6656 779.7642 261.5412 32.67904
7618.898 6.03521 923.75757 205.18872 38.01073
7114.648 9.09407 815.2354 314.17194 30.21963
6223.688 12.69145 692.76654 294.79486 23.49004
6423.3794 3.6656 724.68445 309.2362 25.31491
7479.153 4.3254 897.1426 263.9193 34.64907
6718.5474 8.18716 762.1848 346.66138 23.49004
7327.348 9.09407 866.7705 213.42725 34.64907
6819.8335 9.08314 737.6184 353.42456 29.36699
7385.145 4.3254 861.5603 283.8246 33.09188
7480.696 4.3254 789.5882 344.81122 27.54886
7459.4463 6.03521 798.289 335.54474 33.59414
7652.353 4.3254 944.58185 194.1275 38.33129
7398.941 4.13811 896.27167 244.86761 34.64907
6732.2266 8.25139 749.66064 311.12305 30.21963
6921.5913 6.82983 829.423 272.52258 33.09188
7652.356 6.03521 937.7544 196.40186 38.33129
7507.3267 4.3254 851.6036 248.50018 33.09188
7475.7383 9.08314 783.1081 313.7464 33.59414
7658.782 4.3254 943.616 195.17023 38.33129
6224.9707 3.6656 710.55884 268.95306 24.43549
7403.9565 9.09407 792.35486 333.69556 34.28632
6827.2393 5.27439 730.35754 334.0702 28.17564
7650.8745 4.3254 943.1045 189.62964 38.33129
6250.8423 3.11481 730.82806 201.84998 35.20086
7224.741 7.04364 808.0867 287.57825 33.09188
6265.871 3.11481 687.0935 282.00116 28.07888
7624.115 6.82983 943.3534 173.32617 38.33129
7463.7373 4.3254 821.9186 302.40686 27.54886
7308.4976 4.3254 847.62726 263.90594 30.22584
6588.081 3.6656 729.69934 313.71167 25.31491
7540.9614 8.4868 927.50574 170.37402 38.33129
7399.4263 5.80426 886.156 276.5802 34.64907
6307.2466 5.80426 661.8091 264.18347 26.21495
7621.841 6.03521 920.44806 217.67548 38.01073
7289.9287 3.11481 890.51526 137.17334 38.62883
7582.998 4.3254 875.33563 243.03021 36.48998
6508.3496 12.62948 697.2219 325.17432 30.2279
7612.8516 9.09407 906.4558 230.46179 38.50505
7532.2144 4.3254 828.6025 290.9848 34.28632
7593.3027 4.3254 878.135 220.74756 36.54747
7512.7173 4.3254 832.42896 274.87708 35.42082
6359.85 10.19582 649.4536 335.03357 24.83813
6574.9766 19.70974 689.8249 428.19342 22.53658
6456.695 9.09407 709.29486 324.8244 23.86004
6241.1978 22.6857 635.42065 363.11334 19.70974
6357.2075 17.51422 681.5288 356.66748 22.53264
6129.6006 14.88415 656.8521 354.4992 23.49004
6577.809 13.81957 666.29254 493.83942 26.21495
6379.7646 20.82905 635.3372 376.3141 19.14834
6319.757 16.55389 694.4118 331.84796 30.52903
6504.85 19.99211 696.51794 413.1317 18.37289
6761.5234 16.55372 690.6242 425.29865 27.26857
6344.1787 19.99211 635.91046 383.96082 22.69691
6521.1694 15.78782 686.04553 377.2749 24.65902
6506.7373 14.55034 683.65393 336.3061 30.52903
6031.5127 19.14834 592.1481 416.997 16.64856
6397.748 18.24545 649.82275 344.65552 21.85575
6026.628 19.35933 598.8431 379.29755 18.75478
6026.2305 13.2815 633.27 304.82043 30.52903
6137.92 13.25628 672.2074 321.67218 26.88716
6256.4263 21.60812 632.2305 356.20038 29.36699
5826.025 19.14834 587.2462 353.81158 29.36699
6290.6143 22.6624 662.7632 429.50647 29.36699
6524.403 19.70974 654.03 465.73364 18.24545
6545.7437 21.60812 680.34015 419.1236 20.82905
5957.2285 6.53957 642.4585 279.56824 25.06802
5927.716 14.09013 610.38586 315.2052 29.4897
5934.242 18.43085 601.62415 356.03583 18.24545
5186.24 12.6661 535.591 272.43127 34.46936
5958.2256 13.25628 616.06647 335.50226 24.65902
5956.6465 13.81957 650.0261 322.70068 24.65902
6460.892 18.37289 641.0271 415.0791 17.51422
6406.1753 23.21754 653.9907 480.08118 19.70974
6311.274 18.66649 635.6099 359.77563 30.21963
6507.4023 12.56759 701.3998 382.49084 23.46579
6248.1367 10.19582 666.30286 316.31873 24.65902
6586.3438 8.4868 717.9002 318.19708 25.52544
6110.7256 19.99211 637.5878 391.3366 32.67904
6548.2637 22.13576 668.86346 471.29254 26.35776
6227.6265 3.41494 694.1991 283.54224 24.65902
5971.221 15.96159 634.56305 339.10425 30.21963
6546.0317 18.24545 686.96967 391.13666 22.53264
6196.458 20.17996 626.0164 504.18207 18.24545
6583.29 4.3254 747.77466 314.51184 26.91926
6325.9507 10.93273 672.5102 351.3316 29.4897
6258.402 7.04364 655.5016 290.16394 25.47872
6202.043 2.19046 718.9851 243.77893 30.0373
5463.2817 13.97221 568.12244 280.93243 26.21495
5730.9346 4.70189 660.9142 262.56964 27.51733
6261.6665 8.66173 686.5868 321.2843 30.11663
6333.3545 9.11921 750.4611 256.00702 30.40059
6031.2056 10.19582 658.73364 293.2174 37.19006
6185.6475 3.6656 703.81995 220.14343 29.01012
6115.2695 8.79305 709.82733 291.23682 23.03474
6517.095 8.25139 733.8475 333.85333 28.07888
6477.771 6.53195 706.66064 293.3075 24.65902
6163.2964 3.6656 697.30444 247.44537 27.13057
6118.5845 4.19177 694.7168 241.72919 32.07581
6752.8574 6.03521 675.8927 422.0614 24.43549
6745.5625 11.83952 671.10724 401.2215 26.91926
6945.978 6.62037 693.7502 468.86823 28.07888
7292.369 7.04364 751.07184 342.23773 28.17564
6563.0093 8.25139 670.9454 399.2249 24.15528
6918.1113 9.09407 693.08923 395.44617 27.54886
6625.781 12.56759 667.4346 394.7787 28.17564
6727.3354 9.20284 660.2826 406.03625 26.1624
6904.596 9.09407 693.7207 379.71472 28.07888
6759.6475 11.08703 684.5404 425.8125 24.56118
6842.7856 5.80426 716.2321 403.23846 28.07888
6914.7544 9.09407 693.4093 398.30273 26.31472
6904.333 9.09407 689.4103 415.28845 24.65902
