3078.5273 151.46977 940.7995 123.35712 171.11234
3131.7378 148.9879 982.9878 116.92871 180.10432
3073.0408 139.48946 943.65985 132.91559 171.11234
2247.909 113.53436 732.72504 36.15912 161.7942
2848.1416 162.17918 908.761 69.00519 168.82925
3105.75 139.48946 957.0004 153.00323 170.43655
2756.5378 137.60101 881.3448 82.95868 167.80708
2540.425 148.60858 803.00433 74.8797 160.6806
2603.8967 140.68813 803.4723 153.43512 148.9879
3074.124 167.80708 961.1749 185.15112 166.57277
3113.1033 172.59387 963.6561 142.24316 175.56256
3123.73 148.9879 974.283 162.52008 175.56256
2550.098 140.68813 828.7146 44.147705 162.17918
2603.957 138.06934 832.4167 73.98096 159.09889
2862.7925 156.6483 914.2058 73.19104 176.18057
3004.1384 152.48749 854.69135 243.12604 164.93126
3082.8672 168.37735 961.55853 158.9477 174.07896
3094.608 180.10432 945.85785 144.73248 174.07896
3083.7441 147.01022 946.0163 160.21112 168.37735
2969.1426 171.11234 932.8627 95.1167 156.6483
2930.6995 175.56256 927.969 87.79492 162.17918
2700.0542 151.11108 850.8077 68.171265 168.82925
2993.0896 158.15666 900.56335 177.4237 163.82455
2982.9194 170.43655 957.1424 82.8139 172.59387
2983.0715 158.76811 850.64435 224.61005 162.12308
3103.042 148.9879 956.86646 133.40808 176.18057
3087.1426 151.46977 949.4147 140.27112 175.56256
3041.9006 167.80708 947.3123 160.16681 167.80708
2978.236 166.75435 919.3591 171.44647 166.75435
2618.8157 130.75081 829.2783 69.15808 162.17918
2993.269 170.43655 942.2759 104.361206 186.96777
2795.9148 154.11949 904.35266 65.58313 174.07896
2798.6948 172.16602 894.8408 79.11896 171.10156
2992.7886 170.43655 905.8954 185.20276 166.57277
2561.1038 127.88705 827.121 57.62671 161.11539
2969.1428 171.11234 932.8627 95.11658 165.63431
2460.968 124.499 794.1365 50.686646 159.08867
2930.6997 175.56256 927.969 87.79498 167.80708
2610.3765 140.68813 841.9798 47.990417 162.17918
2797.4724 163.04944 891.1162 86.50421 158.81538
2743.2783 163.82455 885.3064 59.263123 176.18057
2673.8823 159.5865 858.7669 81.35321 162.88988
2992.2412 166.57277 933.3641 156.06061 167.80708
2996.75 164.64369 904.2237 194.216 164.89452
2715.8372 143.42473 869.7315 99.77728 156.44406
2633.5496 158.52834 859.1657 51.943237 166.57277
3062.078 180.30351 958.69574 126.65607 180.30351
2951.5942 175.56256 944.3905 77.9917 172.59387
2444.357 130.75081 786.704 55.333252 152.81651
2522.4343 150.74586 817.955 56.11615 158.81538
2638.4932 161.11539 853.0049 64.61212 164.51193
2935.358 175.56256 916.8224 101.75342 171.11234
2951.5945 175.56256 944.39044 77.99176 172.59387
2821.6414 148.9879 914.47736 67.23657 180.30351
2887.1013 163.04944 905.5295 105.62836 152.65053
2644.2732 162.17918 864.25635 34.76465 168.37735
2624.618 139.75049 839.5836 63.69861 165.28757
2564.0876 145.34834 809.41174 98.91217 152.81651
2380.4216 140.5023 758.14856 67.99768 156.6483
2557.928 139.75049 813.71234 52.20758 156.44406
3000.3513 158.81538 940.2696 152.47906 167.80708
3105.7502 139.48946 957.00037 153.0033 170.43655
3060.5295 151.46977 965.9414 110.71741 163.30281
2994.1135 148.9879 945.82544 103.9574 175.56256
2645.1777 130.75081 850.29346 68.88422 167.80708
2574.2607 161.69604 846.6793 22.333862 167.80708
2740.9473 159.08867 876.4386 77.26001 166.57277
2668.4812 156.26208 857.81006 70.42853 162.65744
3094.0122 145.06038 944.56555 133.8003 162.65744
3098.2646 146.42358 948.8175 130.9115 175.56256
2839.941 151.46977 912.24146 91.89014 158.81538
3123.7297 148.9879 974.283 162.51996 175.56256
3060.4248 139.48946 931.0442 168.5404 161.11539
