12678.603 147.49121 1998.3345 233.72778 155.38664
13074.014 147.49121 2041.2639 352.47925 177.44951
13126.992 144.32755 2060.395 374.78174 148.98947
12678.6045 147.49121 1998.3345 233.72803 155.38664
13080.446 147.49121 2047.6951 370.8374 178.58943
13080.444 147.49121 2047.6952 370.83704 159.59308
12973.279 148.98947 2015.3286 381.6516 151.41685
13079.866 148.98947 2028.3657 410.0481 144.32755
12934.268 147.49121 2037.3145 347.5044 162.99625
13080.444 147.49121 2047.6951 370.83716 150.73563
12973.276 148.98947 2015.3286 381.6516 147.49121
12988.945 148.98947 2013.6135 389.96777 149.8714
13079.863 148.98947 2028.3657 410.04785 144.32755
12703.187 144.32755 2011.3716 240.33472 155.38664
12946.854 147.49121 2026.7357 348.2567 159.83609
12988.947 148.98947 2013.6133 389.96802 149.8714
12973.278 148.98947 2015.3286 381.65186 147.49121
13074.013 147.49121 2041.2639 352.47925 148.98947
12988.945 148.98947 2013.6134 389.9679 147.49121
12988.944 148.98947 2013.6135 389.96777 147.49121
12703.186 144.32755 2011.3717 240.33484 159.59308
13079.862 148.98947 2028.3658 410.04773 144.32755
12934.268 147.49121 2037.3145 347.50464 159.59308
13035.429 144.32755 2048.583 367.84302 159.83609
13074.012 147.49121 2041.264 352.47937 162.99625
13035.427 144.32755 2048.5833 367.84277 159.83609
13074.014 147.49121 2041.2638 352.47937 148.98947
12930.88 144.32755 2049.0212 365.12305 177.44951
