9080.834 82.88181 1443.0432 187.56665 103.81152
9034.377 82.88181 1441.7664 164.78906 108.3306
8992.312 59.42687 1422.3584 140.32776 104.06712
9059.294 82.88181 1434.3612 168.35095 108.3306
9032.33 82.88181 1462.9337 147.07227 100.28615
8937.825 76.00563 1441.8406 128.21973 102.20926
9080.836 82.88181 1443.0431 187.5669 101.89092
9034.637 82.88181 1444.4282 184.36255 103.30293
9045.716 76.00563 1455.9656 146.96716 100.28615
9045.425 88.20019 1429.4534 194.29211 102.20926
9071.399 76.00563 1455.4825 161.25916 100.28615
9055.097 92.39416 1439.1804 188.01721 105.07169
8996.052 59.5564 1433.909 135.82434 108.3306
9077.796 82.88181 1451.3584 185.41565 101.89092
9000.483 88.20019 1440.3303 184.6847 102.20926
9027.865 100.28615 1411.8976 258.29968 103.77537
8609.777 91.96045 1263.752 281.08057 91.83954
9017.331 100.28615 1431.9867 204.36633 101.89092
8516.016 89.51116 1246.1788 338.56726 89.90467
8974.141 101.66351 1447.7534 167.37305 91.96045
8884.065 102.20926 1374.6411 224.21838 92.7333
8639.674 92.39416 1264.1094 331.0653 91.83954
9017.33 100.28615 1431.9867 204.36633 91.96045
8538.479 74.87796 1202.6143 424.56104 91.29944
