22740 85.18904 2292.3125 557.2671 121.82803
22168 77.76026 2322.9612 424.4973 117.36342
21934 77.76026 2283.9438 461.26367 112.70827
21615 85.32874 2194.132 439.08813 116.17342
21966 85.18904 2223.8542 559.9553 114.01573
22397 84.15447 2295.544 435.1565 114.01573
22628 86.4666 2313.9873 464.9287 120.15351
21861 95.93692 2217.9014 520.3447 120.15351
21374 84.15447 2185.1306 363.7024 116.83733
22549 86.4666 2173.711 637.35693 115.64278
21906 66.36919 2268.9893 341.63843 116.83733
21783 77.76026 2185.2783 457.12842 107.75858
22301 66.36919 2291.2317 392.87915 120.15443
21822 64.39234 2235.3179 390.34424 116.83733
21686 84.15447 2208.8364 418.333 124.79618
21761 77.76026 2134.7903 582.58887 109.4825
22528 84.15447 2246.7236 601.5239 116.44072
21566 89.71558 2145.3794 434.1172 116.83733
21731 86.4666 2199.3918 453.9126 123.7159
21763 77.76026 2239.3516 346.47192 116.83733
22876 84.15447 2335.6582 531.92456 117.08429
21696 77.76026 2223.4502 401.53833 123.20833
21752 84.15447 2188.006 393.69873 116.83733
21282 89.71558 2164.22 345.573 128.98415
21722 66.36919 2262.4749 399.344 117.36342
21896 66.36919 2248.0159 383.4812 120.15351
22181 85.18904 2209.1729 561.9512 114.01573
21220 85.18904 2156.7034 359.0691 124.79618
22116 77.76026 2228.234 452.0276 114.01573
21084 66.36919 2218.701 368.7544 116.83733
22490 66.36919 2264.0425 468.89038 117.36342
23094 64.39234 2351.7297 439.95215 113.33363
21874 64.39234 2283.6265 345.01807 129.71631
22043 64.39234 2243.8306 414.6714 116.83733
22517 66.36919 2316.2231 469.93457 119.52338
22484 64.39234 2280.935 398.15747 120.15351
22207 82.21097 2138.812 696.75586 111.98499
21748 77.76026 2114.666 513.6609 109.17271
22258 77.76026 2264.686 417.45752 116.16175
21226 77.76026 2177.7014 393.10693 116.83733
22190 64.39234 2309.5315 403.57886 120.15443
22012 64.39234 2264.637 410.08008 120.15351
22192 66.36919 2228.739 444.6604 114.01573
21475 85.32874 2200.5928 401.3711 120.15351
21751 64.39234 2294.0146 384.18115 123.20833
22197 82.21097 2146.481 650.5315 109.4825
21602 77.76026 2234.3145 369.44824 117.36342
22568 95.93692 2254.8403 618.14355 120.15351
22389 86.4666 2307.5798 455.17822 116.16175
21692 86.4666 2207.3022 456.4214 130.68414
21439 66.36919 2251.918 387.12012 116.83733
22261 64.39234 2300.6162 397.57812 123.7159
21880 85.18904 2146.3384 607.11475 109.17271
22994 66.36919 2314.463 462.58594 120.15351
22157 84.15447 2200.3838 488.53345 114.12788
22527 66.36919 2271.7664 428.0122 123.7159
22344 84.15447 2264.2756 506.57446 113.55888
22065 82.21097 2145.203 711.5315 111.98499
21475 84.15447 2200.3447 359.29004 120.15351
20936 85.18904 2131.2043 391.9956 120.15351
22317 86.70952 2265.6758 523.75366 116.44072
22193 66.36919 2230.9346 540.3977 113.33363
22069 85.32874 2204.1863 518.07104 112.70827
22626 64.39234 2296.037 461.2788 116.83733
20935 84.15447 2125.2214 360.2837 120.15351
21907 85.18904 2273.3406 319.9126 125.97775
22560 66.36919 2210.1543 629.3364 116.44072
21580 89.71558 2213.5703 422.2439 118.56412
22039 64.39234 2204.4255 476.62988 107.75858
22510 66.36919 2283.294 494.8081 120.15351
22281 99.06354 2215.0442 599.426 116.44072
21715 85.32874 2156.2256 515.17114 113.55888
21800 66.36919 2254.1174 392.87866 116.83733
22778 64.39234 2332.029 494.3225 116.44072
22397 84.15447 2266.8958 502.2373 120.15351
21827 85.32874 2227.3865 420.83203 116.83733
22711 64.39234 2339.4326 418.98828 119.45464
21216 85.18904 2194.231 388.8584 129.66776
21996 64.39234 2288.8347 375.30786 120.15351
21949 85.18904 2102.8105 652.3899 109.4825
22174 64.39234 2183.0498 521.38574 109.4825
21911 84.15447 2264.5752 451.73608 120.15351
22128 91.75067 2183.0703 595.35913 124.79618
21930 77.76026 2250.9504 389.2317 125.97775
21181 82.21097 2042.2749 604.04736 111.98499
21408 82.21097 2026.687 612.323 107.75858
22607 64.39234 2287.7974 545.54785 116.16175
22273 66.36919 2271.0242 557.3679 114.01573
22424 85.32874 2196.1714 600.3103 120.15351
22626 84.15447 2320.7256 548.33545 119.52338
22256 86.70952 2175.2776 590.85596 119.52338
21769 77.76026 2226.1365 404.4319 116.83733
21390 85.92702 2141.8071 409.20337 116.83733
22417 64.39234 2178.6758 526.99097 113.33363
