5944 132.2813 1275.5159 128.01672 149.37466
6076 130.33058 1282.8044 115.93042 153.34673
5710 125.82527 1223.2928 108.13562 149.37466
5924 125.82527 1264.2955 114.417114 141.9025
6031 141.83275 1275.8875 125.71777 153.34673
5927 125.82527 1254.7892 128.59729 141.9025
6098 135.88547 1279.366 145.15857 133.351
6024 112.72224 1304.0691 78.317505 156.96184
6217 135.88547 1291.7983 129.89526 142.04129
5929 125.82527 1265.2534 113.76636 146.9181
5956 125.82527 1261.2751 139.54211 141.9025
6225 130.33058 1309.1111 119.206055 146.9181
6229 112.72224 1332.5216 110.14807 144.94225
6346 112.72224 1381.0807 79.27063 152.33475
6162 144.94225 1265.5856 177.24817 150.9859
6249 112.72224 1335.885 118.03052 154.50221
5929 125.82527 1265.2533 113.76648 146.9181
6074 130.33058 1278.3623 121.92212 153.34673
6289 112.72224 1340.2223 128.8866 144.94225
6185 112.72224 1328.292 87.858154 149.37466
6225 135.88547 1275.2416 159.54016 141.28569
6189 135.88547 1295.3995 140.43787 133.80318
6055 135.88547 1270.0939 138.85278 146.9181
6059 135.88547 1241.4319 171.14746 149.37466
6231 112.72224 1347.1323 100.60864 145.29668
6100 141.28569 1230.022 216.81726 144.94225
6290 133.80318 1328.1841 132.84106 144.94225
6321 132.2813 1359.5117 114.4137 156.20702
6208 112.72224 1328.4609 121.26123 149.37466
6192 112.72224 1325.0109 130.05042 149.37466
6207 133.80318 1290.1738 158.96997 141.28569
6034 130.33058 1269.8513 112.33008 153.34673
6278 133.80318 1317.4968 147.40015 144.94225
6251 133.80318 1289.8193 171.15918 148.47136
5927 132.2813 1268.0823 125.04309 149.37466
5976 112.72224 1277.8663 114.591064 148.75456
6069 112.72224 1308.2004 100.09216 159.04797
5965 125.82527 1282.2681 134.70874 142.04129
6090 112.72224 1305.3331 118.07141 146.9181
6079 130.33058 1277.4542 126.71399 146.9181
