2592 41.53283 589.1827 136.39514 57.36599
2592 41.53283 589.1826 136.39514 57.36599
2592 41.53283 589.1827 136.39508 71.82803
2649 57.36599 561.0327 164.11218 47.02102
2649 57.36599 561.03265 164.11218 47.02102
2570 41.53283 595.6595 94.24921 57.36599
2570 41.53283 595.6595 94.24927 70.50524
2570 41.53283 595.6595 94.24927 71.38356
2592 41.53283 589.1826 136.39514 62.26389
2592 41.53283 589.1826 136.3952 57.36599
2570 41.53283 595.6594 94.24927 57.36599
2570 41.53283 595.6595 94.24927 79.73273
2611 41.53283 590.2694 128.52002 77.63055
2570 41.53283 595.6595 94.24933 62.26389
2702 41.53283 615.96924 139.74628 57.36599
2702 41.53283 615.9692 139.74634 57.36599
2645 47.02102 574.8866 156.70392 57.36599
2611 41.53283 590.2694 128.52014 79.73273
2649 57.36599 561.0327 164.11212 62.26389
2649 57.36599 561.03265 164.11218 83.1929
2611 41.53283 590.2694 128.52008 80.90347
2570 41.53283 595.6595 94.24933 77.63055
2591 41.53283 596.5164 128.47504 71.38356
2702 41.53283 615.9691 139.74646 57.36599
2702 41.53283 615.9692 139.74634 70.50524
2591 41.53283 596.51636 128.4751 71.38356
2702 41.53283 615.9691 139.74646 62.26389
2645 47.02102 574.8866 156.70392 77.63055
2645 47.02102 574.88654 156.70398 57.36599
2653 47.02102 564.2588 169.01654 57.36599
2429 47.02102 515.1437 162.14368 80.53555
2672 41.53283 597.3947 141.65118 70.50524
2649 57.36599 561.03265 164.11224 47.02102
2429 47.02102 515.1437 162.14374 80.53555
2649 57.36599 561.03265 164.11224 83.1929
2570 41.53283 595.6594 94.24933 57.36599
2504 41.53283 555.0559 127.59198 75.90681
2592 41.53283 589.1827 136.39514 79.73273
2474 41.53283 540.00854 148.64124 86.3061
2649 41.53283 574.7206 196.58087 75.90681
2620 57.36599 549.8558 178.50311 80.90347
