160 160.12881 160.12881 0.0 137.22763
157 157.59961 157.59961 0.0 142.06659
180 180.78984 180.78984 0.0 142.6195
153 153.97997 153.97997 0.0 153.97997
171 171.31491 171.31491 0.0 155.97641
136 136.88657 136.88657 0.0 142.06659
146 146.07933 146.07933 0.0 143.68155
186 186.18103 186.18103 0.0 167.25179
146 146.07933 146.07933 0.0 146.07933
142 142.06659 142.06659 0.0 149.40279
131 131.47118 131.47118 0.0 155.97641
167 167.25179 167.25179 0.0 186.18103
160 160.12881 160.12881 0.0 160.12881
120 120.29652 120.29652 0.0 137.22763
157 157.34373 157.34373 0.0 157.34373
139 139.39418 139.39418 0.0 186.18103
101 101.19299 101.19299 0.0 170.37434
98 98.4018 98.4018 0.0 149.40279
