3302 88.91947 768.3917 160.9082 90.40565
3112 75.46857 690.8564 157.17133 98.06467
3443 90.40565 753.4547 259.45935 94.63779
3455 90.30898 756.5371 223.66779 88.91947
3302 88.91947 768.3917 160.9082 94.63779
3248 88.91947 710.98 165.95331 90.30898
3407 90.114 760.0345 199.52527 81.41991
3112 75.46857 690.8564 157.17139 90.68222
3490 88.91947 791.62823 168.82251 90.40565
3302 88.91947 768.3917 160.90826 90.40565
3443 90.40565 753.45465 259.4594 88.91947
3443 90.40565 753.4546 259.45947 88.91947
3407 90.114 760.0345 199.52527 94.63779
3112 75.46857 690.8564 157.17139 121.64797
3443 90.40565 753.45465 259.4594 106.28439
3302 88.91947 768.3917 160.90833 118.08411
3248 88.91947 710.9799 165.95337 90.30898
3302 88.91947 768.3916 160.90839 90.40565
3455 90.30898 756.5371 223.66785 88.91947
3407 90.114 760.0344 199.52527 81.41991
3490 88.91947 791.6282 168.82257 90.40565
3490 88.91947 791.6282 168.82257 98.06467
3211 81.41991 728.02716 185.62286 90.40565
3443 90.40565 753.4546 259.45947 90.40565
3112 75.46857 690.8564 157.17145 90.68222
3112 75.46857 690.8564 157.17145 98.06467
3407 90.114 760.0345 199.52533 81.41991
3302 88.91947 768.3916 160.90833 118.08411
3199 75.46857 704.44965 168.11719 90.30898
3455 90.30898 756.5371 223.66791 88.91947
3490 88.91947 791.6281 168.82263 90.68222
3112 75.46857 690.8563 157.17139 90.68222
3179 81.41991 714.4773 164.11975 90.30898
