7090 154.9508 1531.2542 100.78577 180.18295
7180 151.34694 1529.0748 138.26721 181.52548
6972 154.9508 1451.1694 183.57812 173.58748
7368 164.54955 1553.6873 227.24854 201.64563
7053 169.7106 1505.9314 153.46509 192.1622
6950 142.46544 1437.7084 206.80432 169.97684
7113 158.1165 1466.5682 205.91748 172.49841
6897 146.9509 1354.453 320.9286 169.7106
7335 156.74846 1535.4214 205.9607 190.81367
6731 141.29306 1402.5867 201.55566 170.41586
7061 167.63219 1481.7568 150.37329 180.78838
7120 160.21938 1505.1404 128.90002 185.95882
7101 160.51367 1520.2979 113.763916 185.58884
7129 167.26622 1518.2197 146.2179 179.29912
7469 156.74846 1570.0471 207.14307 181.52548
7173 169.92242 1533.1863 159.76318 177.49312
6870 166.23059 1469.0175 143.42566 192.734
6862 148.37038 1376.7386 257.9204 169.99121
7197 169.2478 1497.9775 196.26416 181.69229
7332 169.97684 1526.9264 210.10706 180.78838
7089 156.74846 1521.074 139.71436 181.17328
7108 156.74846 1536.3997 125.95569 185.95882
7016 149.3785 1432.1909 255.96216 170.41586
7371 166.85081 1527.4922 203.41956 173.58748
6907 164.45074 1492.6682 103.60913 178.64627
6996 135.01958 1426.5255 325.0597 170.16061
7124 156.74846 1520.8693 132.07214 174.63663
6875 154.9508 1470.128 99.44226 191.39006
7238 157.265 1537.2269 161.38672 182.97496
6485 135.01958 1295.4846 197.19165 169.97684
7295 166.85081 1513.6443 219.62292 180.09651
7216 151.34694 1571.2048 114.39429 185.04375
7242 154.015 1539.6266 194.32434 171.63148
7275 164.20447 1536.0728 131.86084 185.95882
7399 156.21754 1583.6376 160.146 178.64627
6614 137.71425 1372.3818 139.60461 171.08647
6748 134.5507 1390.5505 219.9408 169.7106
7121 156.74846 1521.3513 136.1753 181.57977
7291 165.60847 1530.7057 231.02075 181.57977
6997 156.74846 1476.4418 170.52673 176.8985
6489 140.39668 1344.8293 175.75146 169.99121
7560 156.74846 1525.6499 327.2417 184.06458
6974 132.8682 1493.0121 138.3136 174.63663
6952 147.8012 1459.5369 188.17358 174.63663
6952 164.54955 1507.8374 124.304565 198.86555
7116 155.74196 1498.0415 198.09326 171.51328
7270 169.62741 1521.1143 199.30798 174.7367
7371 156.21754 1534.2637 167.4696 179.29912
6930 157.265 1484.2297 111.20642 171.56995
7337 164.20447 1539.2 150.22388 191.6762
7003 154.9508 1497.0018 117.508545 181.69229
6900 158.24025 1478.3976 124.867676 176.8985
7070 169.97684 1529.7507 161.76355 194.22626
6844 146.9509 1401.335 198.34741 169.97078
7234 156.74846 1504.3022 180.16748 180.78838
7184 166.85143 1486.3287 184.02454 181.69229
7375 158.24025 1488.8953 281.21667 190.53282
7079 160.51367 1497.7986 295.80603 172.90979
7266 154.9508 1569.2573 130.42944 182.50279
6833 160.21938 1438.8687 187.00232 174.7367
