5293 111.96383 1091.6746 197.45642 133.96819
5465 91.63654 1111.9058 171.31738 119.26879
5078 80.85741 1054.5579 197.59473 109.54816
5478 91.63654 1124.3936 187.58582 124.53185
5088 91.63654 1071.1927 123.32507 143.50246
5001 80.85741 1016.6949 208.19598 107.93427
5206 111.96383 1057.8553 216.21729 116.05396
5020 100.53255 1056.6483 159.08105 111.96383
5318 111.96383 1079.7686 228.97668 116.05396
5179 91.63654 1088.06 148.30066 118.80964
5411 103.09811 1107.1058 223.0863 111.96383
4740 80.85741 998.9026 156.93921 109.54816
5473 91.63654 1129.4062 188.9419 111.96383
5088 91.63654 1081.6625 136.29626 118.80964
5329 111.96383 1090.1652 213.12488 118.80964
5287 111.96383 1082.1699 220.70801 133.96819
5331 90.16449 1063.5156 253.33655 107.93427
4958 106.32033 991.01245 293.14453 111.96383
5120 91.63654 1070.7604 152.76355 116.05396
4520 95.39267 951.66785 107.06372 127.33356
5380 104.87262 1110.2124 175.88342 116.87615
5416 91.63654 1106.1249 209.03625 138.72383
4782 95.39267 1008.5185 156.83844 111.96383
5443 100.53255 1079.3105 231.06824 119.26879
5375 104.87262 1129.1824 161.7019 111.96383
5307 91.63654 1107.1089 146.86853 128.58206
5175 95.39267 1073.7737 221.61035 106.32033
5034 103.09811 1036.5292 247.8855 109.54816
5068 95.39267 1055.0122 247.61548 111.96383
5184 91.63654 1084.1974 152.99792 126.6012
4669 100.53255 990.43274 119.922 127.33356
5010 80.85741 1027.263 174.07898 109.54816
4965 91.63654 1040.8129 148.66602 122.51017
4698 80.85741 976.54926 134.02203 111.96383
4975 103.09811 1026.1327 229.45227 109.54816
5452 111.96383 1098.0468 226.39148 133.96819
5093 111.96383 1049.9321 205.95361 133.96819
5198 95.39267 1052.5497 262.11877 111.96383
5214 111.96383 1060.4788 193.91663 137.1338
4659 80.85741 961.9794 148.63867 111.96383
5333 91.63654 1082.2358 198.33032 111.96383
4874 80.85741 1001.86 174.36731 107.93427
5120 95.39267 1051.8928 252.9563 109.54816
5100 95.39267 1048.6084 282.84888 111.96383
5036 80.85741 1044.7915 210.20398 109.54816
5208 91.63654 1083.2043 158.99756 128.58206
5333 104.87262 1092.6764 183.6676 116.05396
4917 91.63654 1015.48755 152.93066 130.63876
4954 80.85741 1031.2374 212.39185 109.54816
4889 80.85741 1017.03644 162.05133 111.96383
5128 100.53255 1064.285 153.66785 128.58206
5354 90.16449 1061.6294 251.78564 111.96383
4853 100.86976 1008.2709 222.2207 106.32033
5227 91.63654 1073.798 158.07263 126.6012
5201 80.85741 1021.19635 280.22614 106.32033
