17993 8.18278 1286.5188 476.41943 25.98083
18364 8.18278 1327.3746 500.69946 32.29641
18414 5.92535 1336.4989 477.3402 24.13673
18255 5.92535 1336.1233 464.80566 27.48574
17948 7.97514 1278.0236 513.3108 21.16435
17950 8.18278 1276.0309 455.26404 25.98083
18257 10.40308 1306.2128 535.9027 24.13673
18114 8.18278 1283.3296 542.6056 18.3622
17608 5.92535 1248.0887 449.46045 27.48574
17681 10.40308 1272.8352 507.03284 22.04971
18155 5.92535 1269.0594 509.97302 24.04304
18303 8.18278 1306.3325 509.28052 24.13673
18189 8.18278 1281.1818 485.844 30.13155
17953 8.18278 1275.1091 513.8983 23.9244
17912 7.97514 1260.9084 514.2522 18.3622
17525 10.40308 1268.057 440.32068 36.50261
18542 8.18278 1325.6069 487.43018 25.76481
17886 10.40308 1277.8197 585.3992 25.05562
18599 8.18278 1298.4058 532.3573 33.02267
17736 10.40308 1264.6335 479.44873 25.98083
18336 8.18278 1292.8599 514.19214 24.04304
18285 5.92535 1321.5972 455.05664 24.36733
18298 7.97514 1329.8868 491.08533 25.58195
18290 8.18278 1289.6377 529.07263 24.13673
18487 5.92535 1315.7637 529.3075 25.05562
18615 7.97514 1307.8639 498.2113 25.76481
17905 8.18278 1282.3193 467.1112 25.98083
18385 5.92535 1306.4343 544.7655 24.13673
17858 12.32206 1286.9923 510.94824 14.04359
18180 5.92535 1311.0535 526.85156 25.05562
18397 7.97514 1277.9651 592.54236 24.13673
18002 13.56399 1263.4656 553.12036 17.25945
18286 8.18278 1285.8857 543.36597 18.3622
18285 5.92535 1267.5012 495.07898 24.13673
18519 8.18278 1282.9484 527.90076 29.93805
18571 8.18278 1287.6764 529.4243 39.33299
18039 8.18278 1275.6494 460.8296 25.98083
17901 8.18278 1232.9003 537.01746 22.04971
18330 8.18278 1303.7992 511.5515 27.48574
17739 5.92535 1267.3707 465.25122 25.98083
18511 5.92535 1306.2432 510.26306 22.04971
17875 8.18278 1269.1062 443.34387 34.00779
18564 7.97514 1328.6658 474.8689 25.76481
17899 8.18278 1287.8922 516.6687 29.50219
17859 5.92535 1278.9319 513.2145 18.3622
18059 5.92535 1262.2067 537.3236 21.9713
17817 10.40308 1289.5542 537.9912 29.29862
18567 5.92535 1302.4524 490.3402 25.05562
18433 7.97514 1336.386 481.1073 27.48574
18364 8.18278 1279.7998 503.83435 24.13673
18356 5.92535 1284.7941 550.94055 25.05562
18103 5.92535 1315.0424 473.78467 32.52242
17847 10.40308 1289.4711 547.7811 26.85228
18152 10.40308 1311.5154 533.3419 29.50219
17355 7.97514 1255.2899 485.6947 25.98083
