432 130.78949 278.9148 24.022034 121.16829
378 124.2589 248.97772 5.830536 148.12529
432 129.70244 264.748 38.33661 121.16829
401 130.33197 261.05664 11.435059 107.40661
468 121.16829 285.20654 61.979187 129.46819
430 137.9827 279.51428 14.779175 129.70244
423 129.46819 260.19284 34.570038 121.16829
390 127.18752 257.27698 6.5735474 131.58449
383 124.2589 253.72708 6.530609 124.2589
450 135.04556 292.11108 23.414917 129.70244
381 121.27625 251.60822 9.513245 107.40661
467 130.72466 285.5362 52.42285 121.16829
410 130.33197 268.31467 13.354462 105.71701
399 129.46819 263.22925 8.514526 141.53159
390 127.18752 257.27698 6.5735474 150.56512
422 124.71881 272.84412 25.846313 121.16829
330 95.41462 198.69632 36.93599 105.71701
468 137.9827 292.79425 39.269287 129.70244
401 130.33197 261.05664 11.435059 119.89798
443 133.76108 286.52295 24.699402 129.46819
468 137.9827 292.79425 39.269287 141.53159
430 137.9827 279.51428 14.779175 141.53159
410 129.70244 261.28693 20.86267 127.18752
399 129.46819 263.22925 8.514526 152.76187
