1694 96.17434 529.57513 90.33966 84.80737
1785 62.82415 564.7804 64.1651 84.80737
1805 62.82415 575.761 55.546997 99.68118
1715 89.89072 533.6956 75.263306 73.34016
1833 68.37469 557.70636 105.9245 84.80737
1791 81.58736 516.5161 109.63757 96.17434
1785 62.82415 564.7804 64.16516 84.80737
1810 62.82415 568.7651 66.01984 84.80737
1810 62.82415 568.7651 66.01984 110.34846
1810 62.82415 564.4509 64.73065 99.68118
1694 96.17434 529.5751 90.33972 81.58736
1774 84.80737 528.6123 120.9259 99.68118
1774 84.80737 528.61224 120.925964 81.58736
1805 62.82415 575.76105 55.546936 99.82416
1774 84.80737 528.61224 120.925964 84.80737
1750 89.89072 514.8155 114.97931 73.34016
1843 62.82415 568.4356 74.761536 84.80737
1810 62.82415 568.765 66.01996 84.80737
1791 68.37469 545.23444 138.56085 84.80737
1810 62.82415 568.7651 66.0199 99.68118
1635 94.09142 522.73914 44.363037 81.58736
1773 81.58736 531.2632 91.76593 84.80737
1810 66.76501 534.744 165.89056 84.80737
1772 62.82415 565.42017 65.65173 99.68118
1773 81.58736 531.2632 91.76593 100.46844
1772 62.82415 565.42017 65.65173 99.82416
1791 81.58736 516.5161 109.63757 100.46844
1666 97.37942 533.08 65.99896 81.58736
1810 62.82415 564.4509 64.73071 84.80737
1843 62.82415 568.4356 74.7616 84.80737
1782 62.82415 569.84735 43.648987 102.06454
1791 81.58736 516.51605 109.637634 84.80737
1755 81.58736 534.08777 109.105835 100.46844
1784 84.80737 509.73215 131.90323 81.58736
1784 84.80737 509.73215 131.90323 99.68118
1773 81.58736 531.2631 91.76599 84.80737
1782 62.82415 569.8473 43.649048 102.06454
1784 84.80737 509.73215 131.90329 81.58736
1773 81.58736 531.2632 91.76593 112.29608
1715 89.89072 533.6956 75.26337 73.34016
1750 89.89072 514.8155 114.97931 94.09142
1537 66.76501 489.80188 39.937378 99.68118
1833 68.37469 557.70636 105.92444 94.09142
1785 68.37469 549.3198 70.26965 89.89072
1738 62.82415 563.03674 44.92389 102.06454
1635 94.09142 522.73914 44.3631 81.58736
1719 68.37469 550.1443 53.836426 94.09142
