9559 99.34773 1451.7725 264.9048 115.21211
9951 109.80492 1541.8997 299.81616 114.31124
9583 97.6638 1473.9713 247.64832 130.79944
9298 97.6638 1436.1995 264.6233 119.24737
9801 97.6638 1497.3273 274.09827 122.50781
10210 109.80492 1574.4047 330.8036 115.21211
10227 109.80492 1585.5043 359.63208 114.31124
9816 109.80492 1511.9167 271.48352 137.1764
9583 97.6638 1473.9713 247.64832 131.02661
9801 97.6638 1497.3271 274.09827 115.21211
9772 97.6638 1494.4756 275.84668 115.21211
9951 109.80492 1541.8995 299.81628 130.79944
9713 97.6638 1479.6318 295.17725 115.21211
10201 109.80492 1567.5089 350.38403 113.99528
9752 99.34773 1489.8755 287.20422 121.38859
10191 109.80492 1577.5452 349.22437 126.27656
9826 109.80492 1521.0605 282.58472 137.1764
10210 109.80492 1574.4048 330.8037 114.31124
10201 109.80492 1567.5089 350.3839 122.30351
9621 97.6638 1462.8624 294.84766 121.38859
9801 97.6638 1497.3273 274.09814 126.27656
10177 113.99528 1579.0956 318.739 109.80492
9690 97.6638 1461.7786 297.7096 115.21211
9816 109.80492 1511.9165 271.48364 137.1764
10273 109.80492 1591.0718 376.0288 121.39697
10103 113.99528 1532.6697 350.67505 130.79944
9298 97.6638 1436.1992 264.62354 137.1764
10131 113.99528 1560.1735 370.44617 124.14783
9752 99.34773 1489.8756 287.20398 124.14783
9826 109.80492 1521.0603 282.58484 137.1764
10273 109.80492 1591.0718 376.02905 121.39697
9536 102.84141 1455.266 275.36475 137.1764
9721 102.84141 1477.1344 286.40002 137.1764
10214 109.80492 1577.8689 390.333 114.31124
9760 102.84141 1495.5105 295.65173 137.1764
9559 99.34773 1451.7722 264.90515 115.21211
9601 99.34773 1492.85 266.50427 118.41447
