2253 102.7481 726.4358 44.86316 145.03464
2217 111.88068 677.8757 112.51111 121.54884
2344 117.96944 745.1401 64.24927 128.57426
2332 128.57426 731.96594 75.92047 128.57426
2350 128.57426 750.07574 81.189514 138.62683
2172 102.7481 675.7811 107.36682 123.80179
2413 128.57426 758.775 100.96881 151.48628
2295 124.63211 737.19617 58.547485 128.57426
2358 117.96944 712.2726 117.7146 127.47015
2413 128.57426 758.77496 100.96887 128.57426
2326 114.99357 716.32117 153.42035 128.57426
2146 110.82157 672.50714 88.22809 124.63211
2290 117.96944 738.1746 57.790955 153.74924
2323 120.6345 736.72687 82.11371 128.57426
2336 111.13519 689.0574 133.4895 127.46536
2400 107.96905 745.5454 87.3988 149.21243
2324 102.7481 756.8253 54.905884 135.35747
2263 129.04532 711.87427 79.23212 127.46536
2087 114.97995 673.16235 54.115967 124.63211
2134 111.88068 692.33276 51.409485 124.63211
2296 117.96944 728.7875 57.85797 129.3924
2142 123.80179 707.569 20.310913 135.35747
2298 129.04532 716.3257 98.20538 127.47015
2175 102.7481 669.2318 91.754456 124.63211
2313 117.96944 734.1776 79.780396 127.47015
2369 135.35747 769.8474 60.585327 141.30641
2120 115.48886 674.0929 76.99927 122.70176
2172 123.80179 708.52905 31.508545 128.57426
2252 129.3924 735.69794 41.78528 127.47015
2330 102.7481 749.66473 53.15497 137.00731
2248 111.13519 686.03815 126.19336 127.46536
