1075 148.87637 501.1437 55.009064 168.70248
1204 190.47429 580.1398 40.4729 176.22375
1204 190.47429 580.1397 40.47296 190.47429
1127 173.87723 535.7194 55.175842 168.00873
1166 181.86424 575.6689 25.257751 179.97792
1075 148.87637 501.14374 55.009094 168.70248
1195 190.47429 586.2782 26.51355 179.97792
1151 181.68155 568.39294 25.251709 171.42473
1121 179.97792 558.5563 5.5721436 181.86424
1143 169.82553 566.65704 13.386536 183.15608
1159 171.42473 561.51404 51.310547 176.22375
1151 181.68155 568.39294 25.251709 179.97792
1143 169.82553 566.65704 13.386536 190.47429
1166 181.86424 575.6689 25.257751 182.91331
1157 169.82553 569.22705 23.120544 181.68155
1121 179.97792 558.5563 5.5721436 183.05003
1196 182.91331 580.4972 49.826538 179.97792
1122 181.86424 556.86743 12.760864 179.97792
1080 168.00873 522.5576 50.8385 169.82553
1179 173.60133 570.6627 56.265076 170.51022
1144 154.02432 519.6051 77.83722 169.82553
1141 181.68155 565.70844 12.987305 179.97792
1161 169.82553 570.63904 27.128418 176.60071
1127 173.87723 535.71936 55.175903 168.00873
1044 148.87637 490.76233 52.519287 169.82553
1188 176.22375 588.68396 16.874146 183.05003
1121 179.97792 558.5563 5.5721436 190.47429
1151 168.53947 572.2421 11.634766 190.49103
1150 176.60071 561.8376 42.53125 170.51022
1122 181.86424 556.86743 12.760864 182.91331
1148 169.82553 565.33826 18.53888 181.68155
