247 71.28786 154.14023 23.075912 54.40216
207 60.19711 134.07712 14.678741 54.07372
249 77.83416 156.02498 16.529617 57.73366
246 70.02856 150.88913 26.57611 54.07372
188 60.19711 124.438934 4.213562 54.07372
223 73.67715 147.51846 4.157013 57.73366
192 59.84514 122.64925 11.4427185 53.60886
249 77.83416 156.02498 16.529617 77.83416
247 73.83241 152.02322 22.772247 57.73366
206 63.13494 133.1635 10.745071 54.07372
223 73.67715 147.51846 4.157013 73.67715
195 64.24183 129.24384 2.4145508 55.59727
247 65.00201 143.19283 39.169724 55.59727
244 60.19711 141.0577 43.97461 54.07372
212 68.17004 139.45789 5.671295 54.40216
253 55.59727 149.96104 48.574448 65.00201
223 73.67715 147.51846 4.157013 73.84132
