5461 85.78374 1129.7963 180.4502 133.67322
5102 94.45334 1084.2058 79.15405 143.44133
5371 94.80451 1125.6227 129.05359 132.1874
4977 102.04848 996.95886 207.78003 120.1499
5285 96.68059 1098.5453 148.85327 126.07224
5062 114.0714 1066.9169 144.422 126.18161
5292 90.26119 1123.1031 112.75879 151.47035
5598 105.7428 1164.7618 174.67627 138.80331
5180 90.26119 1114.6409 97.88281 135.99432
5220 89.7496 1034.0911 226.49524 122.96145
5271 94.80451 1089.6986 170.61047 123.91597
5484 119.92272 1139.7722 240.22253 128.3817
5162 94.80451 1074.9315 130.45142 126.18161
5246 106.44356 1111.686 87.881226 146.5351
5288 98.96623 1045.8003 232.00903 123.6767
5622 94.45334 1169.4927 165.41614 146.88098
5283 109.24145 1113.4774 117.95349 146.5351
5142 99.9899 1076.1406 174.0332 122.96145
5149 100.89462 1042.4698 190.12854 124.23028
5242 94.45334 1109.192 103.02466 124.23028
4989 100.8087 1057.425 113.89148 138.2611
5301 111.35804 1093.3411 196.31995 124.78704
5297 100.00348 1108.3988 157.67505 127.93393
5602 113.26542 1170.0094 159.74011 149.73207
5162 100.86866 1125.8579 67.717285 146.84984
5134 106.44356 1086.487 132.62427 134.54008
5028 98.96623 1040.6206 136.34839 132.1874
5388 94.45334 1077.6635 217.70386 123.80009
5599 96.68059 1154.2539 187.89392 134.03851
5468 100.86866 1128.9441 149.75159 129.42882
5456 106.7085 1144.0641 158.39624 126.56216
5436 90.26119 1147.5665 182.18445 129.42882
5344 114.72216 1130.6211 136.41089 129.02419
5464 114.72216 1160.4779 135.56116 136.33614
5142 94.45334 1085.6665 122.08362 136.33614
5037 102.04848 1037.0667 218.32153 119.92272
5265 114.0714 1004.55865 300.51642 126.56216
5180 90.26119 1075.5969 154.62756 123.80009
5596 110.35619 1154.8909 220.54395 126.56216
5217 100.8087 1102.6158 126.17627 143.44133
4971 102.04848 1038.228 177.89099 126.18161
5593 106.7085 1168.3673 164.11621 139.31981
5629 100.86866 1155.0793 205.53589 126.27157
5298 96.68059 1104.1274 187.86914 123.80009
5172 94.80451 1082.7306 118.02478 143.44133
5098 96.68059 1011.51807 282.687 122.96145
5283 109.9584 1095.7332 178.48364 127.04068
5328 84.03683 1081.645 163.79956 123.80009
5599 110.0831 1130.8534 258.85913 130.12337
5248 94.45334 1115.9983 108.813354 143.44133
4775 89.7496 993.42773 161.88623 121.53973
5436 94.45334 1119.409 188.96558 124.23028
5184 96.68059 1074.8077 131.80603 129.952
5391 103.16634 1133.7567 128.5752 135.1508
5342 105.7428 1132.9176 135.25354 143.52797
5257 94.45334 1106.5105 122.183105 130.04404
5316 85.78374 1101.6477 197.52966 124.16536
5072 94.45334 1089.7537 84.038086 143.52797
5471 89.7496 1167.9686 189.04639 128.70813
5528 90.26119 1167.0792 185.72363 132.15077
5153 104.16907 1076.8164 195.95789 126.18161
5378 96.68059 1049.974 261.44397 124.16536
5357 96.68059 1103.2898 223.64783 123.91597
5584 121.82251 1137.3739 176.12256 134.95636
5343 121.82251 1105.935 166.88977 151.47035
5071 96.90192 1044.9231 156.03687 124.78704
4933 98.96623 1017.4925 152.37665 122.93113
5295 113.23957 1092.2416 180.38953 128.41849
4958 107.85218 971.713 253.09692 124.23028
5625 100.8087 1159.5996 238.92798 135.92403
5174 114.0714 1035.1578 238.01184 128.3817
5410 108.78845 1095.6055 181.11658 126.56216
5065 109.24145 1062.3044 137.26038 127.04068
