1094.7814 91.03468 419.0399 29.230255 102.8194
1336.9601 99.13725 522.3906 22.52472 117.62522
1342.7957 70.89317 524.098 21.73169 106.6561
1188.8059 102.93091 449.1872 40.924408 100.76008
1184.433 91.7618 415.64603 121.491486 91.36565
939.74786 73.65009 366.17902 26.368866 103.46128
1243.0355 96.1054 482.05957 46.191772 100.22431
1157.101 96.52511 426.2258 84.24176 86.77349
1047.5249 77.49811 401.747 42.829895 96.44807
1150.2838 94.01542 446.73584 21.776611 114.07539
1333.4037 96.35551 510.80673 39.799103 101.4792
1282.9324 103.89035 478.9095 60.920837 100.2166
1266.4753 72.52646 487.3687 60.733337 94.68919
1293.0345 94.01542 499.71423 55.75305 100.88898
1246.7875 96.35551 443.9394 83.04547 94.33003
1221.9977 103.91702 442.22354 81.02182 94.33003
1123.423 63.15535 417.97784 63.72946 93.7702
1356.264 84.76566 514.9697 48.533325 105.8597
1363.703 94.68919 520.4366 54.768127 104.04767
1203.3824 94.08121 451.39792 56.54599 96.17482
1212.8247 98.82887 425.56744 95.37756 94.08121
1262.3907 96.17577 475.16614 59.847046 100.22431
1264.2106 104.02303 467.9376 65.466034 94.45287
1267.5883 101.88488 445.997 90.32715 95.59421
1303.1484 107.15253 493.47034 45.83197 105.8597
1281.8779 91.03468 479.23944 65.35321 96.1054
1230.06 100.88898 464.1871 46.468964 103.89035
1310.8479 104.86311 488.251 70.62509 96.44807
1341.6058 87.29479 523.871 34.74585 105.8597
971.3261 81.83501 348.54993 59.55249 94.84287
