748016.2 0.09 27745.281 7000.1055 96.62
749850.44 0.16 27339.377 7021.51 95.71
667176.2 65.01 23325.379 8776.906 65.16
694685.3 76.59 24152.47 7850.711 110.43
676234.2 62.53 22452.33 9173.199 59.77
725652.25 2.07 26573.557 5486.217 131.28
752097.94 3.37 26816.281 6618.9883 115.87
744878.06 2.51 25231.902 9034.801 92.89
752602.3 1.49 27406.947 6143.459 102.99
747862.9 1.15 26056.576 8540.646 82.3
672431.5 67.35 22140.24 8537.439 69.24
696683.7 73.05 23706.918 8029.7227 70.1
738835.5 0.76 26140.94 6676.717 101.56
717078.2 0.76 25682.104 6439.7676 82.14
716935.8 0.76 25564.412 6425.367 82.14
747189.6 0.09 27289.648 6785.008 96.62
739730.2 1.9 26715.314 6779.0293 107.36
740447.4 1.9 26379.373 7783.158 107.36
740377.56 7.36 26437.004 7038.2734 107.36
736479.06 7.36 25730.44 7585.6504 91.92
734910.75 7.36 25864.332 7494.078 91.92
732616.75 7.36 26451.244 6946.455 132.69
728792.94 7.36 25678.662 7355.8887 91.92
728787.56 7.36 25597.43 7316.8086 91.92
723125.0 8.93 24971.463 7680.9883 91.92
716384.44 8.93 25220.795 6882.965 91.92
714332.9 8.93 25214.217 6865.0254 147.04
711293.06 8.93 25182.365 6699.5156 147.04
706066.44 8.93 24822.967 6639.1836 147.04
703727.25 5.84 24461.07 6192.83 134.97
698048.5 5.84 24804.6 6207.383 134.97
697902.3 5.84 24856.533 5753.3203 134.97
696319.56 5.84 25105.713 5666.412 134.97
692500.94 5.84 24993.031 5941.1816 130.53
688434.4 5.84 24309.33 6561.3613 123.45
682709.7 8.93 24322.45 6304.4824 112.38
681947.06 8.93 24529.127 6033.3633 112.38
681455.3 8.93 24799.506 5173.213 112.38
681129.7 6.31 24529.145 5019.1934 112.38
682357.25 6.31 24615.76 5206.3984 112.38
683742.06 6.31 24303.568 6015.076 98.54
744689.44 1.94 26922.014 7588.4434 108.49
740961.25 5.21 24980.084 9657.502 122.02
668269.7 51.63 23989.182 7253.502 120.21
668846.8 51.63 23468.018 7322.635 120.21
667910.75 41.24 23220.342 6948.621 120.21
655931.56 11.34 23771.459 6205.0664 96.72
649791.6 11.34 23500.44 5292.463 131.03
647294.6 11.34 23523.488 5256.451 96.72
647586.75 11.34 23483.213 5086.498 98.43
645337.2 11.34 23538.318 5282.1895 98.43
647964.25 4.96 23330.059 5736.0586 98.43
650563.44 4.96 23602.732 6190.6875 98.43
651459.7 4.96 23561.924 5350.7793 100.96
650515.56 4.96 23038.812 5394.24 98.43
651808.75 4.96 22954.47 5834.211 98.43
657331.6 4.87 23269.979 6107.5664 98.15
656728.0 4.87 23119.318 6354.008 87.73
655353.75 4.87 23170.809 6261.6367 87.73
653789.56 4.87 23001.818 6015.258 87.73
651112.9 4.87 22956.312 6060.619 86.9
645582.2 4.87 23102.426 5683.0547 86.9
642450.5 4.87 23089.596 5402.2344 86.9
642654.2 4.87 23198.611 5655.3164 86.9
643435.8 4.87 23187.965 6377.541 86.9
642584.56 4.87 23435.447 6028.91 86.9
641634.94 4.96 23455.97 5125.119 86.9
642766.2 4.96 23313.229 5763.873 86.9
639815.06 4.96 23491.03 5032.6016 86.9
640528.06 4.96 23686.205 4685.924 94.72
643172.4 4.56 23569.338 5486.881 94.72
643499.5 4.56 23425.771 5970.498 96.55
663760.25 60.3 22268.826 7514.662 77.07
663415.5 60.3 22523.639 7075.0195 77.21
663424.9 60.3 22793.018 6740.459 83.64
665562.25 60.3 23416.797 6179.34 91.89
665370.4 62.67 23961.238 5551.5293 102.34
695324.4 72.03 24791.645 7933.6562 96.24
695767.25 68.0 24851.652 7732.957 89.34
692837.0 68.0 24706.059 7667.162 143.66
690747.8 68.0 24294.0 7526.4316 143.66
689347.56 58.11 24151.807 7254.213 143.66
691588.4 58.11 24215.223 7349.086 143.66
686585.4 58.11 24196.244 7292.5625 152.5
682747.9 41.86 23700.012 7006.5664 143.57
680264.06 37.79 23791.58 6522.5 143.57
682505.8 37.79 23972.822 7265.1973 124.33
678479.3 37.79 23752.152 7205.547 124.33
678012.3 37.79 23981.271 6049.5527 124.33
678469.8 37.79 24027.578 6278.881 124.33
680945.1 35.75 24543.021 5483.367 124.33
679522.25 34.11 24739.34 5517.662 124.33
680710.3 34.11 24548.986 5901.377 117.24
684260.8 1.64 25363.393 5372.5664 117.24
689348.1 11.7 25011.924 5643.3066 141.62
688250.3 11.7 25029.752 5896.459 117.24
685198.3 0.76 24886.67 5492.3496 117.24
676856.25 0.76 24776.404 5078.465 100.0
674225.75 0.76 24818.846 4851.5566 100.0
671785.6 0.76 24905.348 4969.408 100.0
672678.4 0.76 24669.906 4686.4453 100.0
671336.5 0.76 24472.285 6031.3906 86.45
670687.8 0.76 24417.545 5742.584 86.45
678583.1 54.78 22427.012 9235.9375 65.23
727310.4 2.07 26512.918 5693.1055 96.42
726702.06 2.07 26058.361 5782.621 91.2
723940.5 2.07 26207.979 5595.7246 92.45
719698.3 4.7 25456.854 6429.834 92.45
716769.44 4.7 25428.953 6270.158 98.81
712244.7 4.7 25609.87 6422.3594 109.7
747896.8 3.37 26465.043 6614.336 193.51
740205.6 3.37 23628.61 9293.922 96.09
741436.44 3.37 23061.285 9717.738 96.09
737759.06 3.37 23157.055 9290.742 96.09
741096.3 2.51 24924.123 9370.834 89.35
737925.06 2.51 23627.229 10646.166 84.59
732416.44 2.51 23717.896 10283.213 84.59
728515.6 2.51 24029.998 9538.229 78.57
730042.3 2.51 23722.707 9645.594 74.51
726288.1 2.51 23131.637 10683.156 70.08
717879.5 2.51 23186.26 10393.49 70.7
713518.56 2.51 23144.418 10236.336 74.07
712044.8 2.51 23405.082 9406.328 67.71
707327.4 2.51 23416.91 9130.58 67.71
749879.8 1.49 26764.15 6602.6973 102.89
745055.94 1.49 25488.596 8103.463 84.92
740721.1 4.46 24385.688 9360.359 86.73
740865.0 4.46 23673.797 9882.75 86.73
739175.3 4.46 23377.346 9617.107 84.92
730941.8 4.46 23242.777 9338.676 84.92
728591.25 2.85 23941.188 8766.297 84.92
724460.0 2.85 24302.12 8100.914 84.92
726228.7 2.85 24604.89 7784.164 85.54
725699.44 2.85 24650.86 8216.441 89.72
722453.0 2.85 24680.111 8120.2324 89.72
719933.0 2.85 24815.582 7798.2305 89.72
719564.8 2.85 24504.28 7712.4434 89.72
716899.3 2.85 24253.61 7704.631 89.72
714481.6 2.85 23949.963 8290.717 74.41
713274.0 4.46 23643.607 8694.141 75.68
709555.2 4.46 24444.178 7617.992 75.68
707551.25 4.46 24484.6 7641.3496 75.68
705329.7 10.65 24214.174 7806.455 88.63
700724.4 10.65 24434.068 7491.467 88.63
699351.9 10.65 24219.082 8508.281 75.68
744695.25 1.15 26159.635 8149.424 93.65
743902.6 1.15 26718.041 6904.4434 97.45
741086.6 1.15 26262.62 6779.252 93.65
736246.94 1.15 25526.44 7413.498 82.98
733600.06 1.15 25743.25 6834.283 82.98
732491.75 1.4 25927.082 6285.115 96.06
729014.56 1.94 25738.76 6248.801 96.62
722836.4 1.94 24989.205 6784.0938 80.08
718802.8 2.56 24982.883 6854.832 80.08
717789.44 2.56 24709.24 6787.8477 80.08
695610.7 68.48 23636.348 7815.8477 76.21
696299.8 68.04 23706.338 7524.416 76.49
696666.94 25.06 23311.625 7759.756 85.49
697230.6 25.06 23462.367 7755.8945 95.43
696406.6 25.06 23400.027 7467.5645 95.43
693560.8 25.06 23731.951 7326.58 98.53
691181.44 25.06 23806.55 7387.338 141.23
688791.2 25.06 23756.033 7119.6055 141.23
683658.6 25.06 23132.26 7100.8516 141.23
650809.56 28.36 22596.633 7193.168 82.26
650665.4 28.36 22698.627 6674.203 84.02
653930.4 25.96 22921.01 5994.34 84.02
653995.94 23.02 23019.1 6138.9785 84.02
656702.75 23.02 22907.43 6214.871 84.02
652838.0 23.02 23028.648 6083.174 93.59
653407.75 23.02 22840.75 5911.701 95.39
651493.06 23.02 23147.74 6144.1934 95.39
651410.5 23.02 23180.533 6137.9297 95.39
649870.6 8.57 23214.434 6169.42 95.39
