7465.097 0.0 272.37997 73.03998 1.16
7404.971 0.04 268.28998 64.76999 1.02
7547.999 0.03 270.90997 67.880066 1.34
7521.4893 0.0 264.46002 80.109955 0.95
7415.352 0.0 270.43002 69.630035 1.17
6861.3794 0.71 224.41005 93.36995 0.68
6821.209 0.71 236.09999 84.88991 0.69
6870.272 0.7 227.57996 96.29004 0.7
7590.7305 0.05 270.19998 76.08005 1.17
7364.4346 0.01 261.27 66.899994 1.0
7447.448 0.0 267.23 65.22998 1.39
7520.4844 0.0 267.45004 84.26004 0.98
6876.4673 0.74 244.04001 76.74997 0.84
6882.267 0.67 218.56001 101.979996 0.69
7362.422 0.04 257.25003 76.40991 0.9
7350.8716 0.04 257.09 72.74994 0.9
7321.7407 0.04 258.19 75.24997 0.9
7312.849 0.04 259.10004 77.13992 0.9
7532.2856 0.03 271.37006 70.879974 1.06
7509.207 0.0 265.29 76.16998 0.95
7478.7686 0.0 268.22998 74.940094 0.95
7355.9917 0.0 246.43002 96.38995 0.87
6876.182 0.6 223.01004 98.76996 0.75
6887.4116 0.6 225.48 97.14 0.79
6832.702 0.58 233.74998 89.85994 0.81
6833.4614 0.16 229.62999 88.39 0.69
6846.2803 0.16 232.42001 82.30002 0.77
6825.0024 0.16 241.32 63.359955 1.32
6793.338 0.09 237.04999 71.48001 1.03
6786.357 0.09 231.48997 74.79002 0.92
6737.71 0.09 236.73999 73.95999 0.92
6754.902 0.06 240.87999 68.42003 0.92
6751.0054 0.06 240.45999 65.23999 1.04
6725.282 0.06 242.28003 65.01996 1.04
6737.8115 0.06 240.94 63.380005 1.04
6735.5596 0.06 240.2 61.16005 1.04
6651.5757 0.04 239.41003 53.379974 1.32
6649.318 0.04 236.78 59.75003 1.1
6593.628 0.04 236.67 57.019943 1.1
6602.878 0.04 236.51004 56.549927 1.1
6615.347 0.04 238.52998 56.39003 1.15
6900.031 0.7 226.14003 103.27998 1.08
6920.2983 0.67 223.64003 102.33 1.08
6898.2417 0.63 226.97002 102.240036 1.08
6920.572 0.63 226.38 101.05002 1.08
6886.064 0.17 242.68996 71.38005 1.36
6831.22 0.17 241.49002 66.130035 1.36
6827.7725 0.17 242.04 67.95006 1.12
6821.2417 0.17 242.34999 60.220016 1.12
6809.761 0.28 241.65 60.859985 1.12
6792.6787 0.28 243.10999 63.360046 1.12
7010.8853 0.0 248.07997 65.60002 0.85
7022.2144 0.0 244.65999 65.71001 0.85
6981.434 0.0 244.74998 67.17006 0.82
6969.5728 0.0 246.16 69.70004 0.82
6870.774 0.0 240.07997 68.500015 0.81
6857.6245 0.0 238.22 68.77997 0.79
6854.08 0.02 234.87001 69.29002 0.79
6833.2026 0.01 239.52 65.08 0.79
6815.953 0.01 237.94998 64.97998 0.79
6794.283 0.01 234.94 64.20004 1.06
6776.061 0.01 238.62 60.53006 1.06
6724.681 0.01 238.56 59.23004 1.06
6715.5596 0.01 238.78004 61.029953 1.08
6692.7515 0.01 241.11998 57.950058 1.08
6701.67 0.01 239.42998 61.050003 1.08
6725.9404 0.01 241.89001 59.450012 1.11
6771.1006 0.02 241.32 62.080017 1.11
6762.2114 0.02 238.81 61.570007 1.11
7542.86 0.08 265.16995 78.140076 1.26
7526.389 0.08 267.63995 68.46008 1.26
7493.86 0.08 261.26 70.96005 1.16
7466.2007 0.08 261.06995 68.920044 1.16
7328.7646 0.01 256.96 70.850006 0.79
7297.8257 0.01 249.60999 85.22003 0.77
7259.2075 0.01 248.28998 83.48004 0.73
7413.629 0.0 269.25 65.98999 1.62
7391.6562 0.0 270.53 62.140045 1.17
7511.313 0.0 264.74002 78.82007 0.99
7499.1123 0.0 269.94003 74.05005 0.98
7471.9204 0.0 267.33002 75.93002 0.89
7463.8496 0.0 265.85004 70.51996 0.89
6877.751 0.73 240.74002 82.22998 1.06
6894.121 0.73 236.97 79.92999 1.06
6883.7803 0.69 238.58 81.39 1.06
6895.652 0.68 241.38002 69.989975 1.04
6844.381 0.59 239.57002 67.41997 1.04
6834.139 0.59 240.22 67.91998 1.26
6828.6396 0.59 241.44003 63.839935 1.26
6849.791 0.56 245.51 66.30995 1.26
6775.751 0.53 237.77997 60.04004 1.26
6757.693 0.53 238.02998 63.39003 1.26
6777.363 0.18 241.53998 57.650024 1.22
6769.2817 0.18 237.34 63.130035 1.03
6785.9214 0.18 235.22998 67.140045 1.0
6759.2207 0.18 236.23997 64.61003 1.0
6772.4595 0.17 233.14998 75.030075 0.92
6797.56 0.17 229.99997 74.83008 0.92
6745.6914 0.17 230.57999 74.29007 0.92
6685.6885 0.06 234.08998 65.550095 0.91
6705.636 0.06 232.15997 68.03009 0.91
6686.562 0.06 233.97997 62.220047 0.92
6953.5386 0.67 242.35999 81.329956 1.11
6967.749 0.67 241.32997 80.66002 1.11
6948.977 0.62 242.46002 84.06998 1.11
6927.5786 0.59 243.51999 85.98999 1.11
