12573.245 125.02736 1818.9725 531.7787 159.6638
12275.441 125.02736 1787.7957 393.0564 188.6372
12416.826 125.02736 1803.5265 522.95496 173.13945
12168.77 125.02736 1771.2571 417.04565 173.13945
12534.233 125.02736 1793.4568 535.31323 151.41685
12475.375 125.02736 1796.1599 552.4912 151.41685
12238.473 125.02736 1763.9556 433.36523 155.38664
12277.893 125.02736 1735.0028 475.97864 155.38664
12299.8955 125.02736 1796.959 557.34717 151.41685
12548.678 125.02736 1761.6475 613.22705 149.8714
12269.083 125.02736 1750.4268 436.7661 155.38664
12401.247 125.02736 1782.544 459.98364 188.6372
12168.7705 125.02736 1771.257 417.04602 156.8944
12082.033 125.02736 1788.5945 399.85767 155.38664
