3713.4514 11.71608 503.79498 231.46619 83.81629
4263.9526 14.86706 586.5319 291.6502 74.91178
4517.623 16.74877 564.823 426.44537 71.34358
4710.374 14.66687 684.16675 301.50104 70.48975
4503.5283 20.03708 608.07715 404.53174 68.57436
4183.024 15.27979 555.85175 274.92657 67.4166
4656.4175 17.53846 598.4062 413.57086 73.13445
4615.6787 16.32912 577.1629 353.52203 73.6708
4645.8003 16.38708 603.37476 499.59534 69.04015
3506.6306 15.57024 464.56668 246.20871 71.5996
3948.3337 16.32912 518.7319 397.43854 71.20282
5032.453 14.33137 635.4284 521.387 87.74423
4729.6055 12.02243 660.156 556.199 70.24229
4578.2324 19.0372 580.23926 358.4214 75.82535
4550.466 15.57024 542.6131 382.4784 68.72882
4377.174 15.57024 547.5313 326.4873 72.68114
4561.318 14.60834 589.0052 301.9604 62.05171
3877.9504 8.97927 575.828 210.14435 85.37585
3459.264 15.57024 429.92108 301.0522 71.25262
3685.537 14.33137 488.18414 249.61084 73.92617
4136.154 14.86706 550.85754 261.65173 85.80103
4963.247 12.02243 704.85504 316.4583 75.82535
3808.7588 14.37213 529.1771 268.23688 71.5996
4881.243 12.02243 685.59576 284.1104 90.31817
4981.9634 14.60834 635.2018 396.4148 73.56289
3186.4128 11.71608 403.8153 226.10046 80.49829
4379.1797 13.80951 572.3263 260.98297 79.61252
