14335.602 3.0133 485.81146 187.37024 10.62638
14886.058 3.40294 484.4117 232.98251 10.54087
14590.8125 3.13209 498.80396 229.22162 10.40817
15273.002 3.13209 509.00204 199.17154 11.75585
14684.612 3.41321 490.35907 223.37976 10.3194
14936.552 2.87054 491.63968 270.41776 10.24207
14766.13 2.87054 482.5192 208.58261 10.15923
14666.562 3.13209 475.9705 209.81973 10.5797
15229.877 3.78946 518.04736 191.9513 10.94075
15266.618 2.87054 508.55975 206.19043 10.70187
14129.417 3.76829 468.3595 169.805 10.69205
14889.652 2.87054 496.22037 209.75058 10.66021
14467.912 3.41321 482.98456 165.40039 10.88715
14774.204 3.0133 500.98352 192.23737 10.61979
14785.142 2.87054 488.2226 198.31891 10.88853
14337.724 3.40294 487.4847 246.62326 10.16169
14349.907 3.0133 479.7098 217.05746 10.17005
14496.375 3.40294 468.24335 216.17029 10.36002
14166.714 3.40294 485.07053 190.11069 10.93298
14899.904 3.40294 490.88336 237.69482 10.42929
14806.086 3.40294 495.8716 270.27658 10.41489
14331.366 4.07799 470.0531 203.02777 10.76894
14868.104 3.40294 496.56403 182.93134 11.32872
15142.903 3.78946 503.53806 202.84415 10.76429
