107720.34 84.32993 4801.864 1676.0737 157.92119
109950.11 84.32993 4849.3506 1802.5547 143.09169
104355.55 84.32993 4618.5347 1619.6934 151.5482
108721.48 82.51218 4918.0703 2206.108 159.64177
110521.7 84.32993 4772.6694 1966.8237 159.64177
107458.664 82.51218 4680.081 1990.1406 142.94437
104264.59 84.32993 4650.66 1606.0996 146.96396
106539.33 82.51218 4845.882 1977.9209 141.36777
108086.58 84.32993 4915.937 1709.9185 144.99773
111386.82 82.51218 4798.615 2070.4897 144.65295
110221.32 84.32993 4858.691 2051.8164 157.92119
