5677.712 0.0 198.84 69.81 1.55
5826.5024 0.0 198.12001 86.29997 1.25
5871.3457 0.0 185.64 100.96001 1.06
5908.083 0.0 181.08002 99.80997 0.99
5832.484 0.0 193.04002 100.79997 1.01
5863.6074 0.0 190.16002 119.42006 1.01
6059.47 0.0 196.93001 120.95 1.06
5884.661 0.0 179.45001 103.600006 0.88
5901.111 0.0 187.5 95.76004 1.25
5976.189 0.0 173.12003 124.02002 1.05
5773.719 0.0 184.29997 89.05 1.16
5744.925 0.0 195.36005 89.44995 1.21
5720.1104 0.0 187.40004 79.5099 1.23
5664.761 0.0 175.8 95.750015 0.93
5938.2456 0.0 188.12999 96.39 1.28
5892.665 0.0 186.63998 98.80002 1.07
5860.5205 0.0 189.71 96.17998 1.08
5873.4775 0.0 192.04 86.04002 1.29
5726.4336 0.0 185.28 99.65994 1.01
5804.392 0.0 190.3 93.520035 1.12
5935.61 0.0 180.88002 125.08 0.95
5873.448 0.0 186.90002 101.379974 1.14
5953.523 0.0 184.16 105.609955 1.18
5754.9844 0.0 190.23003 93.87993 1.09
5692.1675 0.0 191.41 80.79001 1.05
5825.291 0.0 180.14 95.65999 1.03
5976.101 0.0 178.75003 108.75995 1.07
5847.833 0.0 196.67996 80.32001 1.76
5943.3677 0.0 184.9 88.870056 1.21
5833.3354 0.0 191.38002 77.489944 1.43
5863.21 0.0 184.97 95.47998 1.2
5853.7896 0.0 194.35999 84.589935 1.22
5886.693 0.0 184.54999 96.130066 0.96
5901.6387 0.0 188.8 103.719986 1.51
5592.7104 0.0 177.86 86.05998 0.94
