-739278.6	-0.76	-26725.72	6637.2754	102.9
-737514.1	-0.76	-26701.643	6270.3496	108.99
-746630.1	-0.16	-27281.96	6801.621	111.48
-748016.2	-0.09	-27745.281	7000.1055	96.62
-749850.44	-0.16	-27339.377	7021.51	95.71
-667176.2	-65.01	-23325.379	8776.906	65.16
-686805.8	-72.03	-23369.752	9351.172	87.22
-669411.06	-61.62	-22653.562	8613.6875	70.41
-694685.3	-76.59	-24152.47	7850.711	110.43
-676234.2	-62.53	-22452.33	9173.199	59.77
-641702.6	-10.57	-23170.242	5298.586	76.43
-642059.2	-7.36	-23541.943	4541.465	82.3
-647293.0	-12.78	-23556.025	5071.09	79.95
-685713.8	-1.03	-24864.81	5225.217	91.29
-683879.1	-1.03	-24673.186	5215.674	91.29
-639519.5	-16.85	-23074.924	6363.2656	78.79
-668257.94	-3.13	-24475.4	4631.8574	78.03
-674201.06	-10.27	-24143.635	5528.963	87.3
-671189.56	-10.27	-24383.088	5093.6484	87.3
-661568.06	-4.7	-24422.578	4189.666	87.8
-661301.1	-0.52	-24864.42	3655.1152	90.86
-674630.3	-5.89	-24877.13	4424.166	81.76
-639249.0	-2.19	-23128.4	4778.0977	64.86
-656164.5	-3.78	-21689.332	7513.668	60.97
-651589.44	-3.78	-22292.451	6540.5527	60.97
-648240.8	-0.09	-24046.791	3704.1719	72.4
-653158.3	-2.09	-23988.959	4288.8496	73.87
-651479.0	-2.09	-23812.78	4097.5605	73.87
-651957.06	-2.09	-23771.03	4351.4297	70.98
-657421.44	-3.43	-23873.75	4476.842	70.98
-738835.5	-0.76	-26140.94	6676.717	101.56
-734490.06	-0.76	-25889.928	6891.459	97.16
-727767.2	-0.76	-23897.201	8828.279	90.31
-722935.75	-0.76	-23903.54	8627.281	82.14
-723265.8	-0.76	-23616.24	9202.92	82.14
-722064.1	-0.76	-23549.84	9581.281	78.43
-716037.5	-0.76	-24018.658	9119.85	78.43
-710289.3	-0.76	-24484.508	8244.201	78.43
-705726.94	-0.76	-24385.334	8076.4043	78.43
-700309.75	-0.76	-24495.447	7442.5254	88.03
-697679.8	-0.76	-24732.793	6978.299	88.03
-694861.06	-0.99	-24479.23	6987.8613	88.03
-692250.5	-0.99	-24437.068	6745.885	88.03
-690694.44	-14.39	-24208.06	6880.131	88.03
-688891.06	-14.39	-24221.15	6574.2305	88.03
-687039.75	-14.39	-24108.883	6392.205	85.2
-683328.1	-14.39	-23786.873	7194.2793	83.28
-685087.06	-14.39	-23969.293	7228.4746	83.28
-685183.9	-14.39	-23684.902	7629.2266	83.28
-681364.3	-14.39	-23348.844	7909.2266	82.74
-677471.0	-14.39	-23517.748	7791.703	82.74
-662633.25	-14.36	-24239.463	4466.033	117.71
-659911.8	-12.8	-24173.453	4581.627	96.09
-624447.9	-12.07	-21435.062	6357.672	72.17
-623324.44	-12.07	-21808.422	6397.3516	73.76
-625683.5	-12.07	-21713.795	6070.1855	76.31
-630531.2	-15.82	-22927.588	4835.301	88.02
-629236.3	-18.33	-22264.045	5883.5664	88.22
-629269.1	-18.33	-22172.94	6225.9883	88.22
-625034.56	-18.33	-21911.248	6406.295	86.82
-621263.6	-18.33	-22097.943	6526.125	80.4
-620047.06	-18.33	-21468.652	6249.203	80.4
-620043.9	-18.33	-22262.78	5711.7285	79.39
-625566.3	-11.91	-22399.139	5882.283	76.59
-622350.7	-11.91	-22324.422	5451.168	76.59
-622593.2	-12.36	-21582.902	6053.449	76.57
-622835.4	-18.33	-21496.828	6461.8516	76.57
-622442.06	-15.4	-21754.777	6118.967	74.04
-623254.7	-15.4	-21769.643	6269.8125	74.04
-629441.06	-15.4	-21532.182	6627.4355	76.39
-634238.06	-12.01	-22617.918	6164.8457	75.86
-633173.4	-6.93	-23371.258	4351.5938	82.41
-632591.7	-6.93	-23691.275	3737.5918	91.21
-634401.44	-8.79	-23813.48	4018.3809	97.94
-640231.25	-8.79	-23555.729	4246.541	88.81
-639938.3	-8.79	-23679.928	4268.168	88.81
-657493.4	-7.49	-23932.988	6247.3613	68.55
-646436.8	-0.52	-23624.348	5261.5605	64.32
-648420.75	-2.63	-23614.002	5021.379	64.87
-650770.25	-2.63	-23519.28	4929.746	65.87
-647224.44	-2.63	-23618.85	4917.201	62.02
-652240.44	-3.07	-23531.8	5377.6777	64.39
-651267.56	-3.07	-24045.457	5021.7637	64.34
-656257.2	-3.25	-24077.914	5643.537	66.91
-650811.4	-11.36	-23171.72	5506.258	75.89
-651777.06	-15.76	-22559.578	6837.084	70.98
-639233.94	-11.7	-22444.324	6037.6953	70.56
-632129.0	-12.18	-22005.535	6502.582	70.32
-642187.25	-12.18	-22443.783	6657.377	69.23
-647537.6	-11.54	-23138.635	5400.3184	69.23
-647672.56	-11.54	-23061.168	5613.84	73.27
-653987.56	-13.31	-24062.85	4379.367	98.35
-655041.2	-13.81	-23981.12	4561.051	81.5
-655772.75	-5.86	-24069.541	4162.6035	81.5
-658167.94	-3.75	-24110.225	4872.8926	71.55
-658463.25	-3.75	-23980.098	4720.8203	74.66
-654390.2	-3.75	-24121.73	4400.881	77.78
-647584.6	-3.48	-23890.408	4209.2363	77.61
-647332.44	-3.48	-23936.559	4115.615	77.61
-646719.25	-3.48	-23927.361	4038.707	77.61
-736425.0	-0.76	-26269.639	6780.592	99.34
-732157.75	-0.76	-23271.707	9672.035	90.14
-730654.7	-0.76	-23841.256	9644.76	90.14
-729182.94	-0.76	-24411.662	9035.525	90.14
-724205.4	-0.76	-25081.611	8333.545	90.14
-711471.94	-0.93	-23592.03	9947.127	87.44
-712470.4	-0.93	-23557.82	10035.75	87.44
-708363.6	-0.93	-23867.121	9860.59	85.06
-703508.06	-0.93	-23866.926	9363.387	91.17
-697634.0	-1.11	-23083.55	7955.1055	88.21
-696831.2	-1.11	-23228.477	8080.535	88.21
-694482.7	-1.11	-24178.717	7393.17	89.79
-686846.3	-1.91	-25055.719	5052.711	93.18
-687152.75	-1.91	-25008.182	5270.2676	93.18
-683545.2	-1.91	-24446.059	5197.5957	79.66
-685973.3	-3.37	-23702.97	7971.3594	75.03
-683690.1	-1.48	-24542.668	7172.5	76.67
-683823.94	-1.48	-24386.299	6598.7617	76.67
-690724.4	-1.48	-23096.305	8105.676	83.93
-697731.0	-1.48	-23706.518	7516.9316	89.18
-698006.44	-1.48	-23283.324	7807.5176	89.18
-688445.3	-2.39	-24721.34	5726.381	113.7
-689268.94	-2.39	-24964.367	6060.1816	113.7
-681558.4	-4.28	-24885.264	4951.377	102.07
-639988.1	-3.97	-23651.32	4218.4473	71.63
-640017.4	-2.39	-23815.252	3533.4727	89.7
-630687.5	-4.17	-23371.248	3394.7754	95.11
-632528.7	-4.17	-23822.67	3228.541	106.23
-636541.8	-4.94	-23117.002	4372.7383	76.98
-636535.7	-4.94	-23123.998	4400.0195	76.98
-632031.5	-4.94	-23397.44	4110.76	79.18
-631346.4	-4.94	-23620.61	4334.2188	76.98
-627689.44	-5.89	-23008.42	4457.996	69.26
-628619.0	-5.89	-22950.361	4419.8555	69.26
-631048.44	-5.89	-23157.232	3957.3164	75.2
-635370.4	-5.89	-23307.457	4223.8535	75.2
-636428.2	-4.72	-23391.73	3942.9512	76.99
-635558.2	-4.72	-23389.818	3821.8184	76.99
-745621.0	-0.16	-27169.64	6439.375	124.18
-743206.06	-0.16	-27042.697	6231.92	124.18
-739166.75	-0.16	-27180.1	5679.4395	127.32
-681557.56	-11.51	-24851.871	7087.8535	98.08
-683829.3	-1.19	-25169.693	5574.0645	106.17
-680030.94	-1.19	-25140.35	4770.2207	106.17
-662876.6	-0.67	-25098.104	3692.8574	166.38
-743499.4	-0.09	-25921.932	8757.025	95.56
-743045.9	-0.09	-26208.098	8299.402	87.09
-739014.5	-0.09	-26239.213	7863.9746	87.09
-735978.75	-0.09	-26045.605	7568.633	87.09
-731693.75	-0.09	-24843.363	8122.2344	85.71
-730198.44	-0.09	-25256.549	7496.4434	85.71
-724791.1	-0.09	-25232.238	7366.4375	85.71
-720956.2	-0.09	-24765.26	7693.256	77.43
-682495.2	-8.93	-24764.11	5795.6484	96.62
-676179.2	-8.93	-23983.525	6271.8164	80.54
-672992.1	-6.02	-24073.094	5228.8574	82.33
-646443.06	-4.68	-23973.084	3829.9824	75.71
-652007.5	-0.99	-24438.553	3666.6738	75.71
-655505.3	-0.99	-24344.01	4088.1504	75.71
-647019.44	-2.36	-24238.754	3537.6367	96.0
-649980.8	-2.36	-24161.93	3578.1543	86.78
-664810.7	-0.07	-25175.836	3963.588	100.79
-669372.44	-0.07	-25304.66	4512.4805	100.79
-671463.2	-0.07	-25274.459	4663.5117	100.79
-671744.3	-1.39	-25343.59	4805.5215	100.79
-674724.75	-0.7	-24811.11	4043.2031	100.96
-677609.75	-0.43	-24984.37	4003.8809	119.8
-678702.1	-0.43	-25322.521	5158.6426	100.8
-683607.44	-0.43	-25372.48	5819.076	97.11
-678665.0	-1.95	-24322.61	5687.787	77.92
-637493.44	-7.48	-23167.53	4471.1074	77.81
-649395.8	-12.04	-23664.75	6107.1855	76.8
-645501.1	-13.69	-23264.334	4904.7285	78.78
-647567.8	-13.69	-23396.465	5032.7363	78.78
-650211.56	-13.69	-23626.904	5291.051	78.83
-648644.4	-13.69	-22200.06	6285.549	74.41
-648514.2	-13.69	-22459.27	6192.1133	74.41
-654565.06	-14.11	-23761.82	6042.582	77.76
-656240.25	-4.45	-24152.951	4727.8203	77.28
-654721.0	-7.29	-23881.447	4737.135	77.28
-654522.3	-7.29	-24087.53	4666.539	77.28
-647540.5	-5.94	-23888.408	4155.1016	88.21
-645513.1	-5.94	-24085.822	3842.246	101.44
-739730.2	-1.9	-26715.314	6779.0293	107.36
-740447.4	-1.9	-26379.373	7783.158	107.36
-740377.56	-7.36	-26437.004	7038.2734	107.36
-736479.06	-7.36	-25730.44	7585.6504	91.92
-734910.75	-7.36	-25864.332	7494.078	91.92
-732616.75	-7.36	-26451.244	6946.455	132.69
-728792.94	-7.36	-25678.662	7355.8887	91.92
-728787.56	-7.36	-25597.43	7316.8086	91.92
-723125.0	-8.93	-24971.463	7680.9883	91.92
-716384.44	-8.93	-25220.795	6882.965	91.92
-714332.9	-8.93	-25214.217	6865.0254	147.04
-711293.06	-8.93	-25182.365	6699.5156	147.04
-706066.44	-8.93	-24822.967	6639.1836	147.04
-703727.25	-5.84	-24461.07	6192.83	134.97
-698048.5	-5.84	-24804.6	6207.383	134.97
-697902.3	-5.84	-24856.533	5753.3203	134.97
-696319.56	-5.84	-25105.713	5666.412	134.97
-692190.6	-5.84	-24691.781	6116.2676	111.18
-693662.5	-5.84	-24572.959	6327.66	111.18
-685776.06	-5.58	-24588.86	5425.8203	101.04
-681038.1	-6.49	-25223.535	4737.7227	111.66
-681502.8	-6.49	-25069.215	4786.699	140.35
-694137.8	-1.15	-24292.172	6573.867	96.57
-691257.44	-1.15	-24501.64	5951.2734	96.57
-686233.75	-3.13	-24523.467	6280.6543	83.05
-682596.0	-4.06	-24747.871	5204.4023	91.17
-682834.06	-4.06	-24864.023	5515.75	91.17
-681084.3	-4.06	-24857.482	5325.291	91.45
-685037.6	-4.06	-24649.81	5075.8965	149.5
-683924.2	-3.62	-25000.107	4456.674	132.29
-687148.0	-3.62	-25528.398	4704.91	117.95
-688421.7	-3.62	-25225.994	5031.383	117.95
-684289.9	-3.62	-24721.26	5128.8125	110.64
-684698.44	-3.62	-25216.65	5310.3633	110.64
-682321.3	-3.62	-24955.35	5237.582	93.39
-683340.4	-4.23	-25092.805	5975.9004	100.14
-679134.44	-6.97	-25157.871	4058.2617	100.34
-679383.1	-6.97	-24927.809	4373.4004	108.29
-680833.25	-6.97	-25089.906	4927.3438	100.34
-679265.8	-7.47	-25386.143	4112.8184	104.72
-678763.56	-7.47	-24981.533	4735.0254	100.34
-678324.2	-7.47	-25046.414	5280.676	91.21
-674612.4	-9.01	-24675.934	5086.8574	94.06
-685339.94	-9.2	-24934.777	5577.676	104.46
-684616.44	-9.2	-24535.049	5583.1484	102.39
-684352.3	-10.33	-24320.107	5912.33	96.18
-679832.94	-10.33	-24270.086	5541.6113	96.18
-675030.25	-9.5	-24883.52	4480.828	102.39
-677596.4	-9.5	-24616.518	5253.0293	102.39
-682043.94	-9.5	-25242.79	5290.254	108.14
-680026.56	-9.5	-25095.188	5053.3047	108.14
-679456.94	-10.18	-25271.738	4657.1426	159.45
-680417.44	-10.18	-25084.77	4746.168	159.45
-680976.0	-10.18	-24815.418	4870.5117	159.45
-676905.0	-10.69	-23339.459	5994.3477	85.96
-678270.6	-6.37	-24753.102	4454.211	99.38
-673348.94	-6.37	-24633.822	5355.7676	79.3
-679781.44	-1.52	-24838.2	4892.242	85.96
-677842.4	-5.33	-25259.463	4063.957	99.38
-679613.9	-5.33	-25103.1	4390.3594	99.38
-680756.75	-5.33	-24882.92	4976.1074	89.26
-676861.3	-5.33	-23920.678	5864.711	77.48
-682989.75	-4.19	-24608.588	6141.7266	81.24
-682184.7	-2.84	-24971.54	5411.371	79.34
-680014.94	-4.19	-24559.63	5537.336	79.34
-684184.56	-0.08	-25008.17	4957.088	94.81
-684475.3	-0.08	-24966.021	4785.295	94.81
-681157.4	-0.08	-25029.25	4993.4375	94.81
-680612.44	-0.08	-25261.59	4709.42	94.81
-674892.94	-0.08	-25088.553	4452.5195	91.18
-676467.4	-0.08	-25147.547	5155.1406	91.18
-672037.2	-0.08	-25139.617	4254.576	89.13
-673020.0	-0.08	-24944.75	4158.3535	89.13
-674359.94	-0.08	-24864.129	4016.2578	89.13
-676463.7	-0.08	-24826.39	4073.8184	89.13
-680112.44	-0.08	-24781.412	4687.5195	89.13
-728037.56	-0.52	-26247.133	5762.246	108.09
-726115.0	-0.52	-26074.812	5461.1133	108.09
-725319.2	-0.52	-26574.2	5711.578	108.09
-722030.6	-0.52	-26201.562	5691.3945	108.09
-718990.75	-0.52	-25994.77	5436.1465	114.88
-714553.56	-3.13	-25530.22	5738.045	114.88
-709834.7	-3.13	-25557.791	5658.6465	114.88
-708617.3	-3.13	-25666.506	5426.582	118.12
-706387.5	-3.13	-25687.39	5451.371	118.12
-701864.25	-3.13	-25258.723	5949.7793	114.36
-698126.1	-3.13	-25005.146	5766.6055	114.36
-697008.06	-7.85	-24640.375	6738.5664	114.36
-682681.2	-15.74	-23979.84	6365.371	111.07
-679714.0	-20.49	-24222.041	6375.6367	101.06
-679759.1	-19.92	-24747.102	5604.1094	101.06
-683109.2	-19.92	-24033.785	6699.957	101.06
-681508.9	-18.46	-23933.43	6284.6816	99.06
-680895.75	-18.89	-23853.564	6556.537	99.06
-669049.6	-18.07	-24187.256	6461.8164	86.51
-669874.6	-18.07	-24107.285	7135.6074	86.51
-668500.6	-17.43	-23604.883	6044.467	89.81
-650458.06	-5.16	-24101.352	3821.2246	94.8
-651458.3	-5.16	-24003.04	3832.7812	99.3
-650881.56	-5.16	-24021.69	3566.4844	88.07
-652529.3	-5.16	-24127.9	4118.1543	88.07
-744689.44	-1.94	-26922.014	7588.4434	108.49
-740961.25	-5.21	-24980.084	9657.502	122.02
-737528.0	-9.16	-24717.438	9918.441	103.79
-733683.8	-9.16	-24368.318	9570.893	100.71
-731278.94	-11.44	-24276.51	9295.342	110.44
-728611.56	-11.44	-24387.61	9628.336	111.68
-722526.06	-11.44	-23810.107	9890.588	95.71
-718974.0	-11.2	-23676.398	9755.133	105.75
-717839.3	-11.2	-23710.693	9539.393	105.75
-716717.3	-11.2	-23991.398	9459.262	105.75
-712118.7	-11.2	-23720.2	9384.738	105.75
-708727.44	-11.2	-23164.91	9344.199	106.22
-705342.8	-11.2	-23084.092	8886.057	105.75
-700690.7	-11.2	-22732.201	8823.379	105.75
-696478.25	-11.2	-22745.39	8773.338	112.77
-689371.1	-10.27	-22619.283	8484.086	87.63
-687242.06	-10.27	-22627.605	8578.486	86.47
-684465.3	-10.6	-21817.307	9778.568	76.39
-683779.5	-3.82	-23373.195	9049.055	75.79
-683111.5	-3.82	-23111.861	9083.684	75.28
-688076.4	-0.89	-23338.137	8982.793	78.99
-688538.2	-0.89	-23322.557	8849.965	78.99
-685689.9	-0.89	-24112.95	7944.6016	73.93
-665527.75	-1.93	-22653.297	8124.5156	63.61
-666699.75	-1.93	-22198.994	9025.949	63.61
-665190.56	-1.93	-22879.771	7634.2695	63.61
-663226.8	-1.93	-23159.293	7294.3555	62.77
-649188.2	-9.09	-23464.541	5242.6934	67.16
-645696.3	-9.09	-23742.018	5481.877	67.16
-660606.5	-13.34	-23170.54	7319.2227	70.98
-663695.94	-13.34	-23066.191	6650.371	70.98
-664126.3	-13.34	-23793.213	6798.881	75.46
-665584.56	-13.34	-23688.941	6451.8066	75.46
-655205.9	-7.16	-23908.48	4604.176	73.61
-654373.75	-7.16	-23846.936	4440.99	73.61
-652959.2	-9.83	-23209.701	5232.0605	70.44
-652152.44	-9.83	-23645.07	4674.8516	75.58
-656739.1	-10.04	-24173.793	5358.4785	76.87
-655589.75	-8.56	-24199.342	4991.619	75.38
-662217.9	-9.29	-23619.36	5290.703	77.69
-659252.94	-9.78	-24440.15	3862.5723	116.91
-661846.56	-9.78	-24113.223	4074.1133	115.02
-657406.25	-16.78	-24363.395	4606.2715	110.43
-652080.5	-21.08	-23671.066	5275.051	96.6
-656525.1	-12.32	-24033.617	5036.5117	82.41
-657621.94	-12.32	-24474.762	4472.9766	93.21
-654485.9	-7.94	-24081.0	3836.088	106.3
-659806.44	-7.94	-24682.582	3883.4805	90.02
-667235.8	-6.02	-24848.762	4174.9375	98.21
-666080.1	-6.02	-24526.701	3933.0352	98.21
-664284.6	-8.25	-24421.082	4027.125	104.65
-661158.6	-8.25	-24382.459	3929.8027	104.65
-660214.94	-8.25	-24956.83	3256.9219	131.81
-652786.1	-8.25	-24309.936	3577.6055	109.45
-653074.25	-8.25	-24320.496	3888.125	109.45
-649902.9	-5.5	-24262.252	3452.6016	109.45
-648922.0	-5.5	-24307.297	3613.9023	99.0
-647927.7	-5.5	-24236.06	3546.4336	99.0
-650605.25	-5.5	-24123.65	3801.457	99.0
-645063.0	-0.75	-24380.947	3121.252	131.49
-643012.3	-0.75	-24192.254	3140.4844	123.5
-639759.1	-0.75	-24079.201	3098.127	123.5
-637080.7	-0.75	-24048.648	3179.582	109.29
-637532.7	-0.75	-23952.701	2951.6504	121.45
-638761.8	-0.75	-23925.3	3177.3594	120.83
-637931.44	-1.11	-24116.76	3084.6914	120.83
-637495.44	-1.11	-24014.36	3197.8008	101.57
-667187.4	-65.01	-22767.25	9214.666	81.71
-671744.8	-54.88	-23001.248	9531.568	84.46
-663092.94	-24.02	-22842.35	6024.797	91.5
-661375.75	-14.47	-24422.527	5024.7246	91.5
-656994.4	-6.23	-24477.06	4531.1562	83.85
-653583.06	-14.44	-22749.947	6410.5137	77.02
-650970.9	-14.44	-22909.908	6238.584	77.02
-652036.6	-14.44	-23102.309	6300.6113	77.02
-651949.6	-14.44	-23286.1	6585.59	76.94
-652339.1	-14.47	-23068.02	6754.258	76.94
-653471.06	-14.47	-23016.7	6635.6895	74.64
-653898.4	-14.47	-22829.48	6725.76	74.86
-653917.94	-14.47	-22822.98	6780.3223	74.86
-659162.44	-10.36	-23505.54	5305.758	77.02
-666622.56	-10.36	-23515.268	5619.9316	77.02
-679304.94	-9.84	-24684.258	5925.172	82.62
-682871.6	-9.84	-24666.611	6908.8633	82.62
-684360.4	-9.84	-24110.191	6969.0254	82.62
-680877.8	-9.84	-24595.633	6170.74	82.62
-679226.5	-11.13	-24360.592	6285.9316	82.62
-678850.75	-8.6	-24506.062	5595.871	82.62
-676496.2	-8.6	-24464.322	5829.371	80.14
-678936.9	-8.6	-24528.582	6348.871	77.89
-682416.3	-8.6	-24583.652	6495.3203	77.89
-686879.1	-8.6	-24742.312	5657.6953	88.21
-685030.06	-8.6	-24821.883	5589.625	88.21
-682526.06	-8.6	-24592.77	5043.129	121.06
-683997.5	-8.6	-24527.328	5017.549	176.98
-683757.8	-8.6	-24836.041	4606.1055	176.98
-685914.1	-9.02	-24972.738	5328.4355	147.07
-685970.56	-9.19	-25355.559	5961.297	151.47
-689468.25	-4.12	-25182.363	6485.965	119.52
-688246.56	-4.12	-25267.38	6436.369	119.52
-687372.7	-4.12	-25199.771	5851.2305	119.52
-687144.0	-4.12	-25053.61	5396.926	119.52
-688016.1	-4.12	-25088.24	5491.6504	116.11
-683760.4	-4.12	-25330.29	4927.8555	116.11
-684902.9	-4.12	-25347.29	5100.881	116.11
-685980.4	-4.12	-25037.75	5393.9277	108.54
-685267.06	-4.08	-25097.309	5477.83	111.02
-682107.06	-4.08	-25481.7	4236.8164	111.02
-683783.3	-4.08	-25407.412	4580.7246	108.63
-685053.44	-4.08	-25118.867	5392.42	108.63
-687822.0	-4.12	-25013.066	5255.039	101.47
-688366.9	-4.12	-24900.893	5174.5254	101.47
-692448.6	-4.54	-24602.434	6212.4004	101.47
-690231.2	-4.54	-24565.812	6099.4062	101.47
-686604.0	-4.54	-25110.05	6423.3574	101.26
-689532.7	-5.57	-24927.37	6006.926	101.26
-686163.56	-5.86	-25051.084	6290.1426	99.93
-686229.56	-9.3	-25095.97	6039.8145	119.22
-689696.25	-9.65	-24256.344	7002.461	119.22
-689748.8	-10.8	-24278.322	7119.3105	119.22
-688994.5	-9.02	-24992.5	6124.6543	111.73
-694833.44	-9.95	-24792.344	6674.883	150.1
-695370.4	-9.95	-23955.938	7254.332	122.95
-697044.2	-0.16	-24680.121	6200.881	95.7
-693135.6	-12.29	-25179.98	5803.881	119.34
-694699.25	-9.45	-25140.86	5975.8887	119.34
-693483.56	-9.45	-25194.668	6735.492	95.7
-691563.6	-9.45	-24890.434	6478.1074	95.7
-687788.94	-9.45	-24956.373	6532.0684	95.7
-690010.44	-8.62	-25012.36	6402.051	95.7
-690011.06	-8.62	-24967.842	6672.037	97.23
-690000.3	-0.43	-25332.363	5227.123	97.23
-690028.5	-0.43	-25556.928	5163.1016	152.88
-691167.25	-0.43	-25315.719	5346.301	97.23
-694211.44	-0.43	-24696.229	6034.5957	105.64
-693397.6	-0.43	-24796.566	5371.0977	105.64
-694995.1	-0.43	-25108.229	5296.615	121.09
-693033.25	-0.43	-24964.24	5709.297	105.64
-693572.44	-0.32	-24922.996	5866.453	105.64
-693562.3	-0.32	-25199.91	5614.623	93.11
-689936.5	-0.32	-25023.215	5524.01	93.11
-688750.3	-0.32	-25049.873	5333.074	93.11
-684713.1	-0.32	-25155.945	5608.242	93.11
-685201.8	-0.43	-25047.266	5787.3438	93.11
-684614.06	-0.43	-24844.004	6029.668	77.33
-683358.0	-0.43	-25067.28	5177.123	76.57
-682291.25	-0.43	-25142.09	5034.4004	76.1
-677731.6	-0.43	-24514.004	4526.701	76.98
-674569.44	-0.43	-24672.322	3995.4902	79.31
-676985.8	-0.43	-24769.0	4861.2305	79.31
-676339.1	-0.43	-24798.271	4857.0566	79.31
-674285.2	-0.58	-24906.656	5422.6367	77.75
-674494.56	-1.88	-24849.09	5302.9883	77.75
-663200.9	-0.31	-24508.852	4088.9648	72.83
-677271.9	-1.52	-24607.105	4830.0527	66.46
-675129.7	-1.52	-24796.346	4920.8457	66.46
-676383.44	-1.52	-24692.275	5301.1777	66.46
-675632.6	-1.52	-24744.557	5030.4434	66.46
-673121.2	-1.52	-24838.85	5429.5605	66.46
-674539.4	-1.52	-24819.553	5008.8066	66.46
-671515.56	-1.52	-22845.527	7106.875	66.12
-668737.25	-1.52	-23170.25	6577.6113	66.12
-668460.75	-1.52	-23603.088	6501.6445	65.68
-667371.44	-1.52	-23676.682	6220.3457	65.68
-664048.1	-1.52	-23603.11	6125.8594	65.68
-663692.1	-1.52	-23762.2	6138.41	65.68
-666780.5	-2.65	-23610.271	6883.2715	65.68
-668336.6	-0.76	-23712.088	6520.0723	65.68
-668230.25	-0.76	-23966.781	6440.328	65.68
-665530.75	-0.76	-23859.74	6430.088	65.68
-668599.75	-3.89	-24025.344	7112.3438	65.68
-664782.0	-3.89	-23645.234	6338.955	65.68
-669405.06	-3.89	-22559.672	7156.996	65.68
-665234.3	-3.89	-22905.54	6689.4375	65.22
-668513.5	-3.89	-22898.104	6906.24	65.22
-657061.4	-9.61	-24256.854	4114.6094	96.48
-658228.06	-9.61	-24397.143	4226.7793	95.9
-657345.1	-9.2	-24418.922	3950.2598	99.72
-656368.5	-9.61	-24237.113	4044.707	99.72
-655730.56	-9.61	-24051.576	4597.0195	84.06
-659922.06	-9.61	-24480.518	4877.0645	85.07
-659788.56	-9.61	-24452.627	4282.1387	85.07
-661751.3	-9.61	-24399.828	4025.4414	114.74
-662576.0	-9.4	-24631.207	4761.0293	80.93
-653694.4	-0.85	-24465.389	3392.6387	79.86
-653381.06	-0.85	-24689.707	3405.9531	79.86
-656309.56	-0.33	-24425.209	4044.6348	73.54
-655284.44	-0.33	-24408.74	4009.1191	74.07
-649905.0	-0.33	-24256.328	3944.7754	73.54
-649983.2	-0.33	-24130.627	3794.8633	73.54
-650269.94	-0.33	-24241.662	3948.545	73.54
-649732.4	-0.33	-24272.062	3790.463	73.54
-649585.5	-0.33	-24220.436	3331.2012	94.69
-647383.0	-0.33	-24417.482	2826.6504	94.69
-648739.44	-0.33	-24438.13	3132.9277	101.17
-691724.2	-72.03	-24170.78	8707.166	87.66
-694149.75	-72.03	-24157.262	8411.332	88.66
-690936.75	-20.56	-24576.15	7253.5234	101.21
-686851.2	-13.39	-24279.31	7247.75	101.21
-684826.3	-13.39	-24453.5	6927.3516	101.21
-682220.5	-17.66	-24709.81	6204.4395	138.63
-680389.56	-17.66	-24250.96	6550.992	116.51
-681917.5	-17.66	-24175.85	6945.4707	116.51
-681492.06	-17.66	-24300.04	6570.123	116.51
-681844.9	-16.41	-24541.816	6045.1113	116.51
-684496.0	-13.92	-24377.102	6239.748	101.21
-683278.9	-13.92	-24667.623	6527.6562	101.21
-683479.25	-13.92	-24826.506	5529.0703	110.76
-685341.1	-13.92	-24838.254	5551.713	110.76
-685780.56	-13.92	-24143.533	6484.5566	110.76
-687275.25	-13.15	-24968.182	5419.162	108.5
-688251.3	-13.15	-24831.65	5554.4336	108.5
-686212.94	-13.15	-25002.879	5403.8555	133.16
-683709.2	-13.15	-25080.719	5459.9844	133.16
-682084.2	-12.45	-24426.281	5256.037	133.16
-681942.9	-12.45	-24514.986	5322.1504	133.16
-681275.6	-12.45	-24635.338	5340.586	133.16
-679843.94	-12.45	-24865.76	4958.746	133.16
-677376.6	-12.45	-24860.918	4897.3477	133.16
-675200.44	-9.99	-25048.043	4819.9473	133.16
-668377.6	-7.17	-24286.309	4263.955	92.07
-675003.44	-6.35	-24665.318	4766.7715	92.07
-677031.25	-6.02	-24689.26	4471.508	92.07
-675070.4	-6.02	-24939.11	4482.75	92.07
-677053.2	-6.02	-24808.314	4554.0938	92.07
-675447.1	-6.02	-24843.264	4417.121	89.02
-668641.44	-0.52	-25050.04	3748.6348	106.59
-669422.5	-0.69	-24970.307	3944.787	89.02
-671263.44	-0.69	-24994.973	4178.799	89.02
-673695.56	-6.35	-25101.82	4261.8086	89.02
-674883.8	-6.35	-24837.916	4700.465	89.02
-671779.0	-6.35	-24578.889	4827.627	86.18
-666888.8	-5.37	-24212.799	4390.5195	85.0
-663251.6	-5.37	-23991.457	4278.7773	88.48
-660367.3	-6.35	-23840.021	4322.998	88.48
-659792.56	-6.35	-24010.414	4338.875	87.65
-657781.56	-6.35	-23775.684	4268.6562	87.65
-658956.56	-0.98	-24724.088	3431.7637	80.29
-667146.4	-6.35	-24533.11	4766.3906	77.04
-667416.1	-9.43	-24712.592	5166.4355	82.94
-664614.1	-9.43	-24477.021	5382.75	77.04
-662220.5	-6.57	-24128.08	4477.4316	82.94
-663049.3	-6.57	-24118.219	4451.2617	85.1
-660808.3	-6.57	-24132.49	4638.0117	82.94
-658787.25	-5.5	-24230.174	4314.8066	81.5
-657524.56	-5.5	-24127.22	4208.5566	85.63
-656684.75	-5.5	-24278.445	4277.9336	86.18
-656843.0	-5.5	-24072.383	4114.135	86.18
-654540.75	-5.5	-24053.27	3860.8672	108.73
-654341.25	-5.5	-24473.951	3490.338	108.73
-653054.0	-5.5	-24117.525	3845.5586	98.06
-651194.6	-5.5	-23956.053	3580.416	98.06
-649790.3	-5.5	-24030.059	3743.588	90.86
-648874.3	-5.5	-24040.973	3320.9531	98.06
-649719.06	-5.5	-24073.594	3822.4746	98.06
-646595.75	-5.5	-24208.992	3670.4453	98.06
-643797.0	-5.5	-24230.758	3271.5	98.06
-645903.3	-5.5	-24175.746	3555.4824	98.06
-647454.25	-5.5	-24170.79	3627.1387	90.86
-644464.44	-5.5	-23846.984	3976.836	88.14
-644366.8	-5.5	-24023.1	4020.412	88.14
-644012.3	-5.5	-23948.52	3990.8984	88.14
-645758.25	-5.5	-24301.248	4221.3535	88.14
-641630.8	-5.5	-23802.8	3950.8105	88.14
-644994.1	-6.45	-23922.822	3852.961	102.37
-645075.1	-6.45	-24084.86	3863.162	108.73
-645191.0	-6.45	-23964.328	4156.6855	88.14
-642260.4	-6.45	-23674.07	4107.092	88.36
-642734.7	-6.45	-23662.988	4123.3047	88.36
-673573.8	-60.81	-22766.412	8661.869	70.41
-675120.3	-58.66	-22944.793	8841.248	70.41
-678793.7	-54.45	-22476.902	8898.291	74.98
-675717.25	-26.55	-22509.182	9043.891	81.86
-680539.94	-26.55	-23544.24	8323.406	83.54
-678594.44	-26.55	-23982.031	7712.865	83.54
-678942.44	-26.55	-23937.363	7682.5625	90.02
-679031.2	-26.55	-24066.434	7612.6426	112.76
-682269.9	-16.48	-24405.123	7144.121	112.76
-681045.1	-16.48	-24287.312	6666.584	112.76
-680118.4	-16.48	-24196.16	6466.033	112.76
-679533.75	-16.48	-24414.953	5517.9727	112.76
-680605.75	-16.48	-23949.232	6114.8867	112.76
-680776.1	-16.48	-23973.982	6254.4062	112.76
-676239.94	-35.47	-23562.293	6820.578	91.55
-676520.3	-35.47	-23111.307	7657.0137	91.55
-673511.44	-10.27	-24749.688	5612.672	91.55
-670967.1	-10.27	-24761.217	4655.2227	91.55
-674592.75	-20.63	-23931.078	5647.4004	90.02
-675903.94	-20.63	-24509.09	5610.2656	94.27
-678479.0	-20.63	-24369.947	5728.0312	90.02
-677298.2	-20.63	-24391.791	5984.2734	90.02
-676682.7	-20.63	-23721.012	7277.533	87.07
-674246.56	-20.63	-23937.887	7083.865	87.78
-671864.9	-21.66	-24184.99	5962.3457	96.09
-665099.5	-15.01	-24268.121	4968.3945	111.56
-662761.1	-23.66	-24550.322	4670.2793	104.81
-664971.56	-23.66	-24312.129	4818.795	104.81
-663587.6	-23.66	-24319.17	4820.336	118.29
-666940.0	-23.66	-24407.553	5037.91	107.75
-665475.44	-23.66	-24594.639	5154.0977	111.6
-664196.94	-22.08	-24715.945	5064.1934	111.6
-666305.7	-22.08	-24419.24	5302.541	111.6
-667459.3	-22.08	-24171.32	5391.6504	133.16
-669518.5	-22.08	-23895.43	5409.6035	133.16
-676090.7	-13.43	-24631.303	5397.2637	133.16
-677922.6	-12.56	-24394.047	5350.1094	164.26
-676278.8	-12.56	-24692.01	5293.086	164.26
-676923.44	-12.56	-24601.941	5235.8613	164.26
-673876.44	-12.56	-24808.357	5184.0625	119.78
-672960.9	-12.56	-25071.887	5323.4805	119.78
-671822.0	-10.28	-24822.828	5285.2715	105.66
-666687.56	-22.08	-23962.992	5515.205	92.57
-670352.2	-13.57	-24359.527	4724.1133	120.76
-671923.8	-13.57	-24404.451	4996.881	120.76
-670446.94	-11.07	-24738.477	4333.5195	117.13
-669069.0	-7.58	-24953.451	3928.289	112.54
-669777.7	-7.58	-25051.957	4242.4316	105.97
-669338.5	-11.07	-24832.293	4261.8184	105.97
-669291.5	-12.47	-24900.91	4249.3613	95.37
-669598.5	-12.47	-25196.8	4846.0156	116.5
-671807.06	-12.47	-25123.13	5085.6016	116.5
-672115.06	-12.56	-24814.336	5385.8145	116.5
-671927.4	-12.56	-24743.49	5200.287	116.5
-668437.6	-13.07	-24880.31	4213.1055	108.32
-671910.6	-13.07	-24808.338	4765.1543	108.32
-671487.06	-13.07	-24734.6	5252.1895	107.28
-671996.6	-13.07	-24716.53	5524.451	107.28
-670282.4	-13.11	-24886.408	5197.7773	104.21
-673407.9	-9.65	-24934.328	5808.207	104.21
-670629.25	-10.43	-24582.238	4849.8047	92.38
-677556.56	-8.7	-24915.959	6002.6367	89.22
-676991.9	-8.7	-24731.32	5730.336	82.23
-679956.1	-8.7	-24988.248	5568.9375	105.97
-678570.44	-7.55	-25016.734	5183.295	107.28
-678878.94	-7.55	-25023.178	5554.8613	92.77
-681781.6	-7.55	-25278.959	5711.127	92.77
-682144.8	-7.55	-24952.81	5562.51	92.77
-684677.06	-7.55	-25203.848	5440.242	107.28
-684534.3	-7.55	-25154.908	5245.6504	107.28
-684661.8	-2.61	-25213.777	4771.258	107.28
-686032.5	-2.61	-25309.469	4975.801	107.28
-682960.56	-2.61	-24678.572	5316.787	92.22
-682035.6	-2.61	-24951.252	5224.209	92.22
-681349.2	-2.61	-25234.193	5444.8965	96.47
-681114.7	-2.61	-25163.94	5107.1543	96.47
-674184.2	-2.61	-24815.678	4314.0723	96.47
-673692.5	-2.61	-25155.28	4123.457	96.47
-674993.7	-8.7	-24792.877	4403.283	88.86
-673013.56	-11.07	-24540.176	4369.8516	88.86
-671698.75	-11.07	-24103.049	5084.0312	79.87
-670979.94	-10.68	-24218.533	5523.7266	79.16
-669845.1	-10.68	-23945.238	5263.0117	78.79
-673439.8	-3.09	-24767.197	4952.422	78.79
-676436.25	-1.37	-24826.057	5181.504	78.79
-677920.1	-1.37	-24961.27	5539.799	78.79
-680278.8	-1.37	-25093.389	5763.1895	81.52
-679415.2	-1.37	-24946.2	5975.42	78.79
-682758.9	-1.37	-24015.541	6868.4414	73.36
-664976.44	-4.85	-22704.998	7598.959	63.61
-659628.2	-0.12	-22730.248	8037.666	62.34
-658794.5	-3.29	-22961.398	7748.119	62.34
-662685.44	-2.28	-22721.355	8759.709	63.75
-661010.75	-0.41	-23518.617	8095.125	63.75
-659275.44	-0.41	-23598.541	7562.324	63.75
-658756.06	-0.41	-23759.533	6782.162	63.75
-652793.25	-1.66	-23418.781	7949.217	61.66
-653148.0	-1.66	-23298.709	8043.377	61.66
-657793.94	-0.57	-23063.982	7742.3203	61.32
-652085.2	-0.57	-22194.998	7395.0977	59.69
-654535.3	-0.57	-22031.27	7717.3887	59.69
-659426.3	-0.57	-22322.191	7632.3086	60.03
-650794.25	-0.69	-23330.883	5384.1816	62.04
-650700.8	-0.69	-23341.05	5489.08	62.04
-659587.25	-0.69	-22734.965	7259.4727	62.42
-660023.25	-0.69	-22460.52	7549.414	62.42
-658336.75	-0.69	-22599.0	7070.8184	62.42
-664358.7	-2.64	-23192.47	6843.752	65.23
-661662.2	-10.22	-23118.357	7206.3027	65.23
-664947.44	-9.63	-23242.502	7177.6875	65.23
-663891.06	-8.15	-23615.701	7010.0703	65.23
-655354.94	-11.54	-23682.695	5700.6816	65.62
-655477.7	-11.54	-23018.893	6456.8555	65.62
-657794.56	-2.64	-23731.127	5846.7227	65.62
-658657.8	-4.26	-22132.377	7495.158	62.5
-653547.7	-1.72	-23542.225	5656.0723	62.5
-656355.44	-1.72	-23309.76	6446.047	62.58
-655583.1	-1.72	-23166.39	6345.707	62.58
-659173.8	-1.72	-23132.068	6689.9688	62.58
-659412.75	-1.72	-23290.947	7071.131	62.58
-662256.94	-1.72	-23307.738	6296.7637	63.84
-664435.9	-1.72	-22867.11	6663.1133	63.84
-658444.75	-3.05	-21815.879	7113.0195	62.58
-659296.1	-3.05	-21920.36	7489.631	62.58
-655307.2	-2.78	-23704.832	6222.3867	62.58
-655720.94	-3.05	-23207.764	7249.957	60.45
-659042.8	-3.05	-22982.682	7236.6875	60.45
-657175.56	-3.05	-22218.125	7226.9355	61.98
-648766.2	-5.46	-21287.143	8719.848	60.34
-648650.2	-5.46	-22810.812	7846.17	62.56
-659499.4	-4.39	-21981.828	8997.324	61.88
-658898.6	-5.73	-21929.037	9107.416	61.88
-658509.1	-5.73	-22460.717	8253.584	61.88
-659110.3	-5.73	-22927.727	7770.674	62.83
-659078.56	-5.73	-23039.488	8049.0117	62.83
-659406.7	-5.73	-23018.977	7906.004	62.83
-659617.75	-5.73	-22566.031	8280.65	62.83
-660312.8	-5.73	-22922.262	8843.5	62.83
-660416.06	-5.73	-22832.588	8195.637	64.78
-657668.9	-5.73	-23219.014	7094.297	64.78
-666145.25	-5.73	-23386.39	6153.3105	65.34
-659605.44	-8.45	-23739.674	6974.9297	68.79
-661442.06	-8.45	-23666.092	7113.0547	68.79
-662111.75	-8.45	-23596.225	7487.834	68.79
-659211.56	-8.66	-23456.72	6249.709	67.11
-657115.56	-8.66	-23826.441	5532.4863	67.11
-654329.0	-8.66	-23574.639	5528.6523	67.11
-654776.0	-8.66	-23831.32	5305.213	70.09
-657547.0	-8.66	-23760.139	5374.4004	70.09
-660250.56	-8.66	-23915.746	6251.285	68.87
-659950.44	-6.88	-24292.648	5762.914	68.87
-671192.9	-6.6	-24630.752	4937.4473	67.27
-668484.44	-6.6	-24370.05	4890.1934	67.11
-669071.7	-6.6	-24359.129	4946.1895	67.11
-669897.8	-6.6	-24072.115	5737.967	67.11
-670200.6	-6.6	-24092.562	6003.99	67.23
-671454.06	-6.31	-23726.96	6031.34	67.23
-672421.7	-6.31	-23863.74	5816.631	70.94
-674632.9	-6.31	-23706.875	5799.0137	70.94
-674316.3	-6.31	-23829.518	5783.254	70.94
-675654.25	-3.59	-23905.324	5668.3164	70.94
-672166.06	-2.77	-24136.617	5642.592	71.87
-673114.44	-2.77	-24118.736	5692.4316	71.87
-671104.1	-6.88	-24588.48	5863.24	76.54
-681035.44	-7.57	-23855.043	6091.8887	76.54
-678455.44	-7.57	-24081.39	5938.4434	76.54
-676174.4	-7.97	-23706.889	6408.051	76.54
-676614.06	-9.01	-23929.87	6783.3535	71.8
-679409.06	-9.42	-23791.887	7240.916	71.8
-681659.4	-2.52	-24336.215	6919.742	69.44
-680234.06	-2.52	-24157.357	6758.584	69.44
-677927.5	-3.52	-24342.27	6429.1934	68.82
-676611.0	-3.52	-24369.2	6451.791	68.82
-678077.8	-3.52	-24373.281	6923.131	68.82
-681183.6	-7.67	-24020.215	6445.2363	66.16
-679175.3	-7.67	-24329.9	6324.5137	66.16
-679102.44	-6.19	-24196.963	6165.5195	66.16
-678307.75	-6.19	-24010.473	6042.7285	66.16
-677648.7	-6.19	-24221.05	5923.6777	66.16
-674649.6	-7.67	-24205.535	5387.533	81.59
-675640.2	-7.67	-24615.1	5098.119	86.18
-673970.5	-6.53	-24216.25	4968.6562	83.53
-671514.7	-6.53	-24103.707	4968.043	83.53
-670911.2	-6.53	-24620.775	4826.213	88.02
-677275.5	-7.85	-25048.719	5673.2383	88.02
-678960.94	-7.85	-24842.762	5455.9062	88.02
-678857.56	-8.39	-24739.482	5487.7773	88.02
-676153.4	-9.68	-24566.332	5493.6113	91.85
-674806.9	-9.68	-24710.717	5784.5625	87.74
-673326.3	-7.36	-24933.6	5531.914	89.81
-685387.1	-11.39	-24902.057	5382.5527	102.55
-685454.2	-11.39	-24710.219	5453.66	102.55
-683373.4	-11.39	-24510.098	5298.1113	130.11
-686351.2	-11.39	-24210.547	5956.621	106.46
-687615.0	-11.39	-24676.668	6084.842	106.46
-687513.25	-11.9	-24780.172	6020.0293	87.6
-685212.2	-2.03	-24840.322	5523.58	87.6
-687181.06	-2.03	-25157.066	5124.369	93.39
-689848.06	-2.03	-24650.758	5741.7344	93.39
-688350.7	-2.03	-24715.486	5894.914	93.39
-689192.8	-2.03	-24871.268	5898.127	93.39
-690009.0	-3.59	-24417.252	6199.1426	93.39
-689586.5	-3.59	-24988.482	5764.574	118.68
-691285.75	-3.59	-24822.223	6149.633	118.68
-688899.8	-3.59	-24811.922	5829.8477	94.9
-688192.06	-3.59	-24992.768	6031.838	94.9
-686022.7	-3.59	-25002.672	6153.1484	88.11
-682130.5	-3.59	-25126.57	5903.881	88.11
-685265.3	-8.81	-24898.459	5884.838	88.11
-681270.94	-8.81	-24783.46	5878.717	88.11
-680742.25	-8.81	-24986.803	6158.086	88.11
-674312.8	-8.81	-24626.404	5449.0645	88.11
-675051.25	-8.81	-24612.41	5379.3867	89.72
-675568.7	-8.81	-24606.268	4866.961	89.72
-674404.5	-8.81	-24618.06	4898.672	86.57
-676445.25	-8.81	-24307.932	5167.3184	96.24
-675248.06	-8.81	-24416.723	5249.707	86.57
-677838.3	-8.81	-24232.598	5895.992	84.56
-666958.1	-8.81	-24635.299	5171.672	81.63
-680329.75	-8.68	-24610.172	5061.1406	97.34
-680744.3	-8.68	-24605.812	5046.9766	97.34
-677791.2	-8.68	-24745.629	4886.9727	88.47
-674618.25	-8.06	-24858.668	4693.5176	88.47
-677662.56	-8.06	-24736.062	5199.74	86.21
-679337.3	-8.06	-24686.703	4811.6367	91.06
-678327.94	-8.06	-24857.518	4925.0703	91.06
-678755.6	-8.06	-24758.879	4892.7812	91.23
-677129.3	-8.06	-25053.559	4822.8047	91.23
-678773.06	-5.83	-25188.535	4357.242	92.44
-679992.56	-5.83	-25158.79	4398.5605	92.44
-680690.25	-5.83	-25066.83	4800.7207	92.44
-681949.44	-5.83	-24761.412	5471.8496	92.44
-680745.94	-6.63	-24844.277	5388.504	91.23
-684866.94	-6.63	-25036.93	5554.5273	89.42
-683574.8	-2.09	-24918.559	5353.994	92.98
-681257.3	-6.63	-24912.53	5246.09	92.98
-679393.0	-6.63	-24810.62	4850.7793	92.98
-679434.44	-6.63	-24734.715	4699.6484	92.98
-680152.8	-6.63	-24652.6	4932.5234	85.71
-680315.75	-7.36	-25010.791	5229.8984	121.83
-676220.2	-7.36	-24869.992	5404.7383	81.53
-680561.2	-7.36	-24930.16	6199.209	81.53
-681452.1	-7.36	-24718.668	6710.709	81.53
-681427.94	-7.36	-24841.959	5849.367	81.53
-679734.2	-7.36	-24671.508	5867.5566	69.31
-679784.2	-7.36	-24670.3	6577.285	70.54
-682270.7	-7.36	-24606.52	6447.8613	71.05
-683768.8	-7.36	-24434.55	6942.4043	80.53
-682867.75	-7.36	-24479.24	6678.9004	80.53
-681501.94	-7.36	-24873.791	6082.0	84.05
-678966.44	-7.36	-24938.03	5859.1074	84.05
-682491.0	-7.36	-24781.826	6646.508	87.9
-685084.44	-7.36	-24975.51	6977.0664	87.9
-685017.44	-7.36	-25012.557	7088.758	87.9
-685623.06	-7.36	-24795.41	6667.3027	87.9
-682528.5	-7.81	-23798.139	7435.699	75.95
-682923.0	-7.28	-23961.92	7094.4062	75.95
-687646.1	-7.28	-24294.63	7269.7676	75.95
-690561.5	-7.28	-24335.42	6974.787	89.81
-688859.7	-7.28	-24701.598	6571.4727	89.81
-688583.5	-7.28	-24665.842	6146.289	89.26
-689091.4	-7.28	-24640.87	6536.426	89.26
-688777.56	-6.69	-24828.195	6066.502	83.89
-684738.9	-7.28	-24560.053	5589.082	83.89
-685233.44	-7.28	-24595.69	6184.449	83.89
-685540.4	-7.28	-24474.568	6431.2617	83.89
-686697.7	-7.28	-24430.09	6439.8105	83.89
-685533.1	-7.28	-24935.164	6323.338	96.9
-688516.6	-4.67	-24880.125	6063.7363	96.9
-687225.25	-4.67	-24551.297	6870.0234	81.8
-685489.06	-7.41	-24414.877	7076.1855	81.8
-685697.44	-1.82	-24631.52	6170.74	81.8
-685423.3	-1.82	-24277.049	5749.879	81.8
-682236.1	-1.82	-24172.86	6077.461	70.19
-682575.4	-1.82	-24214.488	6465.035	71.03
-681460.1	-1.82	-24632.643	6084.287	68.4
-683281.3	-1.22	-24733.072	5954.162	74.09
-684323.94	-1.22	-24375.29	6262.621	74.09
-686059.94	-1.22	-23708.27	7102.8184	74.09
-688973.56	-1.22	-24701.154	6169.1016	83.43
-689775.56	-1.22	-24691.998	6137.1074	83.43
-689378.1	-1.22	-24802.434	6249.33	83.43
-683940.44	-1.22	-21481.477	9325.934	71.03
-683215.9	-1.22	-21985.646	9316.131	69.96
-682696.94	-1.22	-22115.8	9209.406	69.96
-682548.4	-7.41	-22593.738	9723.91	68.4
-682665.9	-7.41	-22588.174	9014.795	68.4
-686830.75	-7.9	-23143.68	8962.111	77.59
-684762.0	-7.9	-22676.07	8900.357	77.59
-684275.25	-8.54	-22576.074	9863.713	77.59
-682472.2	-9.89	-23468.771	7155.33	78.51
-671032.94	-9.89	-24201.104	6274.658	78.51
-670126.8	-10.65	-24377.623	6514.158	78.51
-671725.0	-10.65	-24475.293	6624.0605	78.33
-664609.3	-10.52	-23583.055	6824.451	70.24
-669043.7	-9.07	-22896.871	7694.8438	68.05
-667808.3	-9.07	-22788.66	7394.115	65.3
-667005.06	-9.07	-23468.549	6464.951	65.3
-661252.9	-9.85	-23926.602	4888.5195	72.56
-659174.94	-9.85	-24026.713	5030.5586	73.58
-662496.94	-8.12	-23839.85	4656.49	73.58
-663893.56	-8.12	-24005.281	4828.9316	73.58
-667182.0	-8.12	-24017.006	4922.0664	79.24
-664571.56	-9.85	-23766.537	5140.158	79.24
-665747.75	-6.64	-24639.242	4784.2363	86.01
-664884.2	-10.52	-24657.252	5009.082	86.01
-666921.7	-11.64	-24725.941	5651.9805	86.97
-662673.3	-12.84	-24164.916	4460.2754	90.77
-665802.3	-12.84	-24379.248	4411.541	99.04
-664774.94	-12.84	-24255.428	4722.0723	84.42
-663338.06	-7.51	-24352.559	4215.754	93.36
-666990.44	-7.51	-24336.611	4139.7188	93.36
-667188.75	-11.33	-24698.545	4521.676	90.51
-665689.1	-11.33	-24635.182	4452.5664	90.51
-664993.2	-2.85	-24729.998	3678.1992	94.84
-668833.6	-2.85	-24896.934	4080.9883	92.54
-668507.1	-4.92	-24815.678	4077.2441	92.54
-666100.8	-4.92	-24628.662	4014.9316	92.54
-668020.06	-4.92	-24798.07	3907.0703	112.62
-665393.8	-4.92	-24740.447	3853.332	112.62
-669988.4	-4.64	-25016.998	3632.746	98.43
-667137.1	-4.64	-25108.852	3702.6758	121.97
-665088.5	-4.64	-24963.621	3466.3574	121.97
-662356.94	-4.64	-24809.95	3250.6387	121.97
-663236.9	-4.64	-24838.24	3506.3633	121.96
-660918.5	-3.62	-24590.133	3415.6367	98.43
-659676.6	-3.62	-24639.682	3198.5625	98.43
-660474.5	-3.62	-24618.146	3559.7812	98.43
-654888.94	-3.59	-24424.373	3487.9473	96.71
-652844.75	-3.59	-24205.871	3450.418	96.71
-652368.4	-3.59	-24677.76	3284.92	101.11
-647888.5	-3.05	-24258.492	3692.211	85.76
-657062.56	-3.05	-24225.328	3621.871	85.32
-658717.94	-4.64	-24182.342	4094.5977	79.04
-658792.56	-4.64	-24093.754	4300.6465	79.04
-658980.3	-4.64	-24424.414	4498.4355	79.04
-658358.5	-4.64	-24331.938	4469.082	79.04
-656471.0	-0.42	-24719.799	3749.004	79.04
-656085.5	-4.64	-24489.92	3843.1191	79.04
-658111.25	-4.64	-24261.932	4187.5586	79.04
-658989.3	-4.19	-24541.559	4214.3926	79.66
-664000.94	-4.19	-24636.293	4046.2148	80.51
-667278.2	-4.64	-24229.018	4389.965	80.51
-664982.8	-4.64	-24293.115	4704.088	80.51
-665395.75	-4.64	-24260.14	4614.787	80.51
-672512.6	-8.36	-24161.08	5289.9707	80.51
-670318.8	-8.36	-24637.24	5184.3105	85.46
-671660.06	-8.36	-25039.691	4374.4805	124.33
-674804.8	-9.3	-24928.816	3913.0293	138.88
-675334.94	-9.3	-24359.05	4330.168	138.88
-676605.1	-9.3	-24220.25	4330.99	138.88
-672558.25	-9.3	-24366.803	4083.836	124.33
-672865.1	-9.3	-24666.768	4190.3223	124.33
-671499.4	-9.3	-24506.05	4154.119	109.5
-669298.4	-9.3	-24380.14	4176.658	94.79
-671477.2	-9.3	-24521.266	4296.258	94.79
-672434.25	-9.3	-24771.469	4428.703	112.96
-672547.56	-9.91	-24579.648	4735.9434	112.96
-670955.25	-9.91	-24854.13	4344.6875	112.96
-673058.2	-9.91	-24468.258	4695.5723	112.96
-676391.7	-9.91	-24609.85	4800.5723	112.96
-675837.56	-9.91	-24593.66	4767.1504	109.48
-674238.7	-9.91	-24279.988	4934.133	103.56
-671996.5	-9.91	-24623.559	4205.295	104.59
-673138.5	-9.91	-24439.61	4356.7793	104.59
-669955.75	-9.91	-24408.592	4103.332	126.66
-666174.94	-10.8	-24617.73	3702.2422	186.63
-666596.0	-11.37	-24993.242	3705.42	186.63
-667473.94	-9.29	-24932.387	3944.504	186.63
-682149.7	-11.37	-25486.293	3957.832	186.63
-684470.4	-11.37	-24855.213	5135.3633	186.63
-683725.2	-11.37	-25310.318	4243.172	186.63
-682639.4	-11.37	-25345.336	4455.164	186.63
-682218.75	-11.37	-25482.098	4789.9844	186.63
-682330.4	-11.37	-25351.09	5361.301	186.63
-678758.7	-11.37	-25229.729	5177.9336	108.14
-677767.0	-11.92	-25074.854	5291.92	108.14
-678720.0	-11.92	-24606.61	5727.6523	94.81
-675629.5	-11.92	-24704.314	5096.0996	98.36
-676837.0	-11.92	-24701.902	4829.0176	126.66
-677718.75	-14.69	-24530.05	4925.715	126.66
-680242.6	-11.44	-24604.99	5007.7754	126.66
-678137.0	-11.44	-24608.277	5355.586	126.66
-676598.0	-11.44	-24685.62	5196.42	108.09
-673521.9	-11.44	-24951.41	4830.9746	108.09
-673082.06	-11.44	-25085.44	5038.424	109.23
-670021.4	-11.44	-24923.121	4475.7324	109.23
-666400.4	-15.78	-24724.545	5384.504	153.25
-665798.2	-15.78	-24586.9	5160.91	153.25
-659863.0	-15.84	-24220.273	4237.996	124.37
-658318.4	-15.84	-24253.6	3956.1816	124.37
-658507.25	-15.84	-24162.18	4607.246	118.43
-658383.3	-11.09	-24561.72	3623.666	118.43
-657621.4	-15.05	-24327.951	4303.3945	124.48
-657292.3	-15.05	-24318.988	4256.1777	124.48
-654448.1	-15.05	-24269.342	3999.371	124.48
-654052.06	-17.27	-23884.012	4215.918	124.48
-654920.6	-16.41	-23949.35	4137.6855	124.48
-653511.25	-16.41	-23732.305	4325.4434	118.43
-655733.94	-16.41	-23574.86	4619.1113	109.52
-658550.1	-16.41	-23748.645	4700.0195	89.08
-661415.4	-16.41	-23743.312	4767.3906	89.08
-659949.94	-16.41	-23528.488	5088.5176	77.38
-656827.9	-16.41	-23925.13	4860.867	90.08
-656050.2	-14.55	-23418.02	6066.8203	77.37
-656882.25	-14.55	-23731.266	6252.584	77.37
-661793.7	-14.55	-23624.912	6074.2715	77.37
-659768.1	-14.55	-22740.389	6515.66	75.86
-658402.2	-18.43	-22786.934	6739.92	75.86
-658764.5	-15.84	-22800.549	6806.6445	75.86
-660863.6	-18.43	-22689.066	6928.5645	75.86
-659891.9	-18.43	-22735.271	6782.7383	75.76
-652325.06	-15.05	-22737.143	7296.6973	73.05
-654125.2	-15.05	-23044.01	7323.0273	73.05
-656631.3	-19.78	-22447.217	7789.672	72.56
-657175.9	-19.78	-22439.838	7908.6133	72.56
-658039.1	-19.78	-22848.588	7924.756	72.56
-660932.0	-19.78	-22732.066	8038.0566	77.16
-663691.56	-19.78	-22568.178	8018.293	77.32
-663499.4	-15.09	-23016.48	7817.742	69.26
-662845.3	-12.8	-22771.537	7732.0977	69.26
-659863.25	-12.8	-23143.008	7025.09	69.26
-658964.0	-12.8	-22871.83	7367.703	67.32
-660327.7	-12.8	-22579.547	7817.125	67.32
-662244.1	-12.8	-23381.709	7102.1543	69.26
-664749.7	-15.93	-23153.309	7959.0605	69.26
-663488.94	-15.93	-23221.26	7969.49	71.88
-663881.3	-15.93	-23405.57	8201.967	71.88
-664849.5	-15.93	-22943.402	8694.256	71.88
-666272.94	-15.93	-24516.553	6563.9824	77.18
-667980.7	-15.93	-24488.64	7027.373	77.18
-667033.56	-11.07	-24504.629	6518.8594	77.18
-667556.06	-16.85	-24332.072	6749.426	77.49
-668015.0	-16.85	-24757.658	6957.293	82.41
-661374.75	-13.01	-23975.52	5834.3145	80.21
-676831.3	-12.95	-23932.29	6492.1465	83.66
-676503.06	-12.95	-23852.64	6468.5156	83.66
-681210.7	-12.95	-23790.418	6470.5117	83.59
-676558.25	-12.95	-23721.168	6125.8125	83.59
-674300.56	-12.95	-23841.062	6376.369	89.6
-669037.44	-13.01	-23728.506	6120.2246	77.73
-664915.2	-13.01	-23622.291	6065.7344	77.21
-666760.9	-13.01	-23790.5	6823.6875	77.21
-659533.0	-11.15	-23742.92	4911.174	77.21
-658008.4	-10.07	-23751.121	5336.4062	77.21
-653576.3	-10.07	-23754.71	4915.498	77.21
-651570.56	-10.07	-23367.037	4840.914	77.73
-657310.9	-11.15	-24213.352	4603.926	79.18
-665117.5	-11.15	-24080.043	5432.3867	79.18
-660266.56	-11.15	-24295.86	5101.2656	80.36
-663824.9	-11.15	-24057.463	4993.615	79.18
-666783.0	-11.15	-24091.938	4953.8535	79.97
-666872.5	-11.15	-24179.793	4978.545	79.97
-667160.06	-11.37	-24250.332	6241.7773	77.04
-666701.1	-11.37	-24024.252	5871.408	73.51
-666450.8	-11.37	-24472.463	5591.1562	73.51
-668984.7	-11.37	-24151.637	5776.1504	75.92
-669822.8	-11.37	-23990.477	6402.99	75.92
-676804.56	-11.37	-23959.287	6912.9434	84.05
-673101.2	-12.86	-23602.877	6079.6035	78.92
-668769.94	-15.16	-22915.73	6749.922	78.92
-671931.5	-15.16	-22824.582	6767.2324	78.92
-674094.5	-15.16	-23065.81	7180.342	78.92
-675378.75	-15.16	-22800.18	7538.8125	78.92
-672078.94	-15.16	-22300.916	8038.834	77.78
-675217.0	-11.73	-23839.492	6185.9805	73.02
-675575.75	-11.73	-23644.594	6378.2266	75.41
-676300.7	-9.2	-23439.01	6702.8633	75.41
-680157.94	-9.2	-23582.342	6870.709	77.73
-678693.7	-9.2	-23545.96	6797.4277	77.73
-684157.9	-9.2	-23299.47	7640.467	77.73
-680995.8	-9.2	-23446.639	7136.1953	75.41
-683757.1	-9.2	-23734.383	7571.125	75.41
-684371.3	-1.88	-23580.0	7195.8867	75.41
-684867.25	-1.88	-23436.12	7535.8145	75.51
-684935.8	-1.88	-23645.822	7583.258	75.51
-683553.75	-1.88	-23878.424	7174.246	75.51
-684275.56	-1.88	-24162.963	6885.289	78.39
-683982.44	-4.49	-24097.25	7135.867	78.39
-683851.0	-9.41	-24327.11	7530.963	78.39
-681511.94	-9.41	-24132.121	7024.1543	78.39
-681233.25	-9.41	-24209.16	6595.2344	78.39
-681431.8	-9.41	-23951.223	6806.67	79.38
-681551.3	-9.41	-24177.99	6396.92	84.85
-681652.4	-9.41	-24209.602	6676.1367	84.85
-685182.6	-9.41	-24409.01	6698.7617	80.98
-681688.25	-9.41	-24257.975	6697.9043	85.19
-685422.3	-9.48	-23915.01	7155.2383	82.38
-683792.75	-9.48	-24083.459	6716.91	82.38
-682531.56	-9.48	-24469.148	6896.4277	82.38
-680586.94	-10.31	-24242.242	7184.4043	81.62
-681795.5	-10.31	-24076.621	7401.037	81.62
-679385.3	-10.31	-23941.682	6961.709	81.62
-677038.6	-10.31	-24160.28	6452.422	81.62
-671516.7	-10.58	-23964.309	6590.8906	75.92
-676136.6	-10.58	-24175.549	7396.4824	75.51
-669808.2	-11.27	-24196.678	6143.0586	79.36
-675542.3	-11.27	-24341.24	6388.76	79.36
-675819.44	-11.27	-24132.342	6608.379	73.68
-675723.4	-11.27	-24523.602	6732.7617	73.68
-675516.94	-11.27	-24288.904	6211.8066	80.29
-677966.2	-11.27	-24591.611	6320.1855	85.09
-677464.1	-11.27	-24338.998	6146.334	85.09
-681309.44	-11.27	-24288.695	6146.715	85.09
-680531.44	-11.27	-24211.559	6060.703	85.09
-678697.06	-11.27	-24078.21	6580.6797	82.07
-676704.75	-11.27	-23588.117	7007.9805	70.01
-673593.56	-10.7	-23589.787	7110.8613	70.01
-671411.9	-10.7	-23446.791	6921.9766	71.03
-670920.2	-10.7	-23505.018	6915.24	71.03
-667159.9	-10.7	-23524.322	6284.4785	71.58
-663563.75	-10.7	-23468.23	6138.6094	71.58
-667409.0	-10.7	-23922.752	5763.713	71.7
-669524.94	-9.19	-23905.71	5935.8203	71.58
-672452.8	-9.19	-23377.262	6318.4434	72.98
-672028.0	-9.19	-23608.13	6564.0215	72.98
-670593.8	-9.19	-23653.635	6133.133	72.98
-672792.1	-9.19	-23500.506	6461.133	72.98
-675213.3	-9.19	-24021.24	5442.74	75.12
-671523.25	-9.19	-23679.742	6504.3906	72.98
-669676.56	-9.19	-22945.365	6843.492	70.37
-658036.9	-9.19	-22576.625	6277.832	68.05
-658810.9	-9.19	-23173.717	6518.6367	68.05
-656994.4	-9.19	-23181.46	5712.5586	68.05
-658976.3	-7.62	-23330.24	5531.7812	68.65
-663667.9	-7.62	-23191.922	5884.791	68.65
-662187.4	-7.62	-22804.992	6296.793	68.48
-658790.0	-7.62	-23266.512	5661.326	68.05
-655617.0	-9.65	-22850.6	6225.2285	68.05
-656958.4	-9.42	-23398.521	5426.414	68.05
-658192.0	-7.86	-23355.924	5619.033	68.66
-657914.7	-7.86	-23640.213	5388.2676	72.07
-655862.1	-7.86	-23513.332	5017.291	72.07
-655943.25	-7.86	-23688.09	5333.342	72.07
-652274.7	-9.42	-23356.387	5230.453	72.07
-654253.44	-9.42	-23788.07	5237.09	72.07
-651556.75	-9.42	-23783.947	4582.8047	72.07
-652471.06	-8.63	-23639.924	4991.408	72.25
-650289.5	-8.63	-23909.87	4667.0645	72.07
-650419.9	-8.63	-23863.098	4557.4707	74.41
-649569.56	-8.63	-23773.398	5431.422	69.39
-646320.06	-8.63	-23468.365	5274.0137	69.39
-643866.44	-8.63	-23444.225	5193.7734	69.39
-646101.44	-8.63	-23859.977	5241.7227	69.21
-643310.56	-8.6	-23668.68	5011.8184	69.21
-644401.4	-8.6	-23282.871	5087.551	69.21
-643888.75	-8.6	-23897.559	4859.301	70.94
-646743.3	-8.6	-24063.34	4869.5176	76.35
-651181.56	-3.65	-24430.387	4276.213	76.35
-659396.94	-3.65	-24375.791	4619.9863	67.37
-663246.56	-3.65	-24288.035	4819.9434	72.07
-662964.3	-3.65	-24397.93	4866.8594	72.07
-661126.5	-1.87	-24764.633	4457.912	72.07
-664025.25	-1.87	-24697.828	4161.785	69.55
-664183.75	-1.87	-24732.693	4261.578	67.34
-665778.56	-1.87	-24538.518	4871.865	67.34
-663062.7	-1.87	-24599.799	4461.4746	65.44
-657150.44	-1.87	-23149.139	6054.967	62.63
-656595.2	-1.63	-23725.059	5766.295	62.63
-656500.4	-1.63	-23679.705	5748.328	62.63
-657757.75	-1.63	-23491.727	6335.6855	61.4
-655018.56	-1.63	-23508.793	6057.6973	61.4
-655598.9	-1.63	-23515.363	6108.9395	60.4
-652666.5	-1.63	-23656.482	5794.6484	60.4
-652656.8	-1.63	-23253.34	5656.078	60.45
-650063.75	-2.31	-23491.195	6148.2754	60.45
-650282.94	-2.31	-23464.703	6235.3145	59.72
-650681.06	-0.3	-23216.596	5802.246	59.72
-652350.2	-0.3	-23538.664	6050.0703	59.72
-649501.3	-1.88	-23267.746	5802.494	59.72
-651428.56	-1.88	-23411.879	6339.6953	58.94
-648515.94	-1.88	-23323.742	5856.9434	58.94
-651066.2	-1.88	-23744.281	4883.342	65.77
-648780.2	-1.88	-23892.623	4017.5547	70.35
-652797.56	-1.88	-23911.701	4281.746	70.35
-652145.6	-1.88	-24131.799	4135.5273	70.35
-655636.4	-1.88	-24139.12	4299.6777	71.58
-656006.3	-1.88	-23974.521	4496.674	71.58
-651342.8	-2.18	-23808.127	4339.5215	71.58
-653917.3	-2.18	-24026.773	4476.871	71.58
-652008.9	-2.18	-23998.72	4428.7793	71.58
-652956.94	-2.18	-24138.3	4383.172	71.89
-656909.2	-2.18	-24041.318	4343.3906	71.89
-656504.94	-2.18	-24316.494	4492.576	71.89
-656062.0	-2.18	-24067.992	4613.3184	66.89
-657449.4	-7.25	-23874.668	4882.4395	66.58
-654936.8	-7.25	-23935.889	4678.131	66.58
-660068.4	-7.25	-24164.602	6230.709	66.58
-636287.94	-7.06	-22511.186	5475.992	63.03
-636228.1	-4.11	-22685.656	5338.967	63.03
-634376.9	-4.11	-22690.361	5428.088	63.03
-642342.8	-2.31	-23267.764	5155.545	61.41
-644168.1	-5.1	-23103.762	5429.5273	61.41
-645716.2	-4.28	-23562.977	5173.502	64.57
-637833.1	-2.98	-22535.47	5887.2617	57.58
-639869.9	-5.1	-22856.451	5171.824	64.54
-638236.3	-5.1	-22862.47	5131.955	65.83
-633863.8	-5.1	-22980.79	4463.883	65.83
-631095.75	-5.1	-23021.12	4704.4355	65.83
-629837.2	-5.1	-23122.871	4597.4004	65.83
-633950.1	-5.33	-23001.5	5130.2305	65.83
-633048.7	-5.47	-23103.172	5067.2207	65.83
-633345.8	-5.47	-23127.725	5148.1094	65.83
-637796.1	-2.84	-23760.781	4677.3926	65.83
-637037.06	-2.84	-23604.193	4605.0586	65.88
-637902.6	-5.47	-23317.65	5015.9043	65.88
-660875.44	-7.56	-23570.305	6112.8164	65.88
-657467.2	-7.56	-23135.59	6898.592	64.5
-656150.25	-7.56	-23403.6	6215.785	64.5
-655261.2	-8.51	-23250.72	6613.082	64.5
-658626.25	-2.64	-23604.69	6400.135	64.5
-654078.25	-8.51	-23674.62	6145.9375	64.5
-651635.4	-8.51	-23725.092	5938.5254	64.5
-648933.2	-8.51	-23483.113	5554.1895	64.5
-648018.3	-8.51	-23567.316	5234.5176	64.5
-648291.7	-10.2	-23095.77	6022.8633	64.5
-648539.3	-10.2	-22876.84	6857.117	64.5
-647859.44	-10.27	-23097.51	7049.3945	64.5
-648947.06	-9.11	-23463.633	6664.2227	64.5
-649559.1	-9.11	-22845.883	7233.8965	64.5
-644701.25	-9.11	-23152.91	6251.008	64.28
-642676.6	-9.11	-23017.014	6239.074	64.28
-654300.75	-8.85	-22836.318	5939.3945	65.3
-653174.4	-8.85	-23508.303	5341.5938	65.3
-650911.44	-8.85	-23379.328	5305.4785	65.3
-649042.5	-9.11	-22770.367	5351.883	65.3
-650723.2	-9.11	-22652.836	6026.828	65.3
-648849.94	-9.11	-22910.748	5964.717	64.5
-653048.9	-10.27	-22809.52	6175.9023	64.5
-654605.44	-7.29	-23506.928	5426.252	68.53
-656777.25	-7.29	-23555.328	5592.24	64.5
-657513.9	-7.29	-23558.127	5643.047	64.73
-659420.25	-7.29	-23018.076	6070.5625	64.73
-658549.25	-7.29	-22973.076	5928.453	64.73
-659936.94	-7.29	-23214.988	6194.3047	64.73
-659487.56	-7.29	-22880.96	6191.1973	64.73
-656670.4	-10.27	-22636.22	6464.6523	64.73
-659364.9	-10.27	-22893.088	6634.4746	64.73
-662895.8	-10.27	-22602.78	6340.078	64.73
-663132.75	-10.27	-21829.71	7102.658	64.73
-660473.6	-9.38	-21657.549	7581.496	64.05
-658140.75	-8.96	-21670.48	7510.5273	62.76
-649772.0	-4.87	-22156.633	6717.3887	61.73
-645158.7	-7.63	-22295.146	6357.498	60.47
-647076.0	-7.63	-22151.82	6492.121	60.47
-648427.8	-8.96	-21775.705	6778.508	60.47
-640739.06	-7.85	-22481.16	5937.9727	60.42
-639458.75	-7.85	-22612.701	6130.6133	61.11
-642315.06	-7.85	-22419.754	6463.75	61.11
-645015.2	-7.85	-21969.145	7486.7773	61.11
-644836.6	-7.85	-22275.432	6089.3906	62.58
-650437.5	-7.85	-22023.88	6360.617	62.77
-649772.3	-7.85	-22253.068	6624.41	62.77
-649605.06	-7.85	-22630.701	6058.326	62.77
-646759.6	-7.85	-22345.607	6011.4746	63.73
-642037.1	-3.0	-23111.594	4904.467	62.77
-641226.75	-2.65	-23235.738	4811.672	62.77
-640922.2	-0.91	-23431.764	4593.791	62.77
-640980.6	-0.91	-22994.5	5059.2227	60.42
-639723.5	-0.91	-23078.73	4983.1875	60.42
-640685.3	-0.91	-23332.088	4817.967	62.58
-642217.56	-0.91	-23263.633	4732.2305	62.58
-643946.2	-3.0	-23018.807	5187.8457	60.47
-646925.8	-7.36	-22378.72	6069.1445	61.11
-649770.75	-7.36	-22466.258	6104.5586	62.77
-644403.3	-7.36	-22430.896	6157.953	60.47
-646082.44	-7.36	-22391.773	6951.9434	60.47
-654806.2	-7.36	-22199.203	6777.885	60.47
-654690.3	-7.36	-22293.766	6832.205	60.47
-653730.8	-7.55	-22249.299	7484.99	60.47
-654781.75	-3.49	-23038.0	6139.002	59.9
-657096.06	-3.49	-22308.848	6526.713	59.9
-656883.06	-3.49	-22767.875	5901.125	59.9
-653815.06	-3.49	-23123.773	5486.9453	59.9
-650359.9	-3.49	-23146.658	5752.367	59.9
-649810.06	-3.49	-23617.318	5206.1875	59.9
-647952.94	-6.53	-23257.719	5454.5957	59.9
-647605.3	-6.53	-23739.31	5291.002	66.47
-648028.8	-6.53	-23499.0	5232.293	66.47
-647586.25	-6.53	-23540.633	4826.088	66.47
-648000.25	-6.53	-23481.229	5018.8438	66.47
-652923.3	-6.53	-23939.6	4767.506	66.73
-662108.06	-6.53	-23704.664	5607.537	66.47
-661616.9	-6.53	-23783.822	5308.787	66.47
-662830.44	-6.53	-23964.41	6065.379	66.47
-658365.3	-6.53	-23629.676	5234.676	66.47
-662288.75	-4.9	-23703.352	5427.119	65.09
-662113.0	-4.9	-23447.924	5929.371	62.64
-658184.44	-4.9	-23451.78	6152.422	62.64
-657670.56	-4.9	-23730.295	5927.537	62.64
-655151.9	-4.9	-23855.533	5547.0625	62.57
-655574.5	-2.64	-23615.252	5538.34	62.57
-653492.56	-2.64	-23346.193	5486.6074	62.57
-656953.94	-0.31	-23581.625	6106.5957	62.57
-657669.9	-0.31	-23555.387	6556.2246	62.57
-656904.0	-0.31	-23744.229	6390.5938	62.57
-656867.94	-0.31	-23722.232	5987.6855	62.57
-654140.44	-0.31	-23849.72	5356.3164	62.57
-653714.44	-0.31	-23888.777	5698.8105	62.57
-652805.44	-0.31	-23512.213	5210.586	62.57
-651479.06	-0.31	-23468.172	5000.9453	62.57
-648112.8	-2.64	-23386.969	4986.1387	62.57
-649869.7	-2.64	-23403.969	5271.461	62.57
-651148.5	-2.64	-23984.812	4987.92	65.64
-651750.94	-2.64	-23889.469	4495.5938	68.65
-650211.4	-2.64	-23891.396	4832.0156	65.64
-649598.44	-2.64	-23737.57	4806.408	65.64
-648196.75	-2.64	-24115.125	4334.004	65.64
-650112.44	-2.64	-24116.209	4202.9688	73.14
-647881.4	-3.05	-24063.799	3904.7598	73.14
-650472.56	-3.05	-23949.37	4104.9824	73.14
-652531.75	-4.9	-24226.158	4236.3535	73.14
-652769.56	-4.9	-23840.852	4551.254	73.14
-655017.4	-4.9	-24061.459	4599.658	73.64
-656239.56	-4.9	-23929.11	4718.08	72.83
-658630.9	-4.9	-23926.809	4676.455	71.26
-663760.25	-60.3	-22268.826	7514.662	77.07
-663415.5	-60.3	-22523.639	7075.0195	77.21
-663424.9	-60.3	-22793.018	6740.459	83.64
-665562.25	-60.3	-23416.797	6179.34	91.89
-665370.4	-62.67	-23961.238	5551.5293	102.34
-667451.9	-34.54	-23597.996	6727.3984	84.81
-668349.1	-34.54	-23151.227	7232.582	84.81
-667914.56	-26.77	-23089.41	7213.5625	84.81
-673263.94	-26.77	-23088.908	7568.3438	84.81
-676550.5	-26.77	-23038.479	7792.633	84.81
-673850.1	-23.56	-23802.14	6914.1895	84.81
-671103.9	-23.56	-22881.3	7807.287	79.87
-671851.3	-21.6	-22723.16	7945.5938	79.87
-674931.75	-21.6	-23537.37	7104.0977	79.99
-676883.1	-21.6	-23284.459	7533.6387	80.97
-674395.94	-21.6	-23690.33	7114.8477	80.97
-672271.44	-21.6	-23748.64	7140.707	80.97
-668955.06	-21.6	-23597.01	7310.992	79.99
-667773.25	-25.38	-23576.424	7118.0957	93.13
-669828.6	-25.38	-23463.121	6694.8477	93.13
-667248.5	-22.08	-23660.191	6649.916	93.13
-666704.3	-22.08	-23948.422	6671.3633	93.13
-675583.56	-22.08	-24280.188	6215.785	108.65
-674291.44	-22.08	-24286.387	6324.7656	108.65
-674494.06	-22.08	-24419.389	6431.881	108.65
-673644.56	-22.08	-25056.492	5470.3164	108.65
-675660.75	-20.46	-25055.953	5883.092	131.72
-672536.94	-20.46	-25097.05	5488.6973	131.72
-674848.5	-12.68	-24787.047	5112.1504	131.72
-674682.2	-12.68	-25174.879	4970.074	131.72
-672296.7	-12.68	-24669.12	5046.8184	119.11
-669598.4	-12.68	-24739.664	4416.7637	149.52
-669496.06	-12.68	-24429.934	4613.293	119.11
-671618.5	-20.46	-24289.625	4389.787	119.11
-668392.56	-20.53	-24489.531	4557.836	119.11
-669466.0	-20.53	-24219.568	4769.658	119.11
-674555.4	-20.53	-24090.254	4883.0	109.97
-674696.94	-18.44	-24352.531	5335.451	109.97
-674629.06	-12.58	-24684.031	5355.3887	109.97
-676109.5	-12.58	-24414.96	5102.8203	109.26
-673203.4	-12.58	-24157.195	5039.7363	109.26
-673173.25	-12.58	-24561.635	4881.551	109.26
-673040.75	-12.58	-24303.377	5257.967	101.44
-673763.6	-12.58	-24236.498	5320.123	101.44
-671777.6	-12.58	-24335.93	4849.912	101.44
-672236.8	-12.58	-24552.15	5031.375	101.44
-671823.3	-12.58	-24688.83	5335.1367	101.44
-672314.9	-12.58	-24440.719	5245.0977	92.85
-671286.75	-12.58	-24330.941	4912.457	96.45
-672866.7	-12.58	-24682.55	5034.701	95.69
-672035.44	-12.58	-24431.088	4782.2344	103.39
-669131.9	-13.68	-24243.03	5062.74	108.72
-668943.06	-13.18	-24647.07	4931.58	105.26
-659946.5	-13.18	-23924.568	4591.881	83.85
-655559.4	-13.18	-23935.914	4664.9434	83.85
-656749.8	-13.18	-24101.379	4865.0117	83.85
-657630.7	-13.93	-23783.174	5533.6543	78.23
-660068.1	-13.93	-23654.963	5799.658	78.23
-658192.1	-13.08	-24116.45	4765.6406	83.23
-659054.6	-13.08	-24354.67	4482.869	98.85
-659552.3	-13.93	-23954.332	5032.3164	83.04
-661428.44	-13.93	-24214.979	5241.789	87.11
-663520.5	-13.93	-24389.49	4773.7285	92.64
-664622.0	-14.48	-24312.041	5177.838	87.6
-666977.7	-17.9	-24171.928	4868.9336	83.39
-668227.56	-17.9	-23917.314	5387.875	83.39
-670002.75	-6.63	-24520.387	4692.6934	88.42
-668074.7	-6.63	-24657.373	4890.5273	88.42
-668327.25	-12.21	-24605.605	5255.455	94.38
-669353.0	-12.21	-24578.164	5119.8438	88.42
-669103.44	-12.15	-24823.424	5095.635	92.07
-667837.94	-11.28	-24767.264	5084.496	92.07
-670436.5	-11.28	-24769.354	5351.174	92.84
-674325.75	-11.28	-24693.352	5263.09	92.07
-674058.2	-11.28	-24712.105	5176.7246	92.07
-673539.0	-11.28	-24705.441	5299.629	88.42
-673762.56	-11.28	-24722.19	5253.5312	92.89
-681045.8	-7.48	-24908.191	4910.3555	92.89
-682879.2	-7.48	-24851.656	4894.7793	92.89
-681105.44	-7.48	-24864.21	5198.9688	92.89
-682335.75	-7.48	-24736.49	5936.799	87.6
-681221.0	-7.48	-24747.83	5724.34	87.6
-677973.8	-9.29	-24273.02	5598.99	87.6
-680593.25	-9.29	-24693.94	5610.7617	87.6
-676463.9	-8.85	-24890.055	4446.7754	109.27
-677966.7	-8.85	-24858.973	4964.797	114.99
-678711.7	-9.29	-24972.822	4251.5273	123.61
-681035.94	-9.29	-24854.42	4350.3438	109.27
-680929.7	-9.29	-24796.244	4813.293	98.54
-680709.6	-2.29	-24735.809	4809.629	98.54
-681081.7	-2.51	-25098.37	4533.2734	106.93
-681322.56	-2.51	-24723.488	4633.1445	91.71
-679372.6	-2.51	-24940.85	4936.6914	91.71
-677867.1	-1.5	-25144.354	4916.4316	86.81
-679124.25	-1.5	-24956.258	4770.283	86.81
-679262.1	-1.5	-25045.41	5046.92	86.81
-678819.0	-1.04	-24961.871	4782.078	89.29
-675141.44	-1.04	-25137.557	4798.334	89.29
-674200.5	-1.04	-25188.094	4447.4746	89.29
-674435.44	-1.04	-25100.018	4730.8574	89.29
-695324.4	-72.03	-24791.645	7933.6562	96.24
-695767.25	-68.0	-24851.652	7732.957	89.34
-692837.0	-68.0	-24706.059	7667.162	143.66
-690747.8	-68.0	-24294.0	7526.4316	143.66
-689347.56	-58.11	-24151.807	7254.213	143.66
-691588.4	-58.11	-24215.223	7349.086	143.66
-686585.4	-58.11	-24196.244	7292.5625	152.5
-682747.9	-41.86	-23700.012	7006.5664	143.57
-680264.06	-37.79	-23791.58	6522.5	143.57
-682505.8	-37.79	-23972.822	7265.1973	124.33
-678479.3	-37.79	-23752.152	7205.547	124.33
-678012.3	-37.79	-23981.271	6049.5527	124.33
-678469.8	-37.79	-24027.578	6278.881	124.33
-680945.1	-35.75	-24543.021	5483.367	124.33
-679522.25	-34.11	-24739.34	5517.662	124.33
-680710.3	-34.11	-24548.986	5901.377	117.24
-681246.5	-33.41	-24175.21	6647.1504	117.24
-682908.2	-15.27	-24108.918	6943.9746	117.24
-684889.25	-15.27	-24100.748	7081.9746	117.24
-687534.56	-15.27	-24595.56	7034.8086	139.39
-684649.75	-15.27	-24794.21	6962.9453	139.39
-681888.5	-15.27	-24727.762	6554.2227	175.82
-682647.25	-15.27	-24344.568	6228.209	139.39
-684423.5	-15.27	-24602.57	6542.625	139.39
-684752.25	-15.27	-24397.629	6338.0176	139.39
-682856.3	-15.27	-24516.129	6291.8164	160.18
-680236.25	-15.27	-24920.623	5737.5566	160.18
-680382.25	-15.27	-24597.201	6009.7715	160.18
-680415.5	-15.27	-24590.049	5899.092	160.18
-679993.6	-15.27	-24978.36	5522.3203	160.18
-678494.3	-22.32	-24831.521	5965.8105	160.18
-678748.44	-22.32	-24987.842	6221.244	139.39
-677129.3	-17.05	-24781.904	5995.3867	139.39
-676517.75	-17.05	-25040.969	5517.004	139.39
-677600.56	-17.05	-24690.36	5406.7305	139.39
-679978.06	-17.05	-24628.88	5710.1895	121.77
-677676.4	-12.47	-24865.63	5800.426	105.89
-680718.06	-11.56	-24755.873	5507.5957	104.38
-680185.3	-11.56	-24705.59	5716.6055	100.21
-678809.25	-11.56	-24844.05	5372.246	100.21
-679544.0	-11.56	-24581.197	5508.209	92.49
-684051.1	-11.56	-24705.402	5551.922	89.13
-681560.25	-8.71	-24755.432	5751.4727	89.13
-681196.0	-5.44	-24866.51	5671.668	89.13
-680537.44	-5.44	-24542.762	6401.6895	79.21
-682940.94	-5.44	-24362.729	6555.5137	79.21
-688458.75	-3.54	-24265.082	7141.455	79.21
-684393.6	-3.54	-24217.4	6403.1914	79.21
-688052.4	-3.54	-24535.959	6564.1816	79.21
-688036.6	-3.54	-24268.207	6359.7324	81.55
-688842.8	-4.19	-24436.777	6449.625	81.55
-686052.2	-4.19	-24456.432	6512.0547	81.55
-685678.7	-4.19	-24324.27	5833.41	81.55
-684819.1	-4.19	-24996.344	5520.9766	81.55
-684864.06	-4.19	-25120.477	5741.59	86.82
-683061.75	-4.19	-25390.21	6299.668	86.82
-682921.1	-4.19	-25337.785	5833.58	108.63
-685287.94	-4.19	-25118.209	5802.1113	108.63
-682871.8	-4.19	-24968.031	5998.254	74.07
-681797.9	-4.19	-25094.688	5631.3516	105.24
-682564.75	-4.19	-25021.01	5408.99	105.24
-681666.94	-4.19	-25166.506	5673.383	105.24
-679704.75	-4.19	-25195.541	5593.377	105.24
-678445.44	-4.19	-25109.166	4997.252	91.52
-680676.7	-0.43	-25403.326	5232.6562	91.52
-679833.7	-0.43	-25064.87	4844.3105	91.52
-680186.6	-0.43	-25209.299	4246.533	93.92
-680980.94	-0.43	-24838.625	4926.246	91.52
-675997.9	-4.19	-24466.623	5154.8477	76.67
-673748.0	-4.19	-24502.385	4916.2227	76.67
-674036.75	-8.01	-24255.72	5330.6797	74.07
-674845.7	-8.01	-24396.977	5791.6445	74.07
-672466.8	-8.01	-24547.557	5869.1543	74.07
-668296.5	-8.01	-24257.883	5287.33	73.14
-668960.3	-8.01	-24280.709	5480.4414	73.14
-670086.75	-8.01	-24591.73	5680.1113	73.14
-671743.56	-8.91	-24441.23	5528.051	70.45
-672467.9	-8.91	-24316.11	5058.082	73.18
-672539.06	-8.91	-24320.68	5543.3496	73.18
-674157.6	-8.71	-24071.828	5780.1133	73.18
-669382.8	-8.71	-23774.18	5966.41	69.08
-670480.1	-8.71	-23626.322	6487.576	69.08
-670503.9	-8.71	-23979.578	6581.824	70.34
-668417.1	-10.19	-24016.531	6073.992	70.34
-668024.94	-10.19	-24054.977	5771.6445	75.95
-669062.3	-9.91	-24420.297	5587.551	69.08
-667373.75	-9.91	-24120.537	5367.51	73.14
-667400.75	-9.91	-23904.326	5569.3633	73.69
-670812.2	-9.91	-23855.568	5907.9805	73.69
-669419.0	-9.91	-23884.557	5886.793	73.69
-673477.9	-9.91	-23897.484	6401.926	73.69
-675465.2	-9.91	-23936.865	6556.961	73.69
-672802.56	-9.91	-23977.475	6570.211	73.14
-675207.6	-9.91	-23930.479	6922.617	73.14
-679938.56	-10.19	-24354.018	6996.328	73.14
-680576.44	-10.19	-24563.262	6917.2617	79.01
-678383.3	-10.19	-24192.06	6887.465	79.01
-679110.56	-10.19	-24074.004	6659.8066	79.3
-679705.2	-10.19	-24074.865	6902.295	79.3
-676756.7	-10.19	-24389.21	6447.258	79.3
-677096.75	-10.19	-24116.588	6371.551	79.3
-673401.06	-10.19	-24578.117	5481.7715	79.3
-672658.3	-10.19	-24306.105	5807.578	79.01
-672685.44	-10.19	-24064.39	5813.5273	79.01
-677204.94	-2.37	-24436.443	5581.0938	77.62
-675959.7	-2.37	-24568.89	5185.547	79.3
-675782.6	-10.19	-24525.133	5429.8086	79.3
-672334.25	-10.19	-24597.26	5090.783	79.3
-668168.5	-10.19	-24427.438	5026.0195	79.3
-666562.0	-10.19	-24393.668	4954.4844	79.3
-666921.75	-10.19	-24209.9	5328.4297	79.01
-669999.06	-12.45	-23951.303	5148.6367	79.01
-670070.0	-12.45	-24022.264	5265.33	78.33
-672626.7	-12.45	-24098.77	5651.5996	78.33
-675604.44	-12.45	-23966.986	6301.373	87.19
-676151.2	-12.45	-24667.44	6331.6934	87.19
-674238.44	-13.42	-24641.162	5909.877	87.19
-675434.0	-13.42	-24099.08	6709.994	79.6
-674714.1	-13.42	-24290.84	6734.3633	79.6
-674237.3	-13.42	-24323.072	6814.9004	79.6
-676108.3	-13.42	-24185.44	7145.5723	79.6
-675454.6	-13.42	-24186.17	6795.09	79.6
-672999.94	-14.9	-23574.402	7659.301	79.6
-667715.4	-14.91	-24136.492	6841.408	79.6
-670480.5	-15.77	-24133.479	6824.4414	73.14
-673203.44	-17.09	-24667.49	5265.6543	81.07
-673038.7	-12.08	-24704.62	5644.0566	81.07
-676121.25	-12.08	-24482.535	6283.365	81.07
-673928.1	-15.08	-24406.56	5821.002	81.07
-675985.2	-12.21	-24128.662	6732.1113	81.07
-675133.25	-12.21	-24279.69	6683.6465	81.07
-675875.1	-12.21	-24259.3	6380.1426	81.07
-672732.7	-12.21	-24746.28	5929.086	86.1
-674099.2	-12.21	-24407.781	5972.043	86.1
-674391.75	-12.21	-24190.336	6318.4004	86.1
-674887.94	-12.21	-24118.465	5755.6523	86.1
-673687.6	-12.21	-23857.754	5510.1953	86.1
-676324.3	-12.21	-24559.588	4938.9473	90.87
-672407.56	-6.91	-24333.236	5035.0977	86.1
-672890.4	-6.91	-24048.78	4834.676	86.1
-668403.2	-6.91	-24507.51	4659.2773	86.1
-667477.44	-12.21	-24075.201	5093.75	82.35
-669545.9	-12.21	-24373.875	5208.6836	82.35
-670337.1	-13.31	-24209.842	5222.172	81.07
-671503.75	-13.31	-23977.354	5161.506	86.1
-671130.94	-13.31	-24568.344	4747.1016	86.1
-668172.56	-13.31	-24404.846	4555.8516	124.33
-666808.5	-13.31	-24630.473	4102.1543	124.33
-666708.4	-12.29	-24456.838	4088.1035	109.7
-668069.4	-12.29	-24296.227	4529.711	86.1
-667086.75	-12.29	-24578.568	4366.9434	86.1
-674897.44	-7.36	-24787.2	5102.3047	86.1
-680743.8	-7.36	-24901.533	5166.2656	86.1
-681310.6	-7.36	-24531.465	5462.664	86.1
-681791.56	-7.36	-24467.824	5488.135	86.1
-684910.56	-2.65	-24659.951	6011.871	86.1
-685150.5	-2.65	-25074.602	6091.797	87.22
-685205.3	-2.65	-24916.697	6428.797	87.22
-682410.56	-7.35	-24647.871	6709.4785	87.22
-684197.44	-7.35	-24548.28	6821.8594	87.22
-681032.6	-6.29	-25052.723	5915.463	87.22
-679860.44	-6.29	-25042.76	5508.01	87.22
-678104.9	-5.8	-24986.006	5363.4746	87.22
-676248.7	-5.8	-25015.258	5439.6875	87.22
-678506.56	-3.59	-25068.646	5717.336	89.61
-678146.94	-3.59	-25076.45	6246.627	81.37
-670216.56	-3.59	-24987.582	5224.201	81.37
-670303.3	-3.59	-25103.01	5289.092	88.87
-668082.4	-4.19	-24956.814	5162.994	88.87
-672391.6	-4.19	-24955.162	5497.797	81.37
-673740.0	-3.57	-24893.777	4919.3457	81.37
-674864.0	-3.57	-24735.322	5281.0566	81.37
-677766.56	-4.19	-25070.8	5733.34	78.83
-674699.0	-4.19	-25151.84	5744.3223	78.83
-673320.25	-1.38	-24853.092	5448.918	78.83
-674654.1	-1.38	-24824.682	5179.496	78.83
-673910.25	-4.19	-24657.33	5483.291	78.83
-673420.56	-4.19	-24577.508	5445.914	73.29
-672481.8	-4.19	-24774.951	5055.9863	79.6
-675254.5	-4.19	-24788.67	5314.4883	79.6
-675855.56	-5.53	-24541.93	5432.34	79.6
-673731.5	-5.53	-24690.395	5346.5156	79.6
-674945.1	-5.53	-24309.479	5586.092	78.83
-674266.4	-5.53	-24642.352	4737.6406	78.83
-675888.44	-5.53	-24170.229	5604.8535	78.83
-674797.06	-5.53	-24277.129	5377.951	78.83
-674663.44	-5.53	-24304.293	5509.869	78.83
-673362.5	-8.39	-24279.86	5324.711	78.83
-679539.0	-8.39	-24243.03	6171.9688	78.83
-680730.7	-8.39	-24490.244	5495.3516	87.87
-680777.8	-7.86	-24412.707	5651.533	78.83
-681225.94	-7.86	-24108.764	5665.6484	87.85
-681912.6	-8.39	-24190.838	5728.6426	78.83
-680176.8	-8.39	-24559.121	5090.0996	83.56
-675859.1	-2.53	-23663.527	5856.84	75.81
-675399.3	-2.53	-24350.332	5410.8203	75.81
-667542.1	-2.53	-24405.34	4711.631	75.81
-664311.1	-2.53	-24423.277	4392.5234	75.81
-665026.4	-2.53	-24475.969	4873.285	75.81
-662979.75	-2.53	-24302.639	4275.502	75.81
-662253.06	-2.53	-24504.68	4044.1484	75.81
-661968.8	-2.53	-24640.879	3623.0918	75.91
-663774.06	-2.53	-24538.36	4086.0918	75.91
-664466.94	-2.53	-24463.135	4194.2344	75.91
-663413.25	-4.93	-24173.168	4812.0547	75.91
-661499.4	-4.93	-24280.021	4750.959	75.91
-661210.7	-3.9	-24371.184	4595.295	75.91
-659590.7	-3.9	-24222.068	4475.965	75.91
-661791.0	-3.9	-24553.371	4600.3184	75.91
-665034.5	-3.9	-24600.6	4680.0176	75.91
-667540.44	-3.9	-24422.346	4692.455	75.91
-668494.56	-3.9	-24383.46	4781.961	75.91
-669328.4	-3.9	-24413.227	4442.76	81.25
-669862.4	-2.53	-24385.562	4499.6562	81.25
-671710.25	-2.53	-24139.434	4682.0586	81.25
-673315.8	-2.53	-24237.451	4734.75	74.01
-675704.06	-2.53	-24232.72	4961.092	74.01
-674008.0	-2.53	-24192.477	4958.301	74.01
-678583.9	-2.38	-25069.672	4193.83	79.88
-675414.1	-2.38	-24754.361	4521.0	68.97
-673145.44	-0.42	-24748.4	4390.7383	69.35
-674878.9	-0.42	-24452.967	4340.5664	68.97
-676661.8	-0.42	-24113.377	4786.7617	68.97
-674531.56	-0.42	-24740.129	4423.4434	68.97
-671232.75	-0.42	-24609.54	4288.1973	75.55
-672525.6	-0.35	-24543.43	4145.84	75.55
-672293.44	-0.35	-24782.252	4442.449	75.55
-670340.75	-0.35	-24857.533	4276.549	75.55
-671979.44	-0.35	-24784.69	4501.965	79.62
-669910.06	-0.35	-24920.451	3827.6113	79.62
-667838.06	-0.35	-24992.38	4246.629	79.62
-668494.2	-0.35	-24976.46	4165.615	79.62
-667193.94	-0.69	-24353.15	4435.1016	78.5
-666540.2	-3.59	-24384.389	4228.967	78.5
-664763.2	-3.59	-24785.785	3888.0	78.5
-663482.5	-3.13	-24160.508	4527.873	76.49
-662163.9	-3.13	-24381.129	4027.7695	76.49
-663954.3	-3.13	-24498.252	4575.5312	74.62
-662958.25	-3.13	-24518.281	4222.5273	74.62
-663604.5	-3.13	-24205.66	4571.9453	74.62
-662678.25	-4.93	-24507.42	3685.5957	89.61
-663001.4	-4.93	-24258.453	4142.883	79.73
-663370.94	-4.93	-24278.03	4247.383	79.73
-662760.06	-4.93	-24580.342	4402.5996	79.73
-663534.3	-4.93	-24337.932	4600.5566	81.48
-663206.56	-4.91	-24418.887	4683.09	81.48
-663325.7	-4.26	-24467.232	4188.494	87.38
-663918.06	-4.26	-24601.572	4207.1367	87.38
-661527.44	-4.26	-24512.63	4139.871	87.38
-658797.4	-4.26	-24613.89	4136.3633	87.38
-660995.75	-4.26	-24750.139	3897.7422	89.3
-669209.25	-4.26	-24526.502	3915.8594	89.3
-669686.4	-4.26	-24478.78	4210.707	90.87
-671219.0	-4.26	-24682.549	4256.08	90.87
-670797.5	-4.26	-24669.354	3893.9043	129.21
-670987.7	-4.26	-25054.088	4025.6582	129.21
-667802.6	-0.75	-24814.438	3932.3496	91.94
-668382.25	-0.75	-24877.086	3956.4688	91.94
-666991.44	-0.75	-24721.762	3867.5117	91.94
-666030.4	-4.26	-24684.35	3843.7969	91.94
-666144.2	-4.26	-24542.541	3963.67	91.94
-664330.8	-4.26	-24838.898	3958.5957	91.94
-668577.7	-4.26	-24802.15	4045.416	91.94
-670198.0	-4.26	-24683.857	4174.2734	91.94
-670279.94	-0.3	-24830.11	3926.7148	91.94
-671343.9	-0.3	-25007.691	3685.1816	101.92
-673875.1	-0.3	-24967.658	4012.705	113.47
-671704.1	-0.3	-25086.35	3946.4707	113.47
-671902.8	-0.3	-25043.67	4019.2793	113.47
-667318.6	-0.3	-24925.457	3344.0	113.47
-669180.2	-0.3	-25066.613	3615.7676	113.47
-667770.2	-0.3	-25015.074	3576.918	113.47
-668224.5	-0.3	-25093.04	3688.7695	92.93
-667676.56	-0.67	-24881.75	3843.7969	95.89
-668142.2	-0.67	-24736.79	3756.1602	95.89
-669848.3	-0.67	-24828.73	3926.2988	95.89
-670649.8	-0.67	-24563.33	3928.6562	95.89
-672664.1	-0.67	-24698.459	4044.916	95.89
-673658.2	-0.67	-24819.387	3978.7598	96.98
-670956.7	-0.67	-24828.248	4069.17	96.98
-678583.1	-54.78	-22427.012	9235.9375	65.23
-673815.4	-46.64	-22986.473	8764.914	83.33
-668780.25	-54.78	-23010.324	8026.215	83.33
-668376.4	-51.0	-22782.152	7583.0156	121.88
-670647.06	-47.63	-23042.443	7688.8438	121.88
-670861.2	-40.51	-24218.229	5767.7207	121.88
-665818.8	-39.71	-24263.428	5360.2305	121.88
-662789.0	-32.29	-24230.203	5269.3535	121.88
-663103.6	-32.29	-24283.467	5579.0254	121.88
-660527.5	-24.76	-24019.86	5786.797	99.78
-659295.0	-24.76	-23361.916	6163.871	95.8
-662305.8	-24.76	-23887.95	6036.7285	100.31
-668032.06	-24.76	-24146.54	6811.039	100.72
-667203.56	-24.76	-24353.3	6095.076	100.51
-668236.0	-24.76	-24033.523	6592.9727	100.51
-669965.0	-22.65	-23706.287	6079.709	100.51
-672493.3	-22.65	-23992.795	6153.3066	100.51
-673209.5	-24.07	-23567.215	6338.7344	100.51
-674162.6	-24.07	-23534.988	6167.1484	100.31
-674367.1	-24.07	-23342.219	6534.949	100.31
-674290.0	-20.88	-23540.365	6778.584	100.31
-673494.9	-20.88	-24596.713	5995.873	95.8
-674768.44	-20.88	-24380.086	6937.295	95.8
-675457.0	-10.34	-24806.514	6165.5254	95.8
-672642.5	-10.34	-25059.543	5358.756	95.8
-674423.6	-9.64	-24787.36	6078.8086	95.8
-673773.75	-9.06	-24819.744	5877.256	95.8
-674194.0	-9.06	-24712.71	5521.244	95.8
-671021.0	-9.06	-24750.727	4872.0547	95.8
-670246.7	-9.06	-24786.162	4552.8926	95.8
-666870.3	-9.06	-24833.416	4124.703	112.56
-665309.4	-9.56	-24760.902	4157.199	112.56
-670261.7	-8.25	-25000.207	4966.1016	95.8
-670541.2	-8.25	-25128.38	5080.207	95.8
-670197.9	-8.25	-25020.828	4596.0527	95.8
-670962.5	-8.25	-24841.709	4842.965	95.8
-669622.2	-8.25	-24748.812	4375.0176	95.8
-671103.9	-8.25	-24906.281	4637.7383	101.44
-670984.4	-8.25	-25033.037	4082.1035	101.44
-670617.7	-8.25	-25041.293	4716.1855	101.44
-670172.2	-8.25	-24513.207	5077.5312	81.48
-667830.94	-8.25	-24626.352	4819.301	81.48
-669941.6	-6.05	-24694.49	5529.373	81.08
-669596.1	-6.05	-24524.625	4869.0957	81.08
-668623.3	-6.05	-24235.453	4750.84	81.08
-669535.94	-2.5	-24407.508	4698.252	81.08
-666041.6	-2.5	-24684.197	4274.785	81.08
-669512.25	-2.5	-24480.428	4600.8184	81.08
-669037.9	-2.5	-24254.451	4888.949	78.09
