-5379.058977127075	-29.458730697631836	-772.0576171875	307.425048828125	56.503841400146484
-5167.504322052002	-36.074710845947266	-720.615966796875	299.851318359375	61.238059997558594
-5483.5563106536865	-16.966129302978516	-791.139404296875	233.0640869140625	71.25022888183594
-5122.249197006226	-28.53251075744629	-734.51513671875	254.01300048828125	63.304359436035156
-5125.660129547119	-24.83816909790039	-697.90576171875	306.82232666015625	60.33073043823242
-5323.063022613525	-39.63220977783203	-809.0470581054688	178.060546875	73.1919937133789
-5500.62636756897	-21.5020694732666	-768.2725219726562	277.10931396484375	61.664669036865234
-5451.899101257324	-20.459569931030273	-795.2560424804688	240.45001220703125	72.9754867553711
-5066.660438537598	-30.85689926147461	-750.5217895507812	210.36163330078125	65.35851287841797
-5134.760988235474	-30.598329544067383	-736.0812377929688	216.80316162109375	66.86299133300781
-4661.315090179443	-36.83551025390625	-622.0238647460938	308.54132080078125	66.3147201538086
-5189.233558654785	-32.52272033691406	-697.6744384765625	342.0841064453125	64.62117004394531
-5267.651342391968	-21.5020694732666	-783.8387451171875	209.921142578125	71.34358215332031
-5458.437426567078	-14.372130393981934	-815.6011962890625	199.7437744140625	78.14856719970703
-5517.474315643311	-12.022199630737305	-788.8643188476562	302.63214111328125	65.85148620605469
-5079.251335144043	-33.69388961791992	-740.7183227539062	239.30999755859375	65.81427001953125
-5419.610328674316	-31.174060821533203	-793.906494140625	257.7379150390625	62.79608917236328
-5443.4277992248535	-23.73181915283203	-756.1717529296875	308.057373046875	63.275028228759766
-5267.286869049072	-16.53230094909668	-789.6629028320312	174.83465576171875	82.97120666503906
-5683.886541366577	-15.879610061645508	-843.1839599609375	281.49462890625	66.33370208740234
-5189.681346893311	-38.86207962036133	-678.0503540039062	328.26678466796875	61.2847900390625
-4860.142551422119	-33.94709014892578	-617.26220703125	335.48944091796875	59.51512145996094
-5546.15950012207	-19.646799087524414	-752.5205688476562	342.52508544921875	60.735450744628906
