-134546.56670000008	-68.06996	-5334.66731	1375.7732500000002	86.15067
-134317.8053400001	-63.19625	-5685.56606	1005.744380000001	86.07838
-135236.7544300001	-52.14038	-5668.533410000002	981.2035899999983	92.70753
-134693.42553000012	-59.54766	-5243.13775	1545.2706100000005	86.15067
-134734.73256000012	-69.50593	-5580.849819999999	1119.4677200000024	88.85844
-135165.96606000012	-52.14038	-5690.7707199999995	987.0466600000009	92.70753
-135258.8164200001	-52.14038	-5653.784030000002	1020.7230399999999	92.70753
-135208.48007000017	-52.14038	-5682.141100000002	967.0000599999994	92.70753
-133786.46733000013	-68.06996	-5603.503980000001	1014.0820999999996	86.15067
-134322.8267200001	-70.12277	-5594.3684299999995	1066.5876900000012	88.00861
-134455.5287500001	-68.06996	-5311.945659999999	1358.0470100000011	86.15067
-134388.9311100001	-70.3423	-5645.005550000001	1076.4505499999996	92.70753
-133625.61292000007	-70.12277	-5616.17062	999.3796500000008	87.41272
-133048.62337000007	-70.12277	-5558.673709999999	969.4453700000031	87.41272
-132658.72919000013	-69.50593	-5526.51714	853.8972899999999	91.62334
-132382.97461000015	-70.3423	-5534.52902	830.8779599999989	91.62334
-134928.1271400001	-63.19625	-5625.523289999998	979.8014600000033	92.70753
-134366.35126000014	-68.06996	-5588.904499999999	1077.0637000000015	86.15067
-134290.47595000014	-69.50593	-5623.732639999999	1134.222670000001	88.00861
-134767.92258000004	-70.3423	-5615.59084	1135.2207500000004	88.00861
-134298.9279700001	-68.06996	-5639.6431299999995	1040.8216000000011	92.70753
-134192.4818400001	-68.06996	-5602.6811800000005	1022.7289600000013	86.15067
-134588.3809000001	-65.54475	-5309.081359999999	1400.968420000001	86.15067
-133377.69025000007	-70.3423	-5625.4561600000025	1017.5288799999989	92.70753
-133858.02839000008	-70.12277	-5581.352859999999	1023.6982500000031	87.41272
-134380.45599000007	-68.06996	-5631.22495	1064.9011500000006	93.30071
-132806.0577100001	-71.07495	-5558.737289999999	1087.4094200000036	91.62334
-133456.2105700001	-68.06996	-5432.951539999999	1239.281710000002	85.24259
-134359.32275000008	-63.19625	-5657.975660000001	974.7095399999989	92.70753
-132952.18593000007	-69.57904	-5409.996240000001	1282.8976199999988	83.41182
-133577.07463000008	-69.50593	-5617.022219999999	982.7358100000038	88.00861
-131990.48194000017	-70.12277	-5490.331730000001	931.8028099999983	86.68533
-134162.15043000015	-68.06996	-5407.395399999999	1306.936700000001	83.76067
-131936.47536000013	-70.12277	-5568.06263	824.5209099999984	88.70647
-132921.30561000013	-63.68961	-5548.93573	841.4712699999991	88.76254
-133223.36233	-50.66628	-5474.460710000001	1223.2351799999997	84.87633
-132539.10727000012	-68.06996	-5557.90148	800.4118699999981	87.41272
-134479.5904500001	-69.50593	-5617.716469999999	1029.6396700000023	88.00861
-134459.28585000013	-68.06996	-5621.825519999999	1009.1490700000022	92.70753
-135026.60819000012	-63.19625	-5642.76077	987.9298900000022	92.70753
-133637.01515000008	-70.3423	-5589.04321	964.8154700000023	91.62334
-133156.0727500001	-71.07495	-5562.3029	1146.5660000000016	91.62334
-134383.3727400002	-68.06996	-5325.964889999999	1341.2913400000016	86.15067
-133921.32902000012	-65.92001	-5450.991889999999	1259.380360000001	83.76067
-133599.82731000014	-69.50593	-5602.20138	990.8610200000021	86.15067
-134278.81084000017	-52.14038	-5679.619879999999	921.9231700000028	92.70753
-134418.1645800001	-68.06996	-5290.02505	1405.8206800000007	86.07838
-134192.56834000017	-69.50593	-5612.9362	1055.3425000000007	86.15067
-133764.79143000007	-70.3423	-5601.503729999999	977.0925000000034	91.62334
-134496.83231000006	-68.06996	-5606.75792	1065.8961100000015	88.00861
-133962.03368000008	-70.3423	-5589.41208	1082.7251000000006	87.41272
-133626.6948000001	-63.19625	-5625.59405	916.2589000000025	86.15067
-134301.20985000016	-70.12277	-5319.4486799999995	1326.0941300000013	86.07838
-133895.0864200001	-70.12277	-5591.54471	1041.9485400000003	87.41272
-133909.0066900001	-70.12277	-5572.7608199999995	1031.8960800000004	87.41272
-133784.34288000004	-70.12277	-5575.282289999999	1010.521380000001	85.80837
-133296.74057999998	-69.50593	-5595.44457	977.3310400000028	88.73279
-133039.36155000006	-70.3423	-5575.32497	958.001610000003	91.62334
-133959.80947000007	-68.06996	-5600.88923	1006.9040900000009	87.41272
-134647.2387400001	-69.50593	-5611.879349999999	1133.0381800000014	88.28069
-134229.9550100001	-68.06996	-5318.758279999999	1399.5982900000008	83.76067
-133275.67835000003	-69.50593	-5603.11914	976.8588400000017	88.00861
-134212.55237000014	-68.06996	-5651.984959999999	1015.2702300000019	92.70753
-133125.39045000012	-71.07495	-5568.6645	1125.0762600000025	91.62334
-132220.3984600001	-70.12277	-5569.051109999999	856.0132299999987	87.41272
-132811.02244000006	-63.68961	-5615.525519999999	988.7978300000032	86.07838
-132770.26525000014	-65.54475	-5564.753610000001	929.4013300000015	86.15067
-134290.59241000016	-69.50593	-5620.19003	1092.6411500000004	86.15067
-134168.84077000016	-68.06996	-5632.60748	1032.9688600000009	91.56938
-133607.8288300001	-70.12277	-5616.6544300000005	1003.00043	87.41272
-132951.4205700001	-70.3423	-5608.12111	972.054030000003	91.62334
-132348.30973000007	-70.3423	-5566.47445	824.1046299999989	91.62334
-132100.60185000018	-71.07495	-5530.20186	798.688549999998	91.62334
-134797.33299000014	-68.06996	-5618.189480000001	1015.2743499999997	92.70753
-133772.81281000012	-68.06996	-5618.08855	997.8777600000003	88.70647
-133967.8100600001	-63.19625	-5431.71243	1217.6280000000006	83.76067
-134194.1463600001	-70.3423	-5598.898579999999	1105.320780000001	85.80837
-133505.90970000005	-74.69497	-5471.261270000001	1293.7478	84.65892
-134058.94358000017	-70.3423	-5609.417130000001	1071.200789999999	88.00861
-133823.14352000007	-71.07495	-5513.844890000001	1235.969799999999	92.70753
-132629.97094000012	-69.50593	-5532.95975	832.3040699999992	91.62334
-131991.74405000012	-69.50593	-5514.8219899999995	843.9314699999995	86.68533
-134156.10490000012	-66.47507	-5629.67596	1100.199480000002	88.70647
-134321.77629000018	-70.12277	-5312.1632	1364.244560000001	86.15067
-131984.45791000017	-70.12277	-5510.99448	918.9884899999988	86.68533
-133500.6091300001	-54.44828	-5664.88968	968.1454900000008	92.70753
-134105.72135000015	-68.06996	-5622.59265	1067.970040000001	86.15067
-133293.38015000007	-70.12277	-5398.011450000001	1239.1096499999994	83.76067
-132337.17632000012	-69.50593	-5500.333889999999	885.5268700000015	88.00861
-134157.47171000016	-70.12277	-5581.90791	1046.6539500000008	88.00861
-133948.4165500001	-70.3423	-5584.05307	1077.6455400000004	86.15067
-134269.67697000012	-69.50593	-5596.54597	1026.0726200000008	88.00861
-134035.7837200001	-69.50593	-5596.873199999999	1030.813000000001	86.15067
-132284.35632000017	-70.3423	-5561.3884499999995	804.5712599999997	91.62334
-134217.55489000006	-70.12277	-5616.709449999999	1055.0642000000007	88.00861
-134164.75310000018	-70.3423	-5598.5591699999995	1071.981960000001	88.00861
-134376.09840000013	-68.06996	-5332.1794899999995	1343.9163800000015	86.15067
-133470.95513000005	-49.68494	-5496.585430000001	1305.05771	84.23998
-134766.8654600001	-63.19625	-5652.804640000002	982.7758300000005	92.70753
-134465.11957000013	-68.06996	-5632.680509999999	1120.6043700000018	88.00861
-134578.34567000013	-63.19625	-5654.684760000001	972.9813399999994	86.07838
-134057.73628000013	-63.19625	-5447.303569999999	1234.988300000001	83.76067
-132045.8164800001	-68.06996	-5562.309699999999	805.6156499999997	86.68533
-131971.61539000014	-69.50593	-5523.41332	843.1885699999993	86.68533
-134504.94187000016	-65.54475	-5604.1720700000005	1152.1026999999995	86.15067
-134795.66111000007	-63.68961	-5556.92104	1234.6531299999997	88.00861
-134755.33787000008	-63.19625	-5645.64315	974.809180000002	92.70753
-134299.4729500002	-69.50593	-5635.993829999999	1012.0780400000012	92.70753
-134510.25045000014	-69.50593	-5589.05864	1079.065990000001	88.85844
-134614.64340000012	-63.19625	-5661.61434	1012.6167800000003	86.15067
-131725.78551999998	-69.57904	-5040.3152900000005	1758.8333499999999	83.17076
-133620.52800000014	-69.50593	-5631.2196	994.5144200000004	91.62334
-132680.75856000013	-69.50593	-5482.69381	911.0346899999995	88.76254
-134420.99766000014	-63.68961	-5660.301799999999	979.3143100000016	92.70753
-134662.82258000007	-69.50593	-5586.25487	1106.6073100000021	88.85844
-133871.57025000002	-68.06996	-5633.097880000003	1016.925339999998	86.07838
-132226.61723000012	-68.06996	-5554.215449999999	778.3607899999997	86.68533
-134263.84295000014	-63.19625	-5403.707079999999	1282.544640000001	83.76067
-133974.04871000012	-68.06996	-5582.597860000002	1039.1182399999989	86.07838
-134225.41160000014	-70.12277	-5605.55229	1094.5956800000022	88.85844
-133661.68337999997	-68.06996	-5639.229630000001	1007.0526100000006	86.07838
-133138.48179000017	-65.92001	-5472.737729999999	1199.640260000002	85.24259
-133171.65005000017	-65.54475	-5491.299539999999	1230.9371300000012	85.24259
