-3658.8723	-116.11183	-994.92535	93.95917	145.20337
-3839.1616	-147.03775	-1054.0359	90.63855	151.80461
-3853.1472	-117.03864	-1077.7528	46.427124	159.20638
-3475.6309	-129.10553	-945.79706	78.87018	142.87265
-3672.2625	-140.76094	-998.6534	107.59076	145.20337
-3746.1733	-142.87265	-1048.7538	45.121704	158.40257
-3767.3037	-151.80461	-1025.8767	134.62659	149.62454
-3738.7505	-151.80461	-971.41156	158.30219	146.81595
-3777.4165	-151.80461	-992.29034	176.08917	156.50897
-3594.6582	-139.43135	-1008.61914	33.964844	168.46349
-3736.4307	-152.81738	-1015.5254	81.521484	149.62454
-3650.6638	-149.33876	-946.5734	126.38397	145.62318
-3481.0154	-142.29216	-921.5629	153.05951	142.87265
-3666.0566	-142.29216	-1000.18463	118.81195	145.20337
-3402.952	-117.57095	-922.51184	116.57593	139.43135
-3678.5657	-143.8985	-971.3801	147.12048	144.64003
-3594.2593	-146.51575	-964.9144	123.47632	145.04329
-3361.1604	-117.57095	-915.8186	87.20361	140.65865
-3873.5117	-142.87265	-1087.6736	59.97461	151.80461
-3849.7686	-116.11183	-1064.8932	81.59631	149.62454
-3705.0198	-146.81595	-1021.67065	62.416626	151.80461
-3660.8276	-139.22101	-957.13257	138.80493	142.98242
-3738.2224	-150.77475	-1001.20776	119.64661	153.6638
-3732.362	-147.04594	-1028.2722	104.904785	148.66559
-3844.7495	-116.11183	-1066.39	109.86426	149.62454
-3775.9717	-146.81595	-1023.3132	80.696594	151.80461
-3815.1099	-138.8136	-1074.141	34.680664	152.81738
-3829.3535	-142.87265	-1067.2294	60.77002	149.62454
-3723.5815	-109.15797	-1005.7123	97.42102	143.8985
-3637.6035	-135.57631	-963.23584	146.5979	142.87265
-3617.6545	-140.6333	-977.85803	118.40527	139.43135
-3685.6543	-148.16591	-975.47656	138.45618	146.81595
-3619.5159	-117.03864	-955.6864	146.81824	140.6333
-3630.0303	-138.49104	-953.2691	133.22052	140.6333
-3554.962	-140.76094	-943.461	134.46564	142.87265
-3748.3948	-147.34499	-1025.8971	79.92334	149.62454
-3565.8616	-142.87265	-975.7329	87.34338	142.98242
-3567.2136	-141.37595	-919.7487	168.0307	142.87265
-3601.7686	-129.10553	-990.8688	61.404907	146.81595
-3758.2502	-145.62318	-1039.8986	86.63574	149.33876
-3726.8447	-145.20337	-1022.75464	79.38464	159.71164
-3775.5874	-147.34499	-1006.5707	122.52588	151.80461
-3595.7275	-142.29216	-980.27423	94.05536	142.98242
-3698.6855	-140.6333	-993.2016	114.79303	143.8985
-3772.7898	-142.87265	-1055.2819	55.26111	149.62454
-3492.3877	-140.76094	-942.5327	104.51367	142.29216
-3744.0696	-154.6745	-999.1151	155.66895	156.50897
-3652.2168	-146.81595	-1014.4953	69.2536	145.20337
-3779.4863	-140.63513	-1026.531	96.13757	145.20337
-3741.1777	-140.63513	-1054.836	35.539062	151.80461
-3565.8618	-142.87265	-975.7329	87.343506	142.98242
-3549.1392	-128.50882	-955.71594	104.70776	142.25969
-3447.1558	-133.75209	-952.7294	82.753784	140.76094
-3402.4707	-133.75209	-947.5165	47.68872	150.77475
-3785.7825	-116.11183	-1019.33374	145.23645	145.20337
-3862.806	-116.11183	-1064.7433	82.03296	149.62454
-3811.1157	-142.87265	-1055.3416	70.79773	145.62318
-3834.5012	-142.87265	-1074.8741	62.332764	149.62454
-3811.755	-142.87265	-1064.3394	59.764404	156.50897
-3702.716	-138.8136	-1027.2657	59.54065	147.04594
-3759.2102	-147.34499	-1018.9168	94.51288	149.62454
-3738.2222	-150.77475	-1001.20776	119.64673	149.62454
-3759.21	-147.34499	-1018.9169	94.51282	149.62454
-3739.7134	-149.62454	-998.2866	117.70056	152.81738
-3709.1912	-147.34499	-1003.70685	109.57672	147.03775
-3759.0254	-151.80461	-1003.68646	133.0711	156.50897
-3764.333	-142.87265	-1049.273	50.72693	156.0786
-3789.269	-149.62454	-1040.4805	126.03052	151.80461
-3678.8892	-142.34698	-933.9349	185.86346	145.20337
-3743.8403	-146.81595	-1019.8136	76.96069	153.6638
-3733.988	-142.87265	-1047.6469	37.79419	172.15527
