-12930.879	-144.32755	-2049.0215	365.1228	177.44951
-13126.991	-144.32755	-2060.395	374.78174	148.98947
-13126.992	-144.32755	-2060.395	374.78174	164.75615
-13126.99	-144.32755	-2060.395	374.7815	159.83609
-13126.993	-144.32755	-2060.3948	374.78198	148.98947
-12678.601	-147.49121	-1998.3344	233.72815	155.38664
-13035.429	-144.32755	-2048.583	367.84277	159.83609
-12930.88	-144.32755	-2049.0212	365.12305	177.44951
-13079.864	-148.98947	-2028.3657	410.04785	178.58943
-13035.427	-144.32755	-2048.5833	367.84277	159.83609
-13074.013	-147.49121	-2041.2639	352.47925	148.98947
-12973.279	-148.98947	-2015.3286	381.65186	149.8714
-12703.186	-144.32755	-2011.3716	240.33472	155.38664
-12934.263	-147.49121	-2037.3146	347.50452	177.44951
-12988.948	-148.98947	-2013.6134	389.96814	147.49121
-12988.946	-148.98947	-2013.6134	389.9679	147.49121
-12988.945	-148.98947	-2013.6135	389.96777	147.49121
-13079.865	-148.98947	-2028.3657	410.0481	144.32755
-12946.855	-147.49121	-2026.7358	348.2566	159.83609
-12973.276	-148.98947	-2015.3286	381.6516	147.49121
-12934.266	-147.49121	-2037.3143	347.50476	159.59308
-12988.947	-148.98947	-2013.6133	389.96802	147.49121
-13079.861	-148.98947	-2028.3658	410.04797	144.32755
-13080.445	-147.49121	-2047.6951	370.83716	150.73563
-13074.014	-147.49121	-2041.2638	352.47937	178.58943
-13080.446	-147.49121	-2047.6951	370.8374	150.73563
-13080.444	-147.49121	-2047.6952	370.83704	150.73563
