-1230.5321	-94.56456	-415.96268	120.70859	93.16113
-1363.7029	-94.68919	-520.43665	54.768066	104.04767
-1276.5548	-105.97981	-470.66016	68.200195	94.08121
-1255.6481	-111.36527	-455.53888	101.194275	93.7702
-1186.4994	-96.81609	-449.66724	79.21765	84.76566
-1327.9003	-115.35474	-523.1437	14.018616	100.16016
-1054.5309	-81.40146	-409.04044	24.078156	94.16066
-1342.7957	-70.89317	-524.098	21.73169	106.6561
-1336.226	-84.76566	-530.5672	10.773315	105.8597
-1271.8987	-94.68919	-480.61365	60.05414	94.01542
-1295.6003	-96.17577	-499.51938	43.293427	98.51948
-1236.2322	-90.87757	-405.9198	158.68982	93.16113
-1350.711	-94.68919	-518.515	52.735962	101.88488
-1096.206	-86.54597	-399.58505	76.04715	84.58547
-1054.9231	-83.47963	-392.94427	52.90857	85.95661
-1323.1133	-115.72777	-500.51636	69.224365	105.8597
-1041.6921	-80.83837	-389.89856	65.765076	81.75585
-1123.7711	-89.83475	-419.46222	74.79053	85.79819
-1333.4037	-96.35551	-510.80676	39.79901	101.4792
-1148.9421	-98.03545	-441.52274	37.515778	93.7702
-1298.6134	-105.97981	-490.85754	70.69208	94.61427
-1315.8198	-91.03468	-502.10883	41.36914	96.17577
-1365.702	-106.27953	-537.10254	23.189941	105.8597
-1206.031	-91.9413	-400.1162	115.17175	90.87757
-1120.5824	-96.81609	-433.78955	29.178284	91.59799
-1318.3839	-81.9603	-513.5224	28.13617	99.05415
-1331.8882	-115.35474	-514.2185	37.961792	105.8597
-1058.4508	-78.10289	-402.2134	45.90094	90.24762
-1098.1376	-92.76814	-403.0976	52.04843	91.03468
-1133.4832	-92.76814	-397.30786	76.413605	91.03468
-851.82294	-71.93718	-297.98932	76.28537	80.71549
-1285.9255	-104.86311	-485.81644	63.93393	93.7702
-1096.1649	-89.91232	-406.16098	61.172974	87.29479
-1120.1708	-89.91232	-409.7073	61.446747	88.8109
-1281.2932	-81.9603	-491.36884	59.738037	94.68919
-1329.6439	-103.51913	-514.643	42.349182	104.04767
-1266.3593	-109.51099	-490.4643	39.719666	93.7702
-858.46844	-57.8844	-326.1112	35.743835	80.90054
-816.34784	-59.7356	-313.93216	30.872131	80.90054
-892.3072	-71.93718	-317.7415	77.21735	80.90054
-1233.1641	-104.02303	-475.72125	27.469666	94.45287
-1281.0238	-105.97981	-498.3608	22.011505	98.93358
-1241.7656	-102.1236	-477.7447	34.26776	93.9235
-936.97577	-71.93718	-332.9273	106.7001	80.90054
-1134.7241	-88.8109	-430.23044	45.556213	91.24007
-1139.8909	-88.8109	-433.4307	47.522583	91.24007
-1144.0734	-85.79819	-422.26562	64.31305	89.83475
-1124.9207	-77.79063	-423.30273	74.129	89.22254
-1293.6022	-104.02303	-463.28973	92.97089	94.45287
-1310.848	-104.86311	-488.25098	70.62512	96.44807
-1272.6067	-109.51099	-489.45142	42.546448	96.44807
-845.0749	-71.93718	-307.34192	54.72278	80.90054
-856.27966	-61.39474	-307.07947	62.37549	80.90054
-922.06696	-71.93718	-305.53253	119.186035	80.71549
-1226.6625	-98.39732	-462.6416	39.056396	91.59799
-802.7035	-65.76611	-305.35507	38.670013	80.90054
-784.9852	-55.29372	-307.47388	16.092102	92.62736
-1153.2852	-81.40146	-428.3207	65.350006	91.3699
-1171.0479	-81.40146	-436.20886	75.22443	87.54034
