-3105.7502	-139.48946	-957.0004	153.00323	170.43655
-3082.8672	-168.37735	-961.55853	158.9477	174.07896
-3074.124	-167.80708	-961.1749	185.15112	167.80708
-3032.6104	-162.65744	-919.6614	146.73291	170.29402
-3103.0422	-148.9879	-956.86646	133.40808	175.56256
-3074.1238	-167.80708	-961.1749	185.15112	166.57277
-2930.6997	-175.56256	-927.969	87.79498	162.17918
-2867.9583	-172.16602	-938.6598	41.886963	171.11234
-3062.0781	-180.30351	-958.6957	126.65613	174.07896
-3094.608	-180.10432	-945.85785	144.73248	174.07896
-3014.4277	-175.39734	-931.1951	159.90814	171.11234
-2986.965	-167.80708	-925.55896	174.03491	167.80708
-3058.805	-175.56256	-909.3578	202.55688	172.59387
-3008.128	-174.99878	-924.8952	173.23004	163.04944
-2935.358	-175.56256	-916.8224	101.75342	171.11234
-2966.1443	-163.30281	-960.79877	68.989075	175.56256
-2701.918	-159.1573	-881.487	72.54144	162.88988
-2797.4724	-163.04944	-891.1162	86.50421	158.81538
-3069.8977	-172.59387	-937.47034	133.45532	180.44133
-2638.4932	-161.11539	-853.0049	64.61212	164.51193
-2553.7734	-155.60138	-833.5675	36.733093	160.6806
-2971.838	-175.39734	-934.2384	125.04004	180.10432
-2983.4526	-170.43655	-942.0331	114.27991	175.56256
-2708.866	-150.98149	-866.24286	107.76721	152.81651
-2966.491	-139.48946	-915.7382	169.58807	158.81538
-2969.1426	-171.11234	-932.8626	95.11676	161.09023
-3094.0127	-145.06038	-944.56555	133.8003	162.65744
-3131.7378	-148.9879	-982.9878	116.92871	180.10432
-3098.2646	-146.42358	-948.8175	130.9115	175.56256
-3018.0242	-151.46977	-951.9461	103.56427	163.30281
-3123.7302	-148.9879	-974.283	162.51996	175.56256
-2602.1816	-158.81538	-850.72217	33.88318	168.82925
-3073.7097	-152.81651	-967.9088	136.85645	167.80708
-2647.717	-152.81651	-850.3489	70.055664	158.81538
-3082.3145	-139.48946	-949.88715	140.18378	170.43655
-2980.6545	-172.59387	-946.8192	104.62305	176.18057
-2729.4297	-160.24187	-873.96704	65.8006	168.82925
-2726.441	-162.17918	-878.8783	57.900146	168.82925
-2594.9722	-162.17918	-845.8582	33.57965	164.64369
-3066.7078	-170.29402	-953.7591	134.22821	178.6093
-2859.151	-137.9629	-881.63385	135.89807	154.18167
-2798.695	-172.16602	-894.8408	79.11896	160.57045
-2736.4514	-156.26208	-874.50806	68.70935	162.65744
-2664.015	-162.17918	-860.00397	60.745422	167.80708
-2643.4443	-162.17918	-841.30695	58.871887	168.23352
-2465.4773	-133.31015	-803.4205	28.959045	154.37988
-2989.665	-167.80708	-936.2817	179.14056	166.57277
-3113.1035	-172.59387	-963.6561	142.24316	175.56256
-2912.3572	-166.86389	-896.71027	133.92133	156.65688
-2957.3435	-174.07896	-919.7446	132.51172	171.11234
-3003.0078	-151.46977	-962.6369	66.674866	171.11234
-2964.8972	-146.85654	-946.36176	103.821106	158.76811
-2407.952	-114.25928	-764.80237	71.707214	148.06262
-2489.774	-133.31015	-777.19543	132.4945	149.1685
-2557.1543	-132.08876	-827.52783	41.83484	150.28746
-2735.452	-150.98189	-853.7262	113.57092	150.28746
-2712.8865	-156.26208	-890.3867	46.622314	168.56853
-2421.925	-140.68813	-790.95605	30.312866	163.08928
-2976.1533	-166.57277	-948.3448	105.384705	167.80708
-2632.5027	-159.09889	-863.0009	36.80194	165.06464
-2617.783	-140.68813	-845.2615	53.94452	154.18167
-2621.1128	-123.79752	-848.5909	54.243042	154.18167
-2632.2544	-132.08876	-859.73236	36.41858	166.05585
-2586.8086	-132.08876	-836.39484	90.50891	150.28746
-3033.4534	-175.56256	-920.50433	161.84174	170.29402
-2592.3994	-155.60138	-829.8677	52.41449	159.09889
-2616.058	-156.65688	-858.3365	28.295471	168.82925
-2982.9194	-170.43655	-957.14233	82.813965	174.07896
-2921.72	-170.29402	-934.9211	80.28735	180.44133
-3036.6387	-175.56256	-933.2563	114.18536	174.07896
-2781.0364	-146.42358	-884.456	94.914246	156.44406
-2961.0059	-148.06262	-910.25287	128.62506	156.65688
-3005.5396	-163.30281	-960.4717	74.554565	159.1573
-2734.492	-147.66594	-865.2733	95.54901	156.44406
-2724.1606	-147.66594	-854.15784	111.545715	152.65053
-2789.2588	-132.08876	-892.6792	114.494385	152.81651
-2508.0232	-132.08876	-803.6948	54.885803	148.9879
-2658.0215	-133.31015	-828.19183	146.74628	148.9879
-2982.919	-170.43655	-957.1424	82.8139	172.59387
-3060.4248	-139.48946	-931.0442	168.5404	161.11539
-2748.308	-146.42358	-868.97217	112.12018	154.18167
-2738.052	-152.81651	-858.7163	126.17407	154.18167
-3073.0408	-139.48946	-943.6599	132.91565	171.11234
-2672.6619	-160.57045	-865.44714	55.75525	162.17918
-3026.4026	-161.11539	-939.5094	160.30627	170.43655
-2841.326	-165.63431	-908.801	63.716125	171.10156
-2848.8928	-171.11234	-932.11053	29.371033	176.18057
-2704.409	-154.18167	-861.02484	70.751526	152.81651
-2482.5466	-133.31015	-799.46313	52.15753	150.98189
-2484.5881	-133.31015	-778.8558	93.83618	148.9879
-3060.5298	-151.46977	-965.9415	110.717285	163.30281
-2858.5093	-151.46977	-884.8133	113.85693	156.26208
-2695.6953	-155.03871	-834.1978	111.4762	156.26208
-2637.401	-148.9879	-848.28577	59.98401	156.26208
-2674.9084	-148.9879	-859.7554	61.145752	156.26208
-2725.2292	-146.42358	-882.1212	66.90253	158.81538
-2765.5818	-143.49786	-877.85114	95.23053	154.18167
-2636.1133	-150.07303	-852.8063	41.173096	168.37735
-2715.504	-150.98189	-882.3485	48.463562	162.65744
