-9480.841	-156.64426	-1835.7789	96.37634	174.50981
-9336.321	-173.78304	-1778.6079	154.6128	174.36157
-9348.667	-164.61855	-1807.8412	124.92212	183.39262
-9362.086	-158.90211	-1790.2843	143.71484	174.36157
-9437.738	-155.85728	-1841.3901	103.401	178.80136
-9231.293	-168.0409	-1786.7449	160.37451	173.68413
-8807.161	-174.59618	-1684.8448	185.4513	171.16081
-9057.647	-174.36157	-1719.4744	154.95679	174.52417
-9149.455	-174.50981	-1667.5327	229.64697	174.36157
-9019.563	-173.78304	-1733.9054	199.56262	170.78816
-8976.316	-172.89442	-1694.3247	193.60449	171.16081
-8880.49	-167.263	-1713.5808	175.83081	163.70543
-9250.631	-173.78304	-1782.673	145.0946	175.41118
-9288.967	-154.48308	-1778.2668	137.43787	174.36157
-9347.188	-164.61855	-1808.4059	142.05945	181.98518
-9343.123	-172.23912	-1785.4093	157.68884	176.27364
-9398.138	-158.90211	-1828.2103	111.46765	181.21349
-9079.518	-173.69032	-1747.6737	132.97522	176.25095
-9314.911	-164.61855	-1820.3782	87.4989	174.62762
-9280.861	-158.90211	-1749.385	164.48413	172.7754
-9182.619	-163.58565	-1769.1075	146.4685	172.61366
-9005.202	-134.4078	-1670.9292	271.2682	166.37448
-9347.467	-158.90211	-1811.2017	153.98901	178.80188
-8997.842	-134.4078	-1684.8254	243.07153	165.66666
-8733.502	-138.06628	-1711.367	81.618774	172.19218
-8977.347	-163.70543	-1760.7418	77.65588	177.10144
-9296.812	-168.0409	-1798.277	143.79395	181.21349
-8924.235	-169.63405	-1749.8463	72.672485	181.59517
-9232.576	-170.84366	-1790.0931	114.57861	176.64444
-8343.48	-161.03786	-1613.7682	105.24719	166.77203
-9094.942	-172.7754	-1762.5157	129.16003	170.57436
-8328.926	-133.08179	-1636.43	52.456665	166.65726
-9101.596	-158.90211	-1767.2173	129.3728	173.69032
-8990.958	-158.90211	-1759.1006	86.712524	174.36157
-8287.839	-147.69113	-1614.44	90.52136	165.22179
-8506.117	-154.45143	-1681.3589	35.319214	178.15457
-8195.996	-153.56113	-1550.2833	151.00208	162.306
-9161.37	-165.89938	-1744.7817	164.18481	169.3156
-8406.122	-137.5356	-1612.8269	131.80835	161.24152
-8407.504	-137.5356	-1631.9543	126.28906	161.4
-8505.837	-156.83546	-1558.6855	258.7401	162.37631
-9191.49	-174.10564	-1764.5261	158.24487	176.64444
-8450.237	-137.5356	-1650.7058	90.80188	161.50809
-9171.84	-174.10564	-1759.1896	163.85779	172.17154
-9138.44	-165.89938	-1757.7943	130.77527	167.91774
-9215.646	-121.40395	-1723.4725	207.58167	170.08435
-8388.729	-152.24823	-1615.8726	105.30945	164.95471
-8363.735	-146.00894	-1609.4116	134.07947	163.12764
-8371.242	-121.57442	-1639.3727	89.672	164.95471
-8506.284	-160.8016	-1644.0928	156.40503	162.67815
-9243.054	-174.36157	-1761.1302	157.95093	174.50981
-8554.241	-158.73848	-1649.03	138.2019	162.67815
-8868.806	-169.26762	-1696.0956	127.47705	170.78816
-9199.576	-164.61855	-1771.7037	157.49316	170.55502
-8389.52	-153.93756	-1559.5231	184.09143	162.03156
-9319.034	-157.32475	-1799.6815	123.77649	176.17882
-8595.729	-157.3032	-1646.108	167.50732	162.65723
-8337.941	-152.69485	-1553.3254	176.35803	162.2631
-9154.459	-161.24028	-1763.3088	164.82666	170.08435
-9264.575	-170.75787	-1765.9376	173.69348	172.96335
-8308.079	-144.32141	-1629.3029	92.81482	164.95471
-8553.501	-137.5356	-1636.8604	123.20557	163.80307
-8296.147	-153.93756	-1563.9913	184.63965	162.03156
-9107.667	-152.80214	-1770.7748	137.49805	172.96335
-9158.244	-165.78857	-1767.8572	141.83752	170.55502
-9164.186	-164.84428	-1740.1453	153.02869	172.11137
-9209.727	-164.61855	-1752.779	173.46667	172.23912
-8377.296	-153.93756	-1565.2616	187.33118	162.03156
-9160.224	-142.16643	-1791.3302	96.811035	174.36157
-8428.7295	-153.93756	-1553.5127	214.4325	162.03156
-8459.62	-153.93756	-1539.8594	253.02954	162.03156
-9280.599	-174.36157	-1761.2578	179.09375	176.64444
-8297.357	-144.32141	-1629.5903	63.670288	167.6547
-8441.947	-146.00894	-1620.7051	170.9751	162.28741
-8912.503	-172.89442	-1702.3466	186.15002	171.16081
-8522.702	-150.54033	-1644.7478	112.014404	164.95471
-8371.149	-151.84299	-1645.8217	52.22827	171.40936
-9162.83	-165.78857	-1747.9128	145.45605	172.23912
-9209.459	-174.36157	-1790.1449	110.41113	186.59082
-8498.699	-153.93756	-1539.7059	274.49573	161.18379
-9121.662	-163.93184	-1752.7689	113.04236	174.36157
-8442.477	-153.93756	-1522.8284	240.31653	161.90587
-9127.82	-163.93184	-1756.8784	117.35034	174.36157
-8398.002	-129.57938	-1616.6937	132.2273	161.34639
-8598.376	-141.87831	-1643.506	174.92712	163.93184
-8650.028	-156.64426	-1643.2123	168.42322	163.93184
-8519.816	-157.41544	-1505.1733	284.94067	161.90587
-9045.409	-174.36157	-1712.8053	185.60767	172.7754
-8744.545	-170.57436	-1704.7179	98.12756	171.16081
-8607.743	-160.08427	-1681.5977	66.906494	173.7842
-8552.483	-167.61499	-1674.8567	85.12915	173.7842
-8559.469	-167.61499	-1660.5044	74.305664	173.84338
-9068.788	-172.61366	-1746.0509	113.216675	174.36157
-8432.81	-157.41544	-1500.0557	283.8822	162.03156
-8381.218	-157.41544	-1516.4227	244.70813	162.03156
-8293.556	-155.53435	-1518.5708	230.30347	162.03156
-8440.539	-155.53435	-1506.5808	278.88953	162.03156
-8406.701	-155.53435	-1532.6382	234.5581	162.03156
-9195.727	-157.32475	-1803.795	67.6272	186.59082
-9025.046	-167.15172	-1754.6564	121.44629	171.10956
-8581.845	-154.29424	-1693.9012	38.57202	172.61366
-8540.492	-154.68307	-1535.6672	246.24731	162.03156
-8492.936	-154.45143	-1554.9387	254.0647	162.03156
-8576.65	-160.08427	-1688.7083	55.14868	172.7754
-8954.623	-174.62762	-1728.6619	152.16455	174.36157
-8597.909	-138.06628	-1582.0089	224.04932	162.03156
-8347.445	-155.50461	-1653.0576	59.646973	171.3851
-9314.468	-174.36157	-1807.1075	121.94092	181.98518
-9279.976	-173.68413	-1800.7983	119.80444	173.78304
-8763.468	-158.90211	-1718.0112	95.89795	169.52435
-8327.469	-149.60036	-1632.1378	77.22107	165.4615
-8494.685	-157.9567	-1680.9463	33.092773	172.61366
-8693.543	-160.38492	-1698.5128	76.4541	168.17699
-8109.034	-138.02051	-1505.1864	289.43762	158.1253
-8727.646	-145.67773	-1711.3699	63.753174	168.17699
-8746.517	-145.67773	-1725.1812	51.618774	180.79916
-8105.663	-138.02051	-1515.533	309.4275	158.1253
-8232.195	-138.02051	-1519.8573	313.9159	158.58472
-9309.213	-174.36157	-1794.4663	129.32812	178.39157
-8727.865	-159.44897	-1674.771	165.48474	167.263
-9012.222	-170.84366	-1744.6467	109.96948	180.3756
-8927.408	-170.84366	-1727.7957	84.579346	178.80188
-9283.807	-173.78304	-1792.9768	126.50354	178.80188
-9264.707	-173.78304	-1795.7529	161.12036	178.80188
-8322.257	-145.75938	-1627.4869	62.766968	167.09227
-8717.646	-162.37631	-1710.856	69.849	171.26283
-8710.011	-157.9567	-1715.0204	88.03052	171.26283
-8772.181	-153.1416	-1699.4753	97.92566	168.17699
-8344.846	-156.11343	-1629.0093	109.54346	164.84428
-8329.488	-163.17189	-1606.3401	103.841064	167.09227
-9056.482	-165.33313	-1766.7158	117.039185	169.76923
-9345.596	-173.78304	-1821.2112	129.55957	181.34158
-9189.686	-163.17189	-1794.861	87.11621	181.34158
-8759.215	-159.80264	-1716.7053	72.56091	174.73656
-9087.208	-170.12964	-1744.0358	143.71667	170.12964
-8386.603	-129.57938	-1652.5453	57.655396	167.91774
-8543.629	-157.9567	-1676.4844	55.65576	171.41327
-8883.9375	-153.1416	-1675.1019	200.5719	166.65111
-9140.321	-157.32475	-1804.6296	53.309692	174.10564
-8645.155	-159.44897	-1655.3235	161.31213	165.72655
-9146.39	-152.36444	-1793.822	70.07446	174.55391
-8712.873	-150.82468	-1701.782	77.76807	168.8007
-8707.579	-159.44897	-1711.8342	63.99463	166.09207
-8409.178	-163.17189	-1601.337	155.02454	167.09227
-8747.141	-158.53456	-1692.6295	102.84021	166.09207
-8383.756	-131.289	-1594.2705	219.66528	160.3636
-8787.402	-158.53456	-1713.5831	111.712036	166.09207
-8585.192	-163.17189	-1659.201	159.7218	165.93634
-8468.432	-160.10626	-1636.2449	147.27222	167.09227
-8756.987	-149.56053	-1700.792	108.68359	165.67262
-8566.552	-151.33278	-1685.8204	63.57617	169.48607
-9067.431	-172.23912	-1737.5166	159.146	168.88826
-8862.034	-158.53456	-1720.522	120.893555	166.09207
-8770.809	-142.16643	-1679.1079	147.8274	165.6998
-8363.875	-139.19661	-1644.0605	62.62329	168.17699
-9115.045	-152.36444	-1773.1846	101.07178	172.17154
-9155.155	-153.50403	-1778.6459	148.18372	172.23912
-9104.905	-164.95471	-1782.0442	103.7135	176.07236
-9097.458	-169.52435	-1780.3328	89.09839	172.23912
-9074.733	-156.72108	-1768.8903	116.67285	169.14557
-8995.055	-154.481	-1685.4579	173.46863	167.45956
-8989.267	-162.55424	-1743.4172	103.5072	167.45956
-9122.453	-163.17189	-1793.0734	82.31152	181.34158
-8348.779	-129.57938	-1602.9438	102.89429	160.22249
-8403.413	-151.82587	-1622.5372	126.49695	163.52359
-9145.745	-169.2948	-1789.1765	82.82373	181.34158
-8764.4375	-142.16643	-1675.283	159.53491	165.67262
-9433.038	-168.0409	-1810.0276	145.0758	174.36157
-9206.301	-168.0409	-1781.796	111.885864	181.57419
-9346.54	-169.2948	-1783.2814	181.85571	174.55391
-8335.855	-138.34096	-1631.7693	92.75781	163.93184
-9217.082	-167.09227	-1774.878	110.561035	182.46217
-9327.816	-161.25354	-1779.2792	125.696045	182.46217
-8771.668	-142.16643	-1663.6572	161.56079	165.6998
-8717.083	-144.32188	-1614.6082	223.99475	162.26248
-8666.423	-144.32188	-1631.6416	213.05432	162.26248
-9171.274	-169.2948	-1706.3176	230.1001	171.85992
-9212.597	-168.0409	-1781.4193	109.376465	184.17508
-8373.903	-138.34096	-1634.5117	118.75549	163.93184
-9096.879	-171.55267	-1687.2695	231.85583	170.75787
-9369.066	-165.67262	-1799.7181	125.72107	181.50786
-8455.598	-138.34096	-1631.6848	135.38757	163.93184
-8457.137	-143.98636	-1615.0758	203.80383	161.31477
-9254.668	-165.67262	-1790.8278	114.68616	185.39194
-9134.743	-168.12714	-1693.3864	256.21838	171.43138
-9149.458	-168.0409	-1771.4628	107.868286	176.64444
-8868.989	-162.55424	-1726.6472	101.72595	172.17154
-8345.523	-138.34096	-1629.139	74.166504	163.93184
-9198.835	-168.0409	-1691.3025	225.61926	171.43138
-9110.787	-166.3936	-1707.8806	187.96118	170.75787
-8283.236	-151.82587	-1619.5383	77.27869	160.44765
-9190.099	-158.53456	-1736.7078	161.59851	169.9859
-9149.467	-159.42813	-1748.1044	186.44629	169.9859
-9111.795	-164.95471	-1763.0109	103.69214	180.3756
-8335.647	-151.82587	-1624.7343	124.4917	163.17189
-8243.463	-150.61937	-1588.3348	99.8645	160.22249
-8166.3525	-150.09505	-1589.6361	72.811646	160.22249
-8345.966	-130.1807	-1616.0428	162.98633	161.1099
-8331.072	-140.45805	-1620.5472	124.91333	161.67987
-8655.054	-142.16643	-1662.9823	164.20447	164.19875
-8144.499	-149.3972	-1609.9017	38.14563	161.96129
-9029.875	-164.95471	-1770.203	67.083374	179.57294
-8491.233	-140.45805	-1632.1874	148.5199	161.67987
-8468.687	-130.1807	-1639.6829	158.07788	161.35983
-9004.603	-164.95471	-1758.2628	81.82385	175.74286
-8357.111	-130.1807	-1624.739	152.39233	161.35983
-8427.4795	-140.45805	-1606.3542	183.98279	161.35983
-9167.981	-138.71661	-1764.1719	179.07153	169.52435
-9111.056	-168.0409	-1788.871	117.949585	175.95915
-9158.215	-167.09227	-1703.7596	198.65405	171.43138
-9079.298	-158.90211	-1668.0125	265.51868	167.07993
-8988.931	-158.75555	-1675.9767	265.96265	167.07993
-8955.097	-152.50389	-1682.9902	209.62341	167.07993
-9192.01	-146.27359	-1718.3922	200.83826	169.52435
-8080.571	-142.17139	-1553.9504	167.4646	159.43317
-8930.472	-161.96129	-1686.4827	201.67773	167.07993
-8390.264	-140.45805	-1618.016	168.56653	161.35983
-8986.352	-168.0409	-1752.8762	72.17163	174.80391
-9161.498	-165.67262	-1741.5334	182.96985	169.52435
-8284.05	-147.80772	-1558.6414	209.80054	159.43317
-8182.7983	-147.80772	-1553.6803	175.68188	158.49126
-8942.009	-145.2494	-1679.3922	193.37805	167.07993
-8372.2705	-147.80772	-1598.2119	258.45093	159.43317
-8928.063	-161.96129	-1643.6697	246.92285	166.77203
-8994.179	-161.96129	-1668.7559	257.60156	167.07993
-9095.762	-158.29262	-1675.2595	286.94434	167.07993
-9066.675	-140.41786	-1635.8699	342.96558	166.06993
-8075.6196	-147.36777	-1548.7228	137.61475	159.43317
-8005.966	-148.48541	-1515.4148	129.86597	158.09056
-7951.4355	-148.48541	-1526.5482	119.962524	157.73245
-7919.366	-121.94859	-1514.6755	140.14624	157.29762
-7931.403	-121.94859	-1541.597	88.399414	157.4728
-8071.423	-148.48541	-1553.2197	105.28003	159.73465
-8055.099	-149.35419	-1532.8098	136.12915	158.66147
-8086.957	-149.06984	-1522.229	178.56738	158.63329
-8035.485	-141.19069	-1528.8019	148.07764	158.09056
-8074.4883	-149.06984	-1505.033	170.95667	158.09056
-8047.42	-142.19382	-1520.3152	168.84131	156.72108
-7917.187	-142.19382	-1518.4731	134.41272	156.72108
-7923.1343	-142.19382	-1512.8909	153.73804	156.72108
-8024.9595	-131.3409	-1531.5128	142.88464	156.72108
-7852.774	-128.60359	-1502.5925	126.0647	156.71829
-7891.864	-128.25827	-1528.5524	116.22925	156.72108
-7804.3833	-128.60359	-1516.5894	102.12903	156.72108
-8932.518	-168.0409	-1757.053	54.032715	174.80391
-8907.631	-168.0409	-1761.2219	68.60632	179.15924
-7975.3647	-154.21461	-1552.3696	73.68591	159.73465
-7997.604	-151.76624	-1539.886	79.31433	159.73465
-7988.9497	-151.70576	-1548.4031	83.46692	158.47075
-7925.845	-132.93233	-1536.2046	80.15613	158.66147
-8904.387	-144.61475	-1627.0131	274.58398	166.62468
-8085.9893	-119.81595	-1567.9517	98.52759	159.73465
-8581.5625	-140.45805	-1635.5496	141.67822	163.09657
-8050.845	-149.06984	-1556.7202	112.57788	159.73465
-8753.219	-140.45805	-1674.965	144.75684	164.67372
-8073.0977	-141.94493	-1573.9192	86.600464	159.73465
-8634.745	-140.45805	-1671.5787	112.078735	164.67372
-8155.374	-137.1246	-1563.5558	129.80713	157.5813
-8695.497	-140.45805	-1638.3634	153.37683	164.29047
-8325.7705	-141.94493	-1585.9423	236.65588	159.73465
-8947.5	-144.61475	-1642.351	231.42273	166.77203
-8227.267	-151.40884	-1590.4932	198.80872	158.66147
-8015.142	-140.68007	-1532.6002	119.22388	158.66147
-8001.201	-140.88342	-1563.2372	97.572266	158.66147
-8629.135	-140.45805	-1671.9238	110.44946	164.67372
-8325.377	-149.12352	-1545.7373	255.85266	159.73465
-8671.282	-140.45805	-1662.1235	115.39636	164.67372
-9009.085	-144.61475	-1660.356	253.79639	166.77203
-8331.763	-141.94493	-1564.3156	236.91162	159.73465
-8591.127	-140.45805	-1630.9536	147.95398	162.67815
-8637.966	-140.45805	-1680.7538	125.38953	164.67372
-8108.28	-153.52196	-1563.7446	147.13647	159.73465
-8062.59	-149.12532	-1545.2347	112.92737	159.49963
-8071.778	-143.05383	-1507.7081	158.26917	158.66147
-8108.0923	-141.94493	-1557.036	108.57141	159.73465
-8704.087	-140.45805	-1652.4606	141.47876	164.67372
-8705.5625	-138.87321	-1660.7887	138.43103	165.3541
-8939.084	-144.61475	-1650.35	229.5299	166.77203
-8323.5625	-149.12532	-1583.7444	260.7058	159.73465
-8380.204	-142.23967	-1590.804	208.27832	160.31525
-8676.826	-150.013	-1654.4773	169.64221	165.3541
-8635.308	-150.013	-1647.279	148.13281	165.3541
-8618.045	-150.013	-1642.6058	133.99377	164.67372
-8656.751	-150.013	-1654.7657	151.39587	165.3541
-8511.113	-141.19069	-1621.5449	167.87073	161.4
-8571.826	-155.87817	-1623.8362	145.85449	165.3541
-8884.085	-156.9105	-1619.8599	293.69556	165.22179
-8546.495	-151.45073	-1649.2372	119.18042	165.3541
-8569.948	-151.45073	-1639.0033	142.12354	165.3541
-8894.985	-156.9105	-1643.7734	253.323	166.77203
-8945.576	-156.9105	-1635.5126	251.9524	166.77203
-8509.94	-101.97304	-1548.9202	334.56445	161.00371
-8532.919	-147.82549	-1525.3356	354.3307	161.00371
-8472.853	-147.82549	-1552.0972	312.84155	160.31525
-8482.731	-147.82549	-1533.1309	367.51074	160.31525
-8357.399	-149.12532	-1574.3958	228.18884	160.31525
-8572.285	-146.45248	-1646.7417	130.55688	164.6754
-8561.048	-146.45248	-1648.8232	126.45654	164.6754
-8467.383	-132.74606	-1640.9229	110.337524	164.6754
-8473.189	-132.74606	-1642.1672	107.313354	165.3541
-8633.538	-150.13426	-1603.0308	226.1903	161.4
-8579.032	-132.74606	-1651.6514	96.35742	165.72655
-8317.564	-153.50403	-1590.4517	185.49512	161.4
-8274.2705	-153.74913	-1588.1364	170.10071	161.4
-8242.304	-154.39069	-1578.7604	168.8175	158.66147
-8476.241	-132.74606	-1634.4083	107.08594	164.6754
-8508.799	-132.74606	-1637.2611	124.3678	163.19127
-8288.859	-145.67773	-1609.927	105.325195	160.38492
-8302.827	-152.80214	-1617.6272	113.392456	159.49963
-8335.919	-132.66583	-1586.4751	142.979	158.41406
-8401.606	-132.66583	-1600.0879	146.58997	160.40916
-8457.703	-132.74606	-1631.8702	101.058716	163.19127
-8448.203	-146.45248	-1628.1633	131.63379	163.19127
-8507.899	-149.12352	-1591.3822	209.4552	160.40916
-8619.167	-149.12352	-1624.1969	201.22363	163.28625
-8639.127	-131.3409	-1567.4191	255.60352	161.67987
-8627.557	-149.12352	-1597.0818	225.65808	163.28625
-8380.032	-146.45248	-1632.6296	117.47046	163.19127
-8483.521	-146.45248	-1651.0789	137.93481	163.19127
-8757.197	-147.82549	-1582.9851	260.48083	163.28625
-8443.416	-146.45248	-1651.2323	123.06189	163.19127
-8537.162	-130.28494	-1594.106	221.78186	161.71059
-8421.266	-130.28494	-1619.0898	171.82666	161.1114
-8357.976	-130.28494	-1618.5221	109.102905	161.20546
-8338.878	-133.08179	-1636.3274	95.32959	161.20546
-8403.067	-143.20287	-1609.6388	129.5509	161.20546
-8306.691	-143.20287	-1610.2936	90.605835	161.20546
-8288.247	-143.20287	-1635.664	43.914917	161.1114
-8223.811	-143.20287	-1610.1459	74.403564	159.7569
-8259.665	-143.20287	-1637.3662	27.139526	172.7754
-8399.14	-143.20287	-1614.5526	161.7467	160.38492
-8280.21	-142.85687	-1620.4169	69.18298	160.38492
-8425.228	-143.20287	-1603.0865	187.50305	160.38492
-8437.589	-143.20287	-1596.3768	178.1283	161.4
-8462.805	-150.15355	-1615.6948	214.52295	162.49982
-8443.012	-150.96991	-1611.22	183.6366	161.4
-8425.24	-150.96991	-1619.7742	141.88171	161.4
-8431.134	-154.77966	-1615.9177	171.719	162.49982
-8430.583	-159.73465	-1623.9243	141.5603	165.03769
-8308.23	-149.40105	-1608.2893	120.40381	163.28625
-8389.993	-149.40105	-1626.2485	93.15381	165.03769
-8287.434	-156.6731	-1602.9756	87.34717	163.28625
-8204.62	-158.41406	-1588.3329	134.19666	163.96837
-8214.335	-158.41406	-1586.5127	113.07019	163.28625
-8298.653	-155.93184	-1590.1652	130.78174	163.28625
-8286.918	-149.40105	-1615.6653	109.923096	163.28625
-8294.612	-155.93184	-1619.3843	118.651	163.28625
-8299.855	-154.77966	-1606.2899	102.90564	163.28625
-8338.713	-154.77966	-1608.7866	132.4021	163.28625
-8255.724	-155.93184	-1607.3661	89.94617	163.28625
-8303.59	-149.17802	-1601.6497	113.79907	162.49982
-8322.144	-149.17802	-1603.1646	134.94446	162.49982
-8304.029	-155.93184	-1585.6515	134.3429	163.28625
-8501.105	-155.93184	-1607.0204	175.7074	162.49982
-8504.073	-155.93184	-1597.379	206.08679	162.49982
-8416.979	-152.69485	-1618.3317	205.75	162.49982
-8425.006	-152.69485	-1626.3599	240.59216	161.1114
-8390.944	-142.60887	-1622.0974	232.93542	160.62572
-8337.638	-142.60887	-1632.3464	174.7904	161.4
-8395.177	-142.60887	-1619.866	185.5459	161.4
-8441.369	-142.60887	-1608.318	167.5531	161.4
-8335.122	-142.60887	-1619.3843	96.19263	163.28625
-8289.345	-142.60887	-1611.0681	89.27844	165.41318
