6954.4497 25.99064 1049.7836 209.74622 68.72882
6619.634 30.55366 996.6536 200.57697 69.7771
6920.6763 43.02202 1009.94574 232.96698 65.28843
5282.1914 30.5546 824.20166 182.15381 70.57494
6808.6284 43.02202 1005.7104 185.88995 75.82535
6987.1885 13.80951 1061.5938 189.30884 68.72882
6731.941 39.63217 982.911 238.08203 63.99561
5034.496 23.85673 767.9869 160.96356 77.10049
6981.897 24.83442 981.1502 249.21173 76.21087
6109.9272 52.70958 783.53284 333.90894 56.84732
5606.558 42.29716 804.2043 224.3653 61.66431
6052.3647 48.92436 889.3496 235.1565 61.0541
6732.778 64.62117 972.8857 204.19403 75.82535
5112.906 27.45511 749.5575 169.07373 73.54153
6220.602 55.7001 831.69965 309.59296 62.92336
6368.038 57.20359 895.8368 311.083 65.56113
6510.8037 51.28518 795.93915 446.91547 63.67736
6574.041 39.63217 801.4177 409.77148 63.51992
6756.033 32.67483 873.53406 320.58655 61.92084
6533.356 43.99595 814.9045 386.9333 62.92336
6789.2393 28.56982 850.3915 382.3556 64.83833
6337.9688 45.81792 825.2254 348.46698 59.06736
6386.3203 47.87917 827.68695 354.7353 60.29772
6545.503 36.86383 860.4599 339.22723 63.02926
6740.9277 44.14568 892.65 350.9867 66.68504
5244.9126 12.02243 782.68604 171.44836 80.40206
5537.5327 28.35509 806.72754 265.04883 59.51512
5321.6196 20.00563 794.9955 203.01154 63.65549
5320.881 20.00563 790.3364 201.31494 63.65549
5225.723 20.00563 785.05304 179.96918 63.65549
5480.9717 20.00563 787.42523 199.75867 61.50905
5406.343 20.00563 799.0081 214.802 61.50905
5438.962 20.00563 828.2541 174.34607 70.59364
6572.6875 43.02202 815.12787 391.18988 63.11359
