-34018.47	-59.88533	-2614.031	521.5979	89.72325
-34051.734	-59.88533	-2601.1067	587.2549	80.25228
-33595.918	-68.15492	-2512.57	592.0027	65.41608
-33610.746	-65.34835	-2589.3748	518.2388	68.26019
-33373.773	-69.34026	-2403.4282	775.7095	68.89751
-33883.652	-59.88533	-2562.8643	598.9011	72.3639
-33344.227	-68.89751	-2569.2869	544.9802	74.12405
-33719.97	-65.34835	-2596.4731	536.0071	85.2095
-33872.176	-59.88533	-2616.1113	533.3323	80.25228
-34017.414	-59.88533	-2613.092	564.74927	80.27926
-33848.973	-59.90779	-2566.739	575.051	74.16573
-33484.23	-59.90779	-2577.0771	508.16602	80.27926
-33793.56	-59.90779	-2587.2815	552.0398	74.12405
-33851.707	-59.90779	-2583.423	562.09766	79.81705
-33800.383	-59.90779	-2575.9907	586.7246	68.89751
-33851.723	-59.90779	-2583.4229	562.0979	76.75111
-33634.938	-65.69004	-2588.9504	529.1826	65.69004
-33436.566	-59.88533	-2593.881	496.14697	74.12405
-33397.938	-68.89751	-2577.2146	551.05005	79.81705
-33735.97	-68.89751	-2583.2522	577.9778	74.12405
-33389.867	-69.34026	-2506.4587	649.65063	76.75111
-33735.973	-68.89751	-2583.252	577.9778	76.75111
-33847.45	-59.90779	-2583.2593	570.0603	74.12405
-33565.516	-68.89751	-2537.4175	547.2529	74.12405
-33565.504	-68.89751	-2537.4175	547.2522	70.75626
-33191.383	-68.89751	-2518.0977	533.60693	70.75626
-33050.883	-70.75626	-2503.8708	605.2754	68.89751
-33344.24	-68.89751	-2569.2864	544.98096	78.22947
-33331.99	-68.89751	-2583.1826	538.2937	79.81705
-33344.242	-68.89751	-2569.2864	544.98096	104.28301
-33719.977	-65.34835	-2596.4727	536.0073	80.25228
-33887.91	-59.90779	-2584.6394	581.1333	80.25228
-33719.973	-65.34835	-2596.473	536.00757	80.25228
-33750.855	-65.34835	-2598.1355	548.3425	86.05238
-33719.977	-65.34835	-2596.473	536.0071	86.05238
-33680.55	-68.89751	-2590.0537	564.3872	65.69004
-33712.96	-65.69004	-2582.3618	567.8467	80.25228
-33712.97	-65.69004	-2582.3616	567.8469	80.25228
-33299.34	-65.69004	-2588.386	490.8772	88.3876
-33191.39	-68.89751	-2518.0977	533.6072	71.44061
-33452.582	-59.88533	-2604.6682	479.45508	79.81705
-33655.74	-65.69004	-2595.2573	516.9707	70.75626
-33809.164	-59.88533	-2611.9534	505.13525	74.12405
-33780.926	-54.3203	-2589.0894	540.10254	68.15492
-34016.707	-59.88533	-2600.1196	550.2612	74.12405
-34073.32	-59.88533	-2622.6858	574.09985	89.72325
-33906.996	-59.90779	-2603.734	588.1914	89.72325
-33907.004	-59.90779	-2603.734	588.1919	89.72325
-33855.875	-59.90779	-2596.1055	534.6633	80.25228
-33987.277	-54.3203	-2611.8762	545.7136	68.15492
-34020.684	-54.3203	-2627.8354	590.9114	89.72325
-33682.58	-54.3203	-2626.2393	559.5425	89.72325
-34051.73	-59.88533	-2601.1067	587.25464	82.24304
-34018.477	-59.88533	-2614.031	521.59814	82.24304
-33962.8	-59.88533	-2612.1055	527.7554	74.12405
-33905.895	-59.88533	-2561.336	568.69604	72.3639
-33962.812	-59.88533	-2612.105	527.7566	80.27926
-33730.242	-59.88533	-2536.7747	552.052	72.3639
-33821.914	-59.88533	-2551.8735	557.1594	72.3639
-33741.234	-59.90779	-2543.0347	578.40625	72.8456
-33881.023	-59.90779	-2572.252	622.2705	74.12405
-33881.027	-59.90779	-2572.2517	622.271	74.12405
-33689.37	-54.3203	-2593.3337	532.89233	70.75626
-33763.562	-54.3203	-2592.1458	532.15137	70.75626
-33680.555	-68.89751	-2590.0535	564.3872	78.22947
-33763.58	-54.3203	-2592.1455	532.1516	70.75626
-33712.324	-54.3203	-2582.876	585.56323	65.69004
-33926.742	-59.90779	-2590.4282	589.3423	80.25228
-34073.312	-59.88533	-2622.686	574.0991	89.72325
-33926.727	-59.90779	-2590.4285	589.34155	80.25228
-33397.926	-68.89751	-2577.2148	551.0503	82.24304
-33072.22	-69.34026	-2487.1387	636.0056	68.89751
-33389.863	-69.34026	-2506.459	649.65015	76.75111
-33750.855	-65.34835	-2598.1353	548.343	80.25228
-33162.758	-65.69004	-2586.202	506.87622	79.81705
-33276.312	-65.69004	-2579.287	505.8806	65.34835
-33162.77	-65.69004	-2586.2017	506.87695	73.06474
-33344.223	-68.89751	-2569.2869	544.98	104.28301
-33191.395	-68.89751	-2518.0977	533.6072	76.75111
-33191.387	-68.89751	-2518.0974	533.6074	70.75626
-33344.23	-68.89751	-2569.2866	544.98	74.12405
-33369.777	-70.75626	-2523.191	618.92017	70.75626
-33561.723	-70.75626	-2516.542	638.0552	80.04704
-33683.516	-68.89751	-2573.4465	573.7854	76.75111
-33809.168	-59.88533	-2611.9531	505.135	74.12405
-34016.71	-59.88533	-2600.119	550.2617	74.12405
-33847.47	-59.90779	-2583.259	570.06055	74.12405
-33671.38	-54.3203	-2576.279	555.85205	65.34835
-33697.8	-59.88533	-2544.0923	547.0222	72.3639
-33729.555	-59.88533	-2537.7131	563.92065	68.15492
-34016.715	-59.88533	-2600.1191	550.2617	79.81705
-33800.848	-59.90779	-2536.6553	595.3054	68.15492
-33729.56	-59.88533	-2537.713	563.92114	70.75626
-33881.14	-59.88533	-2545.4941	574.0581	69.34026
-33729.547	-59.88533	-2537.7134	563.92065	68.15492
-33595.92	-68.15492	-2512.5698	592.0034	65.41608
-33760.934	-54.3203	-2590.3828	528.2898	68.15492
-33610.758	-65.34835	-2589.3743	518.2395	65.69004
-33760.926	-54.3203	-2590.383	528.2898	69.34026
-33692.664	-59.88533	-2545.3657	551.3733	72.3639
