-8507.814	-165.8388	-1664.0793	61.650146	180.056
-8748.493	-171.01344	-1693.5894	117.18909	169.52435
-8775.64	-171.01344	-1687.6455	138.56042	169.52435
-8705.283	-162.2631	-1713.1907	53.601562	172.89442
-8876.702	-165.02377	-1728.3241	91.70508	170.60704
-9029.931	-165.02377	-1774.574	114.974976	171.41327
-9267.885	-158.90211	-1806.4559	92.190186	180.79916
-8231.248	-129.57938	-1584.839	120.29419	160.33003
-8235.43	-129.57938	-1611.7708	82.52307	161.1099
-8253.756	-129.57938	-1611.4126	74.81506	161.43486
-8456.216	-137.32849	-1667.394	55.23694	166.55363
-8176.1855	-142.87715	-1577.7172	112.82495	161.1099
-8953.778	-162.92406	-1692.09	200.6919	166.97687
-8692.692	-157.10938	-1666.2207	143.65515	164.1236
-8550.392	-142.17139	-1631.6113	156.6903	161.27023
-8465.568	-129.57938	-1622.8403	140.25	161.27023
-8512.219	-138.71661	-1623.5115	145.72913	161.27023
-8498.197	-152.50389	-1595.6082	202.68323	159.16022
-8334.7705	-114.42865	-1618.95	198.51733	159.08632
-8451.378	-127.37673	-1578.5912	312.54187	159.08632
-8526.859	-150.55676	-1629.278	201.94775	159.44897
-8320.642	-146.2643	-1601.2932	140.44202	159.44897
-8361.612	-153.41719	-1607.5283	144.66895	159.80432
-8470.485	-153.56113	-1627.5913	148.9187	159.44897
-8543.289	-153.56113	-1616.3303	208.12732	159.44897
-8565.068	-149.10999	-1604.1699	237.42969	161.27023
-8514.298	-149.10999	-1627.8931	162.93567	161.27023
-8622.105	-147.38098	-1633.383	140.16809	161.46465
-8496.419	-147.38098	-1589.9535	188.20984	159.44897
-7996.7173	-123.38213	-1537.169	110.59912	158.92749
-7945.25	-140.28143	-1538.9885	87.124146	158.92749
-7976.101	-140.09077	-1561.2491	84.69983	158.92749
-8154.0127	-130.78815	-1555.6049	170.40088	157.93887
-8214.031	-140.09077	-1524.3036	225.89038	157.93887
-7851.9526	-137.31752	-1510.2397	100.67737	158.64008
-7978.384	-140.09077	-1530.4912	124.95093	158.64008
-7826.4697	-140.09077	-1494.7323	125.86304	157.83769
-7773.016	-137.09634	-1507.6581	101.970825	157.83769
-7741.2183	-137.09634	-1510.7405	95.16272	157.83769
-7751.3257	-133.67853	-1491.3969	140.6095	156.6731
-8004.167	-135.74165	-1490.0614	212.38098	156.6731
-7986.8145	-137.43704	-1523.6493	172.5398	156.6731
-7905.053	-140.28143	-1524.4551	140.43555	157.40181
-7828.2065	-138.71661	-1528.263	111.208496	157.40181
-7836.4146	-138.71661	-1522.7239	124.893555	158.09056
-7871.0405	-136.56595	-1509.6041	123.1593	157.73245
-7950.6064	-136.56595	-1498.4612	150.99976	156.72108
-7906.652	-135.95323	-1528.9918	96.98157	156.72108
-7747.8916	-136.56595	-1370.2323	240.39893	155.67729
-7875.217	-136.56595	-1401.0974	336.85962	155.67729
-7854.0986	-136.56595	-1381.507	335.33118	155.67729
-8221.258	-136.56595	-1488.9868	269.18176	156.72108
-8063.1724	-140.28143	-1501.7203	197.23645	157.27493
-8158.4927	-138.21107	-1529.1184	185.16357	158.68048
-8193.299	-140.28143	-1522.5526	188.70044	158.09056
-8216.8	-138.21107	-1516.8903	261.93994	156.83092
-7923.283	-138.21107	-1483.7787	194.62683	156.72108
-7878.1772	-138.21107	-1499.108	193.8075	156.72108
-7875.5605	-140.28143	-1495.7733	193.12512	156.72108
-7814.815	-140.28143	-1482.4004	175.84619	156.72108
-7992.818	-140.28143	-1508.3878	209.08887	156.72108
-8045.7095	-139.50816	-1506.1732	218.7384	157.09906
-8192.598	-138.76268	-1553.0687	212.76794	157.09906
-8156.816	-140.28143	-1561.4288	221.87622	156.72108
-8110.598	-139.0141	-1528.2163	217.1294	156.72108
-8211.986	-128.60359	-1542.7922	219.12769	156.72108
-7910.5464	-115.43201	-1424.6885	312.1129	155.48203
-7929.764	-115.43201	-1412.7634	306.59583	155.48203
-7914.695	-115.43201	-1424.1201	300.3169	154.96448
-8000.931	-115.43201	-1424.2794	306.9569	155.48203
-7738.7427	-115.43201	-1397.073	229.6958	154.96448
-7733.639	-115.43201	-1412.1355	209.5304	155.53435
-7772.51	-115.43201	-1424.2235	243.19397	154.96448
-7585.7085	-115.43201	-1400.3464	216.9624	154.96448
-7692.9067	-115.43201	-1409.233	229.61462	154.96448
-7601.106	-115.43201	-1393.3848	211.08704	154.96448
-7472.2104	-115.43201	-1364.2339	232.01855	154.68307
-7563.7705	-115.43201	-1381.7305	302.958	154.68307
-8055.285	-135.74165	-1487.2618	205.16663	156.72108
-8016.005	-135.74165	-1463.7056	256.41394	155.75172
-7896.122	-126.44568	-1460.3939	244.85376	155.67729
-7943.76	-126.44568	-1467.0638	198.6195	156.56027
-7886.6875	-140.28143	-1476.2355	191.93054	156.56027
-7812.044	-130.36232	-1507.449	137.58704	156.56027
-7890.548	-130.36232	-1509.2305	164.24622	156.56027
-7877.517	-138.36317	-1488.6243	217.58191	156.56027
-7942.68	-131.62589	-1505.893	223.78809	156.56027
-8083.348	-140.28143	-1503.0748	258.5691	156.56027
-7876.3765	-135.74165	-1465.5093	264.81262	154.96448
-7857.3237	-140.28143	-1485.3942	219.9519	156.56027
-7831.243	-140.28143	-1497.6117	151.86499	157.3032
-7986.343	-140.28143	-1506.0627	197.57117	157.3032
-7969.747	-140.28143	-1523.0271	171.12573	157.3032
-8024.1216	-140.28143	-1504.1039	218.08838	157.27493
-7887.722	-140.28143	-1504.6145	167.20703	157.27493
-8009.567	-140.28143	-1517.729	199.3374	157.27493
-7833.453	-140.28143	-1493.3042	166.31079	157.27493
-7956.3667	-139.15314	-1491.4812	189.78027	157.27493
-7861.4136	-139.15314	-1474.0354	168.59839	156.56027
-7763.698	-127.10043	-1504.7893	96.14014	156.56027
-7719.76	-140.28143	-1486.3185	122.31287	156.56027
-7740.4604	-140.28143	-1482.7184	140.64734	157.27493
-7794.8423	-138.16656	-1488.3245	128.03857	157.27493
-7846.5386	-138.16656	-1497.8694	153.60486	156.93901
-7831.941	-140.28143	-1498.029	163.02881	156.93901
-7792.329	-140.28143	-1480.7053	130.67786	156.56027
-7897.8594	-140.09077	-1477.4198	184.42346	157.27493
-7869.1377	-140.09077	-1476.6985	161.6062	157.27493
-8050.4863	-132.48744	-1534.376	173.79272	157.3032
-8273.524	-140.28143	-1542.6416	204.10059	158.41406
-8365.946	-140.28143	-1574.6787	219.82275	158.41406
-8519.963	-140.28143	-1563.1411	255.49744	158.41406
-8526.568	-140.28143	-1521.9292	304.47668	158.22704
-8418.171	-137.43704	-1572.8914	227.19666	158.41406
-8528.899	-131.62589	-1549.4191	301.33533	159.31575
-8611.442	-140.28143	-1545.9106	306.49744	158.41406
-8454.803	-140.28143	-1534.1594	316.61328	158.2815
-8314.902	-131.62589	-1554.1628	256.41968	158.2815
-8123.9624	-131.62589	-1548.7963	188.37817	157.40181
-8066.603	-131.62589	-1535.4526	207.08728	157.25954
-8079.4824	-131.62589	-1504.491	188.30908	157.14642
-8084.6924	-131.62589	-1491.2211	212.672	156.72108
-7903.4277	-131.62589	-1485.5717	217.35437	155.94547
-8208.813	-131.62589	-1510.9054	292.60645	156.72108
-8018.6924	-131.62589	-1504.6862	203.47229	156.72108
-8198.255	-131.62589	-1519.0793	223.7351	157.14642
-8040.6133	-131.62589	-1524.8148	196.36426	157.14642
-8042.885	-131.3409	-1526.6138	208.59412	157.14642
-7972.5083	-130.78815	-1537.7399	138.37756	156.72108
-7795.677	-131.62589	-1499.2866	159.40186	155.94547
-7883.6567	-132.48744	-1509.7543	167.90698	155.94547
-7946.131	-132.48744	-1535.8275	118.002075	157.40181
-7922.937	-132.48744	-1501.9912	163.02527	156.91866
-7899.927	-132.48744	-1531.1926	78.951416	158.09056
-7913.8804	-132.48744	-1536.7363	87.48047	158.09056
-7936.9233	-132.48744	-1518.9762	126.89661	157.14642
-7993.3223	-132.48744	-1527.1693	174.10352	156.91866
-7985.8696	-120.78424	-1535.1193	184.60449	156.91866
-8055.385	-120.78424	-1538.2714	210.90393	156.91866
-8261.443	-132.48744	-1560.5492	186.42273	158.09056
-8258.829	-132.48744	-1537.8892	230.76062	157.27493
-8283.269	-120.78424	-1525.3551	266.6588	157.27493
-8227.648	-140.28143	-1542.7297	211.3877	158.2815
-8417.765	-140.28143	-1546.746	246.23389	158.2815
-8383.011	-140.28143	-1550.5929	226.71375	157.82957
-8300.433	-131.3409	-1562.6888	191.48865	157.82957
-8392.703	-131.3409	-1556.0061	245.93457	158.2815
-8360.535	-131.3409	-1577.2015	195.05286	158.41406
-8324.59	-130.78815	-1576.9592	170.23047	158.41406
-8522.005	-131.3409	-1544.697	266.9187	158.2815
-8509.162	-131.3409	-1541.1948	257.3922	158.2815
-8443.123	-131.3409	-1553.021	246.57593	158.09056
-8415.27	-131.3409	-1570.9379	186.27039	158.41406
-8433.329	-131.3409	-1572.4534	196.23633	158.41406
-8337.948	-128.8711	-1575.0757	182.63525	158.41406
-8286.488	-131.3409	-1570.44	173.29736	158.41406
-8437.357	-131.3409	-1564.8191	213.85535	158.41406
-8439.561	-131.3409	-1569.6495	255.7555	158.41406
-8387.281	-131.3409	-1581.0803	214.4292	158.41406
-8298.036	-131.3409	-1547.8489	176.09534	158.68048
-8346.809	-131.3409	-1573.4031	200.54468	158.22704
-8415.693	-131.3409	-1538.8093	231.21765	158.22704
-8476.527	-140.28143	-1519.7026	278.02515	158.22704
-8544.876	-140.28143	-1529.3661	303.44714	158.92749
-8565.4795	-140.28143	-1526.6135	303.79785	160.61742
-8325.605	-137.5356	-1627.0189	88.83301	163.28625
-8351.274	-149.40105	-1618.5974	103.40222	162.67815
-8312.514	-152.30789	-1612.0559	112.30664	161.4
-8293.183	-157.60176	-1608.4946	96.536255	163.28625
-8188.3022	-146.89085	-1600.1504	71.99109	163.28625
-8275.212	-150.55676	-1605.1809	81.90369	163.28625
-8211.621	-150.55676	-1603.9789	76.23096	163.28625
-8231.879	-143.05045	-1597.4099	95.131836	161.96129
-8289.49	-143.05045	-1607.4752	99.90503	161.96129
-8339.429	-141.32265	-1617.1725	88.4259	163.19127
-8363.709	-132.93233	-1635.8495	77.90991	163.19127
-8403.452	-149.17802	-1623.0514	104.078	162.45502
-8335.546	-142.60887	-1613.3234	92.35339	161.4
-8269.455	-141.32265	-1618.0728	66.798706	163.28625
-8297.61	-141.32265	-1619.6694	70.08972	163.19127
-8408.454	-140.82065	-1657.5214	52.029053	165.03769
-8383.559	-140.82065	-1633.257	89.309814	163.19127
-8159.217	-152.93358	-1590.5685	106.11841	161.01352
-8242.681	-147.62096	-1589.5907	131.83557	161.01352
-8081.632	-143.28574	-1552.5146	117.16907	160.44765
-8018.765	-142.60887	-1524.3082	112.1687	160.44765
-8041.047	-142.60887	-1554.1091	91.82556	161.0252
-8021.204	-142.60887	-1549.1099	89.82947	161.0252
-8140.5166	-142.60887	-1575.6556	97.81409	161.0252
-8163.219	-140.82065	-1583.5884	131.51038	161.0252
-8081.1753	-140.82065	-1585.346	56.92102	161.0252
-8031.427	-143.28574	-1564.8652	117.70801	160.63477
-8152.1313	-143.28574	-1566.7295	130.93567	160.63477
-8219.417	-134.4078	-1568.0625	131.51184	159.73465
-8213.883	-134.4078	-1566.9056	127.13391	159.73465
-8148.066	-134.4078	-1573.4413	105.1427	158.97757
-8135.145	-134.4078	-1561.8174	103.84534	158.97757
-8150.085	-134.4078	-1558.3679	95.17908	158.97757
-8189.5376	-134.4078	-1579.5265	106.07495	158.97757
-8148.481	-134.4078	-1592.4247	97.61633	159.42813
-8036.8877	-134.4078	-1576.509	81.048096	159.42813
-8050.9185	-134.4078	-1563.4014	99.23474	158.97757
-7968.477	-134.4078	-1556.3445	63.970825	158.97757
-7990.392	-134.4078	-1536.7733	119.090576	158.53456
-8149.0854	-144.49411	-1586.7622	125.97705	157.83769
-8157.869	-144.49411	-1573.5786	137.93909	159.16022
-8151.9272	-141.32265	-1581.7723	168.81323	158.99997
-8181.66	-144.49411	-1590.8726	161.91614	159.16022
-8217.714	-144.49411	-1584.1357	144.06433	159.16022
-8323.499	-144.49411	-1606.255	107.718506	161.55464
-8281.163	-135.68265	-1604.0804	157.41797	158.99997
-8368.686	-144.49411	-1610.4543	119.63281	161.45923
-8345.64	-144.49411	-1651.2323	41.60193	166.65726
-8345.8545	-144.49411	-1648.2684	46.327026	164.69258
-8370.147	-146.27359	-1646.1926	75.18677	164.61855
-8387.369	-151.39291	-1629.1267	80.27954	165.8388
-8492.969	-153.77576	-1655.635	110.11035	162.03156
-8507.045	-153.50403	-1598.8667	164.20471	162.79968
-8873.021	-153.77576	-1606.3942	292.625	164.1236
-8701.73	-150.1226	-1689.8364	114.87134	163.93184
-8742.914	-149.38101	-1569.7214	319.6809	162.64648
-8464.41	-157.74712	-1533.1658	319.97388	162.64648
-8607.782	-157.74712	-1525.8195	342.09082	162.64648
-8550.845	-157.4728	-1538.5609	317.52966	162.64648
-8498.871	-159.00172	-1522.0015	265.64758	162.64648
-8576.904	-154.73515	-1506.1399	310.00208	161.90587
-8702.135	-152.24823	-1720.4148	37.311646	179.43411
-8759.051	-158.90211	-1719.168	63.108154	171.86229
-8766.143	-158.90211	-1711.7925	79.20874	171.22258
-8720.284	-171.16081	-1677.1185	138.80188	171.22258
-8413.75	-143.05045	-1657.8296	57.978394	167.20268
-8436.883	-143.05045	-1658.3728	63.5708	167.20268
-8429.802	-153.34789	-1652.1322	76.944214	167.263
-8455.055	-156.72108	-1649.6846	73.03015	169.41803
-8617.515	-156.25668	-1682.2535	79.662964	168.12714
-8517.696	-156.72108	-1662.0994	80.244385	168.12714
-8466.433	-158.01398	-1665.2664	74.84277	170.5356
-8390.182	-156.72108	-1654.0923	96.12659	164.19875
-8395.998	-154.77098	-1634.518	102.13086	164.19875
-8355.579	-149.40105	-1648.8916	43.654297	171.2783
-9246.283	-147.12909	-1801.6886	83.97131	177.04102
-8992.443	-162.60805	-1739.5299	112.822876	172.89442
-8758.768	-164.16862	-1713.0024	99.58887	166.48952
-8785.979	-158.90211	-1728.2567	67.98767	171.48897
-8900.261	-149.57283	-1609.3511	262.55078	164.19875
-9030.093	-158.90211	-1742.1835	143.4049	169.41483
-9104.255	-158.53456	-1748.8787	125.311035	167.263
-8652.178	-163.39345	-1697.356	61.81079	178.39157
-8544.487	-164.6754	-1673.403	58.656494	178.39157
-8428.211	-152.00078	-1662.6617	41.963135	176.17882
-8436.198	-159.46214	-1647.5825	72.76135	170.16382
-8540.412	-164.6754	-1667.3059	62.811035	174.36157
-8608.526	-164.6754	-1687.4648	70.96216	174.36157
-8629.789	-163.93184	-1690.0135	85.25842	174.36157
-8623.595	-163.93184	-1683.7322	82.810425	174.36157
-8571.917	-164.6754	-1671.4978	70.52539	176.17882
-8558.046	-164.29047	-1692.0505	44.01758	176.17882
-8572.901	-164.29047	-1684.1382	60.249268	181.95673
-8574.926	-164.29047	-1677.5137	66.680176	173.78304
-8570.14	-164.6754	-1680.7288	64.82214	171.64803
-8535.753	-164.6754	-1686.5894	53.968506	174.36157
-8521.277	-166.55363	-1656.3402	84.11279	171.64803
-8550.156	-166.55363	-1665.4274	89.93738	169.9859
-8577.825	-166.55363	-1658.7223	113.022095	169.9859
-8550.154	-166.55363	-1665.4275	89.937256	169.9859
-8712.56	-156.64426	-1713.2936	74.43176	168.43683
-8887.521	-155.85728	-1746.1729	69.32556	173.78304
-8868.813	-156.64426	-1667.7676	226.80847	165.2001
-8830.425	-148.5648	-1700.5157	151.73413	162.44733
-8902.25	-134.9192	-1643.034	228.1322	162.44733
-8712.291	-140.09077	-1620.558	230.86084	161.67987
-8865.486	-148.5648	-1681.8083	185.21228	162.44733
-8647.304	-148.5648	-1648.8376	190.75427	161.96129
-8607.032	-148.5648	-1630.2584	202.4779	161.67987
-8475.723	-148.5648	-1618.3405	141.9823	161.67987
-8605.07	-148.5648	-1636.7241	152.1908	161.67987
-8599.015	-150.93602	-1630.668	165.24341	161.30936
-8630.116	-150.93602	-1619.2383	189.48853	161.96129
-8825.354	-161.1099	-1706.8805	121.390625	167.36465
-8819.246	-145.2494	-1729.0823	65.05798	169.41483
-8752.056	-146.27359	-1710.2479	78.877686	169.52435
-8740.299	-155.85728	-1715.8729	61.49475	169.52435
-8875.334	-145.2494	-1715.9629	90.84656	167.263
-8824.615	-145.2494	-1730.0585	83.759766	167.263
-8877.717	-151.39291	-1741.466	79.821655	169.52435
-8969.453	-146.27359	-1740.3276	85.40405	169.41483
-8937.16	-146.27359	-1740.7915	79.302246	172.11137
-8739.846	-146.27359	-1704.5778	78.83618	167.82477
-8649.025	-152.509	-1622.6431	175.7533	163.80563
-8930.954	-152.509	-1722.1836	239.65552	164.61855
-8874.642	-152.509	-1706.9266	165.52576	166.21745
-8923.634	-152.509	-1702.0143	189.69128	165.67262
-8849.199	-152.509	-1699.278	140.30139	166.21745
-8877.113	-152.509	-1712.8547	172.47607	166.21745
-8969.764	-154.481	-1690.6605	260.7008	165.35995
-8913.236	-132.57597	-1634.1338	309.9796	164.34167
-9058.747	-158.28462	-1706.7657	195.01685	165.67262
-9211.597	-158.53456	-1777.3933	139.36536	169.63405
-9132.54	-160.61742	-1775.0002	166.39465	169.63405
-8926.196	-161.1099	-1705.8579	153.72253	167.263
-8938.279	-158.90211	-1711.9131	160.0763	167.263
-8984.353	-158.90211	-1704.9829	151.91577	167.263
-8694.944	-167.77122	-1683.948	105.975464	172.11137
-8832.36	-160.10626	-1735.2698	75.57495	173.68413
-8888.02	-165.36847	-1722.4579	89.25305	173.68413
-8793.166	-160.38483	-1713.7949	92.02649	169.45816
-8758.521	-160.38483	-1710.6097	91.89441	168.22682
-8710.747	-160.38483	-1700.8058	77.20056	168.22682
-8687.748	-165.36847	-1683.4263	108.953125	171.58456
-8944.188	-173.40654	-1719.7183	155.88782	171.58456
-9101.794	-174.36157	-1747.5072	134.66016	181.34158
-9190.54	-172.19218	-1795.5795	136.57507	172.77094
-9001.375	-154.39069	-1713.1829	128.12012	166.48952
-9059.856	-155.94547	-1714.7378	172.4253	166.48952
-8829.583	-158.47075	-1670.0336	158.71411	164.52861
-8928.551	-158.28462	-1709.3397	195.01025	166.22816
-8888.257	-156.64426	-1713.4897	149.90161	166.22816
-8948.674	-163.87476	-1697.9917	173.41956	165.34908
-8841.145	-158.28462	-1719.1124	114.90576	165.34908
-8840.316	-163.87476	-1702.032	149.27454	165.34908
-8920.686	-163.87476	-1702.8191	160.307	165.34908
-8877.559	-164.95471	-1707.8203	127.21912	166.22816
-9007.435	-163.70543	-1719.513	129.36975	170.55502
-8759.74	-158.16292	-1714.9102	74.56787	170.60704
-8778.036	-158.16292	-1704.9271	86.75659	170.60704
-8818.775	-158.16292	-1745.6593	50.534058	172.7754
-8795.7	-158.16292	-1727.5559	86.851074	170.78816
-8756.783	-150.20596	-1708.5978	89.765015	168.03444
-8863.337	-158.16292	-1724.6558	70.417114	170.78816
-8841.885	-137.84033	-1741.8652	86.74658	169.9859
-8743.104	-137.84033	-1709.9293	65.89612	168.03444
-8838.21	-137.84033	-1735.166	79.01611	168.03444
-8818.866	-137.84033	-1737.7048	65.53369	169.26762
-8810.28	-152.98006	-1706.8146	113.33923	168.03444
-8790.629	-152.98006	-1713.4055	97.92761	168.03444
-8742.213	-152.69485	-1707.5687	82.04114	167.82477
-9036.097	-161.20546	-1660.3478	268.44202	165.36847
-8962.27	-157.93887	-1644.1707	247.91443	165.36847
-9082.757	-157.93887	-1665.1207	266.2013	165.36847
-9001.365	-142.16643	-1648.0392	229.07812	164.94165
-9123.268	-157.93887	-1619.4028	314.8877	166.60542
-9085.132	-157.93887	-1632.7593	280.2379	165.36847
-8982.637	-161.34639	-1622.365	299.0	165.36847
-8740.839	-155.82225	-1589.1111	268.0056	162.60805
-8555.877	-157.29762	-1583.5835	234.27393	162.60805
-8614.694	-156.91127	-1590.2002	258.74512	162.60805
-8628.377	-151.39291	-1592.4543	232.16101	162.02931
-8689.365	-156.1175	-1600.9575	268.16138	162.60805
-8424.001	-157.77501	-1553.01	286.34363	162.60805
-8567.27	-160.31525	-1656.5662	122.19165	163.93184
-8550.588	-160.20432	-1661.5314	128.13684	163.93184
-8575.5	-161.76584	-1643.2039	150.56104	163.93184
-8349.132	-154.96448	-1604.608	121.03577	163.93184
-8357.592	-154.96448	-1610.334	121.962036	163.93184
-8305.837	-154.96448	-1602.2275	119.93616	163.93184
-8434.115	-154.39069	-1641.7341	101.583496	163.93184
-8274.195	-151.33278	-1619.1119	88.31433	164.19875
-8164.0923	-144.61475	-1587.1388	70.17297	164.19875
-8158.7495	-150.61937	-1608.4155	69.990845	164.19875
-8205.316	-150.61937	-1605.6019	72.36682	164.19875
-8212.158	-150.61937	-1603.3784	75.150024	165.34908
-8250.009	-154.96448	-1615.382	80.36096	162.03156
-8224.558	-156.1175	-1594.1289	110.96863	162.03156
-8227.539	-156.83092	-1584.0707	116.78735	162.03156
-8295.687	-145.86531	-1619.0449	97.05249	162.03156
-8244.182	-145.86531	-1578.5325	130.51587	161.3898
-8312.925	-145.86531	-1628.7566	98.92554	162.03156
-8343.112	-128.37447	-1620.9921	101.32202	162.03156
-8284.14	-119.97869	-1605.674	97.43994	161.3898
-8329.308	-119.97869	-1630.4001	84.09619	162.49982
-8387.31	-119.97869	-1631.7491	88.74475	162.49982
-8594.777	-119.97869	-1658.4778	205.7832	161.3898
-8592.145	-119.97869	-1663.7152	235.12476	161.3898
-8622.148	-119.97869	-1653.8655	227.1626	160.61989
-8562.391	-119.97869	-1656.8373	186.78223	160.61989
-8537.517	-119.97869	-1658.3379	115.78088	160.61989
-8568.305	-119.97869	-1649.1439	158.49646	160.61989
-8565.403	-119.97869	-1641.9487	136.47913	162.579
-8531.756	-119.97869	-1641.0376	111.38867	162.579
-8586.358	-119.97869	-1641.7849	126.70068	162.90945
-8662.877	-119.97869	-1641.8083	134.5481	162.90945
-8586.936	-119.97869	-1648.864	129.29443	162.90945
-8586.359	-119.97869	-1641.7848	126.700806	162.90945
-8563.064	-131.3409	-1646.6406	108.12659	162.90945
-8494.732	-131.3409	-1616.8402	134.71265	162.579
-8490.15	-131.3409	-1648.4436	88.50171	162.90945
-8528.48	-131.3409	-1654.568	124.565186	162.90945
-8523.133	-131.3409	-1646.8787	112.58508	162.90945
-8965.622	-161.08527	-1737.6884	145.94531	168.28944
-9168.3545	-164.95471	-1732.8644	174.35583	168.88826
-9144.67	-154.77966	-1747.1526	165.29395	166.77632
-9065.774	-154.96448	-1721.9589	208.11743	166.77632
-9194.165	-165.04591	-1748.56	175.1643	167.263
-9456.743	-158.90211	-1843.848	127.88403	178.43755
-8969.188	-162.60805	-1739.3066	107.30127	169.99377
-9037.987	-168.0409	-1757.414	121.14563	172.17154
-8984.808	-170.69711	-1732.9576	113.63513	167.45956
-9068.069	-158.90211	-1740.342	136.59302	170.69711
-8975.84	-152.98006	-1764.6377	57.258667	181.34158
-9018.221	-158.90211	-1754.4651	86.86243	169.23686
-8875.986	-165.72784	-1612.2289	229.65173	167.02327
-8754.775	-165.93634	-1631.6863	220.28137	165.72784
-8844.533	-165.72784	-1621.0095	252.31409	166.77765
-8812.392	-165.93634	-1624.5083	236.10327	165.72784
-9030.539	-163.19127	-1676.3613	271.99707	167.02327
-8971.827	-163.19127	-1681.0631	279.17627	166.55363
-9005.096	-163.19127	-1685.6879	270.91003	166.77632
-9148.776	-167.8785	-1742.2687	177.91394	170.57436
-9008.765	-161.1099	-1691.1041	171.29712	169.52435
-9119.492	-161.1099	-1724.2887	146.3042	171.43095
-9061.464	-158.90211	-1751.818	121.00586	169.52435
-8999.485	-164.95471	-1758.4849	84.71008	174.52586
-9254.774	-168.0409	-1789.8171	109.2207	176.78735
-9077.899	-154.96448	-1782.4119	83.755615	175.30458
-9062.89	-174.36157	-1760.5082	114.32263	179.7491
-9057.639	-159.31575	-1772.0063	81.37097	172.27023
-9107.6	-174.36157	-1736.0049	158.16968	173.6303
-8924.569	-173.40654	-1697.7333	134.56506	171.58456
-8906.01	-168.0409	-1735.1161	91.85303	173.99953
-8908.411	-171.58456	-1733.3213	100.28027	173.99953
-8924.567	-173.40654	-1697.7334	134.56494	171.58456
-8988.709	-172.61366	-1734.6348	136.96411	171.58456
-8989.05	-166.79442	-1757.8005	73.33984	174.48071
-8979.147	-157.32475	-1764.1283	76.42444	174.48071
-8970.335	-163.70543	-1743.3442	94.54907	173.2176
-8963.871	-162.92406	-1749.0304	114.83765	173.2176
-9013.226	-162.92406	-1743.8716	112.88391	173.2176
-9001.372	-174.36157	-1748.5447	109.996704	173.90163
-8999.764	-166.62468	-1754.3379	91.420166	174.73656
-8999.763	-166.62468	-1754.3378	91.42041	174.59618
-9171.657	-157.93887	-1802.3665	64.11572	192.53903
-9085.208	-154.36682	-1790.2845	58.43286	188.4133
-9074.775	-157.32475	-1789.7714	59.418335	177.28677
-9204.196	-173.90163	-1807.9067	68.44336	176.88963
-9266.483	-173.90163	-1784.9136	148.84814	179.37947
-9267.805	-173.90163	-1786.2368	130.14917	180.4404
-9102.696	-159.25531	-1703.7289	167.5741	166.48952
-9100.953	-159.25531	-1722.0137	155.38074	171.35487
-9095.988	-159.25531	-1730.2777	157.99231	171.35487
-9245.899	-157.57094	-1736.5779	168.8811	170.58655
-9252.124	-166.48952	-1808.133	85.218994	181.34158
-9230.877	-173.69032	-1784.0083	100.651855	173.48418
-9189.694	-150.3483	-1742.8269	133.82349	171.11673
-9307.66	-158.90211	-1797.1544	84.233154	189.04315
-9263.641	-158.90211	-1804.0518	82.06348	190.74113
-9133.1	-167.04564	-1760.8127	125.26941	172.17154
-9241.987	-168.03444	-1809.7057	115.54651	189.04315
-9254.8955	-172.11137	-1808.1573	111.669556	182.40855
-9229.773	-169.2948	-1785.9897	106.865234	175.99629
-9238.181	-168.03444	-1794.3965	104.04077	175.99629
-9248.587	-169.0815	-1809.3596	112.955444	174.55391
-9220.596	-167.09227	-1794.5002	91.78638	176.84186
-9259.878	-167.61499	-1789.6342	119.035645	173.99953
-9252.537	-173.78304	-1749.0001	182.81226	167.61499
-9198.807	-173.044	-1770.0161	134.62659	173.322
-9252.184	-173.78304	-1765.3274	146.10352	172.40428
-9323.473	-172.61366	-1798.3206	109.917114	176.84186
-9221.697	-160.69627	-1799.0962	88.08301	175.30458
-9127.526	-160.69627	-1763.6443	98.79199	173.78304
-9138.972	-151.10326	-1761.6545	136.29907	168.17699
-9137.01	-144.0198	-1759.6913	135.96313	169.99355
-9244.535	-144.0198	-1816.0378	87.268555	173.68413
-9190.018	-144.0198	-1797.7319	111.0116	173.40654
-9117.128	-142.16643	-1744.7991	130.2959	169.52435
-9190.018	-144.0198	-1797.7319	111.01172	171.58456
-9169.433	-144.0198	-1764.5244	132.04297	170.57436
-9315.955	-161.1099	-1814.8104	114.66687	171.58456
-9123.826	-165.78857	-1737.3496	167.78174	171.11673
-9202.856	-166.79442	-1816.3788	114.86572	172.19218
-9263.278	-158.28462	-1797.1682	94.10596	176.25095
-9334.529	-161.1099	-1810.0227	105.717896	173.68413
-9337.543	-161.1099	-1809.1819	99.79724	173.68413
-9256.206	-161.1099	-1801.2844	89.39514	180.11676
-9290.982	-161.1099	-1810.8514	89.44055	181.98297
-9247.342	-173.2176	-1803.8397	122.29358	173.99953
-9106.764	-167.45956	-1744.0575	162.00745	172.17154
-9283.491	-172.23912	-1776.8452	173.25928	173.99953
-9344.387	-172.23912	-1782.2654	133.92456	181.98297
-9298.08	-172.23912	-1768.8826	153.526	173.25581
-9359.245	-165.67262	-1800.903	121.910034	173.25581
-9204.72	-160.12071	-1675.7799	205.7174	167.10321
-9346.882	-160.12071	-1817.942	86.140625	187.51761
-9342.134	-166.74571	-1820.2506	105.30652	173.78304
-9343.934	-166.74571	-1797.5754	114.91748	183.39262
-9316.076	-166.74571	-1788.7695	137.01868	172.23912
-9124.163	-160.12071	-1666.1798	293.69153	167.07993
-8968.859	-160.12071	-1662.6675	218.36377	166.48952
-8911.097	-160.08438	-1650.9086	253.96533	164.69258
-8898.084	-158.29262	-1662.2152	236.67578	164.69258
-8952.32	-138.06628	-1631.4015	283.3639	164.69258
-8830.131	-152.50389	-1673.3542	171.85144	164.69258
-8853.302	-152.80214	-1656.2765	208.50562	164.69258
-8877.495	-157.32475	-1658.7161	224.35999	164.69258
-8908.945	-138.06628	-1663.3138	219.59729	164.69258
-8933.19	-157.25954	-1658.743	230.48303	164.69258
-8755.683	-158.29262	-1628.5546	243.19177	163.39345
-8947.263	-158.29262	-1656.115	268.4193	164.93689
-8915.521	-158.29262	-1643.1	232.07202	164.93689
-8854.843	-158.29262	-1638.6177	196.39795	164.93689
-8804.42	-162.77574	-1663.371	157.2981	165.33313
-8711.219	-162.77574	-1668.5975	141.37195	164.2482
-8734.28	-162.79968	-1670.3188	143.90857	164.2482
-8696.379	-158.47075	-1673.6335	149.14917	164.2482
-8641.809	-160.12071	-1674.5325	147.01575	164.2482
-8773.618	-154.92018	-1664.5807	166.3274	164.2482
-8692.495	-163.86139	-1660.3268	162.02405	164.2482
-8976.653	-162.80284	-1675.9756	250.64258	167.07993
-8813.374	-162.80284	-1671.6304	176.14746	164.2482
-8711.086	-152.97264	-1647.909	180.17627	164.17522
-8735.492	-150.55676	-1664.614	150.91797	164.2482
-8743.174	-150.55676	-1659.4081	155.74573	164.2482
-8730.731	-163.39345	-1679.1871	164.44531	164.2482
-8843.274	-162.80284	-1662.6436	192.21985	164.2482
-8772.713	-163.86139	-1653.9349	183.01318	163.51988
-8632.763	-149.98029	-1659.0615	142.2362	163.51988
-8663.063	-150.53212	-1676.5759	128.8363	163.58565
-8630.386	-144.54825	-1670.9883	112.48987	164.16862
-8599.396	-150.53212	-1646.1808	162.36877	163.51988
-8606.352	-150.53212	-1670.0535	118.91235	164.16862
-8847.126	-152.97264	-1660.6686	233.59045	164.16862
-8758.165	-152.11798	-1682.19	176.5216	164.16862
-8847.125	-152.97264	-1660.6686	233.59033	164.16862
-8871.779	-158.07977	-1620.561	242.84766	162.79968
-8849.852	-150.55676	-1631.8676	235.99573	162.77574
-8768.868	-150.55676	-1668.4761	163.8169	164.16862
-8737.752	-150.55676	-1633.8722	209.66516	162.77574
-8722.612	-150.55676	-1664.2537	198.10168	163.58565
-8745.227	-150.55676	-1666.9451	198.45789	163.58565
-8708.39	-150.55676	-1677.2749	177.98694	162.80284
-8829.398	-150.55676	-1666.9722	225.80444	163.58565
-8793.825	-150.55676	-1679.0006	245.67493	164.2482
-8750.793	-150.55676	-1695.6848	195.63367	164.2482
-8789.3125	-159.45946	-1676.7345	208.30139	164.2482
-8850.612	-159.45946	-1607.6818	277.60828	164.61855
-8779.057	-159.45946	-1639.5555	239.90686	164.16862
-8821.44	-157.8263	-1642.3405	326.50867	164.16862
-8752.415	-157.8263	-1660.5511	271.411	163.58565
-8714.878	-144.32188	-1649.6426	234.46448	161.24028
-8509.03	-144.32188	-1613.1191	188.95508	160.22249
-8544.865	-144.32188	-1608.5598	205.43188	161.24028
-8573.314	-144.32188	-1600.4121	192.77417	161.24028
-8527.067	-144.32188	-1642.4061	149.94849	162.80284
-8489.393	-144.32188	-1625.1819	144.6825	161.24028
-8557.28	-132.57597	-1603.3363	226.49121	161.24028
-8555.885	-144.32188	-1615.1263	213.37866	161.24028
-8478.073	-144.32188	-1612.2816	183.24072	161.1099
-8478.074	-144.32188	-1612.2815	183.24097	161.1099
-9440.409	-161.25354	-1850.9556	137.18616	174.36157
-9364.701	-168.0409	-1794.3502	113.05786	182.22795
-9380.945	-168.0409	-1810.595	141.10376	179.37947
-9023.433	-175.41118	-1699.4501	181.44849	172.11137
-9224.461	-175.8498	-1761.4962	144.95728	175.07686
-9273.687	-173.78304	-1775.7231	117.71802	174.36157
-9366.3545	-168.0409	-1796.0013	127.668335	174.36157
-9221.625	-164.95471	-1803.9642	84.58032	186.23871
-9289.348	-164.95471	-1810.1772	99.47705	180.3756
-9240.086	-168.0409	-1791.1885	115.27612	174.36157
-9161.228	-173.2176	-1785.3956	114.04407	174.73656
-9133.182	-164.61855	-1796.5176	83.21826	175.74286
-9110.9795	-173.2176	-1774.4392	97.05652	175.74286
-9104.651	-164.95471	-1778.8649	82.61096	175.74286
-9042.151	-161.20546	-1757.2876	102.56128	172.7754
-9092.074	-161.20546	-1778.2256	89.47522	175.30458
-8851.038	-155.85728	-1737.4905	74.96997	169.76538
-8408.308	-152.00078	-1654.8326	48.318115	170.16382
-8395.326	-152.36444	-1659.5232	46.08557	170.16382
-8387.053	-150.6547	-1651.2494	57.697998	168.17484
-8381.464	-150.6547	-1640.868	68.589355	167.45956
-8393.652	-150.6547	-1652.5315	70.51868	167.45956
-8393.651	-150.6547	-1652.5315	70.518555	167.45956
-8379.529	-151.57132	-1640.0626	63.302124	167.09227
-8349.157	-152.36444	-1652.8973	30.673828	167.09227
-8363.797	-152.36444	-1648.3491	49.588135	167.09227
-8404.943	-152.36444	-1655.0328	45.010498	174.74765
-8412.655	-150.09505	-1646.0569	65.80786	164.24484
-8424.879	-143.20287	-1638.5331	91.50818	162.579
-8367.704	-146.15662	-1624.5947	98.024414	162.579
-8332.165	-146.00894	-1619.8507	88.470825	162.579
-8476.085	-150.09505	-1658.5386	69.58081	165.34908
-8472.684	-150.09505	-1666.6672	77.467896	165.34908
-8419.563	-150.09505	-1649.6141	78.6449	164.12337
-8430.744	-150.09505	-1663.2401	90.771484	164.12337
-8426.458	-150.09505	-1657.196	59.427246	166.22816
-8664.537	-150.09505	-1666.2347	164.4198	163.70543
-8447.679	-151.33278	-1624.9785	94.21411	164.19875
-8467.451	-157.42726	-1632.4321	120.680664	164.19875
-8433.757	-157.42726	-1640.9293	112.08435	164.19875
-8524.112	-128.25827	-1686.714	54.010498	172.11137
-8456.016	-128.25827	-1654.8291	68.08118	164.8404
-8456.017	-128.25827	-1654.829	68.08142	164.8404
-8497.38	-129.57938	-1665.1633	60.884033	166.22816
-8481.418	-150.09505	-1665.0245	80.3573	164.8346
-8553.653	-150.09505	-1664.1597	75.89404	166.22816
-8534.819	-150.09505	-1670.6251	92.20276	163.17189
-8521.678	-150.09505	-1655.9332	119.97095	162.86284
-8437.738	-150.09505	-1644.918	109.24658	162.86284
-8440.319	-163.70543	-1637.6318	142.7826	162.92406
-8566.283	-162.28741	-1665.0477	137.10632	162.92406
-8571.0625	-154.45143	-1656.3236	160.71338	162.92406
-8528.572	-153.88948	-1641.8038	152.46912	162.86284
-8505.997	-152.4079	-1623.8413	130.4397	163.87476
-8616.835	-143.0818	-1684.06	80.61975	165.72655
-8778.304	-162.28741	-1710.692	99.47583	164.61855
-8749.684	-162.28741	-1715.7031	82.36023	164.61855
-8782.704	-159.9382	-1708.325	97.12439	164.69258
-8711.718	-159.9382	-1718.7415	81.62927	169.72093
-8670.703	-157.93887	-1695.708	80.58447	167.91774
-8631.897	-157.93887	-1703.5269	75.50354	169.72093
-8590.658	-156.64426	-1671.1881	73.355225	169.72093
-8545.102	-156.64426	-1677.2434	65.1759	169.72093
-8716.49	-138.87321	-1700.4429	72.21838	164.69258
-8849.101	-151.0039	-1627.184	262.36475	164.19875
-8787.636	-151.0039	-1637.869	208.59961	164.14203
-8651.334	-141.29295	-1628.9377	204.14941	161.35983
-8547.274	-154.84732	-1606.1083	231.12366	161.31477
-8702.798	-154.84732	-1659.2838	211.03662	164.14203
-8746.629	-155.85728	-1664.444	219.58093	164.19875
-8725.755	-154.96448	-1656.6008	206.19202	164.19875
-8545.319	-147.6021	-1643.6683	224.13953	161.13847
-8492.806	-129.54239	-1621.7931	176.56323	161.13847
-8384.847	-129.54239	-1624.6768	112.572266	161.13847
-8551.854	-129.54239	-1628.9813	160.59192	161.35983
-8618.632	-129.54239	-1608.3492	203.849	161.20546
-8582.681	-129.54239	-1619.593	180.61023	161.1099
-8492.174	-129.54239	-1605.0206	183.79541	161.08527
-8596.625	-129.54239	-1638.7174	176.63318	161.8327
-8453.16	-129.54239	-1644.5123	141.41138	161.8327
-8278.258	-129.54239	-1611.0222	86.050415	161.8327
-8283.259	-129.54239	-1615.4312	91.39795	161.8327
-8266.393	-131.62589	-1599.7921	92.08484	161.8327
-8369.052	-152.86365	-1615.0903	109.656494	161.8327
-8364.133	-152.86365	-1600.5188	134.03369	161.15698
-8317.876	-153.34789	-1586.2385	136.53906	160.08427
-8471.703	-134.9192	-1609.6436	166.65942	160.8016
-8471.203	-148.8617	-1606.6589	160.26355	160.08427
-8495.281	-156.0503	-1594.7241	177.76086	160.08427
-8465.459	-156.0503	-1615.9369	185.27869	160.8016
-8423.701	-155.85728	-1610.788	140.76831	160.08427
-8403.693	-148.8617	-1614.6693	134.39868	160.08427
-8353.169	-153.34789	-1616.6206	139.05884	160.08427
-8406.351	-134.9192	-1614.5164	121.54602	160.08427
-8427.246	-134.9192	-1620.0022	132.77881	160.08427
-8357.794	-134.9192	-1592.3088	157.20117	159.10172
-8434.487	-141.29295	-1621.6483	214.0874	159.10172
-8470.919	-141.29295	-1625.23	216.43542	159.10172
-8488.018	-141.29295	-1621.1708	172.22205	159.10172
-8390.07	-129.54239	-1589.7299	171.91577	159.10172
-8242.391	-129.54239	-1582.7198	148.15308	159.10172
-8385.182	-129.54239	-1596.6224	160.13489	159.10172
-8233.846	-129.54239	-1585.6296	132.36035	159.10172
-8295.93	-129.54239	-1594.2131	157.32397	159.10172
-8344.32	-141.29295	-1602.9622	172.22363	158.73848
-8277.352	-141.29295	-1588.3319	150.97205	158.73848
-8393.901	-141.29295	-1575.3508	182.59131	158.73848
-8266.902	-149.3621	-1537.7814	209.21484	158.2815
-9441.857	-164.94165	-1839.8038	95.085205	174.36157
-9297.713	-164.94165	-1715.958	204.77917	170.36116
-9294.641	-164.94165	-1700.1089	221.02734	169.52435
-9298.482	-164.94165	-1703.9517	198.4707	172.17154
-9295.986	-168.0409	-1704.4335	229.85864	172.17154
-9209.373	-161.39162	-1617.82	318.3977	165.72784
-9171.084	-168.0409	-1639.4429	272.3507	167.20705
-9016.918	-140.68007	-1608.27	315.19727	164.9764
-9137.11	-165.78857	-1739.0037	162.7273	172.17154
