-6391.404	-47.18814	-1031.3737	70.04382	73.54153
-6017.8647	-56.99813	-923.4027	154.94763	57.75995
-6265.3867	-61.0541	-984.56464	97.39227	63.87067
-6197.2144	-61.0541	-984.9646	98.59033	64.12527
-6090.75	-38.33417	-958.60364	97.51929	54.52553
-6835.962	-34.0967	-1081.0973	106.22803	61.29035
-6058.12	-54.07242	-942.58014	127.56476	56.52375
-6412.17	-47.62929	-1001.47864	165.32263	55.64872
-6397.749	-38.0459	-1025.9661	93.79724	56.52375
-6522.5317	-55.90015	-1024.0071	135.16711	57.12691
-6493.6436	-55.90015	-1027.4749	139.28015	56.04556
-6411.1636	-45.36795	-1030.0049	81.21814	57.95742
-6496.0415	-45.36795	-1035.0144	114.95654	59.25884
-6773.6377	-26.64654	-1060.298	177.8711	58.53434
-6560.979	-47.62929	-993.04266	191.12372	56.40644
-6581.543	-43.02202	-1039.6854	107.92761	57.55273
-6684.0703	-43.02202	-1050.0452	131.00354	58.68788
-6634.3076	-58.22231	-1012.2511	167.51343	57.95742
-6456.2305	-63.07981	-950.8144	221.19098	57.20359
-6551.4	-57.95742	-1012.1924	149.77466	57.95742
-6416.665	-57.95742	-1004.9083	128.57971	57.81812
-6243.227	-50.30205	-946.89966	173.64893	54.40948
-6304.208	-56.04411	-879.6111	274.42627	52.91439
-6357.334	-56.04411	-910.61426	235.76917	53.53671
-6477.24	-56.04411	-920.4315	238.94727	53.53671
-6639.2075	-35.6964	-990.97003	217.0683	55.58145
-6348.3086	-52.91439	-985.40765	168.76544	55.44438
-6398.0	-52.91439	-982.1547	169.57172	55.44438
-5703.577	-46.34927	-904.31055	91.313965	51.70642
-5540.709	-41.32362	-823.10095	165.94855	50.45699
-5915.0415	-47.76096	-905.85504	200.7763	51.59057
-6111.7334	-47.74063	-932.61255	244.29248	52.20088
-6020.009	-47.74063	-925.1697	220.0625	52.20088
-5854.944	-44.38562	-916.60785	145.05963	52.25391
-5906.7363	-47.74063	-908.45526	139.86188	52.25391
-5822.156	-47.74063	-910.156	132.24622	52.29298
-5844.237	-51.52621	-919.4677	147.35944	52.29298
-5916.396	-47.74063	-954.5	59.3786	58.68069
-5966.708	-47.74063	-951.37946	68.82587	58.68069
-6008.6265	-42.70753	-959.1179	71.76233	63.00885
-6016.0312	-28.56982	-974.98145	65.032715	65.20477
-5994.599	-28.56982	-975.78625	65.62195	65.06538
-6104.8716	-32.08496	-985.1438	66.65576	58.73518
-6033.7144	-35.6964	-973.2363	65.87341	72.78552
-6067.483	-35.6964	-976.9271	70.99719	62.17474
-6020.794	-39.29473	-970.60126	58.96576	60.03948
-6079.6626	-53.15207	-925.03265	191.5993	53.11559
-6130.849	-53.15207	-943.80975	192.59674	52.7086
-6360.0757	-43.29747	-979.59973	139.79895	55.6672
-6347.6724	-43.29747	-971.8562	140.04297	55.5852
-6181.577	-30.08806	-946.5194	156.47949	52.39294
-6237.8745	-50.63661	-939.7921	181.57544	53.08484
-6370.6274	-30.08806	-963.18823	177.60364	53.08484
-6445.974	-50.63661	-962.6251	196.37512	52.5117
-6286.611	-49.32858	-955.73553	171.19562	53.08484
-6319.3315	-49.32858	-948.2454	192.59088	53.08484
-6256.8564	-49.32858	-948.8619	169.9953	53.08484
-6253.4507	-49.32858	-972.3816	151.7301	53.478
-6240.6123	-39.65337	-963.1121	147.55524	53.478
-6180.5854	-52.77489	-926.2082	201.72455	52.25391
-6234.876	-52.12299	-969.1326	166.13678	52.25391
-6293.1064	-44.84552	-1008.278	133.0899	55.111
-6278.1147	-50.30205	-999.4055	143.37927	55.111
-6192.9766	-51.59057	-971.11597	104.4314	57.41028
-6256.062	-50.50341	-983.1589	96.18512	56.50384
-6111.9683	-52.12299	-946.0672	136.72675	54.79729
-6070.062	-50.50341	-948.3842	127.61737	54.43023
-5849.2983	-54.45232	-746.9588	346.56195	52.79583
-6043.1025	-53.27499	-933.53357	158.80994	52.39294
-6134.2915	-53.27499	-944.4907	159.60693	53.25053
-6053.3447	-53.27499	-923.797	175.50891	52.39294
-6071.429	-38.04028	-959.5281	112.09253	53.08484
-6032.041	-44.84552	-955.06946	112.93884	53.08484
-6056.333	-26.33491	-944.7058	109.377686	53.19848
-6094.217	-47.77325	-977.06006	98.92529	54.86895
-6274.919	-52.61756	-994.4858	124.84906	54.86895
-6234.1934	-53.32561	-973.3612	134.94043	54.86895
-6271.5728	-53.32561	-995.53375	116.96588	57.75848
-6369.751	-54.07242	-1010.3674	108.70929	63.87067
-6391.4023	-54.07242	-1016.75116	115.63922	60.29772
-6781.6255	-47.54001	-1075.3418	110.10852	61.88343
-6740.199	-51.05185	-1044.6185	160.07288	58.68788
-6527.479	-51.52621	-995.5237	168.67834	55.6672
-6805.9155	-45.3786	-1053.4008	121.34436	61.66467
-7060.226	-39.63217	-1093.9296	177.41211	69.69477
-6829.5156	-39.63217	-1080.7601	107.5365	66.33882
-6981.5244	-39.63217	-1084.2377	148.531	65.56113
-6978.9487	-39.63217	-1101.6877	111.18457	76.21087
-6754.422	-39.63217	-1067.4261	106.473755	63.25774
-6875.618	-47.74063	-1060.6097	146.7655	63.67736
-6729.169	-53.40034	-1019.378	192.48944	59.23911
-6813.8	-52.79583	-1034.2842	151.44006	67.74534
-6964.0	-34.6991	-1086.3298	173.73486	64.97086
-6911.4297	-35.2795	-1089.4307	157.99573	64.62117
-6877.839	-43.29747	-1081.106	121.68091	60.84615
-6758.123	-51.52621	-1063.2434	180.94666	62.65527
-6620.0806	-53.15207	-1044.475	160.07397	60.22829
-6637.8306	-52.79583	-1065.1136	147.56897	61.58285
-6420.3965	-55.6672	-1021.4718	108.9762	66.33882
-6411.7236	-48.75454	-1029.0142	78.77515	63.29283
-6404.458	-42.37805	-1027.915	68.55176	68.80523
-6486.529	-51.52621	-1044.9158	71.522705	68.80523
-6458.206	-55.13396	-1009.91437	109.83063	65.25851
-6443.1206	-57.37252	-994.8294	134.17352	58.966
-6542.4443	-26.33491	-1056.6704	71.94299	63.57337
-6538.954	-26.33491	-1061.645	62.30664	70.59364
-6517.5854	-26.33491	-1040.4626	69.02734	69.06072
-6508.4463	-16.74877	-1062.7261	51.975952	69.06072
-6498.1255	-16.74877	-1062.9224	57.302002	69.06072
-6552.419	-50.50341	-1052.6873	78.79785	63.99561
-6548.787	-53.53115	-1036.6217	108.98999	64.95645
-6484.3657	-54.86895	-1016.8868	113.725525	63.87067
-6703.4326	-47.62929	-1055.3793	114.595825	67.74534
-6584.227	-51.52621	-1050.77	85.08069	67.74534
-6618.9326	-44.31553	-1083.3914	76.27222	59.3513
-6419.743	-52.79583	-1020.30804	111.22308	59.3513
-6396.655	-53.04908	-1007.2594	104.63135	57.96951
-6419.379	-53.04908	-1027.5415	111.253174	56.79358
-6376.292	-63.67736	-1003.4971	132.12537	58.23563
-6372.704	-56.73611	-990.89197	141.14417	56.81541
-6409.891	-50.04527	-1000.6539	196.6806	54.943
-6223.675	-49.1305	-986.0663	119.862915	54.52553
-6394.615	-30.08806	-1012.5151	138.4483	55.61841
-6193.673	-35.6964	-962.7255	125.134094	53.79684
-6311.1978	-49.50452	-980.6725	157.54333	54.52553
-6417.5986	-49.50452	-977.14307	147.82043	55.64872
-6506.256	-49.1285	-969.04114	192.00781	55.64872
-6506.2495	-49.50452	-983.1294	151.08215	55.64872
-6808.131	-50.63661	-1072.0627	128.84277	63.51992
-6850.7065	-50.63661	-1095.0912	117.674805	71.01897
-6651.6187	-48.75454	-1072.399	135.60706	61.53574
-6334.862	-57.40421	-1019.0626	97.44983	67.11086
-6421.6543	-58.57526	-965.2193	155.43915	59.06736
-6662.626	-32.08496	-1077.7388	70.291016	70.1924
-6688.895	-32.08496	-1060.9082	96.86096	61.0541
-6740.1597	-28.56982	-1083.886	73.93335	64.62984
-6710.59	-28.56982	-1089.2795	72.64612	64.62984
-6693.1123	-33.14244	-1071.3657	82.75049	64.62984
-6624.651	-50.50341	-1056.0276	95.72754	73.74339
-6729.7114	-47.74063	-1079.5583	98.34851	78.68224
-6737.923	-26.16173	-1095.6058	95.37927	76.90122
-6832.35	-24.83442	-1091.527	91.776	62.40581
-6734.08	-24.83442	-1082.0455	83.92212	62.40581
-6787.746	-28.56982	-1086.3795	83.657104	67.03189
-6772.698	-28.56982	-1091.6484	80.56409	63.16225
-6751.3203	-32.08496	-1084.9984	70.95215	76.21087
-6683.142	-34.6991	-1076.7959	100.89453	61.0541
-6707.8315	-26.59676	-1063.3945	97.20386	61.0541
-6701.6753	-34.6991	-1057.2396	115.68555	60.03695
-6691.847	-34.6991	-1058.1088	109.453735	59.20862
-6719.536	-34.6991	-1052.5458	125.47485	59.20862
-6762.532	-52.79583	-1062.6405	118.97363	60.03948
-6760.5693	-43.01435	-1069.3298	127.63306	60.40619
-6649.1143	-55.90015	-1005.4725	173.07391	60.03948
-6609.646	-57.42746	-998.42755	163.73883	57.20359
-6652.073	-49.63159	-1001.5343	175.20618	57.20359
-6647.8545	-47.76096	-1013.0515	169.44702	57.70333
-6622.24	-47.76096	-994.40857	167.06958	57.70333
-6561.855	-49.63159	-991.05566	175.09277	56.45317
-6711.7896	-28.56982	-1053.2727	150.65198	58.65578
-6562.1704	-52.61756	-1039.1005	125.227905	58.65578
-6530.721	-44.31553	-1047.5973	99.76367	58.65578
-6432.9106	-53.79684	-980.4711	155.16376	55.61841
-6497.421	-53.79684	-1011.092	131.20453	55.92247
-6291.8	-51.05185	-990.75104	127.39032	55.61841
-6322.3506	-45.36795	-992.1616	101.852295	55.61841
-6227.795	-45.36795	-991.2063	102.53418	55.13396
-6231.5913	-45.36795	-979.64307	119.951416	55.13396
-6361.867	-45.36795	-994.7004	167.10773	55.13396
-6346.539	-53.79684	-968.7214	190.12152	55.56605
-6360.2637	-53.79684	-965.1446	190.09222	55.13396
-6235.706	-53.79684	-943.15436	157.79779	55.13396
-6138.58	-53.79684	-956.31604	183.96729	54.94085
-6179.6025	-53.15207	-973.6191	187.99896	53.9199
-6280.8413	-53.15207	-993.37134	168.52014	55.61841
-6334.7144	-53.15207	-999.5995	174.26624	55.09618
-6231.615	-52.91439	-965.18835	194.80896	53.9199
-6295.3174	-51.05185	-947.7445	179.75061	53.9199
-6146.1494	-44.31553	-952.52637	132.9176	53.9199
-6248.743	-44.31553	-951.3796	149.53595	53.08484
-6197.046	-44.31553	-948.3804	139.0863	52.91439
-6240.4893	-46.10375	-951.64404	156.77966	52.91439
-6557.486	-24.83442	-1012.5326	161.10132	55.00199
-6495.864	-39.4376	-1000.00775	148.61603	55.00199
-6519.7393	-24.83442	-1019.905	146.42822	55.00199
-6513.1045	-39.29473	-998.0413	168.84674	55.00199
-6250.251	-50.50341	-944.9447	164.15674	54.52553
-6214.495	-50.50341	-973.7225	111.1214	56.04556
-6284.0273	-47.16864	-979.05695	116.814514	56.04556
-6191.287	-47.16864	-938.9452	156.39172	53.15207
-6189.5723	-47.16864	-958.6849	140.32526	53.56702
-6277.6045	-47.74063	-964.6386	150.74567	53.78578
-6310.3125	-47.74063	-973.61664	149.31683	54.45232
-6648.745	-38.0459	-1038.9386	140.30994	58.57835
-6503.2783	-38.0459	-994.0718	142.21875	56.45317
-6504.0903	-44.4066	-986.83997	159.41919	56.45317
-6584.846	-44.4066	-981.9443	177.60736	56.45317
-6522.3936	-44.4066	-997.4976	161.44781	55.64872
-6607.4253	-44.4066	-975.31696	197.87018	56.35368
-6575.738	-47.54001	-992.2932	182.45386	56.20711
-6493.386	-51.07157	-985.1027	184.48895	54.83826
-6494.708	-49.63159	-986.86163	168.81049	54.80323
-6466.9307	-49.63159	-989.9839	172.90906	54.80323
-6385.152	-47.16864	-994.34344	153.64642	54.79729
-6268.5474	-47.16864	-977.6199	149.66309	54.79729
-6371.828	-47.62929	-992.9587	148.89386	54.80323
-6219.6245	-47.62929	-971.139	142.72748	54.3437
-6247.555	-41.00891	-980.7223	143.68884	54.3437
-6295.494	-39.2277	-990.9862	140.98792	54.3437
-6381.7227	-47.54001	-982.9819	144.3703	55.56605
-6303.2466	-34.0967	-1006.1682	88.18298	55.98789
-6291.4946	-34.0967	-1014.8873	77.75134	55.98789
-6315.774	-26.4873	-1010.54333	81.934814	55.98789
-6416.1665	-38.04028	-1024.5521	97.35474	56.81541
-6504.369	-38.04028	-1030.5403	104.390625	56.81541
-6498.34	-38.04028	-1002.1063	136.45056	56.77441
-6487.104	-38.04028	-1006.8609	120.460266	56.77441
-6527.1367	-36.02155	-1031.2612	96.447754	56.81541
-6489.96	-36.02155	-1023.9987	98.55133	55.90015
-6469.3833	-38.04028	-1033.4989	109.05066	56.92895
-6425.459	-38.04028	-1014.2301	108.864624	55.90015
-6484.8022	-41.62048	-1012.5695	140.94513	55.90015
-6666.496	-38.63698	-1037.0703	123.19995	58.65578
-6695.2466	-43.02202	-1036.1923	139.71179	57.20359
-6254.969	-57.20359	-955.5769	181.26709	53.78371
-6282.7134	-57.20359	-952.4548	193.04474	54.2989
-6494.133	-57.20359	-974.9302	202.526	56.60441
-6495.974	-52.77459	-968.9427	206.14911	53.77519
-6592.4766	-54.94085	-991.64716	193.37885	54.04263
-6415.9453	-47.99643	-973.4944	189.86877	54.04263
-6381.2847	-47.99643	-969.85443	185.42548	54.04263
-6404.4536	-47.62929	-970.5678	175.13776	54.04263
-6515.88	-47.62929	-991.1135	177.36536	53.25053
-6575.135	-47.62929	-987.6269	219.1701	53.77519
-6536.469	-53.45815	-950.49304	259.12793	53.25053
-6655.5312	-36.26074	-942.5313	244.29913	53.77519
-6457.8105	-39.76254	-871.83484	319.48706	52.79583
-6621.3696	-42.42118	-985.13654	212.85297	53.77519
-6587.9775	-42.42118	-998.74927	195.18445	53.77519
-6524.4	-49.33981	-957.5688	250.35199	53.77519
-6654.459	-42.86266	-962.74603	232.9112	54.79729
-6611.0737	-47.54001	-1012.3455	210.95587	53.77519
-6618.827	-44.4066	-991.90625	234.69751	53.25053
-6388.8936	-44.4066	-974.7979	170.81659	53.25053
-6383.303	-44.4066	-968.8496	180.43408	52.99788
-6404.431	-44.81524	-991.9558	162.45532	53.77519
-6255.5757	-44.81524	-966.02545	178.40509	52.79583
-6180.4106	-52.61756	-960.087	153.68549	52.25141
-6068.773	-32.26907	-917.28217	198.38446	51.59057
-6084.08	-32.26907	-923.2615	188.16858	51.70642
-6046.639	-45.60449	-876.7976	211.88	51.70642
-5743.0093	-55.72388	-874.35126	178.38922	51.70642
-5747.2627	-53.53115	-875.91504	153.76904	51.70642
-5769.184	-45.60449	-862.8175	184.219	51.70642
-5875.716	-45.60449	-873.92804	198.84467	51.70642
-6036.668	-45.60449	-887.5571	207.93481	51.70642
-5918.7017	-49.41675	-893.05426	202.25006	51.70642
-5938.926	-36.72607	-913.5327	178.8125	51.70642
-5919.1543	-47.65315	-884.4872	219.45276	51.70642
-5965.602	-47.90088	-882.35315	221.0177	51.70642
-6017.268	-38.33417	-914.2367	182.68677	51.70642
-5860.629	-47.99643	-880.1329	241.42938	51.59057
-5815.6655	-42.37805	-917.6453	132.65924	51.70642
-5834.4556	-51.44909	-888.4538	190.32452	51.70642
-5936.278	-42.42118	-918.56903	188.97821	51.70642
-6037.6245	-47.87917	-895.46265	223.70398	51.59057
-6052.077	-45.30687	-913.7323	192.3435	51.59057
-6018.0356	-45.30687	-914.85583	201.85364	51.59057
-5904.759	-42.42118	-914.83746	176.83905	51.70642
-5926.1665	-45.59174	-911.7569	151.1546	51.70642
-5983.7344	-45.59174	-913.0121	160.99854	51.70642
-5891.1377	-51.10163	-853.83435	235.33398	51.70642
-6058.654	-50.52188	-922.68005	167.90698	52.20088
-5752.917	-28.56982	-935.0358	53.310852	56.46078
-6033.6465	-47.27172	-956.7627	116.44592	52.95623
-5881.457	-53.59238	-889.3969	159.41974	53.08484
-5818.4575	-53.63	-893.9748	115.761536	52.67038
-5869.778	-53.63	-892.5261	125.98578	52.5117
-5936.222	-47.77325	-953.15295	57.746704	52.35238
-5879.2505	-53.65325	-892.5704	116.65436	53.28449
-6058.03	-52.20088	-976.2674	121.07782	53.28449
-6028.078	-34.0967	-976.9036	63.968445	67.56404
-6031.4717	-34.0967	-955.3738	86.40332	53.28449
-6018.486	-52.32679	-965.0437	79.5907	52.35238
-6117.8237	-38.0459	-966.27527	110.295044	53.79684
-6191.559	-38.0459	-980.9306	110.591	53.79684
-6116.3955	-38.0459	-972.3846	93.35541	53.79684
-6227.565	-38.0459	-991.43677	144.172	53.79684
-6245.139	-38.0459	-987.9502	149.3711	53.79684
-6247.247	-33.14784	-994.2946	120.443054	53.79684
-6310.0254	-24.83442	-1001.93646	123.35834	54.33739
-6060.4814	-36.02155	-883.4186	221.04639	52.20088
-6200.243	-53.15207	-949.96686	180.89264	54.37498
-6134.982	-53.15207	-947.0279	178.7973	53.49115
-6006.8877	-53.15207	-947.81714	125.92444	53.49115
-5850.012	-52.87331	-916.8667	115.38513	53.49115
-5869.008	-52.87331	-924.2354	109.70892	55.66837
-5996.798	-52.45424	-954.2265	98.1319	55.66837
-6007.8276	-52.20088	-966.58484	92.68945	55.66837
-6122.0825	-52.20088	-968.7329	118.9303	55.66837
-6193.9004	-56.04556	-963.74817	160.96277	55.66837
-6094.233	-53.6649	-960.77136	128.76208	55.66837
-6093.145	-53.6649	-964.43604	110.040405	55.66837
-5985.4053	-53.40034	-958.4667	100.02478	63.30972
-6120.679	-53.6649	-956.6952	137.04663	55.29988
-6060.5825	-53.65325	-934.88306	166.84778	54.14008
-6152.745	-53.6649	-972.45197	137.84747	55.29988
-6182.4	-53.6649	-964.1443	141.10278	55.64872
-6238.411	-53.6649	-959.78723	128.48645	55.64872
-6348.5986	-52.79583	-1010.14417	89.954834	65.77544
-6238.7466	-53.6649	-960.12354	143.20715	55.64872
-6134.6064	-53.6649	-966.04407	128.31091	55.73018
-6119.561	-53.15207	-967.32587	120.08783	55.73018
-6136.602	-51.05185	-982.6586	82.844055	56.20711
-6157.9644	-51.05185	-951.35815	135.45325	53.79684
-6261.6836	-35.66736	-985.1095	110.39282	53.79684
-6316.766	-51.05185	-982.7328	150.3888	55.61841
-6347.4043	-51.05185	-973.02527	146.75452	55.61841
-6187.169	-50.62144	-934.0404	147.21204	54.36641
-6375.251	-43.27327	-1023.5072	98.614746	54.36641
-6323.143	-43.27327	-971.4004	143.29321	54.33739
-6262.0864	-28.56982	-982.8933	142.94177	54.33739
-6063.3955	-28.56982	-986.1044	57.902344	71.10278
-6109.0425	-28.56982	-982.2011	56.8172	68.51673
-6077.987	-28.56982	-991.718	57.96472	72.3457
-6097.368	-28.56982	-990.568	59.782715	76.65675
-6150.25	-39.90556	-991.2693	66.53345	72.3457
-6167.9053	-39.90556	-1000.3365	61.635315	73.74339
-6169.697	-39.90556	-985.62885	73.41376	68.51673
-6136.149	-39.90556	-986.1306	71.26062	68.51673
-6593.3145	-60.73545	-987.75195	242.15698	59.61244
-6564.572	-44.34543	-1028.9021	152.67651	55.6672
-6641.282	-24.83442	-1006.192	214.69348	55.6672
-6588.378	-44.34543	-1025.9578	157.43689	55.6672
-6435.733	-36.91188	-1022.0028	130.46936	55.83956
-6485.8506	-44.34543	-1026.1562	144.33374	54.37498
-6494.355	-17.53846	-1022.96484	138.09021	55.6672
-6561.109	-34.30858	-1026.6512	139.45581	55.6672
-6616.0034	-44.34543	-1029.2198	134.13855	57.75995
-6495.1704	-44.34543	-1017.81934	137.3573	56.40644
-6487.062	-43.21733	-1012.00824	134.97382	56.40644
-6634.586	-43.21733	-1023.0173	144.67157	56.40644
-6625.9653	-43.02202	-1039.1511	157.5625	55.29988
-6782.2075	-38.63698	-1051.4471	166.77734	58.66405
-6740.932	-26.33491	-1050.8844	115.3241	58.57526
-6716.548	-47.87917	-1039.4052	155.44482	58.57526
-6680.309	-47.87917	-1038.4718	140.01147	57.75995
-6670.7993	-47.87917	-1040.8325	144.68677	58.66405
-6712.4907	-26.33491	-1055.1353	146.40857	58.66405
-6704.981	-42.42118	-1048.6996	152.39917	58.66405
-6668.6016	-42.42118	-1040.9484	125.25415	58.89356
-6739.944	-42.42118	-1062.2998	111.494385	61.29035
-6678.4927	-34.0967	-1069.8856	81.91699	61.66431
-6688.908	-47.87917	-1077.2827	132.27148	63.67736
-6723.3633	-47.87917	-1062.9346	97.115845	74.4536
-6720.0	-47.87917	-1060.7194	115.20447	60.23899
-6690.921	-41.1458	-1052.6643	110.62341	60.23899
-6627.063	-30.5546	-1046.658	155.74329	57.75995
-6560.669	-44.31553	-1046.2626	130.29883	57.64715
-6552.739	-44.31553	-1045.8427	117.523315	57.64715
-6639.5366	-43.29747	-1048.5815	95.795654	60.84615
-6790.6846	-43.29747	-1090.16	119.60669	65.04
-6737.1997	-44.31553	-1079.0038	128.6748	60.84615
-6735.788	-44.31553	-1082.026	104.51257	64.62984
-6718.667	-44.31553	-1083.9287	108.56763	74.02799
-6773.039	-44.4066	-1080.6736	117.517944	74.02799
-6775.676	-44.4066	-1079.9175	95.8147	71.86227
-6836.453	-44.4066	-1075.4498	106.88074	71.86227
-6784.016	-44.4066	-1074.7871	126.505005	64.21339
-6706.563	-44.4066	-1077.4708	105.092285	64.62117
-6592.3457	-44.4066	-1062.9631	81.526245	66.93954
-6650.9893	-48.75454	-1063.1595	89.286255	63.57337
-6580.2812	-44.34787	-1019.47754	138.89587	58.57835
-6532.0464	-44.34787	-1028.3943	94.50769	58.57835
-6567.3057	-44.34787	-1020.43176	117.99402	58.57835
-6548.3228	-49.1285	-1001.4489	134.50507	58.57835
-6482.172	-49.1285	-1017.9517	103.202576	58.57835
-6418.336	-49.1285	-1019.15015	103.198	56.20711
-6323.2544	-32.02541	-1010.091	88.303406	56.20711
-6324.624	-41.13568	-1004.7716	98.42053	56.20711
-6363.458	-52.32679	-1006.8143	105.33978	56.20711
-6315.238	-48.75454	-1013.2193	91.01459	56.46078
-6330.942	-52.32679	-1020.9586	100.97864	57.96272
-6422.3193	-52.32679	-1019.69635	124.1048	57.96272
-6300.813	-52.79583	-1003.6553	89.64563	60.75153
-6334.2476	-52.79583	-991.164	102.34308	59.3513
-6474.9204	-37.02857	-1028.6472	103.18994	57.95742
-6464.2905	-52.41034	-1026.3823	138.52881	58.47508
-6374.695	-52.41034	-1016.3345	79.567505	58.47508
-6361.7837	-52.41034	-1021.08905	73.89508	58.47508
-6413.917	-52.41034	-1026.8273	92.23511	63.05764
-6407.505	-52.79583	-1012.44354	106.79999	59.25884
-6436.806	-30.41162	-1028.2599	92.36804	59.25884
-6399.029	-30.41162	-1036.3722	69.50574	59.3513
-6448.2183	-30.41162	-1021.92065	89.50305	59.25884
-6439.2393	-38.0459	-1026.0288	74.13391	59.3513
-6454.1665	-37.02857	-1019.16895	93.519775	59.25884
-6421.2637	-37.02857	-1022.21423	86.04529	59.25884
-6751.7104	-60.14228	-1034.3912	191.18127	60.82906
-6663.808	-60.84615	-1018.8681	194.42853	60.23784
-6681.001	-60.84615	-1016.64453	205.22913	60.84615
-6383.1143	-57.79299	-964.2908	232.8512	53.79684
-6383.1123	-57.79299	-964.2907	232.85126	53.77519
-6501.8623	-59.51512	-974.8567	242.96973	54.37498
-6442.625	-59.51512	-976.9318	237.52264	55.98789
-6422.3096	-55.90015	-954.5748	235.87524	55.98789
-6344.037	-55.90015	-962.90515	209.97131	55.98789
-6411.7715	-55.72388	-959.4656	222.47327	55.98789
-6353.8174	-55.72388	-960.931	228.96106	55.98789
-6456.124	-55.72388	-964.3336	234.34253	55.98789
-6389.6157	-53.27745	-930.4093	255.23938	53.25053
-6354.334	-55.72388	-954.0768	228.8805	53.25053
-6360.9126	-55.72388	-947.51483	232.88141	53.25053
-6200.723	-53.73738	-924.9115	257.53662	52.99788
-5988.62	-53.73738	-888.3145	321.2978	52.77459
-5967.5483	-53.31564	-886.4523	309.9624	52.77459
-5912.103	-54.36641	-864.13696	308.41956	52.67038
-6878.5103	-52.25391	-1070.7817	188.86633	64.66654
-6633.354	-59.17234	-1006.9251	179.50433	61.2539
-6935.1006	-44.4066	-1048.2928	198.05774	67.69051
-6855.283	-32.67483	-1071.3541	118.304565	62.62568
-6747.8496	-50.50341	-1065.4231	139.02747	63.05764
-6879.9814	-44.4066	-1081.5967	132.26001	63.99561
-6821.9727	-47.87917	-1065.0736	126.24451	63.11359
-6973.8887	-47.74063	-1049.6987	202.13184	68.72882
-7014.125	-43.27327	-1084.0919	199.64294	68.72882
-7009.088	-24.83442	-1109.1177	116.07117	76.21087
-6831.8086	-47.87917	-1042.8276	173.89978	61.89501
-6808.592	-32.67483	-1090.0046	92.5	70.59364
-6865.3315	-32.67483	-1104.8148	95.68945	69.56377
-7007.183	-32.67483	-1098.4595	122.10364	69.56377
-6975.9097	-32.67483	-1096.0465	169.67773	64.66654
-6890.5903	-43.02202	-970.62805	267.64294	61.89501
-6791.5244	-51.52621	-923.28107	287.6026	58.966
-6976.0054	-24.83442	-1069.4741	200.85327	64.62117
-6888.4087	-48.75454	-1084.0057	156.15308	64.62117
-6853.783	-43.02202	-1072.5789	130.47559	60.29772
-6955.726	-26.33491	-1110.2622	123.73755	65.28843
-6898.3794	-26.33491	-1097.2443	98.858154	68.79864
-6824.778	-26.4873	-1093.853	96.70007	68.79864
-6759.215	-35.2795	-1083.1545	73.34668	76.21087
-6681.2344	-39.63217	-1074.623	72.40808	69.39471
-6671.0093	-43.02202	-1076.4553	77.82202	65.28843
-6681.409	-43.02202	-1074.3738	78.29724	65.28843
-6750.355	-39.63217	-1079.1466	85.65051	65.28843
-6889.001	-39.63217	-1091.6807	165.43652	65.28843
-6929.801	-26.4873	-1091.8812	144.20703	64.97086
-6877.026	-39.63217	-1096.5616	109.20325	64.62117
-6752.5537	-39.63217	-1081.2937	108.065186	64.62117
-6782.485	-39.63217	-1079.3024	103.98059	64.09595
-6763.065	-39.63217	-1080.0294	100.67297	65.56113
-6796.1924	-39.63217	-1075.371	97.88818	64.66676
-6785.6997	-26.64654	-1091.3176	85.92786	64.66676
-6889.053	-26.64654	-1089.7526	124.80969	64.09595
-6920.5537	-26.64654	-1094.5299	106.583374	76.21087
-6879.002	-33.14244	-1101.026	108.892334	76.21087
-6838.9204	-33.14244	-1091.4287	99.01489	79.94439
-6911.637	-34.30858	-1098.6304	106.7074	79.94439
-6825.9775	-17.53846	-1096.6196	75.48767	84.0742
-6846.285	-24.83442	-1092.1414	87.04785	78.94771
-6795.757	-34.6991	-1084.923	88.72229	78.94771
-6823.84	-39.63217	-1093.5426	93.32349	78.94771
-6867.275	-43.29747	-1104.0151	107.72266	78.94771
-6918.853	-43.02202	-1086.7874	109.000854	65.28843
-6900.2505	-43.29747	-1099.0236	94.19275	80.01286
-6996.89	-43.29747	-1117.6327	116.31177	66.71399
-6952.3804	-43.29747	-1089.0631	119.17688	63.11359
-6936.2163	-44.4066	-1062.4841	227.54395	63.11359
-6970.852	-43.27327	-1083.938	158.0774	64.97086
-6845.546	-49.1285	-1062.1993	159.52258	63.57337
-6841.671	-49.1285	-1079.727	134.9856	63.57337
-6734.061	-52.79583	-1017.50867	167.4895	59.23911
-6857.5835	-43.02202	-1054.7521	150.87769	59.3513
-6771.162	-43.02202	-1053.2408	147.79016	58.68788
-6658.3203	-55.33995	-988.0408	224.06995	57.20359
-6580.8135	-55.6672	-1029.4014	154.60303	57.20359
-6583.1484	-55.90015	-1018.0429	185.42584	57.20359
-6704.099	-50.38468	-1019.0991	188.60779	56.81541
-6740.224	-44.34543	-1049.5881	159.66455	56.81541
-6454.642	-52.01514	-1004.1036	130.27142	57.84421
-6478.0293	-55.13396	-1003.0111	129.08899	57.51766
-6399.647	-55.13396	-995.7971	125.76221	60.73545
-6387.7383	-55.13396	-998.15784	120.759155	60.73545
-6939.8506	-62.40524	-1087.123	133.6178	68.02489
-6933.823	-63.67736	-1060.3712	160.66357	62.40524
-6883.494	-60.27118	-1030.7682	178.53333	61.31929
-6750.9424	-60.27118	-998.19073	192.66742	58.966
-6647.8643	-57.95742	-999.3536	202.62665	58.78363
-6597.5815	-61.42757	-963.613	242.36774	57.95742
-6528.5684	-50.63661	-1029.4775	131.76025	57.95742
-6508.364	-62.40524	-1031.7733	158.70422	57.95742
-6592.55	-62.40524	-1032.4539	160.33264	57.95742
-6674.505	-57.40421	-1021.1391	176.98639	59.97424
-6550.749	-57.40421	-1019.3946	159.97943	59.97424
-6609.328	-43.24795	-1014.3818	133.18927	58.57526
-6603.0957	-43.24795	-1005.8789	142.77698	57.46137
-6732.324	-34.6991	-1063.3683	110.089355	61.66467
-6799.159	-34.6991	-1082.0969	93.78906	62.65527
-6809.7783	-34.6991	-1089.4315	122.11694	62.65527
-6810.695	-34.6991	-1090.3469	127.351685	62.65527
-6717.505	-34.6991	-1056.9346	119.55823	59.20862
-6804.4546	-34.6991	-1077.2212	127.96973	59.20862
-6693.217	-30.08806	-1051.12	126.45874	58.90936
-6856.255	-47.54001	-1091.9841	132.0664	58.90936
-6805.7666	-47.54001	-1049.7736	165.5658	58.65578
-6750.2847	-47.54001	-1043.4951	162.39697	58.65578
-6663.012	-51.52621	-1049.9541	116.073	58.65578
-6700.27	-55.13396	-1037.155	143.45374	57.81812
-6769.117	-55.90015	-1049.0203	127.59448	60.23899
-6792.611	-52.61756	-1055.4786	122.23682	77.75049
-6860.424	-52.61756	-1071.6726	151.87598	66.99919
-6878.291	-47.62929	-1074.756	125.00842	63.29283
-6910.834	-47.62929	-1076.3595	135.67444	63.51992
-6914.1934	-47.62929	-1066.6147	154.29932	65.16023
-7113.3877	-32.08496	-1133.3124	123.06067	65.6203
-6956.0273	-43.02202	-999.398	229.72223	64.66654
-7037.0425	-32.67483	-1080.4127	162.89026	65.6203
-6993.22	-38.63698	-1096.695	113.53552	65.6203
-6934.0254	-50.63661	-1110.057	121.54187	65.6203
-6888.2695	-50.63661	-1083.9637	109.017334	74.43851
-6846.406	-43.27327	-1091.2532	90.64014	73.79449
-6761.783	-43.27327	-1087.4998	82.55408	73.79449
-6759.58	-44.4066	-1082.8231	93.650024	73.79449
-6697.7266	-44.4066	-1082.145	92.29736	73.79449
-6714.645	-52.61756	-1052.7426	116.580444	73.79449
-6738.58	-52.61756	-1081.4214	125.11182	80.01286
-6738.4014	-52.61756	-1066.8282	143.69128	63.11359
-6811.476	-52.61756	-1093.4825	143.57654	74.43851
-6759.367	-58.57526	-1073.7073	127.05969	63.87067
-6661.718	-58.57526	-1061.0309	129.57422	63.11359
-6666.3354	-56.81541	-1069.2357	117.38318	63.11359
-6594.4473	-56.81541	-1041.2397	114.581665	63.11359
-6591.5967	-58.57526	-1040.5474	125.68396	63.87067
-6599.867	-54.86895	-1054.2051	106.416626	69.06072
-6664.4463	-54.86895	-1066.5482	94.72266	74.43851
-6620.6074	-57.55273	-1022.94666	130.7688	60.84615
-6632.707	-57.55273	-1002.71106	139.48828	60.84615
-6666.544	-58.57526	-1036.5483	121.50708	63.87067
-6620.017	-52.79583	-1063.6538	93.79187	61.53574
-6546.118	-58.57526	-1007.8811	137.6604	59.42058
-6466.2866	-58.57526	-1018.15625	137.427	61.69827
-6463.196	-58.57526	-1007.08105	115.74805	60.84615
-6415.603	-56.81541	-1018.0444	130.13849	59.19932
-6403.93	-56.81541	-994.625	113.2666	71.13162
-6385.3306	-56.81541	-971.84753	127.88599	59.19932
-6284.288	-56.07936	-966.93695	127.92474	58.19852
-6229.6113	-56.07936	-973.14294	124.94629	58.19852
-6270.495	-58.12555	-963.47754	148.16296	58.19852
-6235.291	-56.81541	-975.9286	123.33533	58.57526
-6085.3975	-56.81541	-943.0813	126.753174	58.19852
-6146.6836	-56.81541	-938.3586	155.45209	55.91177
-5852.666	-20.03465	-871.209	176.18042	51.19741
-6064.6553	-51.59057	-948.97455	134.22308	52.67038
-6081.0903	-51.59057	-955.6965	140.13116	53.25053
-6120.6357	-49.33981	-965.60547	125.26257	53.25053
-6088.7554	-49.33981	-957.417	148.89209	52.77489
-5933.882	-48.32792	-880.8288	201.55719	51.91719
-5760.146	-48.32792	-863.68665	184.05249	51.19741
-5698.6304	-45.3786	-858.6084	187.01282	50.3951
-5695.3525	-44.38562	-860.06036	177.74884	51.19741
-5551.468	-44.38562	-861.58014	142.45563	51.19741
-5558.145	-44.38562	-861.22266	125.1698	51.32951
-5471.9033	-45.80212	-840.66943	145.95068	51.32951
-5590.567	-38.40761	-858.6471	136.35815	51.32951
-5523.547	-45.62166	-860.72864	132.97168	51.19741
-5542.085	-45.3786	-852.6084	140.71136	51.32951
-5422.5513	-46.88828	-854.52374	121.630554	51.19741
-5411.1895	-46.88828	-856.11847	126.51166	51.19741
-5335.3174	-23.85673	-834.415	93.392395	51.19741
-5395.293	-50.37612	-816.7329	188.27588	50.3951
-5368.3984	-50.37612	-812.54047	182.37201	50.3951
-5448.463	-49.53582	-838.54694	191.86115	50.3951
-5473.7935	-46.77796	-853.9959	203.24615	50.3951
-5235.4087	-42.83525	-818.85767	98.41278	50.3951
-5355.6777	-44.38562	-833.9451	135.80457	50.3951
-5343.7256	-46.77796	-852.555	121.236145	50.3951
-5356.7056	-46.77796	-821.49	104.59265	50.37612
-5306.263	-46.77796	-842.0871	101.09296	50.3951
-5466.4395	-46.77796	-828.5767	173.6867	50.3951
-5410.3374	-20.00563	-845.7662	131.15228	50.3951
-5407.0293	-38.40761	-833.1503	130.2768	50.3951
-5321.756	-24.34733	-840.09357	89.60205	50.37612
-5350.3677	-42.37805	-850.1494	99.412964	50.3951
-5362.1167	-46.5393	-852.5985	142.8479	50.3951
-5363.074	-40.51479	-833.58386	129.62616	50.3951
-5367.4844	-31.00429	-835.56146	128.97473	50.37612
-5511.6147	-46.77796	-811.45825	194.00159	50.37612
-5401.4414	-46.77796	-813.9337	155.77899	50.37612
-5530.7812	-45.3786	-853.61475	140.06445	50.37612
-5519.122	-26.59676	-854.6605	116.083984	51.52621
-5521.0537	-26.59676	-866.87	117.21661	51.52621
-5634.1675	-49.1305	-865.1629	127.60358	52.25391
-5587.874	-49.1305	-853.48944	145.97058	50.50341
-5557.4644	-35.54458	-851.4565	136.2763	50.50341
-5579.165	-34.0967	-870.7318	138.31018	50.50341
-5525.731	-43.52163	-844.2151	121.82556	50.50341
-5730.8774	-49.53582	-882.8226	215.46051	50.50341
-5737.7534	-51.52621	-874.85925	226.18091	50.50341
-5652.408	-41.23399	-858.8882	161.8706	50.50341
-5677.2334	-37.41382	-875.97296	164.72955	50.50341
-5752.122	-36.52481	-871.8294	189.31	50.50341
-5664.719	-36.83551	-882.4126	156.16492	50.50341
-5677.377	-36.83551	-874.44934	159.849	50.50341
-5927.514	-36.83551	-900.8535	152.26208	51.44909
-5767.3906	-36.83551	-809.16425	249.78033	50.73842
-5793.081	-36.83551	-797.11194	292.7262	50.73842
-5835.6035	-43.52163	-817.9758	257.80847	51.41435
-5761.3086	-43.52163	-820.94556	234.46301	51.41435
