-9480.841	-156.64426	-1835.779	96.37622	174.50981
-9406.226	-158.90211	-1827.159	93.76965	174.59618
-9389.189	-168.03444	-1814.5874	138.84265	186.23871
-9274.648	-174.36157	-1799.4246	134.9524	176.88963
-8760.894	-172.7754	-1692.0422	116.38733	165.22179
-8697.702	-170.6354	-1689.0262	84.3302	168.03444
-9039.708	-174.81317	-1758.7118	127.36572	173.78304
-9114.458	-179.89862	-1712.2676	176.78992	174.36157
-8866.88	-171.43704	-1636.2745	212.30188	169.2948
-8841.368	-170.16382	-1666.8456	176.89111	170.59906
-9281.882	-179.50925	-1788.4478	137.40723	174.36157
-8763.883	-170.66316	-1657.6779	175.6051	171.3851
-8948.342	-168.03444	-1696.584	199.99426	167.10321
-9036.453	-172.27023	-1740.1875	176.81213	173.49568
-9327.258	-163.93184	-1816.6343	102.025024	173.78304
-9332.46	-158.59926	-1718.4297	238.10815	171.55267
-9112.857	-141.19151	-1760.0404	89.12195	178.39157
-9421.301	-152.80214	-1826.2814	114.64026	174.36157
-8766.085	-154.77966	-1648.2651	148.36499	165.72655
-9468.113	-157.93887	-1846.0695	122.72949	174.50981
-9382.903	-168.0409	-1756.2537	190.00146	185.39194
-9384.901	-158.90211	-1837.9937	130.54468	175.68333
-9332.559	-171.58456	-1796.3723	112.59363	178.80188
-8748.311	-168.03444	-1710.272	76.90979	170.09964
-8832.656	-162.37631	-1733.9725	60.64441	181.50786
-8829.509	-161.1099	-1735.8916	65.60828	180.02988
-8979.242	-169.2948	-1638.9214	251.24854	172.89442
-9299.011	-169.2948	-1796.4128	143.63281	177.35191
-9009.03	-169.26762	-1741.2542	113.85974	176.07236
-9335.51	-163.93184	-1817.8271	127.91113	178.3366
-8882.32	-152.50389	-1714.2255	127.579346	170.58655
-9444.687	-166.74571	-1831.525	144.59119	174.36157
-9072.556	-155.82225	-1603.8702	291.58264	168.0409
-9376.55	-166.98439	-1749.9014	181.81677	174.36157
-9221.788	-167.82477	-1708.5919	209.4668	173.68413
-8651.813	-144.02876	-1677.5315	108.77136	165.22179
-9264.248	-166.06993	-1682.0063	240.5	172.96335
-8583.908	-144.02876	-1675.5237	85.458984	167.67914
-8851.482	-162.37631	-1719.8308	91.19629	174.36157
-8803.592	-157.25954	-1730.5283	68.69092	176.23842
-9121.791	-136.51692	-1582.1466	340.91382	167.91774
-9041.925	-134.49593	-1613.0176	309.2367	167.07993
-8822.911	-155.21843	-1714.7988	111.65381	170.58655
-8935.632	-157.32475	-1700.0372	230.9054	167.07993
-9287.208	-174.36157	-1793.7745	112.906494	179.50925
-9081.654	-160.10626	-1731.2998	132.48767	172.96335
-8923.288	-153.50403	-1730.7269	146.75623	168.64224
-8844.775	-171.01344	-1659.9089	206.20325	171.83273
-8888.85	-158.01738	-1709.1875	123.458496	172.42744
-8989.831	-165.74344	-1656.7744	208.85022	169.31198
-9132.975	-156.56027	-1626.464	355.30798	168.0409
-8772.104	-155.21843	-1702.0028	112.16028	169.0815
-9133.577	-158.99997	-1651.8534	280.77808	169.2948
-8847.935	-153.50403	-1705.3611	117.47449	171.43074
-8314.882	-140.88014	-1576.9893	154.47046	159.9072
-8762.301	-143.05045	-1692.2015	107.994995	168.43683
-8772.375	-143.05045	-1702.9474	108.14392	169.99377
-8265.141	-114.42865	-1594.603	132.30457	160.63477
-9049.626	-156.56027	-1617.6226	344.04468	168.0409
-8366.941	-114.42865	-1601.674	164.17188	160.63477
-8744.351	-155.94547	-1588.9468	318.45435	162.90704
-7921.1353	-139.0141	-1549.8661	49.96631	167.56277
-8466.095	-156.93901	-1613.2952	143.82983	163.69595
-8852.802	-161.1099	-1730.1473	95.12268	174.36157
-8836.21	-162.37631	-1731.2773	75.60303	174.36157
-8496.6875	-156.93901	-1610.1812	162.59448	163.69595
-8512.747	-140.4025	-1607.9719	162.80005	163.69595
-8488.558	-140.4025	-1620.6204	182.01917	162.31517
-8768.873	-162.37631	-1730.3271	65.02051	174.36157
-8707.041	-143.05045	-1694.5789	90.21301	169.52261
-8731.248	-142.17139	-1714.7472	114.09924	169.52261
-8952.802	-159.80432	-1679.6277	187.72913	168.17484
-7920.1772	-127.48466	-1551.8978	66.1156	167.56277
-8924.348	-158.90211	-1716.4973	140.21802	168.17484
-8804.623	-162.03156	-1661.5227	187.3916	167.56459
-8642.413	-157.50288	-1664.6411	126.329346	164.6754
-8687.264	-134.49593	-1701.5664	90.41516	167.37363
-8666.806	-156.69604	-1681.1072	110.06482	167.37363
-8592.629	-138.99698	-1605.7981	223.65735	162.90704
-8993.097	-166.74571	-1683.1808	208.69348	171.18388
-8796.497	-167.83339	-1654.488	173.26843	170.66316
-8475.375	-140.4025	-1631.092	152.93115	163.17189
-9070.018	-142.17139	-1701.0929	211.43811	168.0409
-8992.942	-159.24292	-1665.7997	230.86633	168.0409
-8862.83	-158.90211	-1707.2823	120.484985	171.83273
-8794.463	-167.09227	-1672.016	162.07166	171.16081
-9058.107	-164.19875	-1725.8423	174.24036	169.14557
-8459.975	-151.82587	-1646.6814	92.3374	162.67523
-8972.927	-158.90211	-1696.1334	202.98682	168.17484
-8901.515	-158.90211	-1721.7627	129.32251	168.03444
-8744.607	-150.0183	-1730.5771	40.6261	174.36157
-8783.801	-158.90211	-1699.7672	120.14636	171.3851
-8931.401	-162.4626	-1700.0693	220.60791	168.0409
-9047.925	-163.70543	-1708.8324	236.17114	168.0409
-8907.58	-154.77966	-1690.3867	201.57617	166.97687
-8915.911	-159.16022	-1691.5244	207.44263	166.97687
-8899.089	-154.36682	-1698.2126	234.90576	166.97687
-8806.361	-158.90211	-1712.481	109.99841	172.5005
-8788.786	-157.53812	-1704.3658	113.69202	171.83273
-8919.742	-164.61855	-1672.3533	181.42358	171.83273
-9011.826	-158.47075	-1723.0703	191.59692	168.0409
-8981.149	-158.47075	-1688.3542	173.4076	168.71718
-8792.338	-162.2631	-1711.2433	97.059326	173.40654
-8451.985	-157.42726	-1541.838	247.73169	163.39345
-8771.899	-160.12071	-1677.4458	133.96008	167.37363
-9000.819	-145.2494	-1720.493	167.62524	169.19273
-8720.16	-160.33003	-1718.225	55.311768	180.3756
-8955.753	-157.32475	-1721.2982	139.98706	169.19273
-8913.375	-153.41719	-1678.9199	179.59875	167.04564
-9231.268	-168.0409	-1781.8058	86.328125	188.65082
-8519.29	-138.06628	-1614.1154	201.01465	162.579
-9390.1045	-164.94165	-1811.0483	109.809814	173.2176
-8542.847	-143.05045	-1625.2385	216.97998	164.22334
-8816.511	-153.41719	-1671.213	167.46448	166.97687
-9362.262	-164.94165	-1767.73	149.7721	172.17154
-9432.832	-158.90211	-1838.3003	132.38281	174.36157
-8385.701	-147.83372	-1602.1265	146.31226	161.3898
-9462.057	-158.90211	-1839.0457	157.28589	174.36157
-9260.218	-154.77966	-1810.7355	82.4613	180.03186
-8570.165	-138.06628	-1635.4038	152.95386	163.87476
-9379.842	-172.96335	-1789.2854	160.39014	175.8498
-9274.891	-172.96335	-1799.9247	134.68005	181.34158
-8448.442	-151.49017	-1591.7896	167.93909	161.3898
-8842.732	-162.2631	-1721.944	124.2345	168.64224
-9053.757	-142.17139	-1673.4949	206.23535	168.71718
-9203.683	-172.96335	-1800.8805	105.745605	181.34158
-8142.773	-139.0141	-1599.291	73.16016	167.56277
-8914.529	-161.55464	-1681.8481	194.354	166.97687
-9286.446	-158.90211	-1827.9823	113.229004	180.03186
-9237.8	-164.94165	-1630.4244	316.57764	168.88826
-9127.156	-164.94165	-1636.7493	312.4364	168.88826
-8839.724	-158.90211	-1730.7655	73.76001	179.85648
-7759.393	-139.4226	-1458.8876	181.51001	157.27493
-8489.745	-151.82587	-1643.5714	112.76062	164.8346
-8538.476	-151.82587	-1673.129	97.79065	167.24141
-8502.839	-150.09505	-1659.4678	101.874146	163.87476
-7771.4507	-139.4226	-1425.3276	240.14014	157.27493
-7698.176	-121.98983	-1463.041	195.17334	157.27493
-9077.681	-157.83769	-1624.0977	274.03918	168.88826
-8479.935	-144.96545	-1627.3427	146.66687	162.67523
-8792.906	-158.90211	-1726.9406	69.58264	179.85648
-9437.719	-157.93887	-1826.6466	106.58057	174.50981
-8705.645	-150.09505	-1650.8077	205.94568	164.8404
-8971.044	-164.94165	-1647.2416	265.22412	168.0409
-8470.527	-135.68265	-1636.893	131.44177	162.67523
-8466.939	-152.36444	-1639.6493	106.976074	163.59747
-8751.704	-140.59778	-1519.0243	345.79504	163.51988
-8850.364	-158.90211	-1719.5297	90.74719	174.28
-8802.874	-158.90211	-1715.425	78.05591	174.28
-8628.681	-148.5648	-1638.646	220.88977	163.87476
-8650.1	-148.5648	-1635.956	235.49902	164.24937
-9175.068	-155.21843	-1756.6423	154.64478	169.26762
-8363.139	-153.50403	-1610.707	183.45715	161.3898
-9090.604	-168.88826	-1762.0947	100.22229	181.34158
-8413.362	-152.36444	-1596.956	152.64282	162.67523
-8302.405	-149.54889	-1583.3055	154.99707	161.3898
-9198.195	-161.0865	-1735.0496	186.71375	170.08806
-9043.917	-144.49411	-1709.3715	200.44702	168.88826
-9430.928	-157.93887	-1819.8558	101.97644	180.07396
-8367.833	-149.54889	-1573.8185	145.43298	161.3898
-8467.449	-150.09505	-1655.413	139.50476	162.579
-9444.513	-155.85728	-1838.296	122.47632	174.36157
-9318.857	-152.69485	-1803.7156	100.4104	174.36157
-8844.43	-158.90211	-1720.5807	85.84473	173.68413
-9401.433	-160.12071	-1806.4126	114.0	185.39194
-9101.729	-164.95471	-1773.2208	101.617065	180.79916
-9111.5	-158.90211	-1775.6813	78.572266	176.84186
-9004.05	-155.52328	-1655.623	240.88379	167.61499
-8736.748	-154.92018	-1600.6648	259.64392	162.77574
-8598.021	-150.4398	-1595.5281	247.78467	161.67987
-8806.032	-159.25531	-1637.6115	233.9314	165.72784
-8749.273	-157.16292	-1704.857	110.31213	171.8137
-8279.034	-148.94606	-1613.1172	81.502686	163.39345
-8792.718	-159.25531	-1626.3132	231.54456	165.4615
-8763.22	-158.90211	-1663.1743	158.71802	166.09207
-9406.807	-160.12071	-1814.2236	117.96704	185.39194
-8710.165	-158.41406	-1700.5725	110.897095	166.09207
-8770.702	-154.48396	-1679.4681	154.73657	166.09207
-8827.385	-158.29262	-1663.8016	174.01526	165.67262
-8876.105	-158.29262	-1673.97	177.89014	165.67262
-8224.071	-144.00153	-1615.519	75.97461	162.579
-9413.59	-159.43317	-1815.0894	138.41675	174.36157
-8707.316	-150.78915	-1601.084	279.03088	162.77574
-8722.788	-145.67773	-1631.329	234.77466	162.77574
-8667.786	-138.06628	-1600.0851	213.89685	163.93184
-8612.217	-138.06628	-1606.2277	208.00305	162.77574
-8691.199	-155.52328	-1615.6459	224.81189	162.77574
-9088.982	-158.90211	-1780.3596	88.09741	175.3321
-8673.735	-143.32367	-1651.5564	152.64539	164.94165
-8795.979	-158.23817	-1673.7188	169.1294	165.6998
-8346.565	-149.25679	-1625.8076	112.51697	162.579
-8336.664	-149.25679	-1621.7634	94.474	162.39507
-8277.215	-149.25679	-1609.9683	77.31787	162.39507
-8398.57	-149.25679	-1620.9677	157.17664	162.39507
-7856.9214	-128.60052	-1539.0066	65.0697	160.31525
-9401.236	-164.94165	-1802.7372	134.01843	181.21349
-9320.122	-164.94165	-1810.3049	104.22327	178.41022
-8654.312	-149.56053	-1645.6271	174.35034	164.94165
-8258.577	-148.61626	-1615.8344	72.68237	167.56459
-8837.779	-149.56053	-1664.7428	203.61719	164.94165
-8237.669	-148.61626	-1602.7727	69.04053	171.66937
-8265.372	-149.25679	-1602.3328	69.1239	170.60704
-8315.299	-149.25679	-1617.8695	81.56433	166.0181
-9323.164	-168.0409	-1815.187	104.74634	173.99953
-8254.972	-143.20287	-1609.6901	74.21399	166.0181
-8274.708	-143.20287	-1626.8533	54.773926	167.56459
-9374.639	-168.0409	-1807.9146	141.18018	173.99953
-8239.557	-143.20287	-1618.8176	78.24353	166.16057
-8831.46	-158.23817	-1694.0414	210.17908	165.6998
-8805.265	-158.41406	-1679.9778	188.01526	165.6998
-9262.062	-168.0409	-1695.3362	284.22522	173.40654
-8824.317	-142.16643	-1669.645	167.76233	166.09207
-8876.726	-156.0129	-1666.2412	184.59204	166.09207
-8412.206	-143.20287	-1633.0459	86.94617	165.2001
-9220.328	-168.0409	-1683.8915	253.93762	173.61787
-9069.741	-168.0409	-1657.9727	251.47913	173.78304
-8898.666	-167.52968	-1676.152	168.59021	170.66316
-7903.85	-122.74532	-1546.4084	79.5531	160.31525
-8146.973	-137.42757	-1569.1598	158.1698	159.24292
-8420.491	-143.20287	-1631.5745	126.74634	162.579
-8903.153	-167.52968	-1680.6387	171.98572	171.22258
-8288.958	-157.4553	-1586.4514	175.97083	159.53645
-8403.842	-141.87831	-1650.1313	76.12744	171.66937
-8444.739	-141.87831	-1638.8152	88.50354	165.34908
-8991.408	-167.5551	-1666.1445	222.73938	172.11137
-8387.27	-141.87831	-1634.668	79.062256	165.34908
-8164.576	-147.27318	-1581.735	168.98547	159.53645
-8974.764	-160.33362	-1662.429	213.453	167.10321
-8129.0996	-128.60052	-1583.1959	91.79236	159.7569
-8972.695	-160.33362	-1682.1202	190.45447	166.88687
-8076.6445	-128.60052	-1582.0476	88.22998	159.7569
-8922.366	-158.41406	-1661.1925	217.32117	165.6998
-8896.453	-158.41406	-1677.0486	185.71704	166.09207
-8857.565	-148.39711	-1706.1848	158.35986	167.09227
-8140.8213	-128.60052	-1567.039	119.6709	159.7569
-8438.63	-146.15662	-1654.4507	97.250244	165.34908
-8058.2876	-128.60052	-1556.7863	108.651245	159.53645
-8443.858	-150.09505	-1651.4744	86.48743	165.34908
-8878.466	-138.71661	-1698.3678	213.17737	167.09227
-8366.57	-148.5648	-1632.0663	95.45154	162.579
-8534.706	-148.5648	-1607.9254	192.27563	162.579
-8835.741	-152.36444	-1697.5962	175.52148	167.09227
-8432.95	-148.5648	-1624.2877	123.38855	162.579
-8421.737	-148.5648	-1625.8058	90.754395	162.49982
-8189.971	-153.74913	-1601.4766	62.96997	169.34273
-8568.694	-145.01468	-1614.0393	223.98169	160.40916
-8428.72	-145.01468	-1594.0271	174.78503	160.40916
-8344.097	-153.74913	-1627.2325	72.717896	172.8827
-8447.278	-145.01468	-1603.0656	210.21094	160.40916
-8399.594	-145.01468	-1608.0935	190.43335	161.85938
-8293.627	-153.74913	-1626.6903	96.97705	166.77632
-8446.972	-143.05045	-1620.0973	200.24414	161.85938
-8344.72	-143.05045	-1608.2892	215.5774	160.40916
-8351.766	-145.01468	-1598.5419	206.57544	160.40916
-8310.435	-156.0503	-1557.2104	200.52588	160.46149
-8233.195	-133.08179	-1591.5688	105.51807	160.40916
-8276.23	-133.08179	-1587.2229	135.09033	160.46149
-8362.601	-156.0503	-1596.2538	151.06311	162.86284
-8386.86	-156.0503	-1600.9528	158.33289	162.45502
-8306.675	-156.0503	-1611.8844	130.62805	162.31517
-8276.224	-155.09454	-1622.4158	83.95947	162.31517
-8432.399	-152.45699	-1585.3047	218.9718	161.50809
-8255.465	-149.25679	-1586.7058	152.73462	161.50809
-8297.717	-140.82065	-1624.196	88.72754	162.45502
-8250.427	-153.41719	-1577.4857	127.28369	161.1114
-8157.157	-153.41719	-1570.8245	125.10901	161.1114
-8136.376	-151.62387	-1581.4828	109.10388	159.73465
-8343.489	-151.62387	-1585.5908	230.92615	159.73465
-8348.031	-143.7888	-1599.1053	229.30469	159.80432
-8189.6733	-135.36838	-1568.8303	118.04492	159.80432
-8194.912	-135.36838	-1554.4932	131.94202	159.80432
-8117.517	-135.36838	-1562.1157	100.23181	159.80432
-8049.3125	-135.36838	-1557.4247	118.475464	159.42813
-7986.0127	-145.57388	-1539.1117	155.36047	159.42813
-8090.3486	-132.35628	-1540.2645	150.49585	157.83769
-7953.889	-132.35628	-1549.5182	108.62488	157.83769
-8143.166	-132.35628	-1557.4646	186.11157	157.83769
-8331.833	-153.41719	-1584.6812	199.59766	161.1114
-8493.714	-147.82549	-1548.5038	240.1571	161.1114
-8452.358	-147.82549	-1565.4811	272.10864	161.1114
-8434.46	-147.82549	-1573.7118	210.24622	161.1114
-8297.133	-151.40884	-1589.1333	171.72815	159.16022
-8335.113	-151.40884	-1560.6123	201.932	160.61742
-8295.803	-149.17802	-1584.2084	193.20068	158.97757
-8054.2437	-149.17802	-1535.8516	151.88452	158.97757
-7976.4966	-146.89085	-1543.196	108.46228	158.97757
-8081.853	-146.89085	-1579.4458	78.910034	160.38483
-8171.6084	-151.62141	-1582.088	129.04333	160.38483
-8105.223	-139.19661	-1572.9823	96.2959	161.9281
-8041.3716	-139.19661	-1576.4602	70.45325	161.9281
-8074.426	-149.64706	-1574.425	86.61914	159.7569
-8117.0757	-150.15355	-1566.4177	107.46716	159.7569
-8192.813	-150.15355	-1559.0916	128.49707	159.7569
-8304.961	-152.11798	-1584.823	160.318	159.7569
-8306.332	-152.11798	-1582.2804	180.76831	161.1114
-8308.646	-151.40884	-1547.5476	217.95374	159.42813
-8429.635	-152.11798	-1598.8044	214.58105	162.45502
-8490.623	-140.88014	-1597.2726	191.8357	162.45502
