-7644.72	-181.57977	-1650.9258	82.15674	182.50279
-7723.6343	-166.85081	-1661.2739	132.27576	201.64563
-7855.6694	-181.7072	-1694.6453	135.22949	182.50279
-7742.6807	-166.85081	-1634.4132	133.74634	188.35666
-7528.1597	-156.21754	-1610.7021	110.32471	178.64627
-7789.479	-184.04543	-1628.4531	206.09326	182.50279
-7786.2266	-181.57945	-1667.2845	137.90063	171.51328
-7686.5303	-182.50279	-1637.3855	127.37146	177.18243
-7681.942	-181.7072	-1604.1328	201.79248	175.97603
-7779.949	-181.7072	-1661.0068	134.40515	201.64563
-7058.7163	-164.54955	-1528.491	101.30115	171.51328
-7368.1484	-173.61166	-1516.4521	239.90161	169.7106
-7572.5186	-178.14653	-1591.4773	137.54895	171.51328
-7422.9917	-181.69229	-1580.7073	174.92737	175.97603
-6982.321	-156.74846	-1495.2493	115.09338	171.08647
-7855.67	-181.7072	-1694.6453	135.22961	182.50279
-7855.671	-181.7072	-1694.6451	135.22949	182.50279
-7789.4785	-184.04543	-1628.4532	206.09302	180.78838
-7855.669	-181.7072	-1694.6453	135.22937	182.50279
-7582.99	-169.2478	-1627.5294	109.94177	181.7072
-7582.152	-167.26622	-1585.5813	193.08472	170.16061
-7111.427	-165.60847	-1509.9574	132.12256	174.7367
-7800.5146	-182.50279	-1639.4883	199.54492	182.50279
-7080.191	-169.2478	-1519.7563	123.79443	176.8985
-7792.7	-182.50279	-1632.8646	176.22803	181.7072
-6987.5923	-169.2478	-1522.8901	55.412964	176.8985
-7658.856	-156.74846	-1655.6204	116.09131	191.6762
-7693.1636	-156.74846	-1644.0175	110.09839	182.50279
-7855.6694	-181.7072	-1694.6453	135.22937	201.64563
-7800.5137	-182.50279	-1639.4883	199.5448	182.50279
-6982.8926	-169.97684	-1486.0759	136.13708	176.8985
-7175.0107	-173.61166	-1497.4836	159.59216	169.97684
-6977.229	-156.74846	-1507.2053	91.546875	171.51328
-7652.9263	-171.51328	-1627.132	124.93274	192.734
-7050.3574	-156.74846	-1511.1294	98.13281	171.51328
-7135.531	-155.74196	-1549.0857	130.76306	175.80394
-6963.039	-169.97684	-1510.6464	70.826904	176.8985
-7192.2266	-134.5507	-1529.8429	132.84583	170.41586
-7168.247	-164.54955	-1549.0698	67.62305	172.49841
-7155.1743	-158.59431	-1557.9612	56.19507	180.18295
