-3082.8672	-168.37735	-961.55853	158.9477	174.07896
-3032.6104	-162.65744	-919.6613	146.73285	170.29402
-2688.78	-143.49786	-872.5783	65.60596	163.82455
-3004.1384	-152.48749	-854.69135	243.12604	164.93126
-3087.1423	-151.46977	-949.4146	140.27118	175.56256
-2681.5093	-143.36038	-869.9177	43.524048	168.37735
-2851.6147	-146.42358	-896.2632	121.11279	160.20096
-2951.5945	-175.56256	-944.3905	77.9917	172.59387
-3060.5295	-151.46977	-965.9414	110.71741	163.30281
-3113.1033	-172.59387	-963.65607	142.24323	175.56256
-3105.7502	-139.48946	-957.00037	153.0033	170.43655
-2931.3486	-151.46977	-948.63556	82.323425	167.80708
-2969.1428	-171.11234	-932.8627	95.1167	165.63431
-2394.16	-137.60101	-768.0319	48.374207	158.15666
-2821.3435	-159.1573	-901.5134	77.731995	162.65744
-2669.352	-160.58025	-866.2139	72.65192	160.57045
-2803.1196	-148.9879	-882.25183	130.39612	154.75227
-3094.608	-180.10432	-945.85785	144.73248	174.07896
-2992.2412	-166.57277	-933.3641	156.06061	167.80708
-2577.9512	-146.42358	-809.99945	82.697754	158.69536
-2919.1616	-171.10156	-916.5185	105.409485	162.17918
-2941.6511	-174.51805	-903.1519	122.47162	160.57045
-3062.078	-180.30351	-958.69574	126.65607	174.07896
-2644.7744	-155.41624	-857.52625	42.987915	162.65744
-2453.086	-127.88705	-777.40985	54.162537	158.69536
-2646.2058	-155.60138	-856.83905	78.96344	159.09889
-2740.4272	-152.70178	-861.09143	91.08411	158.81538
-2992.7886	-170.43655	-905.8954	185.20276	166.57277
-2666.1326	-158.52834	-851.78534	62.465393	165.2187
-3014.4277	-175.39734	-931.1951	159.90814	171.11234
-2912.3574	-166.86389	-896.71027	133.92133	156.65688
-2633.8064	-136.27896	-844.9777	98.4787	156.44406
-2481.9338	-143.36038	-797.0234	53.85431	161.29407
-2654.817	-145.97743	-846.23584	54.795532	184.25049
-3074.124	-167.80708	-961.1749	185.15112	166.57277
-3094.0127	-145.06038	-944.56555	133.8003	162.65744
-3103.042	-148.9879	-956.86646	133.40808	176.18057
-2809.5054	-161.11539	-915.2158	61.86438	171.11234
-3064.936	-158.15666	-915.48914	175.9729	168.23352
-2707.2146	-142.96455	-877.7622	51.120117	168.37735
-3094.0125	-145.06038	-944.56555	133.80017	175.56256
-2979.4456	-161.09023	-926.0619	237.10681	162.65744
-2733.165	-155.41624	-879.675	84.39606	159.1573
-3123.7302	-148.9879	-974.28296	162.52002	175.56256
-3131.7378	-148.9879	-982.9878	116.92871	180.10432
-2417.7988	-136.44456	-760.86414	80.83203	156.26208
-2523.1292	-136.27896	-816.6834	50.197876	159.09889
-2671.6265	-139.3843	-840.34314	90.65161	156.44406
-2815.192	-152.74002	-833.6201	152.0628	151.46977
-2657.56	-149.47963	-835.2576	91.81671	148.9879
-3066.7078	-170.29402	-953.7591	134.22821	178.6093
-2938.088	-155.41624	-913.1381	195.76447	159.1573
-2953.2632	-151.46977	-922.5753	113.20447	162.17918
-3082.3145	-139.48946	-949.88715	140.18378	170.43655
-2975.0037	-165.63431	-926.924	121.12604	170.43655
-2980.6545	-172.59387	-946.8192	104.62305	176.18057
-2983.0718	-158.76811	-850.6443	224.6101	162.12308
-3069.8975	-172.59387	-937.4703	133.45538	180.44133
-2970.8904	-155.70305	-929.4709	125.288025	168.37735
-2991.988	-156.6483	-948.26416	96.49426	171.11234
-2952.178	-156.6483	-946.8326	83.52655	162.17918
-3058.805	-175.56256	-909.3578	202.55688	172.59387
-2812.751	-148.9879	-887.87964	115.07202	155.56047
-2652.1082	-149.77594	-836.02454	88.8584	148.22198
-2589.447	-127.88705	-835.32086	78.45026	156.44406
-2837.6794	-151.57996	-910.6166	75.97461	174.51805
-2764.645	-151.57996	-897.95557	72.46881	168.37735
-2752.321	-154.11949	-878.8262	75.30969	165.63431
-2728.6516	-154.11949	-878.1207	77.82617	158.81538
-3005.3484	-161.11539	-923.512	155.49713	170.29402
-2696.7444	-151.46977	-868.7152	66.107544	158.81538
-2653.9243	-145.97743	-855.31366	61.11615	168.82925
-2631.5764	-145.97743	-862.8836	38.417114	168.82925
-2654.5442	-156.26208	-853.2311	58.392395	184.9315
-2661.9355	-145.08446	-863.8828	60.205933	168.82925
-2430.4468	-147.66594	-790.2902	43.62384	160.57045
-2427.5327	-149.77594	-785.3419	53.571045	158.69536
-3036.6387	-175.56256	-933.2562	114.185425	174.07896
-2982.9192	-170.43655	-957.14246	82.81384	175.56256
-2467.3457	-127.88705	-791.6696	70.737	156.44406
-2520.8218	-139.75049	-813.828	58.076294	158.15666
-2668.481	-156.26208	-857.81006	70.42859	162.65744
-2831.2473	-161.11539	-929.32043	64.89429	178.6093
-2808.2354	-151.46977	-890.934	99.196594	159.31747
-2756.5715	-141.10666	-877.22943	80.28406	159.31747
-2444.9268	-133.06377	-780.6196	67.48297	155.03871
-2483.1536	-137.60101	-807.22766	41.93982	160.57045
-3003.0076	-151.46977	-962.63696	66.674805	171.11234
-2932.9434	-151.57996	-940.72095	81.90112	171.10156
-2722.0117	-142.96455	-868.5216	77.79913	159.1573
-2798.7249	-159.08867	-890.06793	100.11304	150.28746
-2810.3027	-159.08867	-895.842	104.75806	156.26208
