-20539.0	-0.0	-419.0	102.0	0.0
-20499.0	-0.0	-416.0	101.0	0.0
-20474.0	-0.0	-419.0	92.0	0.0
-20468.0	-0.0	-417.0	90.0	0.0
-20452.0	-0.0	-418.0	85.0	0.0
-20388.0	-0.0	-412.0	84.0	0.0
-19608.0	-0.0	-408.0	54.0	0.0
-20349.0	-0.0	-422.0	71.0	0.0
-20356.0	-0.0	-421.0	69.0	0.0
-20357.0	-0.0	-421.0	73.0	0.0
-20311.0	-0.0	-421.0	68.0	0.0
-20266.0	-0.0	-424.0	58.0	0.0
-20302.0	-0.0	-424.0	65.0	0.0
-20290.0	-0.0	-425.0	66.0	0.0
-20289.0	-0.0	-424.0	62.0	0.0
-20292.0	-0.0	-422.0	61.0	0.0
-20285.0	-0.0	-423.0	59.0	0.0
-20258.0	-0.0	-425.0	57.0	0.0
-20260.0	-0.0	-425.0	62.0	0.0
-20247.0	-0.0	-426.0	58.0	0.0
-20230.0	-0.0	-428.0	58.0	0.0
-20240.0	-0.0	-427.0	56.0	0.0
-20246.0	-0.0	-425.0	56.0	0.0
-20227.0	-0.0	-427.0	55.0	0.0
