3392.8257 127.53617 879.3916 162.59619 145.20337
3542.9583 123.55983 962.759 131.92023 145.20337
3359.8313 127.53617 918.82446 113.23596 148.68773
3296.4834 112.98396 916.306 51.02832 147.04594
3467.1074 129.10553 961.0092 67.326965 156.50897
3640.5908 144.64003 943.8909 140.9306 154.6745
3466.8396 125.74078 944.04846 92.951416 148.16591
3748.9636 138.49104 1038.439 89.40515 152.81738
3388.0657 127.53617 887.67017 217.58667 150.1985
3060.3147 116.20982 833.1128 68.61688 152.81738
3363.505 126.70641 886.4288 166.54987 148.68773
3449.4155 139.43135 943.8535 67.33136 166.02493
3444.2893 115.99861 903.7491 186.90802 143.31894
