109.69799 109.69799 109.69799 0.0 69.14738
105.45971 105.45971 105.45971 0.0 67.6312
104.23495 104.23495 104.23495 0.0 77.60063
103.78619 103.78619 103.78619 0.0 71.76292
115.66267 115.66267 115.66267 0.0 95.93041
109.23794 109.23794 109.23794 0.0 78.95188
103.78361 103.78361 103.78361 0.0 73.76498
83.41022 83.41022 83.41022 0.0 67.6312
109.9808 109.9808 109.9808 0.0 80.73903
75.0713 75.0713 75.0713 0.0 79.0789
73.47057 73.47057 73.47057 0.0 82.62008
78.95188 78.95188 78.95188 0.0 95.93041
121.24863 121.24863 121.24863 0.0 98.39362
96.08872 96.08872 96.08872 0.0 106.36067
