129404.73 122.43136 6757.638 626.87744 148.81927
128947.35 122.43136 6352.204 1010.0117 149.67123
129242.34 113.14942 6732.1763 656.1416 147.45378
128487.64 123.52054 6594.339 693.7451 146.72157
128265.34 123.81409 6280.5854 1026.4331 152.81908
127621.086 123.81409 6367.22 988.0088 153.41919
117806.914 118.67774 5739.436 1201.1753 142.94437
125835.57 142.50319 6224.7495 974.61475 162.42888
126502.266 140.47026 6464.287 732.771 143.4619
126088.19 141.48924 6284.1445 927.8345 146.90823
110382.24 82.51218 5168.233 1643.9258 142.94437
121035.31 97.73918 5237.744 1778.8472 142.95232
122394.12 97.73918 5265.0845 1863.501 141.46008
