2388.7354 122.83325 736.86554 109.11932 126.59215
2496.4746 133.2093 802.9477 58.832397 138.86511
2300.0986 126.59215 719.0176 73.16193 124.596
2241.2427 124.596 703.9419 71.5376 126.59215
2288.049 127.62217 706.968 86.66052 124.596
2388.735 122.83325 736.86554 109.11932 126.59215
2288.0493 127.62217 706.968 86.66058 124.596
2388.7354 122.83325 736.86554 109.119385 126.59215
2467.9985 138.44269 799.33026 52.11725 133.2093
2467.9983 138.44269 799.33026 52.11731 138.44269
2496.4746 133.2093 802.9477 58.83246 138.86511
2467.9983 138.44269 799.33026 52.117188 146.79178
2449.7625 138.44269 782.7278 87.713806 127.62217
2496.4744 133.2093 802.9477 58.83246 138.86511
2486.8582 138.86511 794.0018 54.806335 133.2093
