1094.7814 91.03468 419.0399 29.230255 102.8194
1336.9601 99.13725 522.3906 22.52472 117.62522
1342.7957 70.89317 524.098 21.73169 106.6561
1193.8668 98.69046 451.4582 62.57428 93.95355
1317.6204 94.68919 504.8807 39.603973 101.88488
1314.6927 96.35551 488.9166 69.20584 94.45287
831.0534 48.83519 307.9162 41.59018 93.67487
1288.8667 108.11591 476.36334 90.710266 105.8597
1102.2278 70.08803 394.16895 96.139404 91.9413
1281.8627 100.2166 479.3636 70.37903 96.17577
1123.3702 87.0201 440.9538 21.743042 98.74316
1276.5548 105.97981 470.66016 68.200195 94.08121
904.7885 69.68937 334.02438 63.548004 88.74552
1268.2646 103.89035 488.69214 55.485718 98.03545
1204.0281 108.88708 464.66547 30.554657 105.8597
1262.342 103.89035 481.2033 57.05182 98.03545
1189.2534 96.81609 443.0719 55.043396 96.81609
1178.1716 100.76008 452.1886 55.583557 94.33003
1150.8633 96.87655 425.43256 57.0343 94.01542
1195.9716 92.62736 416.51157 98.1199 92.32213
1292.1562 107.12615 479.71463 78.27756 106.55519
1148.0951 96.1054 426.621 51.289337 96.24432
1316.7681 94.68919 490.99188 89.184204 101.88488
1230.06 100.88898 464.1871 46.468964 103.89035
1310.8479 104.86311 488.251 70.62509 96.44807
1341.6058 87.29479 523.871 34.74585 105.8597
981.3027 62.74129 372.8722 44.767456 97.15736
1326.626 85.95661 497.95248 62.76584 100.76008
1198.2095 84.81982 429.49695 102.61755 94.01542
1098.9224 93.16113 422.68378 27.513733 104.11295
1061.0262 79.88602 414.04657 16.679932 105.69482
1324.8003 100.76008 499.51917 95.42621 106.82649
1295.6003 96.17577 499.51938 43.293427 98.51948
