7992.374 137.84033 1546.7982 89.01001 175.68333
9375.895 138.71661 1814.5964 194.75586 181.34158
9239.453 154.36682 1766.9426 206.25977 175.21419
9240.63 157.93887 1742.9607 197.422 174.36157
9290.634 154.36682 1804.5015 188.9801 176.60808
9263.634 151.5309 1690.406 265.20483 174.36157
9359.722 137.84033 1817.3594 135.45044 176.20467
9325.573 164.94165 1771.2427 163.69067 181.21349
9473.18 160.12071 1856.5979 94.36987 185.39194
9295.535 158.90211 1764.2013 177.31665 174.38966
8948.881 171.41327 1709.116 182.51367 184.26668
8953.457 168.30898 1740.656 121.12891 166.0181
8917.252 173.99953 1666.923 244.1864 180.19183
9142.063 168.0409 1763.8895 136.23267 170.07121
8921.18 173.40654 1730.223 159.651 174.52417
8814.149 148.48541 1672.9543 164.08093 162.03041
9146.883 161.39162 1632.7756 321.7578 174.55391
9134.655 152.36444 1754.0005 135.96545 178.80188
9228.177 151.39291 1726.464 197.42993 172.96335
9184.912 158.90211 1614.9868 317.2932 173.92612
9339.143 138.06628 1728.7064 225.59741 173.4757
9307.615 154.48308 1790.9923 137.38928 178.80188
9257.254 149.40105 1685.0823 263.61475 174.36157
8333.311 117.26649 1622.3711 89.7926 178.41022
9205.957 155.94547 1682.791 252.59119 171.48897
8654.272 147.38663 1673.301 117.96289 176.27364
9230.692 149.45412 1625.1425 328.74365 172.7754
9247.896 138.87321 1750.6929 139.51526 175.26279
9355.633 145.2494 1791.7758 180.3451 174.36157
