831.3743 107.17459 398.48505 32.958313 108.74766
721.5456 92.72401 333.64594 46.931335 98.73409
761.0748 96.66178 360.89374 39.054688 103.83735
725.2184 98.73409 328.38354 56.74185 92.72401
648.46765 61.70518 293.65723 54.111908 98.73409
706.546 101.08508 344.25168 24.849823 106.14812
791.19763 104.8258 391.19904 12.16864 107.17459
741.09204 90.96126 353.19238 66.13486 92.96057
738.2403 108.7458 353.0885 31.378052 108.74766
807.08234 108.74766 338.4374 103.592926 107.17459
810.838 113.80575 376.31094 64.19412 108.7458
727.9429 109.29494 343.82047 42.606293 108.7458
798.3628 109.29494 379.24927 45.17401 104.8258
784.09094 112.64994 364.97742 43.98404 108.74766
771.7712 107.17459 364.64545 52.08313 104.8258
807.0823 108.74766 338.43738 103.59296 107.17459
762.65894 110.00793 356.0082 46.600647 104.8258
858.17017 112.16711 408.30804 36.99774 108.74766
704.95276 84.39831 330.8942 37.91388 103.83735
748.508 104.8258 358.58948 26.024048 108.7458
777.261 104.8258 370.13525 40.71411 107.17459
758.9498 108.74766 350.79907 42.274445 103.83735
831.37427 107.17459 398.48505 32.958282 108.74766
791.1983 111.59927 374.10446 46.39081 108.7458
633.40765 90.96126 310.12518 17.340118 92.96057
686.13696 97.39099 331.09436 26.6521 103.83735
658.915 70.99504 296.62067 65.84729 92.72401
597.31714 89.75665 290.71823 15.848236 107.17459
714.6161 97.39099 340.5576 45.66806 103.83735
789.7301 103.67062 370.6166 44.788727 104.8258
744.8101 113.80575 360.30164 22.214142 115.79839
831.37427 107.17459 398.48505 32.958313 108.74766
875.7733 112.16711 418.31055 41.470764 108.74766
786.03015 110.00793 366.37567 59.6044 104.8258
813.52325 98.73409 363.66116 76.54855 92.96057
660.5347 97.39099 321.3169 20.25769 103.83735
768.99695 104.8258 367.60785 34.977478 108.7458
817.1001 98.73409 359.63736 95.04788 105.11211
757.8695 106.14812 357.9385 40.965973 104.8258
875.77325 112.16711 418.31055 41.470764 137.44809
858.17017 112.16711 408.30804 36.99774 137.44809
585.88403 84.39831 286.9014 16.108246 107.17459
872.8634 127.06961 410.98648 70.016815 108.74766
730.25574 88.00696 331.90442 101.898346 92.96057
813.5233 98.73409 363.66116 76.548584 96.66178
764.857 104.8258 368.36365 32.598816 110.71577
872.8634 127.06961 410.98645 70.01688 108.74766
825.1146 95.78807 356.46973 101.22574 108.74766
741.0156 92.72401 342.66428 57.383057 98.73409
