877.0 0.0 77.0 24.0 1.0
1153.0 0.0 103.0 25.0 1.0
1147.0 0.0 99.0 32.0 1.0
1161.0 0.0 101.0 35.0 1.0
1162.0 0.0 104.0 40.0 1.0
1105.0 0.0 95.0 27.0 1.0
881.0 1.0 73.0 28.0 1.0
951.0 1.0 73.0 36.0 0.0
931.0 0.0 72.0 31.0 0.0
1059.0 1.0 83.0 43.0 1.0
1044.0 1.0 82.0 44.0 1.0
1081.0 1.0 77.0 57.0 0.0
946.0 1.0 80.0 28.0 2.0
1032.0 1.0 82.0 40.0 0.0
1031.0 1.0 87.0 31.0 1.0
996.0 1.0 84.0 54.0 1.0
979.0 1.0 79.0 32.0 1.0
1068.0 1.0 82.0 51.0 1.0
1007.0 1.0 82.0 36.0 1.0
870.0 0.0 67.0 32.0 1.0
877.0 0.0 69.0 36.0 1.0
908.0 0.0 78.0 29.0 2.0
1152.0 0.0 96.0 39.0 1.0
