-2652.8052	-140.95613	-840.19806	80.66681	178.6093
-2876.1685	-151.46977	-911.11414	85.76587	175.39734
-2769.2732	-139.75049	-871.0125	200.15643	162.17918
-2646.8716	-151.68239	-840.85944	130.62885	161.09023
-2779.1682	-150.98149	-846.7388	152.99432	168.82925
-2647.0808	-154.21739	-827.3115	109.32837	164.51193
-2537.9055	-112.85596	-763.4824	194.63062	155.03871
-2753.5432	-141.10666	-865.4965	163.17474	159.09889
-2501.712	-139.34174	-802.7929	69.14929	172.59387
-2665.7964	-140.69669	-854.97406	86.415405	165.69635
-2992.2412	-166.57277	-933.3641	156.06061	167.80708
-2704.8198	-150.98149	-863.6624	84.7207	176.18057
-2732.546	-149.47963	-869.8988	93.78314	158.15666
-2683.3293	-147.3938	-864.69604	84.91174	168.37735
-2536.189	-133.08548	-827.1024	46.18103	156.44406
-2617.026	-158.87866	-840.5912	76.587585	160.57045
-2780.945	-140.68813	-840.8163	209.84155	162.17918
