-9045.059	-59.5564	-1449.434	137.44739	112.0324
-8579.24	-85.5496	-1265.152	371.401	91.29944
-8835.837	-86.14455	-1386.0095	179.84949	92.39416
-9031.033	-59.5564	-1432.4176	164.08691	104.06712
-9058.803	-76.00563	-1432.3651	203.16125	101.89092
-8992.941	-82.88181	-1425.4777	173.4541	101.22527
-9003.428	-82.88181	-1424.2954	170.97632	100.28615
-8864.806	-76.00563	-1420.1881	112.52002	100.28615
-9032.649	-76.00563	-1443.3585	133.97888	112.08601
-8883.065	-76.00563	-1291.1635	313.52332	91.83954
-8821.322	-97.52448	-1367.4326	242.39087	91.83954
-8992.841	-92.39416	-1448.1901	145.875	104.26955
-9014.303	-86.14455	-1422.2896	212.50427	101.22527
-9026.625	-86.14455	-1418.1992	173.96399	102.20926
-9010.838	-86.14455	-1394.923	202.75708	100.28615
-8995.379	-92.39416	-1406.401	199.33801	105.07169
-8989.975	-97.6226	-1429.8245	217.84424	92.39416
-8995.767	-88.21501	-1422.8395	175.19897	102.20926
-8903.067	-88.21501	-1432.2758	129.47668	105.07169
-8773.954	-88.21501	-1429.3403	125.87463	102.20926
-8733.735	-89.32391	-1408.3125	110.60303	102.20926
-8743.711	-92.39416	-1417.3707	120.79785	105.07169
-8774.65	-95.05278	-1416.7671	152.34106	105.07169
-8905.465	-59.42687	-1440.994	143.80798	95.05278
-8921.652	-92.39416	-1433.7662	196.68042	95.05278
-8915.968	-85.5496	-1420.9291	189.99548	97.52448
-9020.601	-82.88181	-1431.6614	175.6919	101.22527
-9000.64	-92.39416	-1411.6991	208.03528	101.22527
-8989.974	-97.6226	-1429.8245	217.84412	92.39416
-8992.842	-92.39416	-1448.19	145.87512	97.6226
-9047.1	-100.28615	-1433.3217	218.09094	91.96045
-8690.599	-59.5564	-1391.2236	121.76489	92.39416
-8908.034	-74.54115	-1425.9612	157.63562	91.96045
-8742.834	-88.20019	-1386.1276	172.22937	94.49258
-8628.032	-79.88229	-1361.6199	127.76306	94.49258
-8618.404	-69.90499	-1380.5477	102.785034	97.52448
-8648.055	-82.88181	-1366.9252	157.23987	97.52448
-8584.48	-82.88181	-1376.0305	106.81909	101.66351
-9057.366	-82.88181	-1441.4502	206.81396	100.28615
-9053.019	-82.88181	-1452.4501	176.29187	100.28615
-9026.912	-85.5496	-1426.3433	202.01013	101.89092
-9028.375	-76.00563	-1436.4746	198.099	97.52448
-8635.689	-76.00563	-1233.3643	307.35046	89.32391
-8386.935	-79.88229	-1212.9075	320.92786	86.98873
-8209.95	-86.98873	-1194.0868	340.36206	84.47538
-7953.5825	-79.35056	-1157.3147	278.68115	85.5496
-8210.213	-82.88181	-1241.9703	208.69568	89.90467
-8485.477	-82.88181	-1255.4226	279.77344	89.90467
-8508.611	-82.88181	-1235.3671	300.59546	88.20019
-8372.393	-82.88181	-1237.065	258.92273	86.98873
-8356.064	-83.89146	-1221.1592	269.2107	87.55927
-8468.489	-82.88181	-1262.1744	240.91455	88.20019
-8219.566	-82.88181	-1238.999	221.84839	88.20019
-8384.772	-77.65333	-1242.8865	229.10999	88.20019
-8258.655	-59.5564	-1255.5712	228.87915	89.90467
-8397.806	-59.42687	-1266.0337	227.11145	89.90467
-8492.39	-59.42687	-1227.5458	282.29407	88.20019
-8541.198	-88.12927	-1232.485	327.80945	86.98873
-8687.221	-83.89146	-1286.3135	314.2755	89.92229
-8687.23	-83.89146	-1269.1887	311.87817	88.20019
-8888.548	-59.42687	-1405.0623	125.53076	101.22527
-8768.56	-46.09102	-1400.4674	112.2229	108.3306
-8897.249	-97.6226	-1435.3325	176.0498	97.52448
-8911.441	-92.39416	-1446.3492	138.75208	97.6226
-8906.414	-85.5496	-1439.3644	131.65479	116.14337
-8765.046	-77.65333	-1424.2104	115.292114	97.6226
-8761.944	-88.20019	-1407.2079	169.90784	97.52448
-8808.106	-74.54115	-1425.3197	121.990845	91.96045
-8685.39	-92.39416	-1328.6832	184.50708	91.83954
-8527.132	-88.20019	-1342.6536	160.71582	92.39416
-8593.063	-79.88229	-1326.6504	156.44604	92.39416
-8694.636	-92.39416	-1336.7164	200.5216	91.83954
-8536.6875	-86.14455	-1352.4982	143.53674	97.52448
-8590.574	-86.14455	-1369.8552	147.61182	92.39416
-8631.289	-82.88181	-1371.0308	117.6012	97.52448
-8535.239	-82.88181	-1306.4777	184.00317	91.83954
-8593.0625	-79.88229	-1326.6505	156.44592	92.39416
-8833.185	-79.88229	-1428.4318	138.33936	94.49258
-8778.394	-79.88229	-1417.2783	128.44458	97.6226
-8728.846	-92.39416	-1403.7404	128.90955	104.26955
-8758.594	-74.54115	-1420.5471	111.70398	95.05278
-8644.046	-92.39416	-1323.3828	180.96387	95.05278
