-2449.7625	-138.44269	-782.7278	87.713806	127.62217
-2486.8584	-138.86511	-794.0018	54.806396	141.57878
-2300.0989	-126.59215	-719.0176	73.16193	124.596
-2241.2427	-124.596	-703.9419	71.5376	126.59215
-2486.8582	-138.86511	-794.0018	54.806396	133.2093
-2335.5972	-118.02769	-733.63904	78.55237	126.59215
-2467.9988	-138.44269	-799.33026	52.11725	133.2093
-2496.4746	-133.2093	-802.9477	58.83246	138.86511
-2288.049	-127.62217	-706.9681	86.66052	124.596
-2343.6768	-122.83325	-730.0124	97.823425	126.59215
