-1299.068	-100.2166	-496.42944	50.778687	96.1054
-1346.814	-93.7702	-526.8896	34.703003	111.36527
-1340.1525	-96.1054	-517.39307	61.7287	107.12615
-1303.1484	-107.15253	-493.47034	45.83197	105.8597
-1273.2777	-106.6561	-500.78574	30.220978	101.4792
-1208.5648	-93.16113	-443.52237	75.5936	95.59421
-1289.4019	-100.76008	-469.8739	105.86163	97.87094
-1319.6721	-100.2166	-487.47614	89.78717	109.73079
-1188.5925	-89.77795	-413.66217	109.22125	92.32213
-988.38837	-87.65272	-372.18814	55.150543	93.7702
-1196.0706	-99.05415	-433.26306	85.7663	94.61427
-1185.3323	-98.93358	-442.54492	61.962006	94.08121
-1122.7375	-84.6319	-415.31805	57.88501	93.7702
-1090.8352	-89.80055	-401.7433	85.03186	90.40002
-1111.6935	-98.93358	-421.7944	35.903168	94.33003
-1158.2528	-100.76008	-454.78406	16.689087	107.58232
-1153.732	-94.01542	-443.07916	42.63086	96.1054
-1108.8212	-94.01542	-435.93954	13.923004	96.1054
-1267.5883	-101.88488	-445.99698	90.32718	95.67196
-1282.466	-92.85905	-460.8748	80.232086	95.67196
-1262.1564	-95.20418	-440.56506	97.95038	94.08121
-1251.514	-98.39732	-443.75818	102.837524	94.08121
-1238.5034	-82.29756	-452.09146	98.09488	94.08121
-1229.9906	-81.83765	-452.08054	91.17557	94.08121
-1218.4751	-98.39732	-448.09937	84.035095	94.01542
-1135.7205	-96.17482	-406.8645	89.06958	93.95355
-1124.035	-82.03045	-429.84442	41.136047	93.7702
-1227.6831	-81.9603	-460.03824	71.961395	94.68919
-1173.3618	-81.9603	-440.3883	44.290924	98.82887
-1308.1663	-96.1054	-491.63177	59.9693	103.91702
-1293.1598	-84.76566	-497.16943	55.524292	100.2166
-1229.5507	-96.1054	-445.497	98.83783	94.60986
-1119.8708	-80.72894	-433.2375	47.34439	94.01542
-1059.8162	-77.81219	-379.21497	83.0737	85.63253
-904.0904	-78.37756	-353.47083	18.528809	94.47625
-803.5357	-61.08925	-305.19257	46.375977	80.90054
-1064.4159	-76.8026	-381.1348	124.856384	81.00998
-1019.1087	-55.23769	-359.5699	120.97638	81.00998
-962.18787	-60.31204	-319.6121	151.26752	80.12766
-1030.4884	-80.12766	-382.49612	84.99634	85.63253
-1054.2458	-74.69124	-390.62378	59.016205	84.58547
-1153.7393	-93.7702	-442.14236	47.974945	98.03545
-1090.9668	-82.29756	-418.57007	34.43628	93.67487
-1019.27264	-85.95661	-381.31216	55.322235	93.67487
-996.22296	-79.69552	-371.49457	46.871155	91.59799
-948.67285	-76.57748	-347.19885	46.28119	90.40002
-1023.3731	-81.2076	-390.56714	36.496216	92.52419
-1024.9387	-78.10289	-400.87048	24.080597	92.52419
-1197.7471	-83.86839	-452.6043	79.609375	96.07934
-1176.5033	-92.20595	-431.36053	58.461548	93.01144
-1130.8171	-79.68404	-404.19537	85.11224	91.3699
-1162.6487	-90.24762	-414.75894	97.47122	91.3699
-1163.9486	-80.12766	-420.46707	98.93106	91.3699
-1133.3469	-77.79063	-393.68796	94.68094	87.85264
-1082.9441	-76.36925	-392.8038	65.391754	87.85264
-1072.6702	-85.28205	-407.3379	50.04657	87.85264
-1120.5496	-74.25349	-413.1781	63.69168	87.85264
-1089.9249	-74.25349	-407.24316	56.70392	90.24762
-1071.7794	-65.5206	-412.5725	33.812714	87.85264
-1013.49915	-80.71549	-375.5939	51.805206	82.29756
-1111.7188	-93.9235	-423.24847	50.565155	94.45287
-1062.3496	-89.45391	-392.4203	55.905792	93.9235
-1318.3838	-81.9603	-513.52246	28.136108	99.05415
-1234.8865	-71.00802	-430.02505	88.52457	93.7702
-1314.0675	-94.01542	-487.03348	72.82846	100.88898
-1336.2261	-84.76566	-530.56726	10.773315	105.8597
-1349.0377	-84.76566	-507.74335	51.678955	117.62522
-1300.8344	-94.45287	-492.24878	78.11792	100.76008
-1350.7109	-94.68919	-518.515	52.735962	101.88488
-1198.9973	-81.76653	-410.49902	110.675354	91.9413
-1236.6179	-91.9413	-420.67377	125.20099	90.87757
-1136.9475	-69.73188	-397.28668	134.54419	87.65272
-1161.752	-45.69527	-422.09106	102.95386	91.9413
-1250.3486	-89.42029	-418.15277	119.026794	90.07275
-1301.312	-104.86311	-469.11615	72.513855	100.2166
-1249.4473	-106.033	-476.96576	45.523254	100.2166
-1283.2343	-107.15253	-485.42563	54.823883	98.57142
-1288.5936	-107.15253	-501.92056	32.45041	100.76008
-1312.8256	-103.51913	-506.91068	33.263275	104.04767
-1331.4487	-99.13725	-521.0206	26.452454	105.8597
-1295.4844	-94.01542	-485.05627	50.39148	100.22431
-1285.3619	-98.82887	-502.26022	43.283417	101.4792
-1256.6511	-96.1054	-478.60236	50.03595	100.2166
-1216.9359	-90.92028	-475.74365	17.428375	105.34727
-1175.8721	-90.92028	-452.1081	43.056793	100.2166
-1319.6365	-93.7702	-511.63388	28.856842	104.04767
-1258.2075	-94.68919	-450.20496	94.09473	95.83216
-1254.3838	-72.52646	-463.47708	112.87338	94.68919
