-12703.185	-144.32755	-2011.3715	240.33484	155.38664
-13126.991	-144.32755	-2060.395	374.78174	148.98947
-13126.992	-144.32755	-2060.3948	374.78198	177.44951
-13074.014	-147.49121	-2041.2637	352.4795	162.99625
-12973.28	-148.98947	-2015.3286	381.6516	149.8714
-12678.604	-147.49121	-1998.3345	233.72803	155.38664
-12988.944	-148.98947	-2013.6135	389.96777	177.44951
-12988.945	-148.98947	-2013.6134	389.9679	178.58943
-13074.01	-147.49121	-2041.2638	352.47937	148.98947
-12678.6045	-147.49121	-1998.3346	233.7279	177.44951
-13079.861	-148.98947	-2028.3657	410.0481	144.32755
-13035.427	-144.32755	-2048.583	367.84302	159.83609
-12930.877	-144.32755	-2049.0212	365.12305	177.44951
-13080.445	-147.49121	-2047.6951	370.83716	151.41685
-13080.444	-147.49121	-2047.6952	370.83704	150.73563
-13074.012	-147.49121	-2041.2639	352.47925	151.41685
-12946.854	-147.49121	-2026.7358	348.2566	159.83609
-12934.266	-147.49121	-2037.3145	347.50464	159.59308
-12973.276	-148.98947	-2015.3285	381.65173	147.49121
-12973.275	-148.98947	-2015.3287	381.65173	147.49121
-12946.8545	-147.49121	-2026.736	348.2567	173.77284
-12988.944	-148.98947	-2013.6133	389.96802	147.49121
-12678.602	-147.49121	-1998.3346	233.7279	155.38664
-13079.862	-148.98947	-2028.3656	410.04822	178.58943
