-761.0748	-96.66178	-360.89374	39.054688	103.83735
-798.36273	-109.29494	-379.24927	45.17404	104.8258
-714.0751	-99.04942	-332.7528	68.723694	103.83735
-763.87994	-104.6066	-374.09793	15.788239	107.17459
-813.5233	-98.73409	-363.66116	76.54855	92.96057
-875.7733	-112.16711	-418.31055	41.470764	108.74766
-680.56775	-92.82071	-319.4414	37.843872	98.73409
-721.54553	-92.72401	-333.64594	46.931335	98.73409
-704.95276	-84.39831	-330.89423	37.91385	103.83735
-791.19824	-111.59927	-374.10446	46.39081	108.7458
-764.857	-104.8258	-368.36365	32.598816	110.71577
-765.46655	-107.17459	-365.53552	44.888397	104.8258
-756.8852	-104.6066	-363.73047	37.67511	104.8258
-810.838	-113.80575	-376.31097	64.19409	108.7458
-872.8634	-127.06961	-410.98648	70.016846	113.80575
-756.8183	-94.52596	-355.42923	69.35559	92.96057
-784.0909	-112.64994	-364.97742	43.98401	108.74766
-746.7124	-110.00793	-364.00717	22.65509	108.74766
-756.10925	-113.965	-364.2491	24.497711	108.74766
-741.09204	-90.96126	-353.19238	66.13489	92.96057
-633.40765	-90.96126	-310.12518	17.340118	92.96057
-629.52344	-96.66178	-303.92175	26.942322	103.83735
-708.8056	-79.84884	-344.31342	24.106018	103.83735
-762.65894	-110.00793	-356.0082	46.600647	104.8258
-694.49054	-96.66178	-310.3681	68.29672	99.74776
-727.9429	-109.29494	-343.82047	42.606293	108.7458
-696.01404	-109.29494	-329.74634	32.010498	108.7458
-605.8119	-84.39831	-293.34775	14.812866	117.48476
-777.56714	-104.8258	-377.63614	19.946014	125.78336
-706.546	-101.08508	-344.25168	24.849823	106.14812
-714.61615	-97.39099	-340.5576	45.66806	103.83735
-757.8695	-106.14812	-357.93854	40.965942	104.8258
-749.3715	-94.52596	-359.45303	50.856262	96.66178
-748.50806	-104.8258	-358.58948	26.024048	108.7458
-789.7301	-103.67062	-370.6166	44.788727	104.8258
-858.1702	-112.16711	-408.30804	36.99774	108.74766
