-7694.424	-174.13953	-1581.427	229.88977	171.51328
-7686.5303	-182.50279	-1637.3855	127.37158	182.50279
-7855.6694	-181.7072	-1694.6453	135.22949	182.50279
-7239.2197	-135.31004	-1529.513	148.4336	171.08647
-7437.9746	-175.97603	-1558.7393	187.67224	171.08647
-7135.5776	-148.37038	-1446.8297	249.3971	169.62741
-7055.0723	-148.37038	-1454.3707	199.62146	169.62741
-7004.1235	-165.60847	-1498.0642	261.11462	169.62741
-6950.227	-164.22998	-1478.0369	244.7417	169.62741
-6891.679	-137.71425	-1420.627	145.43066	169.62741
-6960.0757	-137.71425	-1427.6863	186.15186	167.26622
-7056.623	-169.50111	-1524.935	78.46875	181.69229
-6990.4233	-167.26622	-1507.8881	64.45325	181.69229
-6953.6025	-154.9508	-1521.746	56.961426	181.69229
-6994.399	-167.26622	-1523.6553	66.6355	181.69229
-6839.272	-158.51611	-1475.0762	106.048096	169.99121
-6987.4453	-156.74846	-1524.2778	60.00647	175.80394
-6975.7593	-167.70311	-1481.2042	108.095215	171.51328
-7415.578	-171.51328	-1575.2742	158.2666	169.91818
-7493.126	-171.51328	-1592.5724	155.87378	170.41586
-6992.2114	-160.51367	-1519.1357	54.27368	196.84515
-6940.819	-160.51367	-1509.4299	63.24475	174.7367
-7058.9746	-169.97684	-1514.4644	126.56055	176.8985
-7039.818	-169.2478	-1511.5566	103.22839	176.8985
-6966.127	-169.97684	-1510.188	115.083984	176.8985
-7221.978	-156.74846	-1552.2834	93.660034	176.8985
-7156.7583	-169.2478	-1513.8031	122.99475	176.8985
-7037.605	-167.26622	-1520.7377	115.208374	171.63148
-6975.4155	-140.39668	-1464.7496	129.50537	171.08647
-6947.516	-164.54955	-1510.0275	73.17688	171.51328
-7006.9033	-164.45074	-1518.9773	69.74072	179.83795
-7084.781	-164.54955	-1540.093	87.243286	171.51328
-7254.9414	-156.74846	-1579.5778	110.00525	171.51328
-7277.579	-151.34694	-1571.0939	104.14392	171.51328
-7298.042	-151.34694	-1588.9064	57.44348	181.69229
-7309.878	-151.34694	-1587.7678	81.864624	181.69229
-7302.059	-151.34694	-1579.9498	88.17529	172.14256
-7304.5483	-151.34694	-1565.0513	126.47009	171.64255
-7786.226	-181.57945	-1667.2844	137.90088	175.97603
-7645.4146	-170.34453	-1603.65	193.54565	171.56995
-7631.891	-166.85081	-1609.8242	172.64282	174.63663
-7416.1313	-169.2478	-1590.8834	124.86206	174.63663
-7369.555	-169.2478	-1593.0701	77.487305	184.05022
-7179.6396	-165.39058	-1568.9244	76.97229	174.7367
-7671.8584	-169.2478	-1654.9097	96.30847	180.78838
-7650.3228	-169.91818	-1577.2057	204.17065	174.13953
-7714.6807	-169.91818	-1554.8448	251.22095	174.13953
-7735.505	-156.74846	-1608.0424	190.23755	172.14256
-7660.3706	-156.74846	-1608.6726	228.8341	172.14256
-7514.9434	-172.14256	-1582.0948	174.35547	172.14256
-7533.6567	-169.62741	-1592.6504	169.89636	172.14256
-7658.8555	-156.74846	-1655.6204	116.09119	191.6762
-7734.345	-181.57977	-1646.4048	122.19348	181.57977
-7737.566	-166.85081	-1649.627	122.639404	182.50279
-7097.3965	-157.82498	-1446.7462	221.63171	169.50111
-7032.266	-158.1165	-1481.6224	184.19128	169.50111
-7072.042	-158.1165	-1451.5884	201.76294	169.7106
-7171.628	-158.1165	-1484.7881	222.91882	169.7106
-7118.9937	-158.1165	-1488.0441	232.12524	169.62741
-7201.43	-158.1165	-1458.1865	289.55054	169.7106
-7067.743	-158.1165	-1466.4904	197.2987	169.7106
-6984.3765	-160.21938	-1462.965	200.19885	169.7106
-6989.8647	-160.21938	-1454.2772	190.51917	169.7106
-6998.1587	-160.21938	-1452.4756	241.25757	169.7106
-7162.7617	-160.21938	-1445.9072	299.55664	169.7106
-6997.711	-160.21938	-1453.4484	234.88342	169.7106
-7057.1626	-160.21938	-1472.2806	244.29126	169.7106
-7076.796	-160.21938	-1487.1812	298.62756	169.62741
-7105.991	-160.21938	-1476.9635	287.35303	169.62741
-7006.9395	-160.21938	-1447.5685	219.271	169.7106
-6696.94	-149.51726	-1419.1227	116.92322	169.50111
-6797.753	-153.31886	-1443.0022	114.72778	169.7106
-6910.5386	-140.39668	-1451.689	269.10583	167.26622
-6995.4062	-153.31886	-1458.2893	236.36646	169.2478
-6963.8833	-158.36867	-1455.4811	206.37329	169.2478
-6889.344	-146.9509	-1430.314	212.9928	167.26622
-6943.2593	-158.36867	-1472.2219	154.08899	169.50111
-6774.512	-149.51726	-1438.62	125.68274	167.26622
-6949.8325	-158.36867	-1436.058	184.18481	169.7106
-6945.429	-158.36867	-1435.2594	170.32507	169.7106
-6942.466	-164.54955	-1464.7029	144.76685	169.99121
-6884.638	-158.36867	-1462.3295	137.74475	169.50111
-6894.1245	-164.54955	-1486.675	111.23706	169.99121
-6808.668	-160.21938	-1455.0343	110.496216	169.97078
-6838.4834	-165.60847	-1453.9967	126.99585	170.16061
-6914.4736	-165.60847	-1463.0083	155.55542	170.16061
-7792.7	-182.50279	-1632.8646	176.22815	182.50279
-7734.344	-181.57977	-1646.4049	122.19336	181.57977
-7514.9526	-157.82498	-1475.7126	276.47754	169.7106
-7679.856	-169.2478	-1640.6162	120.582275	182.50279
-7674.7256	-166.85081	-1635.4856	110.04895	182.50279
-7645.5967	-166.85081	-1665.4413	68.53235	182.50279
-7627.8164	-166.85081	-1651.4939	100.00696	172.14256
-7658.4106	-166.85081	-1660.303	112.37952	182.50279
-7473.592	-167.01422	-1587.8647	141.3866	171.51328
-7543.95	-167.01422	-1580.69	160.1289	171.56995
-7644.7188	-181.57977	-1650.9258	82.15674	177.18243
-7686.5312	-182.50279	-1637.3854	127.37158	201.64563
-7693.132	-181.7072	-1651.8335	110.68909	191.6762
-7701.1626	-172.76732	-1648.1917	117.10278	201.64563
