810.838 113.80575 376.31097 64.19409 108.7458
875.7733 112.16711 418.31055 41.470764 108.74766
761.0748 96.66178 360.89374 39.054688 103.83735
872.8634 127.06961 410.98648 70.016815 108.74766
754.5559 108.7458 371.52783 20.951782 104.8258
872.86346 127.06961 410.98645 70.01688 108.74766
733.04785 92.82071 345.1482 37.695435 98.73409
791.19763 104.8258 391.19904 12.16864 104.6066
746.7124 110.00793 364.00717 22.65509 115.94933
729.15845 103.83735 355.09995 29.637787 103.83735
791.464 120.02276 384.81323 23.622711 104.8258
813.5233 98.73409 363.66116 76.548584 96.66178
688.9806 99.74776 336.54297 16.718842 99.04942
708.8056 79.84884 344.31342 24.106018 103.83735
858.17017 112.16711 408.30804 36.99774 108.74766
662.12683 90.96126 320.61072 20.636261 92.72401
650.7147 94.52596 311.65237 29.545715 96.66178
800.2434 115.79839 380.58887 35.146088 104.8258
810.863 107.13702 391.74945 30.954895 107.13702
817.1001 98.73409 359.63736 95.04788 105.11211
720.24896 92.96057 321.89755 56.86017 98.73409
810.8629 107.13702 391.74945 30.954895 104.8258
737.8739 99.04942 357.30957 39.942566 103.83735
807.0823 108.74766 338.43738 103.59296 107.17459
744.81006 113.80575 360.30164 22.214172 106.14812
814.7142 81.43288 346.0692 116.04791 104.8258
811.2031 103.67062 367.61163 62.269226 104.8258
831.3744 107.17459 398.48505 32.958282 108.74766
680.75696 108.74766 332.09073 15.101532 136.09615
744.81006 113.80575 360.30164 22.214142 115.79839
813.52325 98.73409 363.66116 76.54855 92.96057
