18969.486 7.19792 638.27936 179.57617 10.71634
19165.344 6.98212 686.10645 146.73663 10.71634
19366.143 7.1211 752.961 76.188416 10.75872
19102.076 7.3253 699.139 119.3681 11.0109
16998.336 5.36004 598.04944 140.42981 10.70701
19225.756 6.96778 741.77655 75.60828 11.03947
18150.273 5.03786 683.2892 134.99799 10.67333
18052.496 9.22334 661.1573 138.44586 10.70934
18493.916 9.74012 657.50183 149.02704 9.84937
18390.957 9.81784 680.5496 112.07037 11.15392
18335.309 9.66799 666.2626 141.17853 10.16218
