135651.17 59.54766 5459.506 1332.0239 88.76254
135984.39 49.68494 5767.04 1065.252 88.28069
135681.6 59.54766 5579.5464 1256.394 88.85844
135991.56 54.44828 5768.825 1007.0488 88.85844
120759.82 59.8681 4885.359 1492.3657 92.97192
135793.7 52.14038 5610.7046 1095.8027 86.15067
135743.66 49.68494 5721.099 989.32324 88.85844
133939.78 52.14038 5043.003 1726.7222 86.10536
130740.86 63.19625 5335.5513 1342.7778 94.53408
135423.48 54.44828 5425.862 1297.168 88.00861
129253.12 77.09644 5088.646 1567.7041 84.41353
129842.57 79.20037 5011.162 1757.0918 79.73653
129837.58 79.9062 4965.6133 1726.8398 83.76067
130047.84 76.88933 5200.792 1517.1924 83.46946
129382.45 78.18171 4951.208 1736.0391 79.55753
129420.3 77.6967 4977.203 1735.7588 80.4346
112441.03 49.95853 4529.441 972.3286 95.54081
118628.35 63.13265 4668.7974 1451.2734 93.37614
130978.414 82.27607 5014.598 1712.9712 84.1543
128532.99 80.50942 4827.1978 1818.999 82.27607
128854.94 79.15 4961.029 1724.5386 79.73653
117667.41 59.6211 4591.9155 1273.3628 95.67655
