34073.31 59.88533 2622.6863 574.09985 89.87119
34018.49 59.88533 2614.031 521.5979 80.25228
34018.48 59.88533 2614.0312 521.59766 80.25228
34073.33 59.88533 2622.6858 574.09985 89.72325
34051.734 59.88533 2601.1064 587.2544 80.25228
33976.797 59.88533 2592.687 574.8887 74.12405
33865.836 59.90779 2596.3962 576.5852 80.27926
34073.316 59.88533 2622.686 574.09937 89.87119
34020.676 54.3203 2627.8352 590.9114 89.72325
34073.32 59.88533 2622.686 574.0996 89.87119
34051.746 59.88533 2601.1064 587.2549 80.25228
33987.273 54.3203 2611.876 545.71387 68.15492
33634.94 65.69004 2588.9504 529.1821 74.16573
33092.06 68.89751 2504.5266 558.70605 71.44061
33174.883 68.15492 2509.982 547.6277 103.803
33561.723 70.75626 2516.5415 638.0559 79.81705
33551.242 68.15492 2529.302 561.27295 80.25228
33610.746 65.34835 2589.3745 518.2385 65.69004
33634.938 65.69004 2588.9507 529.1821 65.34835
33595.918 68.15492 2512.5698 592.0029 65.41608
33276.312 65.69004 2579.2874 505.88037 65.34835
33234.52 68.89751 2501.3655 564.3374 76.75111
33610.754 65.34835 2589.3745 518.2388 65.69004
33680.547 68.89751 2590.0535 564.3872 65.69004
33373.773 69.34026 2403.4282 775.7097 68.89751
33680.56 68.89751 2590.0535 564.3877 79.81705
33239.926 70.75626 2497.2217 624.41016 68.89751
