740324.94 2.75 27243.719 5764.953 126.29
671214.2 2.39 24715.986 6472.338 118.04
753242.6 0.74 27555.062 6267.0625 112.33
739704.25 0.08 26955.537 6118.9316 93.5
711236.1 0.09 25967.95 5718.5254 155.64
723154.0 0.28 26440.55 6689.3555 101.34
746036.06 3.05 26363.6 6626.752 88.96
725122.44 3.93 25839.656 9091.172 121.57
732901.2 1.01 26761.705 6684.244 116.21
737511.3 9.17 26412.11 5784.66 122.15
750731.2 0.22 27198.062 5835.633 96.41
720308.75 0.41 26012.328 5962.6035 82.07
744739.7 1.22 26804.098 6771.297 100.49
729449.9 0.33 26408.68 5917.6777 112.27
680419.06 1.53 24440.572 6620.289 107.18
724089.94 0.41 26298.88 5978.7383 117.49
710146.4 1.22 26078.14 6183.963 96.81
746262.0 1.19 26588.146 7507.92 80.02
755118.2 2.75 27377.965 6838.34 87.7
692981.25 52.56 22600.89 9861.209 69.83
688308.94 76.98 24086.26 7787.453 74.66
678466.06 72.17 21310.482 11214.227 73.52
683990.4 57.51 23370.438 9458.793 69.38
694246.3 71.32 23951.03 6675.133 69.99
688713.7 57.56 22190.092 9978.797 66.15
680244.2 67.15 23913.652 8205.611 64.72
679942.4 69.23 24133.426 7855.8594 66.83
683063.0 69.97 22019.0 9747.719 68.12
697033.44 69.58 21663.305 12925.887 70.11
676212.8 63.58 19355.531 11645.488 62.28
627573.9 2.89 22076.148 6435.412 118.19
616904.2 0.28 21277.86 5897.883 119.77
