-46343.875	-34.76711	-2590.5732	996.0537	86.2778
-46146.586	-26.65704	-2541.1628	986.49805	86.2778
-45897.156	-39.78634	-2567.8684	941.1731	91.5129
-45808.918	-40.97726	-2557.3728	1017.3352	86.2778
-46524.465	-35.44425	-2570.203	1055.4661	76.88929
-44366.938	-43.59718	-2477.5437	1056.259	86.2778
-47205.066	-43.59718	-2814.4927	1098.7075	84.67525
-42426.06	-24.11566	-2336.0244	1320.4622	73.05701
-46337.184	-43.8142	-2669.6475	1131.583	82.48898
-45595.926	-27.91447	-2643.181	956.9214	83.5098
-43728.758	-38.01183	-2412.9595	988.01904	86.2778
-45257.277	-33.19054	-2515.7046	933.9607	86.2778
-43095.84	-16.78162	-2395.0613	1202.739	76.58974
-44026.395	-38.07042	-2471.0503	1001.3838	88.18596
-46504.844	-27.91447	-2570.257	1417.4373	81.09303
-44194.195	-36.33923	-2471.3364	1083.156	78.50431
-44086.453	-39.78634	-2522.7786	1009.00195	86.2778
-45115.773	-27.91447	-2527.8308	1006.5935	82.24615
-45624.805	-36.42438	-2475.2283	1199.2107	80.12437
-43189.254	-35.28355	-2276.781	1477.3245	72.16763
-44378.895	-34.76711	-2566.628	760.9109	91.90918
-42760.91	-39.04208	-2260.656	973.08154	86.69405
-43928.15	-26.65704	-2585.961	840.3313	91.5129
-45864.332	-42.4808	-2589.0442	998.50366	91.98291
-43926.17	-37.42426	-2374.929	1246.1729	80.31043
-42790.895	-24.11566	-2479.969	796.6172	90.33065
-43140.953	-16.78162	-2477.9448	929.71924	78.34757
-46394.496	-38.22171	-2480.9084	1410.093	84.42237
-44905.035	-35.44425	-2514.6667	868.81665	80.20006
