-779.7157	-101.21852	-363.72372	69.28592	110.71577
-734.41455	-88.00696	-348.51605	46.929016	108.7458
-625.0086	-89.75665	-292.4235	33.60251	107.17459
-767.06287	-88.00696	-370.56952	24.640564	110.71577
-813.5233	-98.73409	-363.66116	76.54855	92.96057
-754.5559	-108.7458	-371.52783	20.951782	111.59927
-701.39014	-97.39099	-327.3304	34.84195	108.74766
-801.2319	-104.8258	-339.35495	121.23575	127.34239
-756.81836	-94.52596	-355.4292	69.35562	103.65479
-722.93695	-99.74776	-344.7757	28.989075	109.29494
-825.1146	-95.78807	-356.46973	101.22571	108.74766
-770.3136	-110.44346	-355.36313	56.811523	108.7458
-732.9258	-99.74776	-347.77405	37.74655	110.71577
