-9427.676	-161.25354	-1835.7292	145.61475	177.10144
-9480.841	-156.64426	-1835.779	96.37622	174.50981
-8901.351	-173.78304	-1722.1013	119.031006	168.03444
-8680.769	-166.98439	-1680.9312	167.19458	166.06993
-9444.687	-166.74571	-1831.5251	144.59119	186.23871
-9390.102	-164.94165	-1811.0483	109.80969	172.61366
-8656.5205	-152.50389	-1673.694	96.02905	163.96837
-8622.566	-159.42813	-1634.2555	188.18542	163.09657
-8649.61	-155.50461	-1649.9487	201.45068	161.24028
-9210.649	-173.78304	-1799.5378	70.56653	178.41022
-9396.014	-173.78304	-1823.5356	112.673584	173.68413
-9368.315	-173.78304	-1827.9581	113.267944	173.40654
-8576.706	-162.02931	-1614.4977	194.29773	163.76953
-8194.825	-131.3409	-1623.5034	40.510498	167.52538
-8386.177	-158.73848	-1643.1836	73.86548	164.54233
-8462.741	-158.73848	-1646.3293	106.13599	162.90945
-8470.629	-158.73848	-1611.8785	155.28577	162.90945
-8463.127	-163.31447	-1620.5834	155.41052	162.90945
-8208.595	-131.3409	-1616.5825	40.7417	167.52538
-8384.746	-146.77083	-1610.9729	154.85828	159.10172
-8252.601	-131.3409	-1624.9734	50.623047	167.83601
-8199.763	-146.77083	-1580.8446	110.34656	159.10172
-8248.858	-146.77083	-1609.1047	113.38159	159.10172
-8191.002	-146.77083	-1594.8068	86.58142	159.10172
-8317.966	-140.0586	-1630.7155	68.578	162.67523
-8287.793	-131.3409	-1635.6578	39.361084	174.55391
-8308.759	-131.3409	-1640.4543	55.52954	164.8404
-8634.111	-161.1099	-1688.1282	100.71033	164.54233
-8360.97	-146.77083	-1614.4949	150.28003	159.10172
-8319.663	-131.3409	-1640.4174	52.254395	165.34908
-8343.194	-147.23756	-1643.7908	62.691406	164.8346
-8276.1875	-146.77083	-1594.1094	110.620605	159.10172
-8313.215	-154.11737	-1610.8577	98.2041	161.27023
-8415.64	-154.42603	-1628.1482	104.739624	160.92172
-8461.85	-154.42603	-1632.6277	108.177	160.92172
-8383.0	-147.23756	-1600.047	128.17664	158.90211
-8615.415	-149.8217	-1701.2522	48.135986	171.58456
-8901.379	-159.45946	-1644.8633	214.53113	164.16862
-9034.084	-162.60805	-1768.2112	118.91858	169.99377
-8671.399	-159.57126	-1658.8514	140.37585	163.96837
-8673.787	-156.99086	-1693.8998	98.72693	164.61855
-8791.96	-162.03156	-1708.6409	106.86694	164.61855
-8798.94	-162.03156	-1698.0393	122.40039	166.94402
-8661.437	-157.32475	-1699.8085	60.38147	167.1851
-8595.908	-152.81467	-1694.4379	41.67627	170.06197
-8656.084	-162.28741	-1662.6831	144.86633	164.8346
-8705.092	-162.28741	-1678.9156	133.38672	167.1851
-8758.317	-138.06628	-1714.3326	76.95813	167.1851
-8735.151	-138.06628	-1710.5571	86.010254	164.69258
-8406.395	-158.4807	-1625.7872	71.1521	165.6998
-8455.248	-155.03358	-1653.12	69.90576	165.66666
-8594.486	-152.81467	-1698.8933	31.098633	178.80188
-8716.99	-154.86362	-1680.8923	99.10596	162.90945
-8646.782	-154.86362	-1689.1875	91.46362	164.61855
-8973.906	-160.81863	-1635.048	256.16443	163.51988
-8613.097	-148.48541	-1686.0015	61.279907	166.09207
-9047.735	-157.32475	-1754.219	107.26196	167.83339
-8662.242	-138.87321	-1699.685	47.87903	171.3851
-8917.33	-158.4807	-1735.4741	116.5603	162.2631
-8497.019	-166.41945	-1653.4788	76.93884	166.54428
-8610.265	-150.09505	-1684.7899	78.91565	166.09207
-8599.704	-150.09505	-1682.5703	85.052246	164.61855
-8570.138	-150.09505	-1685.9532	64.84631	166.09207
-8463.991	-150.9423	-1659.4733	67.46753	165.18094
-8603.418	-143.7888	-1684.2722	78.492676	164.8346
-8441.672	-161.35983	-1662.6886	48.12561	178.80188
-8501.367	-154.66356	-1622.0756	155.53174	160.34648
-8650.011	-150.09505	-1691.7975	90.77417	164.69258
-8802.05	-169.52435	-1692.0525	117.639404	168.03444
-9102.3	-165.25044	-1737.3545	183.66895	167.64009
-8918.018	-158.90211	-1701.8423	142.0614	165.22179
-8565.843	-155.90303	-1659.9402	169.37524	161.47746
-8801.068	-159.16022	-1662.1211	146.54785	164.07555
-8843.917	-143.05045	-1684.0607	144.89636	162.03156
-8864.969	-159.16022	-1689.5887	125.63611	166.94402
-8428.175	-146.45248	-1664.1763	41.23877	171.01344
-8967.049	-158.90211	-1729.3099	116.07129	166.94402
-8614.768	-149.58183	-1554.8177	322.98425	159.31575
-8735.724	-150.09505	-1694.9244	92.144775	164.69258
-8300.128	-155.75172	-1612.7439	87.119385	162.03041
-8909.794	-158.53456	-1737.2047	79.06482	165.22179
-8925.376	-158.53456	-1699.1237	134.4425	166.65726
-8385.4795	-136.72437	-1493.7168	329.71106	157.52885
-8480.843	-146.45248	-1664.9727	56.093994	165.18094
-8368.529	-141.38445	-1472.5891	359.42212	157.52885
-8350.347	-143.4583	-1495.214	322.27478	157.52885
-8879.021	-161.1099	-1730.2902	157.37708	165.22179
-8528.414	-160.1613	-1681.3385	80.993164	165.6998
-8205.875	-154.1962	-1596.2465	93.309204	161.47746
-8945.748	-159.16022	-1729.3054	136.25232	165.38295
-8929.773	-159.16022	-1730.7148	155.03442	165.38295
-8379.007	-128.37447	-1528.6566	286.76086	157.52885
-8965.95	-158.90211	-1743.4274	108.51587	168.03444
-8916.629	-158.53456	-1734.0404	117.51074	165.22179
-9013.219	-158.53456	-1763.3644	101.068726	168.0409
-8860.006	-158.53456	-1745.1921	87.33215	165.22179
-8141.299	-135.68265	-1518.5936	242.39758	157.52885
-9064.845	-155.85728	-1751.6483	105.20557	168.0409
-8188.495	-154.1962	-1588.3835	87.72974	161.47746
-8306.157	-143.4583	-1506.7654	242.1095	157.32475
-8717.983	-148.8617	-1660.1208	171.79858	161.30936
-8935.257	-151.39291	-1724.7776	123.44043	165.22179
-9169.029	-168.88826	-1729.1061	203.64368	168.0409
-8249.013	-143.4583	-1529.3441	299.18506	157.52885
-9000.613	-158.53456	-1693.993	164.12866	163.51988
-9015.758	-138.71661	-1660.7883	196.828	163.51988
-8840.344	-138.71661	-1679.5072	179.89087	161.25354
-8781.182	-151.39291	-1658.4307	194.24133	161.31477
-8322.8	-143.4583	-1525.2806	246.51624	157.52885
-9031.333	-173.90163	-1771.9445	103.08618	174.73656
-8710.768	-162.26248	-1696.9873	141.09192	166.98439
-8697.697	-155.21843	-1640.391	176.53699	161.25354
-8838.37	-174.6404	-1660.567	168.55591	169.26762
-8285.945	-143.4583	-1522.2205	214.16956	157.93887
-8065.5747	-127.43664	-1485.4595	233.98425	157.52885
-8734.124	-147.61797	-1649.7081	190.61536	160.12071
-8780.151	-146.2643	-1670.6908	175.27869	161.13847
-8908.934	-174.6404	-1677.2799	187.86145	169.26762
-7951.6943	-137.18648	-1463.2656	241.00342	157.43614
-7954.889	-135.68265	-1452.687	217.71179	157.43614
-8630.305	-135.09534	-1542.4521	301.91138	159.97377
-8737.842	-159.16022	-1626.0493	246.82385	161.25354
-7931.793	-135.68265	-1440.8567	208.4032	157.19513
-8820.291	-159.16022	-1656.8997	182.84741	161.67987
-8761.961	-145.67773	-1671.7301	174.9856	161.25354
-8852.737	-145.67773	-1689.6079	152.19092	161.30936
-7927.422	-135.68265	-1457.2391	201.7793	156.39641
-8860.618	-158.53456	-1687.3811	167.9364	161.67987
-8998.978	-158.53456	-1706.3772	172.98193	161.67987
-7973.7295	-128.37447	-1450.354	238.88599	157.43614
-8872.077	-158.90211	-1655.8955	194.1626	163.8062
-7874.667	-135.68265	-1438.0238	224.14539	155.53435
-7811.6787	-135.68265	-1448.0029	196.88525	157.43614
-8615.92	-133.92412	-1537.78	255.8374	158.97757
-8818.329	-175.19937	-1684.7675	171.2959	173.90163
-7637.8857	-135.09534	-1432.6267	162.24036	157.52885
-8872.078	-158.90211	-1655.8955	194.16284	163.8062
-8868.861	-155.09454	-1596.5862	255.80652	161.25354
-8952.073	-174.12314	-1684.2349	208.20325	171.64803
-8571.154	-158.28462	-1622.155	189.61707	161.1099
-8889.893	-155.09454	-1633.1818	275.1538	161.25354
-8853.401	-155.09454	-1622.1742	255.50793	161.25354
-8461.059	-152.81467	-1637.5417	92.18457	161.1099
-8938.721	-155.09454	-1595.659	346.9723	161.25354
-8894.103	-155.09454	-1629.1702	257.88696	161.13847
-9266.803	-174.36157	-1800.6654	118.127686	180.81493
-8605.352	-161.3898	-1643.3163	158.7893	163.52359
-7873.065	-137.18648	-1479.3171	158.50586	157.85036
-8612.667	-155.09454	-1652.3053	202.77332	158.75555
-8532.697	-152.81467	-1659.939	108.9115	161.1099
-8700.382	-155.09454	-1631.008	236.07056	160.12071
-8558.996	-161.25354	-1638.0573	167.26978	163.51988
-8465.145	-162.26248	-1631.5096	171.43054	163.51988
-8789.191	-155.09454	-1652.8206	215.78833	161.25354
-8992.3955	-174.36157	-1706.2617	179.5426	173.68413
-8013.988	-137.18648	-1495.5579	166.41235	157.52885
-8070.2227	-137.18648	-1491.9376	198.64636	158.53456
-8153.7075	-137.18648	-1487.3857	234.84607	157.85036
-8560.211	-160.63477	-1668.7172	106.76892	163.52359
-8061.423	-137.18648	-1483.1278	233.51306	157.52885
-8586.235	-160.63477	-1673.0785	94.55005	166.94402
-8753.633	-155.09454	-1628.5686	254.33228	161.13847
-9106.137	-137.57477	-1750.1909	130.33801	169.3156
-8842.329	-159.44897	-1705.3662	107.78052	167.263
-8022.9004	-137.18648	-1490.1857	238.15356	157.52885
-8252.0	-152.36444	-1614.3779	80.21655	161.1099
-8604.772	-160.20432	-1662.7046	100.49341	166.94402
-8908.132	-159.44897	-1750.7717	53.03125	167.8785
-8864.795	-129.57938	-1753.4194	45.21814	184.92534
-8281.822	-154.1962	-1606.3002	89.484985	161.87439
-8770.6045	-143.94014	-1678.3069	173.25854	161.13847
-8688.487	-143.94014	-1664.3367	148.88281	161.30936
-8696.722	-161.45923	-1716.2471	56.39502	178.43755
-8256.678	-154.1962	-1618.6605	54.866455	164.13762
-8307.014	-154.52513	-1632.1057	61.62915	164.13762
-8307.836	-151.40245	-1632.2732	60.39856	161.87439
-8802.37	-143.94014	-1663.2024	197.66394	161.25354
-8557.077	-160.33003	-1666.4124	81.00134	166.94402
-8929.029	-159.44897	-1727.6272	97.456055	167.8785
-8570.068	-160.33003	-1676.5062	83.782104	166.94402
-9116.152	-174.12314	-1762.033	102.42505	174.95355
-8420.503	-151.40245	-1640.9895	103.94946	160.92172
-8519.692	-160.33003	-1673.2235	51.012207	166.94402
-8915.29	-155.85728	-1742.9645	78.21521	173.4757
-8903.696	-174.36157	-1713.1849	128.02576	172.25597
-8552.398	-164.94165	-1671.6228	107.23462	164.84428
-8547.056	-154.52513	-1624.1097	190.32983	160.33003
-9167.59	-152.36444	-1731.6382	224.04492	166.06993
-8700.526	-161.1099	-1711.831	49.990234	173.68413
-8458.235	-164.94165	-1665.4594	56.4032	166.77632
-8500.093	-161.1496	-1658.8997	89.05249	166.77632
-8673.703	-161.45923	-1709.0942	54.826538	170.55502
-8694.7295	-161.45923	-1710.147	56.21338	170.55502
-8432.176	-165.40079	-1624.1432	127.57739	166.07715
-8475.975	-158.2093	-1653.5422	79.89441	163.52359
-9039.209	-175.19937	-1747.7078	132.39734	175.99098
-8283.392	-158.79388	-1613.4009	96.166626	164.19875
-8552.223	-154.52513	-1664.6725	136.42566	160.9745
-8687.701	-142.16643	-1687.1029	119.06128	160.9745
-8502.541	-158.4807	-1646.9094	156.3772	160.33003
-8730.125	-171.77121	-1709.9408	66.076416	174.62762
-8336.1	-153.19812	-1634.1837	84.211914	163.51988
-8357.079	-151.76624	-1644.21	73.73328	163.51988
-8731.367	-173.23175	-1709.8466	65.06555	178.41022
-9030.422	-138.87321	-1771.7345	58.478516	178.92998
-8513.37	-156.71829	-1649.4603	152.65247	160.69627
-8342.821	-161.01352	-1621.1295	96.61389	165.03769
-8690.529	-164.69258	-1703.1727	73.88867	167.45956
-8424.128	-160.86064	-1625.4125	134.27173	163.93184
-8667.61	-159.44897	-1691.6079	78.35278	167.263
-8400.57	-131.3202	-1650.5342	55.207153	163.51988
-8449.361	-160.86064	-1596.0004	151.99622	163.93184
-8418.569	-151.40245	-1624.5547	106.58508	160.69627
-8715.79	-162.37631	-1714.5199	55.03186	172.56798
-8855.751	-156.64426	-1735.687	72.197754	167.263
-9098.741	-157.93507	-1734.75	196.88086	167.04564
-8448.265	-148.24701	-1660.3927	66.95117	163.51988
-8428.368	-161.4	-1617.8356	147.68286	163.93184
-8500.308	-151.40245	-1644.6775	109.213135	160.69627
-8848.536	-174.62762	-1704.1583	113.27869	168.0409
-8512.188	-148.24701	-1656.7007	95.98523	164.38448
-8941.134	-174.36157	-1716.7474	154.34204	168.64224
-9054.855	-173.78304	-1746.3953	109.28589	168.64224
-8215.478	-158.7164	-1612.1621	86.4021	162.3002
-8554.554	-156.71829	-1667.0046	138.29346	160.9745
-8950.327	-159.44897	-1737.7461	127.13818	167.36465
-8409.834	-161.4	-1594.2333	125.60559	163.70543
-8415.875	-161.4	-1603.804	139.77454	163.70543
-8697.464	-152.10008	-1658.4872	152.82825	160.9745
-8683.33	-152.10008	-1649.7595	177.88281	160.69627
-9005.029	-169.26762	-1759.9626	91.81995	169.0815
-8584.209	-154.42603	-1692.4402	58.985596	167.263
-8608.691	-154.42603	-1691.463	51.893066	167.263
-8230.769	-158.7164	-1604.6053	90.025635	163.12001
-8592.524	-152.10008	-1640.35	176.84631	160.33003
-8996.339	-169.26762	-1772.5955	61.150513	179.95978
-8379.499	-158.29262	-1641.9844	96.36926	163.70543
-8617.903	-152.10008	-1669.1273	131.74219	160.9745
-8405.791	-161.4	-1624.0846	107.30676	161.71059
-8264.314	-156.93901	-1614.4496	76.22217	163.12001
-9059.966	-168.03444	-1770.5402	69.26831	179.37947
-8982.998	-159.44897	-1695.6144	214.32532	164.9046
-9047.891	-158.53456	-1754.3597	135.60193	164.61855
-8960.334	-158.53456	-1746.065	135.27148	164.16862
-8485.683	-161.4	-1615.072	159.76001	161.71059
-8889.74	-164.16862	-1705.492	196.49316	163.80307
-8503.829	-152.10008	-1661.741	84.120605	160.9745
-8774.172	-159.44897	-1643.8108	271.30603	162.03156
-8526.114	-143.94014	-1661.729	95.65173	160.33003
-9261.021	-170.55502	-1788.2743	145.09656	170.48619
-9155.015	-170.55502	-1745.4639	195.01587	168.03444
-8603.495	-143.94014	-1637.4408	143.22913	160.69627
-8518.301	-150.18059	-1686.4817	60.336304	166.65726
-8997.294	-149.40105	-1720.1995	182.51611	163.80307
-8524.982	-150.09505	-1683.0181	64.97156	164.80792
-8996.338	-169.26762	-1772.5956	61.15039	179.95978
-8759.059	-162.80284	-1631.1119	225.63171	162.60805
-9179.246	-158.90211	-1782.9531	131.39185	167.20705
-8764.183	-159.84248	-1726.3829	60.15674	172.17154
-8727.907	-152.10008	-1643.5126	216.81458	160.69627
-8651.118	-154.48396	-1674.6908	145.50073	160.69627
-8552.246	-154.48396	-1650.9885	122.86841	160.9745
-9028.488	-169.26762	-1753.342	76.94336	174.62762
-8459.034	-150.09505	-1657.5151	82.25488	164.69258
-8858.797	-162.2631	-1675.4696	199.86389	163.31447
-8885.81	-169.31198	-1737.3164	75.071045	174.62762
-8792.155	-164.29047	-1722.2976	60.84912	172.17154
-8420.925	-154.96448	-1630.3063	98.65137	160.9745
-9436.996	-158.90211	-1830.8092	106.52954	181.21349
-8505.005	-150.18059	-1666.5237	61.03601	165.35995
-8876.375	-158.90211	-1724.3394	99.93298	167.263
-8402.367	-154.96448	-1606.4805	120.8656	160.69627
-8528.283	-154.42603	-1663.0894	75.272705	165.35995
-8287.644	-148.48541	-1626.7878	84.39014	160.33003
-8858.798	-162.2631	-1675.4695	199.86401	163.31447
-8612.37	-154.42603	-1676.1204	76.8573	164.80792
-8990.569	-170.00145	-1761.7848	90.94983	169.26762
-8377.312	-148.48541	-1629.9929	99.16785	160.33003
-8829.326	-169.63405	-1720.2203	75.71643	171.8137
-8651.2705	-149.38101	-1640.9762	277.99036	160.33003
-8413.383	-154.36682	-1611.4467	104.66052	160.33003
-9216.618	-155.85728	-1775.7303	149.53809	168.03444
-9378.961	-158.90211	-1834.2416	111.629395	182.4396
-8783.993	-130.1807	-1728.9991	48.546753	173.7527
-8839.082	-166.79442	-1727.608	81.16199	170.06197
-8993.768	-169.31198	-1758.5798	86.885864	169.26762
-8930.108	-165.33313	-1758.3822	78.42871	174.36157
-8920.483	-166.79442	-1739.8477	74.79956	170.60704
-8572.376	-154.42603	-1677.4471	83.4646	164.80792
-8985.676	-162.03156	-1679.5198	234.56299	164.9046
-9336.792	-158.90211	-1792.075	170.93713	172.54773
-8557.593	-154.42603	-1665.6567	85.18176	164.69258
-8454.584	-154.96448	-1603.4009	153.90662	160.33003
-8507.883	-154.481	-1659.0531	86.7312	164.69258
-8740.488	-164.9046	-1687.9985	133.77295	167.263
-8772.081	-159.44897	-1710.9896	106.48596	167.263
-8300.852	-154.96448	-1603.5756	105.56995	160.33003
-8310.401	-154.52513	-1613.1254	109.30896	160.33003
-8189.8706	-153.21753	-1597.5144	97.012085	160.1111
-9093.258	-167.19933	-1734.0795	185.9292	168.03444
-8705.58	-162.26248	-1707.075	54.209595	172.11137
-8985.677	-162.03156	-1679.5198	234.56311	164.9046
-8790.23	-162.31517	-1660.6929	191.69849	164.9046
-8257.8125	-153.21753	-1602.5216	161.66235	160.1111
-8519.404	-154.36682	-1671.6588	66.47412	165.35995
-9202.832	-165.78857	-1766.4868	193.00488	169.34273
-8672.881	-165.72655	-1707.6306	49.53528	172.11137
-8696.365	-133.08179	-1716.2887	52.68799	173.61813
-8856.18	-159.44897	-1709.5627	117.61658	167.263
-8962.05	-158.2093	-1756.0361	77.18115	174.36157
-8411.643	-153.20763	-1617.3148	121.57068	160.08427
-8720.936	-165.72655	-1710.0667	66.40332	172.11137
-8892.809	-162.37631	-1739.096	68.91528	174.36157
-9093.257	-167.19933	-1734.0797	185.92883	168.03444
-8409.675	-154.96448	-1592.8468	119.551636	158.90211
-8464.22	-155.90303	-1582.6287	164.74133	158.90211
-8838.749	-161.01352	-1596.7416	280.9464	162.64648
-8586.474	-165.8388	-1661.9081	99.65442	166.94402
-8525.379	-155.50461	-1640.0166	126.88306	160.69627
-8597.41	-165.8388	-1652.7646	119.736084	167.45956
-9219.307	-168.0409	-1718.3158	244.66345	167.19933
-9412.989	-168.0409	-1779.7651	168.0	179.90074
-9343.617	-173.90163	-1798.0092	127.0741	181.50786
-8629.177	-168.0409	-1697.9615	59.083374	172.11137
-8923.621	-158.90211	-1729.3392	101.173584	167.263
-8577.706	-135.7211	-1660.0782	98.48743	160.69627
-9336.791	-158.90211	-1792.075	170.93701	172.54773
-8664.282	-161.20546	-1708.795	44.34558	172.11137
-8799.441	-163.91165	-1570.556	292.1317	162.64648
-8575.564	-155.90303	-1637.3556	147.55286	160.69627
-8793.383	-166.94402	-1683.3383	152.99438	167.61499
-8998.146	-161.20546	-1769.084	83.84314	173.62341
-8709.757	-163.91165	-1573.3124	316.43286	162.64648
-9201.215	-173.78304	-1792.7263	111.5979	171.01344
-8895.438	-162.37631	-1749.8711	49.87329	179.95978
-8771.018	-168.0409	-1701.1561	123.35693	167.61499
-9007.001	-171.35487	-1664.9012	295.50513	165.91383
-9107.636	-165.67326	-1732.8315	215.90674	166.84549
-8649.374	-165.91383	-1706.0671	51.73291	180.35349
-8839.974	-166.94402	-1703.5637	158.0885	167.83339
-9255.527	-168.0409	-1822.9885	55.66089	186.006
-9287.1455	-173.90163	-1775.4109	150.84839	173.99953
-8574.11	-152.36444	-1674.0308	116.21912	159.31575
-8479.847	-140.0586	-1635.9862	104.24878	159.31575
-8853.982	-167.263	-1579.9974	320.42493	162.64648
-8997.159	-161.20546	-1770.3285	58.973267	184.5547
-8497.263	-143.94014	-1649.3105	123.920166	158.90211
-9043.221	-161.20546	-1791.5239	64.69165	178.80188
-8582.143	-143.94014	-1664.9957	104.03955	161.49022
-8456.75	-143.94014	-1642.2565	109.78125	158.90211
-9321.517	-173.90163	-1809.7817	155.95935	178.3366
-8956.335	-155.85728	-1742.1665	80.54932	167.263
-8998.147	-161.20546	-1769.0839	83.84326	173.62341
-8768.862	-148.48541	-1630.104	163.00537	162.26022
-9014.104	-161.20546	-1762.651	59.60559	178.80188
-8745.483	-148.48541	-1637.5729	164.38818	161.96129
-9393.454	-158.90211	-1831.8286	85.29028	188.71999
-8463.426	-146.29967	-1622.2192	111.56665	158.90211
-9302.071	-161.1099	-1814.3217	87.08191	173.99953
-9263.056	-161.1099	-1813.8751	86.44055	169.52435
-8662.735	-165.91383	-1696.5717	74.58899	172.11137
-8546.327	-159.44897	-1597.5437	228.65149	162.03156
-9302.035	-173.78304	-1794.0564	131.74048	172.11137
-8731.702	-163.70543	-1711.0996	95.28943	167.263
-9284.102	-173.78304	-1823.8427	86.28674	171.10956
-8457.001	-146.29967	-1641.2532	92.85303	159.44897
-8955.845	-168.0409	-1751.6772	70.99133	173.68413
-8976.493	-168.0409	-1746.3284	81.35718	173.62341
-8875.757	-170.69711	-1726.9487	119.6958	168.17484
-9385.336	-168.0409	-1830.8938	143.20312	181.57419
-9311.013	-169.0815	-1809.65	115.42615	172.17154
-8477.012	-138.97258	-1651.3041	115.815674	160.14868
-8705.222	-166.07715	-1701.796	99.98926	168.24643
-8751.207	-165.36847	-1701.9911	101.38977	168.22682
-8659.5205	-159.44897	-1578.853	242.72913	162.03156
-8809.202	-163.70543	-1706.1869	95.78772	167.263
-9131.255	-121.40395	-1735.8314	203.3595	166.62468
-9366.221	-168.0409	-1823.7842	106.81177	179.50925
-9294.409	-158.90211	-1813.7971	78.4563	175.99098
-9277.647	-173.78304	-1830.7805	84.288574	171.11673
-9118.709	-158.90211	-1729.9614	210.30139	167.09227
-8556.585	-145.86531	-1665.9194	95.976685	164.13762
-9075.092	-157.32475	-1732.8801	143.02234	167.09227
-8574.281	-159.44897	-1575.2898	242.58118	162.03156
-9193.322	-174.36157	-1705.9845	206.36304	173.99953
-8653.08	-160.12071	-1581.5015	245.7024	162.37631
-9243.422	-176.17882	-1767.4159	150.64563	174.52417
-8703.706	-166.41945	-1688.2272	108.38135	168.22682
-8684.83	-166.07715	-1712.5242	57.765625	172.61366
-9181.566	-114.42865	-1756.8402	132.0592	169.14557
-8686.844	-165.72655	-1707.1853	57.99768	173.61813
-9239.002	-174.52417	-1762.9952	125.24402	179.50925
-8522.338	-138.71661	-1650.7621	99.22058	159.44897
-9028.7705	-142.16643	-1638.7761	267.29443	163.33229
-8713.844	-166.07715	-1706.7681	73.84216	173.61813
-8675.369	-166.07715	-1706.1245	55.807373	183.6369
-8660.143	-166.07715	-1698.237	64.45654	172.25597
-9093.884	-166.37448	-1736.5856	144.69934	165.78857
-9233.475	-173.78304	-1813.5126	63.391846	181.34158
-8488.488	-138.71661	-1666.3658	82.89221	162.26248
-8852.219	-163.70543	-1744.8363	61.258545	167.61499
-9082.303	-152.98418	-1752.9247	132.07117	166.62468
-9108.556	-146.89085	-1742.4473	166.9718	166.62468
-9217.918	-176.17882	-1790.2943	104.088135	176.88963
-9239.679	-175.19937	-1785.9784	124.63513	181.34158
-8584.664	-163.51988	-1574.5234	268.08887	162.37631
-9390.366	-158.90211	-1827.7908	97.822876	181.21349
-9101.762	-160.25041	-1730.4614	151.6106	166.62468
-8682.25	-166.07715	-1713.5261	86.87146	168.24643
-8522.337	-138.71661	-1650.7622	99.22046	159.44897
-9188.365	-175.99098	-1766.8079	135.18042	174.36157
-8420.166	-153.56113	-1605.6726	157.40234	160.14868
-8625.028	-166.07715	-1674.761	107.18884	167.57007
-8384.026	-147.61797	-1632.1694	75.966675	160.33003
-9123.624	-173.78304	-1711.357	168.38245	168.30898
-9248.892	-168.0409	-1740.3193	175.71204	168.88826
-8462.531	-153.56113	-1617.9562	133.4967	160.34648
-9366.63	-163.93184	-1834.6185	143.90051	178.09998
-9193.321	-174.36157	-1705.9847	206.3628	173.99953
-9132.458	-174.36157	-1713.472	207.02307	173.99953
-9193.716	-175.99098	-1767.6357	136.33142	174.36157
-9197.114	-173.92612	-1781.8529	122.381714	176.84186
-8320.842	-147.69113	-1605.7384	94.526855	160.33003
-8264.156	-147.69113	-1597.7678	94.89624	159.44897
-9120.739	-153.92921	-1724.1401	159.36499	166.62468
-8670.179	-166.41945	-1689.0638	128.36572	166.07715
-8458.04	-149.33693	-1630.2837	104.20056	160.34648
-8387.386	-153.56113	-1639.1849	88.5509	160.34648
-8388.925	-153.56113	-1634.0807	96.61963	160.34648
-8477.168	-158.23817	-1646.7401	152.84045	161.47746
-9077.469	-173.78304	-1735.1764	150.04431	170.60704
-9149.333	-176.84186	-1734.0713	179.06934	174.52417
-8485.286	-156.6731	-1635.001	116.13049	161.47746
-8641.722	-164.8346	-1694.3926	124.424805	167.09227
-8726.244	-164.8346	-1692.747	135.69348	167.09227
-8462.154	-157.14688	-1657.6273	93.977905	161.47746
-8404.73	-156.64426	-1629.4203	75.488525	164.8346
-8363.467	-151.40245	-1641.8387	53.131714	165.6998
-9208.075	-174.36157	-1710.7539	234.69226	173.99953
-8419.747	-156.64426	-1652.8109	77.36975	165.6998
-8366.547	-156.64426	-1644.8416	58.24402	165.6998
-8745.243	-160.33003	-1711.747	113.09985	167.09227
-9102.113	-158.90211	-1742.4991	157.51453	167.09227
-8317.189	-158.01738	-1637.0403	72.59338	165.6998
-9285.042	-174.36157	-1787.7205	136.11548	186.23871
-9283.622	-179.50925	-1780.2439	143.93921	179.1042
-9327.746	-175.68333	-1792.3741	141.95276	175.07686
-9298.452	-174.36157	-1787.6237	133.8103	186.23871
-8628.89	-161.18379	-1568.6641	276.3501	162.37631
-8361.132	-158.01738	-1624.6549	96.40222	162.28741
-8306.955	-158.01738	-1621.5739	102.40857	161.47746
-9048.178	-165.78857	-1749.6581	141.16614	166.62468
-9335.475	-175.07686	-1807.8154	146.85596	184.39275
-8369.7	-158.28462	-1623.0925	129.0686	161.47746
-8357.071	-158.01738	-1626.5248	139.80115	161.47746
-8477.167	-149.33693	-1666.8384	63.735474	165.6998
-9007.412	-165.78857	-1743.3489	106.70886	167.65732
-9187.667	-173.68413	-1805.203	69.4303	180.81493
-9285.041	-174.36157	-1787.7205	136.11523	186.23871
-9288.501	-173.92612	-1792.3251	145.86926	174.36157
-8470.052	-154.48308	-1665.616	66.80359	165.6998
-9263.825	-173.99953	-1771.3654	152.10852	174.36157
-9187.332	-173.40654	-1804.6501	69.70557	176.88963
-9283.924	-174.36157	-1816.1614	72.650024	184.39275
-9310.696	-163.93184	-1805.8263	105.85217	173.68413
-9218.126	-157.93507	-1803.8123	78.69458	173.68413
-9055.744	-173.90163	-1762.8456	107.940674	175.8405
-8643.651	-161.18379	-1554.4673	302.72363	162.37631
-9154.871	-170.34796	-1726.2836	167.9718	164.95471
-9118.729	-174.00108	-1741.8217	162.0852	169.22011
-9203.014	-171.17612	-1728.7495	186.23694	169.98991
-9106.057	-160.12071	-1793.0804	51.703247	181.98518
-9183.026	-171.17612	-1727.1117	196.44092	169.52435
-9297.589	-173.78304	-1840.1323	86.05017	174.62762
-9271.17	-166.48952	-1832.734	67.46777	175.19937
-9323.467	-166.48952	-1816.7001	100.73547	175.19937
-9063.407	-160.12071	-1792.8125	65.89307	176.88963
-8689.14	-160.12071	-1567.3047	272.07593	162.37631
-9025.376	-155.85728	-1773.1265	55.652588	180.3756
-9385.443	-161.1099	-1818.2887	103.22351	185.16121
-9202.511	-165.78857	-1752.7249	144.5708	168.0409
-8730.802	-160.12071	-1558.0465	276.6986	162.37631
-9323.466	-166.48952	-1816.7001	100.73535	175.19937
-9202.51	-165.78857	-1752.7251	144.5708	168.0409
-9363.4795	-159.43317	-1832.1273	72.515015	181.75981
-9202.015	-165.78857	-1764.4177	132.38269	169.45816
-9359.081	-173.78304	-1831.6605	77.91138	176.84186
-9221.775	-166.98439	-1772.2601	161.4574	170.15805
-9156.605	-169.45816	-1719.3839	217.59204	168.0409
-9082.939	-169.45816	-1730.9126	194.57495	167.91774
-9202.681	-165.89938	-1777.5619	144.66736	168.03444
-8730.803	-160.12071	-1558.0465	276.69873	162.37631
-9147.101	-165.89938	-1769.9738	138.48865	167.91774
-8657.76	-160.12071	-1564.2633	232.8125	162.37631
-9218.3125	-161.0865	-1752.9803	174.7019	168.0409
-8647.656	-160.66452	-1552.3142	236.38867	162.37631
-9261.953	-161.0865	-1744.02	197.9701	168.0409
-9249.896	-164.8346	-1757.1232	176.93933	168.0409
-8638.872	-160.66452	-1570.0743	227.4585	162.37631
-8625.929	-160.12071	-1582.0234	240.46448	162.37631
-8638.871	-160.66452	-1570.0743	227.45837	162.37631
-9324.884	-168.0409	-1795.9465	135.72314	170.48619
-9420.847	-166.74571	-1832.5864	105.91931	174.36157
-9436.995	-158.90211	-1830.8093	106.52942	181.34158
-9450.376	-158.90211	-1846.6931	127.57739	181.21349
-8666.99	-160.66452	-1582.5796	213.45361	163.17189
-9450.201	-155.85728	-1846.5182	102.63733	174.36157
-9371.515	-158.90211	-1822.086	104.79309	174.36157
-9378.906	-158.90211	-1829.4784	105.40564	180.8177
-9430.927	-157.93887	-1819.8558	101.9762	180.07396
-8677.248	-160.66452	-1569.182	243.46777	162.37631
-9468.232	-155.85728	-1853.2896	114.2301	181.34158
-9468.114	-157.93887	-1846.0695	122.72949	174.50981
-9422.225	-158.90211	-1820.4977	110.5293	174.38966
-9450.726	-158.90211	-1842.9991	117.78369	174.36157
-9396.081	-168.0409	-1813.6967	134.08679	191.46103
-9381.0205	-173.78304	-1820.3635	135.93701	172.61366
-8500.592	-160.66452	-1562.497	230.03442	161.90587
-8576.827	-160.66452	-1588.6825	210.78223	162.37631
-9125.189	-174.36157	-1717.6417	221.27429	172.23912
-8538.5205	-160.66452	-1602.0801	174.37769	162.37631
-9286.635	-174.36157	-1759.5842	193.36023	174.6404
-8618.654	-160.66452	-1583.3579	255.86523	162.37631
-8704.129	-160.66452	-1563.8575	265.8479	162.37631
-8618.653	-160.66452	-1583.358	255.86511	162.37631
-8572.138	-160.66452	-1576.5662	251.64368	162.03156
-8669.2705	-160.66452	-1569.9604	302.37036	162.37631
-9231.719	-174.6404	-1753.2897	182.68091	174.36157
-9302.684	-176.17882	-1782.3999	194.14795	181.98518
-9205.18	-174.52087	-1763.361	185.40869	174.36157
-9302.683	-176.17882	-1782.3999	194.14795	174.36157
-9179.722	-176.17882	-1755.2035	192.8396	174.36157
-9040.469	-176.17882	-1737.2642	189.16406	172.89442
-9064.546	-176.17882	-1729.2424	196.61853	172.89442
