-1319.6366	-93.7702	-511.6339	28.856812	104.04767
-1245.515	-99.22202	-422.7556	118.4798	93.16113
-1250.4459	-105.97981	-479.54288	39.135956	96.07934
-1283.2341	-107.15253	-485.42563	54.823883	98.57142
-1301.5338	-82.29756	-511.6806	23.934692	101.88488
-1072.4727	-80.83837	-413.9293	34.47638	84.81982
-1327.8965	-96.35551	-511.9524	33.14624	100.76008
-1281.7126	-94.47625	-463.9718	85.51904	91.58457
-1302.2358	-103.51913	-497.93607	36.27121	98.70285
-1312.8256	-103.51913	-506.91068	33.263214	104.04767
-1276.0474	-103.45034	-495.5442	32.23633	101.4792
-1257.0709	-100.2166	-492.99442	17.377472	96.1054
-1093.1873	-80.72894	-416.52307	50.71576	85.63253
-1117.0248	-93.16113	-416.34518	47.49167	86.77349
-1274.4493	-81.9603	-484.5251	64.78461	94.68919
-1223.9883	-106.38249	-453.08527	61.20227	94.68919
-1200.179	-97.93336	-428.39114	102.509125	86.77349
-1236.6179	-91.9413	-420.67377	125.20099	90.87757
-1318.3838	-81.9603	-513.52246	28.13617	99.05415
-1303.9651	-94.45287	-507.4627	32.105408	100.76008
-1202.7219	-87.24907	-444.53094	63.40152	91.58457
-1260.3315	-100.2166	-494.63693	15.41275	103.51913
-1101.2782	-77.13174	-432.47656	16.63147	94.01542
-1113.4658	-94.01542	-435.3161	32.721283	93.7702
-1116.5115	-80.83837	-389.96472	124.38629	81.00998
-995.0628	-61.37267	-352.48697	133.63199	80.12766
-1060.2535	-74.69124	-379.02344	101.85135	81.00998
-1311.8192	-112.82114	-481.50684	85.61847	100.16016
-1122.9795	-98.6992	-424.06476	36.97049	93.7702
-1288.5936	-107.15253	-501.92056	32.45041	100.76008
-1259.2806	-107.12615	-449.96594	87.29077	96.1054
-1068.3334	-84.94244	-410.22708	36.000275	90.24762
-1006.93567	-84.94244	-384.82974	33.525513	90.24762
-806.8398	-61.08925	-303.9066	56.141205	80.90054
-1258.1654	-107.12615	-455.52704	79.932556	96.1054
-1319.2041	-107.12615	-493.13724	72.37753	101.88488
-805.60284	-62.79442	-305.6401	26.257416	80.90054
-1290.5198	-98.6758	-461.8463	87.13086	94.45287
-829.9827	-57.17074	-299.98807	53.7547	80.90054
-1209.1497	-106.82399	-455.46024	71.51309	93.95355
-1013.04395	-88.00196	-387.85876	46.52173	85.07687
-1257.1646	-107.15253	-488.9729	26.361877	97.71368
-1192.5344	-107.15253	-460.15814	43.97473	95.59421
-1073.6794	-93.16113	-422.3131	18.23587	94.16066
-1115.1799	-98.03545	-421.91748	50.682404	93.16113
-1086.766	-83.67594	-401.9181	72.94287	83.47963
-1236.1903	-93.56606	-459.0537	76.094604	93.94808
-1180.4924	-94.60986	-435.3496	52.068634	93.01144
-1042.2766	-94.01542	-407.4522	20.806396	93.16113
-1031.6154	-88.00756	-396.7908	42.061768	90.24762
-1097.9661	-76.36925	-428.5104	24.784698	91.24007
-957.50006	-81.75585	-367.2319	34.098785	83.47963
-955.48193	-77.00487	-357.28192	60.215515	79.56651
-1167.5032	-85.93898	-436.7276	60.2106	87.77912
-1049.7185	-83.18903	-379.1535	100.91971	83.3755
-1124.4067	-74.25349	-433.9804	30.297302	91.24007
-1010.09045	-83.86839	-390.96133	30.999542	90.24762
-996.4087	-78.37756	-391.19098	13.45636	81.40146
-1352.8646	-106.27953	-522.5521	35.124878	100.16016
-1093.3633	-85.93898	-418.23895	44.021942	87.77912
-1209.5992	-92.20595	-457.5133	53.35498	94.01542
-1331.0923	-106.6561	-515.1322	43.878235	108.08089
-1281.7964	-108.08089	-486.60886	40.277863	100.16016
-1298.4515	-81.83765	-511.2207	17.50647	98.70285
-1177.6091	-92.20595	-444.26407	50.710297	93.59584
-1093.9791	-76.36925	-410.96698	47.47693	88.8109
-1273.7985	-100.2166	-495.66815	27.84845	96.51643
-1278.8685	-114.37209	-499.1607	26.335266	105.8597
-1276.4243	-112.82114	-480.15118	51.57898	100.16016
-1233.1642	-104.02303	-475.72125	27.469666	94.45287
-1293.6022	-104.02303	-463.28973	92.97089	94.45287
-1204.3665	-81.75585	-437.94214	81.76721	89.83475
-1264.2106	-104.02303	-467.9376	65.466034	94.45287
-1105.7533	-83.47963	-421.3222	49.7247	88.8109
-1082.0007	-74.25349	-421.87173	20.56607	90.92028
-1272.6068	-109.51099	-489.45142	42.54651	96.44807
-1215.809	-77.49811	-463.81787	55.075073	93.01144
-1236.1631	-96.17577	-469.73886	34.54959	96.07934
-1233.8756	-95.13721	-417.91562	102.495514	93.16113
-1230.5703	-69.73188	-447.77228	67.201965	92.85905
-1179.7595	-96.35551	-436.4196	66.80606	90.92028
-1184.317	-79.56651	-449.31116	50.157867	90.92028
-1323.1133	-115.72777	-500.51636	69.224365	105.8597
-1258.8862	-94.47625	-456.7468	69.859955	91.58457
-1363.7031	-94.68919	-520.43665	54.768066	104.04767
-1365.702	-106.27953	-537.10254	23.189941	105.8597
-1152.5372	-104.99326	-431.00012	57.434875	91.59799
-1331.8882	-115.35474	-514.2185	37.961792	105.8597
-1336.9601	-99.13725	-522.3907	22.524658	117.62522
-1197.7877	-95.20418	-431.36343	64.14316	87.43938
-1306.7754	-100.2166	-497.4607	51.544556	96.1054
-1339.245	-100.2166	-521.5043	35.837708	96.17577
-1171.0477	-81.40146	-436.20883	75.22446	87.54034
-1343.1921	-91.36565	-528.1912	17.682861	107.64108
-1301.8862	-107.64108	-486.8853	67.17261	104.04767
-1300.149	-107.15253	-485.14832	82.62439	100.76008
-1038.7095	-76.57748	-394.1942	35.922394	83.47963
-1171.0001	-94.45287	-450.78607	37.091187	92.66264
-1206.1093	-100.16016	-455.69983	53.985962	93.7702
-1256.0621	-117.62522	-483.9323	25.669373	106.6561
-1288.7031	-100.2166	-505.8245	30.914276	96.1054
-1310.848	-104.86311	-488.25104	70.625	96.44807
-1264.0985	-106.82649	-456.3428	100.72226	94.08121
-1088.4518	-76.36925	-412.0196	35.753357	84.81982
-1230.4514	-105.8597	-458.66364	63.751526	91.59799
-1248.5109	-115.86172	-493.1945	11.626007	96.44807
-1066.4968	-84.55772	-401.29108	48.652557	85.07687
-1199.713	-100.76008	-469.85803	18.960938	94.01542
-1200.6466	-100.76008	-460.82812	32.76004	94.01542
-1276.7979	-91.3699	-477.9727	76.11838	92.52419
-1237.6514	-100.76008	-477.4331	30.363312	96.35551
-1205.8029	-93.56606	-439.37848	88.06647	90.92028
-1273.0845	-104.86311	-472.048	63.64023	95.59421
-1050.6462	-83.67594	-394.04672	55.400635	83.47963
-1302.6449	-96.17577	-481.05353	73.49396	94.08121
-1282.7172	-101.88488	-474.9613	70.05798	94.08121
-977.25836	-71.20705	-339.95117	78.17264	80.12766
-974.681	-69.50156	-338.24567	78.156006	80.12766
-1246.2091	-108.63553	-466.27014	62.10089	94.08121
-1218.3591	-98.03545	-471.11188	31.601257	94.08121
-1060.4537	-80.83837	-412.86316	29.327698	84.55772
-1118.9691	-80.83837	-418.94196	62.719788	82.25971
-1201.4318	-94.47625	-447.00803	58.544098	91.36565
-1165.4218	-93.56606	-443.70212	54.030914	84.58547
-1156.9181	-94.47625	-440.20892	44.571533	91.36565
-1158.5536	-84.76566	-437.45538	47.915863	89.83475
-1184.617	-84.76566	-448.8684	54.77411	89.83475
-1137.4617	-83.47963	-441.73718	33.745728	89.83475
