-1282.9324	-103.89035	-478.9095	60.920837	100.2166
-1266.4753	-72.52646	-487.3687	60.733337	94.68919
-1293.0345	-94.01542	-499.71423	55.75305	100.88898
-1246.7875	-96.35551	-443.9394	83.04547	94.33003
-1221.9977	-103.91702	-442.22354	81.02182	94.33003
-1356.264	-84.76566	-514.9697	48.533325	105.8597
-1363.703	-94.68919	-520.4366	54.768127	104.04767
-1212.8247	-98.82887	-425.56744	95.37756	94.08121
-1264.2106	-104.02303	-467.9376	65.466034	94.45287
-1267.5883	-101.88488	-445.997	90.32715	95.59421
-1303.1484	-107.15253	-493.47034	45.83197	105.8597
-1316.7681	-94.68919	-490.99188	89.184204	101.88488
-1310.8479	-104.86311	-488.251	70.62509	96.44807
-1341.6058	-87.29479	-523.871	34.74585	105.8597
-1262.3419	-103.89035	-481.2033	57.05182	98.03545
-1175.0077	-76.77406	-396.3316	112.575165	93.7702
-1288.931	-98.82887	-498.17947	40.664337	106.6561
-1255.7695	-96.8657	-483.1473	40.947296	98.57142
-920.06726	-67.78384	-325.30087	76.40933	84.70788
-1041.84	-72.84039	-359.6016	99.763306	84.70788
-1118.2144	-94.08121	-435.10336	20.189056	98.57142
-1088.6688	-85.99467	-361.70386	126.461	93.1381
-1008.5899	-77.79063	-378.21155	61.73123	87.85264
-1242.2069	-90.87757	-419.61008	147.61502	91.9413
-1161.2892	-72.03329	-400.76578	123.568085	91.9413
-1157.1102	-82.29756	-417.44928	84.04242	91.9413
-1093.0288	-62.42492	-353.36786	150.9972	90.87757
-1119.6161	-58.93763	-379.9551	118.824615	90.87757
-1323.1134	-115.72777	-500.51636	69.224365	105.8597
-1306.7754	-100.2166	-497.46063	51.544617	96.1054
-1256.2714	-90.92028	-494.7907	20.288391	98.82887
-1166.9072	-94.08121	-441.68323	46.05121	93.7702
-1186.0376	-92.85905	-443.95667	67.021545	94.08121
-1173.6389	-91.67013	-431.55792	66.20999	93.7702
-1201.2771	-77.79533	-440.5857	87.9176	94.01542
-1260.77	-96.17577	-489.6042	37.53241	109.09285
-1233.1641	-104.02303	-475.72125	27.469666	94.45287
-1328.3728	-100.76008	-505.7758	100.91818	106.82649
-1342.178	-82.29756	-520.2655	43.50708	106.82649
