-53621.293	-36.33923	-3403.0947	679.48706	77.49073
-51592.207	-39.25367	-2994.534	1007.22217	67.50425
-52625.57	-36.33923	-3252.8184	752.2715	73.61608
-53336.15	-43.66964	-3183.8984	831.01514	77.49073
-49986.14	-68.56447	-2908.2742	952.4988	68.21146
-51312.188	-37.42426	-3148.1187	561.44507	74.19471
-48662.723	-33.19054	-3004.1	530.64307	72.16763
-48285.695	-33.19054	-2990.5781	521.13477	72.16763
-49921.355	-37.42426	-2917.2957	771.687	67.50425
-49730.355	-45.73336	-2979.8381	847.67334	67.07116
-50490.703	-46.11847	-2955.577	834.6665	66.74016
-49357.32	-43.66964	-3058.2473	522.8096	73.32973
-47268.996	-56.22593	-2859.2231	593.2854	77.43421
-49943.684	-46.11847	-3072.55	587.2229	67.75017
-49718.69	-46.11847	-3087.8884	560.93945	76.44973
-49389.06	-51.41588	-2989.7085	691.35693	71.27214
-49093.562	-53.57693	-2951.4966	698.0166	71.27214
-48749.777	-53.57693	-2963.769	672.2434	71.27214
-48818.316	-53.57693	-2955.5037	682.8406	71.27214
-48695.05	-53.57693	-2970.563	661.7908	71.27214
-48685.41	-51.91515	-2975.168	654.7825	71.815
-49030.703	-51.91515	-2990.553	674.93286	71.27214
-49649.164	-52.85518	-3058.1836	536.74927	77.43421
-48078.91	-55.43587	-2899.8984	608.3594	77.43421
-49608.098	-57.30748	-2909.6948	690.521	77.43744
-48350.258	-50.28931	-2981.0615	469.47192	87.79668
-47367.242	-56.55434	-2903.6194	559.59546	82.33654
-47516.914	-56.55434	-2902.511	556.4822	82.33654
-47913.74	-56.55434	-2950.514	502.93945	87.79668
-48724.68	-56.55434	-2999.99	569.5144	80.20006
-48921.496	-56.55434	-3018.51	594.48267	80.20006
-49133.83	-56.55434	-3007.2812	573.7595	80.20006
-49011.598	-56.998	-2966.4294	794.88696	75.13111
-49071.773	-57.45044	-3003.9768	779.90894	75.15705
-49940.242	-57.45044	-3038.1428	817.2937	75.15705
-50172.86	-50.5156	-3013.1216	621.98	72.33989
-50146.133	-50.5156	-3027.9849	632.1731	72.33989
-50171.39	-50.5156	-3013.6587	663.14087	72.33989
-49870.902	-50.5156	-3008.5852	654.5742	71.60074
-50224.758	-43.66964	-3033.5825	655.6448	68.53938
-50275.984	-39.04208	-3049.6523	549.9104	70.50049
-50880.04	-45.73336	-3035.5876	650.63965	72.82789
-50390.203	-45.59028	-3042.9404	609.6084	72.33989
-50584.195	-45.73336	-3114.3066	527.8364	73.61608
-50857.023	-45.73336	-3108.3496	543.03125	73.61608
-50209.43	-48.57425	-3026.9075	655.32495	68.4972
-49758.23	-57.89303	-2970.9976	730.30176	77.43421
-47932.258	-59.08652	-2891.1516	609.4148	87.19223
-48016.49	-59.08652	-2887.0781	600.4248	90.40947
-49173.04	-60.26007	-2927.3025	723.81396	90.40947
-49187.203	-60.26007	-2926.8257	771.0171	90.40947
-49359.125	-60.26007	-2919.1548	801.7434	86.2778
-48843.516	-59.51882	-2893.764	720.06104	86.2778
-47769.55	-61.45918	-2890.88	724.1548	86.2778
-49147.61	-61.73053	-2884.8286	732.8867	86.2778
-50231.19	-59.1056	-2958.0913	785.5659	86.2778
-50052.043	-59.1056	-2931.3328	743.47974	86.2778
-50478.79	-59.1056	-2922.827	800.71265	86.2778
-50120.645	-59.1056	-2935.524	762.33057	86.2778
-50013.25	-52.29874	-2979.9348	916.719	67.55704
-50176.39	-52.29874	-2979.4473	939.8435	67.55704
-50689.176	-45.86737	-2997.6565	948.2612	67.75017
-49825.848	-52.51959	-2907.2493	732.9885	72.18954
-49493.17	-50.55514	-2955.8196	690.9424	66.39945
-49884.793	-50.28931	-2954.646	725.4204	67.50425
-50259.4	-50.28931	-3019.4524	607.20825	72.18954
-50539.504	-53.57693	-3088.4106	639.59937	86.2778
-50219.785	-53.57693	-3097.4363	611.34937	86.2778
-50369.805	-53.57693	-3089.821	617.9319	86.2778
-50471.65	-53.57693	-3092.1355	694.03613	84.67525
-51131.97	-53.57693	-3076.6946	859.2971	76.44973
-51169.76	-51.41588	-3087.2534	870.3882	76.44973
-51059.582	-51.41588	-3113.062	840.4121	76.44973
-51103.074	-46.11847	-3142.9475	702.1765	76.44973
-50024.39	-43.66964	-3124.2224	490.72168	83.31369
-50542.83	-43.66964	-3135.419	519.4116	81.45436
-50267.98	-50.28931	-3117.8352	543.14966	81.83658
-50660.004	-50.28931	-3130.2185	546.0405	90.40947
-50684.285	-50.28931	-3108.9553	559.83203	90.40947
-51807.523	-48.75191	-3180.4624	807.3191	77.8105
-51383.934	-48.75191	-3044.3005	990.24976	68.42986
-51059.2	-48.75191	-3035.6135	965.7615	68.42986
-50621.215	-56.18236	-2773.4106	1136.7976	68.39233
-50798.25	-56.18236	-2950.478	1000.7593	68.42986
-51008.656	-55.43587	-3009.297	877.4226	76.6985
-49479.324	-56.22593	-2984.8525	663.96826	77.34038
-49398.066	-56.22593	-2962.322	699.14014	75.37029
-49613.21	-56.22593	-2965.8096	720.15186	76.58974
-49580.234	-55.07579	-2995.9292	603.55493	77.12408
-48546.516	-55.07579	-2861.458	688.1338	68.56447
-48723.75	-55.07579	-2871.519	681.66455	70.03203
-49025.98	-51.09145	-2917.1904	680.1487	70.03203
-49252.746	-51.09145	-2952.4429	682.0574	70.03203
-48456.24	-54.85442	-2905.486	650.5884	70.03203
-48324.035	-56.80656	-2913.1367	634.60986	74.63951
-48221.074	-56.80656	-2888.476	630.53467	73.21133
-47879.855	-49.84605	-2959.4043	565.70703	71.27214
-49097.73	-49.84605	-3000.85	588.1155	69.29471
-49055.945	-49.84605	-3007.7705	579.6763	69.29471
-50317.426	-43.92947	-3051.642	601.5825	72.16763
-50381.285	-45.92375	-3069.8452	534.8657	75.4522
-49972.418	-50.28931	-3005.2263	566.6924	75.4522
-49634.16	-51.91515	-3008.038	550.27	75.4522
-49865.977	-51.91515	-3010.0928	570.69995	75.4522
-49842.137	-51.91515	-3017.2727	580.7832	75.4522
-49916.504	-51.91515	-3057.8428	532.38135	77.43744
-50840.066	-51.91515	-3052.8516	669.74194	75.4522
-50496.49	-51.91515	-3094.9565	614.5747	75.4522
-50570.242	-51.91515	-3075.0618	634.46484	74.05933
-50594.22	-51.91515	-3065.7256	675.5293	73.97758
-50327.906	-51.91515	-3059.7227	623.54736	73.97758
-50245.664	-51.91515	-3078.7065	571.4192	76.44973
-50500.47	-51.91515	-3095.6309	745.6821	76.44973
-50720.523	-55.34689	-3094.5813	786.0725	72.7438
-50174.613	-55.34689	-3092.8806	743.9365	73.00068
-49395.473	-55.07579	-3057.6873	603.4414	73.00068
-49387.19	-55.07579	-3033.8667	569.74097	73.00068
-48869.797	-55.07579	-3021.561	534.87915	76.88929
-49065.5	-55.07579	-3023.0935	546.58594	73.00068
-49372.67	-55.07579	-3039.5083	579.5945	77.34038
-49458.605	-55.07579	-3024.2769	594.20264	73.00068
-49293.844	-54.24748	-2945.3289	621.11743	71.86179
-48801.24	-51.91515	-2942.3367	619.54224	70.42271
-48700.9	-51.91515	-2939.3445	614.1492	70.42271
-49143.965	-51.91515	-2951.6726	665.96826	71.27214
-48763.45	-54.24748	-2924.8882	685.26636	71.27214
-48677.918	-54.24748	-2933.4854	635.62305	71.27214
-48401.754	-54.24748	-2933.8052	669.9485	71.27214
-48278.42	-54.24748	-2919.1096	696.6416	70.42271
-48636.08	-54.18109	-2933.2214	620.72046	70.42271
-48665.79	-54.18109	-2943.4814	628.89795	69.52657
-48584.473	-54.18109	-2972.0122	608.4741	69.52657
-48618.87	-53.57693	-2964.655	626.99097	69.52657
-48891.246	-53.57693	-2940.1455	671.5112	69.52657
-48792.297	-53.57693	-2950.9602	618.9922	69.52657
-48811.375	-53.57693	-2930.6948	639.91943	68.4972
-49879.13	-47.06613	-3057.2375	574.00146	68.37698
-49996.82	-36.42438	-3053.4072	591.6377	68.37698
-50092.492	-36.42438	-3019.2563	673.31006	68.16541
-50409.695	-36.33923	-3104.831	585.0205	68.16541
-50436.945	-36.33923	-3100.3955	622.78516	67.75017
-51069.895	-36.33923	-3069.7664	614.91455	69.88184
-51189.62	-37.42426	-3062.4934	602.75903	69.88184
-50991.723	-37.42426	-3082.2695	555.9385	71.37268
-50769.64	-43.59718	-2994.1614	644.94434	68.16541
-51268.902	-48.75191	-3059.6855	711.8296	71.86179
-50918.98	-51.05334	-2947.0728	798.89624	71.86179
-50348.49	-51.05334	-2989.6558	740.385	73.00068
-49921.113	-51.05334	-2957.4175	730.31055	73.00068
-49904.77	-51.60322	-3000.784	668.5115	73.00068
-49561.965	-51.60322	-2960.3337	665.7444	73.00068
-49633.81	-51.60322	-2957.3647	639.1167	72.69491
-49430.043	-51.60322	-2962.683	613.9988	72.69491
-49571.99	-55.297	-2929.8865	637.77686	73.21133
-49745.152	-55.297	-2965.7544	653.71265	73.21133
-50695.402	-55.34689	-3122.7256	793.2588	84.72825
-51112.31	-51.05334	-3111.0305	835.5659	77.49073
-50826.664	-55.34689	-3121.3047	926.25806	73.21133
-51111.863	-55.34689	-3111.4517	891.20605	72.18954
-50998.945	-55.34689	-3124.1904	916.48193	77.35117
-50727.594	-55.34689	-3115.3403	898.3008	77.35117
-51007.83	-56.998	-3110.5771	872.44824	77.35117
-50864.066	-56.998	-3112.4739	854.4607	72.58862
-51053.28	-52.85518	-3123.9128	781.87476	72.58862
-51689.805	-52.85518	-3142.915	813.14233	80.93449
-50775.1	-49.84605	-3123.3823	755.3806	74.63951
-50923.51	-45.73336	-3145.614	608.90186	75.62616
-49622.098	-49.84605	-3057.8315	582.1731	73.67786
-49447.562	-49.84605	-3062.7676	569.1111	73.67786
-49759.836	-49.84605	-3053.0764	553.04224	73.67786
-50013.504	-50.28931	-3046.1301	577.35425	73.67786
-50354.156	-50.28931	-3065.8997	570.2141	76.40815
-50743.465	-50.28931	-3055.83	588.0039	82.01817
-50719.44	-47.06613	-3087.142	565.7151	82.01817
-50550.418	-50.28931	-3107.1548	491.61304	77.47518
-50575.13	-33.19054	-3125.2922	499.625	77.47518
-51240.406	-45.73336	-3109.583	583.2798	73.21133
-51286.285	-38.22171	-3122.919	546.3535	73.21133
-51456.887	-38.22171	-3137.1528	577.3584	82.01817
-51360.68	-45.73336	-3139.9004	545.9468	77.49073
-51064.586	-45.73336	-3137.484	541.31445	77.49073
-50849.723	-39.04208	-3161.4653	514.51514	77.49073
-50784.008	-39.04208	-3106.884	483.3069	79.90965
-50666.977	-48.57425	-3083.3337	531.6787	79.90965
-51226.668	-48.57425	-3065.4546	652.81885	77.49073
-51627.254	-54.99712	-3088.5588	891.4946	81.6928
-51407.56	-54.99712	-3094.802	872.0769	78.79844
-51479.734	-50.28931	-3089.515	767.2068	76.17896
-51278.574	-50.28931	-3104.4905	743.37305	76.17896
-50676.418	-45.73336	-3063.6577	644.17456	72.82789
-50535.773	-45.73336	-3064.4756	633.0586	72.58862
-50376.234	-50.04607	-3002.5444	694.4866	72.18954
-50222.09	-50.04607	-3028.901	652.0061	72.18954
-50139.016	-50.04607	-2988.7446	731.2805	72.16763
-49682.016	-50.55514	-2981.7593	715.54126	69.97175
-49682.684	-50.55514	-2978.1492	655.3213	68.4972
-49682.848	-50.55514	-2985.9956	624.1443	72.7438
-49591.723	-50.55514	-2956.779	624.6345	72.33989
-49725.77	-50.55514	-2950.856	660.82544	72.33989
-50173.5	-50.55514	-2970.5442	701.5791	72.33989
-50468.812	-50.55514	-2983.9543	722.60547	68.15876
-50409.504	-50.55514	-2965.688	701.9358	70.47028
-50396.8	-49.84605	-3097.588	765.5652	72.16763
-50422.03	-49.84605	-3024.221	629.2578	72.16763
-50132.8	-50.28931	-3024.0234	641.2317	72.16763
-50322.258	-50.28931	-3068.6316	625.1609	73.00068
-50471.867	-56.998	-3049.5088	702.6008	82.24672
-50124.805	-55.297	-3045.7227	635.6853	78.79844
-48822.062	-56.998	-2982.5364	601.3474	91.42551
-48774.562	-59.1056	-2984.8435	613.3804	77.43421
-47845.797	-55.95301	-2917.0852	558.01074	84.67525
-47690.48	-53.57693	-2950.6345	458.00537	84.67525
-47944.35	-53.57693	-2960.0542	451.6018	91.42551
-48652.82	-58.16115	-2944.4922	586.8838	86.2778
-48301.52	-58.16115	-2946.8247	595.65186	86.2778
-48344.36	-58.16115	-2958.8936	559.1421	87.79668
-48430.625	-58.16115	-2962.154	566.5503	87.79668
-49194.816	-58.16115	-3013.2112	680.26245	86.2778
-50161.02	-58.16115	-2942.7278	723.5571	86.2778
-50262.562	-58.16115	-2955.1802	762.9524	86.2778
-50479.992	-58.16115	-2937.7747	814.6323	86.2778
-49619.293	-58.47256	-2984.308	631.69824	90.40947
-49475.02	-58.47256	-2970.647	614.0283	90.40947
-50112.24	-58.47256	-2972.5425	678.2959	78.79844
-50101.945	-59.08652	-2984.6375	660.04785	78.79844
-50401.45	-59.08652	-3008.6758	654.2639	94.14609
-50648.168	-59.1056	-3021.873	659.9939	94.14609
-50038.08	-59.1056	-3004.205	669.51	78.50802
-49784.13	-59.1056	-2964.5784	637.46387	80.52892
-49687.355	-59.1056	-2980.7888	646.0708	80.52892
-49598.76	-59.1056	-2963.9924	652.4031	78.50802
-50552.97	-57.45044	-2991.4028	880.1526	76.17896
-49864.27	-57.45044	-2722.4373	1238.3455	67.08014
-50443.117	-55.18182	-2752.2563	1160.8882	67.08014
-50862.82	-36.33923	-2724.3474	1237.3433	67.08014
-50922.574	-36.33923	-2745.4004	1242.0146	67.08014
-50552.84	-55.18182	-2746.723	1196.7732	65.46994
-50060.684	-55.18182	-2703.3264	1203.3472	65.39774
-50360.133	-52.87941	-2928.7322	987.40796	68.04924
-50403.227	-46.73746	-2889.9004	1066.2388	67.08014
-50799.41	-46.73746	-2936.251	1076.9668	67.08014
-50765.496	-33.77858	-2924.9458	1076.3704	67.08014
-50880.645	-33.77858	-2903.6611	1079.3396	67.08014
-50700.473	-33.77858	-2896.2507	1101.7275	67.06267
-50492.887	-33.77858	-2911.1829	1126.8086	67.06267
-52361.254	-48.57425	-3001.247	1061.5298	76.6985
-51255.32	-53.57693	-3073.668	999.67505	76.08959
-51690.406	-53.57693	-3064.0908	917.42285	72.82789
-51456.305	-51.91515	-3031.15	877.0298	72.7438
-51875.34	-49.76005	-3028.7852	950.7134	78.57414
-51141.938	-50.28931	-3030.6333	581.96265	86.2778
-50101.15	-55.07579	-3000.9387	586.52905	86.2778
-50064.05	-55.07579	-3006.4414	574.2544	86.2778
-49736.027	-54.99712	-3031.9824	551.0808	86.2778
-49789.82	-54.99712	-3015.2742	574.4324	86.2778
-49897.523	-54.99712	-3040.2305	578.94946	86.2778
-50117.04	-54.99712	-3032.3784	608.7141	86.2778
-50883.87	-54.99712	-3044.5596	844.60156	73.05701
-51191.76	-54.99712	-3044.2683	886.18945	77.61024
-51194.883	-54.99712	-3036.054	873.4529	77.61024
-50788.84	-55.18182	-3038.311	846.89844	78.19034
-51112.92	-52.85518	-3039.081	849.59595	78.19034
-51327.01	-52.85518	-3021.284	863.62646	78.50802
-51602.31	-51.91515	-3019.2927	796.1284	78.50802
-51595.062	-48.75191	-3103.9617	645.3928	86.2778
-51432.184	-48.75191	-3141.7048	595.3113	86.2778
-51152.28	-48.75191	-3143.4966	629.8821	86.2778
-51642.316	-48.75191	-3198.262	695.1821	87.80127
-51769.973	-50.28931	-3106.108	788.29346	73.21133
-51607.875	-43.66964	-3204.0513	581.43286	79.27297
-50825.18	-36.33923	-3090.6812	783.0996	67.75017
-50861.78	-36.33923	-3108.9792	793.32227	67.75017
-50572.746	-52.60741	-3003.0356	936.0991	68.42986
-50239.38	-52.85518	-2987.1594	951.9617	68.42986
-49444.65	-52.85518	-2932.364	693.6404	70.03203
-49702.055	-59.1056	-2961.2168	705.3325	67.96955
-48893.996	-59.1056	-2483.723	1161.0994	67.55704
-49370.94	-53.10284	-2892.4622	811.6753	67.55704
-51835.81	-48.57425	-3238.136	720.6853	68.04924
-52137.64	-48.57425	-3207.5547	734.86304	79.0268
-51922.35	-48.57425	-3217.573	749.3425	79.0268
-52116.18	-48.57425	-3169.0356	817.9082	74.16102
-51840.973	-48.57425	-3156.8867	813.2046	74.16102
-51063.54	-48.57425	-3123.5098	607.8291	73.32973
-51003.664	-48.75191	-3122.2222	579.6653	73.32973
-50823.566	-46.6412	-3108.2715	578.82007	78.19034
-49944.465	-46.6412	-3056.4111	555.72363	73.21133
-50121.06	-46.6412	-3064.3665	557.0066	73.21133
-50064.688	-46.6412	-3052.297	577.6526	72.5087
-50061.45	-46.11847	-3073.0977	571.56885	72.5087
-50875.414	-43.66964	-3187.5098	558.0762	69.29471
-51098.594	-43.66964	-3164.6924	615.04834	69.29471
-51857.797	-43.66964	-3212.5083	762.8318	69.29471
-51995.348	-43.66964	-3209.657	730.5586	69.29471
-51709.504	-50.28931	-3159.4841	777.5149	69.29471
-51876.785	-45.73336	-3170.0374	680.157	81.6928
-51858.125	-45.73336	-3194.818	651.48193	77.61024
-51961.613	-45.73336	-3191.6978	681.5569	74.60427
-51655.664	-45.73336	-3200.5962	628.5398	74.60427
-51829.008	-33.19054	-3197.443	627.7429	74.60427
-51951.355	-33.19054	-3203.324	660.30493	75.4522
-51648.094	-33.19054	-3222.1086	581.4275	87.80127
-52006.383	-33.19054	-3234.423	599.594	87.80127
-51651.914	-33.19054	-3224.0903	609.70337	77.12408
-51764.895	-33.19054	-3232.5923	637.1836	77.12408
-52068.74	-33.19054	-3220.9094	588.6946	84.67525
-52144.246	-33.19054	-3210.6987	603.5713	81.45436
-52223.555	-33.19054	-3229.6384	628.78076	80.59652
-52479.547	-33.19054	-3243.4392	642.40015	76.92278
-52274.254	-33.19054	-3200.5034	667.8259	74.01904
-52035.473	-43.66964	-3164.865	687.19604	77.22223
-52094.305	-43.92947	-3151.5393	750.43384	78.19034
-51308.848	-43.92947	-3115.2974	573.0393	74.01904
-51172.25	-43.92947	-3131.9968	560.08594	73.00068
-51299.477	-36.33923	-3133.5923	587.5115	73.00068
-51353.492	-36.33923	-3068.8296	631.6731	73.00068
-51927.63	-36.33923	-3093.7166	623.92285	73.21133
-52053.1	-36.33923	-3219.1816	470.23242	80.12437
-51828.348	-36.33923	-3196.648	516.90674	77.61024
-51577.79	-36.33923	-3127.618	586.5569	73.32973
-51587.824	-36.33923	-3148.2896	610.2925	76.65204
-51546.6	-36.33923	-3222.366	512.9155	73.21133
-51314.57	-37.42426	-3146.3054	575.1384	73.21133
-51233.703	-37.42426	-3189.048	481.89233	77.49073
-50771.266	-43.66964	-3144.9343	522.60767	83.31369
-50416.34	-43.66964	-3114.948	532.7473	77.49073
-49900.22	-43.66964	-3131.568	447.32397	84.31255
-50225.98	-43.66964	-3125.7854	527.10376	74.5965
-50392.94	-43.66964	-3133.3613	501.3186	77.44059
-50033.62	-45.86737	-3096.0486	536.80054	76.92278
-50052.484	-46.11847	-3116.3674	520.9243	86.98495
-50003.832	-46.11847	-3087.6594	558.80273	72.7438
-50427.887	-46.11847	-3066.1675	624.3574	72.7438
-50236.23	-50.28931	-3057.0535	596.2932	72.7438
-49815.254	-51.41588	-2999.0522	669.9966	72.7438
-49505.555	-52.85518	-3049.8308	532.6863	72.7438
-49242.742	-56.55434	-3025.5981	567.3755	91.42551
-48706.133	-56.55434	-2927.5156	615.73364	72.7438
-48954.133	-53.57693	-2990.055	664.6184	71.37268
-47190.117	-51.74057	-2897.6099	567.61523	72.16763
-46881.26	-51.74057	-2884.7014	563.37427	72.16763
-47914.82	-45.51318	-2917.9478	553.8113	72.16763
-47800.016	-45.51318	-2917.4954	537.5381	72.16763
-47794.21	-45.51318	-2917.6497	487.01392	77.43744
-47645.867	-45.51318	-2933.5813	483.48584	77.43744
-47782.434	-45.51318	-2930.9878	478.9961	72.16763
-48163.152	-47.06613	-2932.546	515.7915	73.00068
-48213.574	-48.57425	-2928.76	521.17725	73.00068
-48117.316	-51.91515	-2933.1777	512.1282	73.00068
-47836.793	-51.91515	-2917.1616	496.67896	77.8105
-47553.04	-45.92375	-2932.3386	444.39746	78.27084
-47210.754	-45.92375	-2925.05	423.5542	78.27084
-47767.562	-39.04208	-2984.013	412.87012	84.67525
-47945.688	-51.91515	-2959.8416	488.31982	84.67525
-47972.29	-46.89605	-2977.076	451.80347	84.67525
-48240.457	-46.89605	-2973.3083	472.9546	84.67525
-48487.1	-46.89605	-2984.9849	489.4702	84.67525
-48343.684	-46.89605	-2976.1453	477.45312	84.67525
-48714.973	-49.84605	-2993.3787	466.0088	86.2778
-48878.18	-47.06613	-3016.5093	460.60083	93.87894
-48771.688	-46.89605	-2996.8003	453.42358	86.2778
-48797.582	-46.89605	-2994.8625	483.39014	86.2778
-48474.664	-46.89605	-3036.4182	458.52368	86.2778
-48636.64	-46.89605	-3054.7407	487.0122	90.40947
-49124.527	-39.04208	-3070.02	436.6504	90.40947
-49452.42	-43.92947	-3049.039	471.39722	84.67525
-49530.688	-43.92947	-3032.678	472.33838	84.67525
-49364.36	-43.92947	-3077.2476	442.7168	73.67786
-49692.113	-43.92947	-3064.7026	518.98047	77.34038
-49683.555	-45.73336	-3072.8037	514.0713	77.34038
-50092.2	-39.04208	-3070.5662	491.31006	75.68555
-49978.605	-39.04208	-3080.3884	481.14722	75.68555
-50225.277	-39.04208	-3057.4746	497.43726	75.68555
-50727.402	-39.04208	-3097.9558	506.33032	75.68555
-50906.06	-39.04208	-3115.2102	507.3252	75.62616
-50778.848	-39.04208	-3127.659	507.46826	74.5965
-51143.535	-45.73336	-3111.6582	557.53613	74.5965
-51172.754	-43.66964	-3101.4878	539.28687	74.5965
-51059.562	-49.84605	-3085.0645	565.8479	74.5965
-51015.652	-49.84605	-3078.3853	557.09204	74.5965
-50799.477	-49.84605	-3105.957	569.08545	79.27297
-50769.418	-49.84605	-3078.8354	555.3164	79.27297
-51598.234	-52.85518	-3137.4258	770.22363	79.27297
-51375.055	-52.85518	-3120.9	731.22314	81.6928
-51254.29	-52.85518	-3130.0105	735.18726	79.27297
-49575.5	-54.99712	-3050.2087	695.6282	84.67525
-51563.74	-50.28931	-3149.1245	720.1736	76.44973
-51631.098	-50.28931	-3213.3506	652.1904	83.5124
-51780.402	-50.28931	-3178.2935	688.2451	76.92278
-51785.457	-50.28931	-3173.5327	673.04297	76.92278
-51773.395	-50.28931	-3184.062	669.01074	82.01817
-51293.266	-50.28931	-3183.5295	656.6575	82.48898
-50993.89	-51.91515	-3143.983	698.3025	87.79668
-50893.9	-54.99712	-3150.062	715.77783	78.38313
-51198.793	-54.99712	-3148.8477	743.6692	78.38313
-50973.098	-54.99712	-3128.133	712.58887	78.38313
-50887.188	-54.99712	-3101.738	772.63306	78.01184
-50804.594	-54.99712	-3115.5022	763.2617	78.01184
-50665.953	-54.99712	-3130.549	819.70386	76.92278
-50405.957	-54.99712	-3130.0928	807.3457	76.58974
-49537.613	-54.99712	-3069.0642	564.5559	90.40947
-49600.926	-54.99712	-3066.961	555.4839	90.40947
-50199.586	-54.99712	-3086.9265	652.07983	90.40947
-50077.387	-54.99712	-3100.0532	576.05884	90.40947
-50172.19	-49.84605	-3115.9082	509.10596	77.43744
-49682.004	-54.99712	-3009.7815	652.71094	77.43744
-49605.418	-54.99712	-3035.7815	570.8594	77.43744
-49516.445	-50.55514	-3071.4414	533.7842	80.52892
-49189.25	-50.55514	-3058.917	490.5266	87.18398
-49265.395	-54.85442	-2995.7744	552.5469	74.68267
-48890.34	-54.99712	-3030.5964	538.188	74.68267
-48578.63	-54.99712	-3016.5771	515.4783	75.55608
-48430.977	-54.99712	-2969.711	571.1057	72.12366
-48467.06	-54.99712	-2950.3826	572.324	72.12366
-48770.145	-50.28931	-2960.8318	602.5823	72.12366
-49208.344	-48.57425	-2975.9382	590.6035	72.12366
-49572.715	-48.57425	-3056.6333	504.1892	77.34038
-49377.586	-50.28931	-3051.9448	531.9414	73.32973
-49245.395	-50.28931	-3050.8708	508.64917	73.32973
-49009.086	-50.28931	-3044.2068	504.68115	73.32973
-49375.188	-50.28931	-3054.0098	530.676	73.32973
-49460.043	-50.28931	-3045.077	532.3545	73.32973
-49806.742	-50.28931	-3034.3047	568.42285	76.76252
-49787.617	-51.05334	-3042.9275	582.6841	73.32973
-49772.875	-51.05334	-3056.4155	554.21216	73.32973
-49887.234	-51.05334	-3059.49	547.84937	78.50802
-49520.855	-55.95301	-3027.542	603.2229	78.50802
-49484.934	-55.95301	-3007.115	645.8218	71.86179
-49086.96	-55.95301	-2995.6104	621.7915	71.86179
-49059.418	-55.95301	-3000.0625	611.42236	71.86179
-49611.527	-47.06613	-2991.88	677.58984	68.31635
-49517.32	-48.75191	-3018.3567	647.9238	68.21146
-49426.59	-50.55514	-3048.8193	641.2051	68.21146
-49144.188	-50.55514	-3034.6272	618.4226	68.21146
-49848.273	-49.84605	-3034.7012	577.61426	72.33989
-49550.777	-49.84605	-3010.3982	633.8645	68.16541
-50402.195	-49.84605	-3040.7063	619.21045	70.50049
-50336.57	-49.84605	-3075.9473	606.001	70.50049
-49868.293	-50.28931	-3030.1	680.9529	68.37698
-49629.55	-50.55514	-2997.8254	724.44653	68.21146
-49645.78	-50.55514	-3010.5925	677.9072	70.50049
-49771.55	-50.55514	-2954.9597	680.8718	70.50049
-50616.305	-50.55514	-3040.172	881.2356	70.50049
-50274.336	-50.55514	-3019.5256	880.89014	70.50049
-49914.13	-56.998	-3047.2197	814.58813	70.50049
-49649.723	-57.89303	-3029.551	827.2947	70.50049
-49429.16	-55.95301	-2968.811	895.36816	68.21146
-49275.758	-49.98691	-3043.2717	837.5947	67.92085
-49758.844	-49.98691	-3033.6487	911.86523	68.37698
-50024.625	-49.98691	-3017.4766	925.9387	68.42986
-49934.18	-49.98691	-3021.8472	905.9053	67.55704
-49719.004	-49.98691	-2969.1094	889.84326	67.55704
-49639.68	-49.98691	-3036.268	832.42456	67.94243
-49593.93	-49.98691	-3035.0137	882.12964	67.55704
-49619.53	-49.98691	-3027.007	861.61865	67.55704
-49182.508	-49.98691	-3027.8245	820.04614	67.55704
-49011.88	-49.98691	-3011.941	814.9331	67.55704
-49302.934	-49.98691	-3011.695	846.5747	67.20531
-49585.637	-33.19054	-3051.479	789.1904	67.20531
-49675.055	-33.19054	-3043.3525	823.92554	67.20531
-49213.215	-33.19054	-3004.7217	706.47217	67.20531
-49088.4	-43.66964	-3016.1262	595.3738	67.20531
-48672.414	-46.89605	-2961.9436	584.77026	67.20531
-48648.664	-46.89605	-2971.6199	571.9802	72.58862
-48983.66	-50.55514	-2962.348	670.92163	66.96457
-48666.242	-50.55514	-2889.2158	732.8779	66.3578
-48242.027	-50.55514	-2872.9692	731.1848	66.3578
-48423.19	-50.55514	-2974.4788	596.073	70.50049
-48631.93	-50.55514	-2991.708	600.6006	70.50049
-48770.617	-50.55514	-2990.3398	612.5051	70.50049
-48523.777	-50.55514	-2993.3252	592.11694	72.58862
-48323.348	-50.55514	-2978.471	563.87964	72.58862
-48766.53	-50.55514	-2982.4336	598.47656	72.58862
-48938.305	-50.55514	-3011.3972	604.8259	71.00372
-52814.82	-36.33923	-3276.084	690.07715	77.34038
-52361.543	-36.33923	-2885.8826	1119.4973	73.32973
-52139.35	-36.33923	-2906.6248	1115.6667	73.32973
-52018.95	-36.33923	-2922.2766	1112.1318	73.32973
-52029.3	-36.33923	-2910.3022	1047.8372	73.32973
-52019.742	-36.33923	-2868.5698	1032.4619	73.32973
-53296.195	-43.66964	-3143.9707	867.29785	74.01904
-52394.45	-48.57425	-2646.1738	1382.1045	72.71972
-51946.766	-48.57425	-2672.1787	1263.4006	69.93009
-52098.004	-50.28931	-2891.1782	1000.80005	76.44973
-51980.94	-50.28931	-2923.303	1026.9968	76.44973
-51840.66	-50.28931	-2901.4656	1011.36914	76.44973
-52274.117	-50.28931	-2905.471	1038.4683	70.5033
-52368.78	-50.28931	-3006.222	995.3594	78.79844
-52168.13	-50.28931	-3001.2756	977.6631	78.79844
-51921.547	-50.28931	-3001.1382	939.3054	78.79844
-52151.562	-45.73336	-3009.2034	901.2639	78.79844
-52159.01	-45.73336	-2994.0173	914.26904	78.79844
-52338.973	-45.73336	-2991.6062	921.6006	78.79844
-52915.26	-43.66964	-3254.8298	638.81836	77.49073
-52444.746	-43.66964	-3264.08	598.14795	92.76247
-52212.03	-43.66964	-3265.9111	638.5012	92.76247
-52062.52	-45.73336	-3220.587	723.3259	92.76247
-51786.19	-45.73336	-3208.0715	715.49146	92.76247
-51088.914	-43.92947	-3158.1719	566.4829	92.76247
-51087.12	-43.92947	-3149.4192	559.05176	92.76247
-51041.5	-43.92947	-3147.2195	549.36475	92.76247
-50776.99	-43.92947	-3114.02	513.6045	92.76247
-50396.777	-43.92947	-3119.4758	495.51025	92.76247
-50253.16	-45.73336	-3099.8513	479.21777	91.90918
-50002.695	-37.42426	-3077.1997	418.87305	91.90918
-50204.26	-37.42426	-3098.7837	426.6306	91.90918
-50223.9	-37.42426	-3106.5435	458.69263	91.90918
-49905.39	-37.42426	-3116.9197	435.17456	91.90918
-49997.094	-37.42426	-3130.1807	440.01074	92.76247
-50278.14	-37.42426	-3142.0881	440.26294	92.76247
-50102.16	-37.42426	-3118.1472	424.708	92.76247
-50208.53	-37.42426	-3106.5583	427.8921	92.76247
-50011.484	-43.66964	-3085.3125	446.7539	92.76247
-50290.516	-43.66964	-3109.6802	466.65625	92.76247
-49984.473	-43.66964	-3110.448	451.65576	92.76247
-50018.04	-43.66964	-3091.8843	465.55127	92.76247
-50048.887	-43.66964	-3115.2632	494.8911	92.76247
-49779.637	-45.73336	-3090.8943	461.41406	92.76247
-49806.992	-45.73336	-3109.558	466.52954	92.76247
-49749.816	-45.73336	-3117.6108	451.9126	92.76247
-49465.227	-45.73336	-3091.5068	469.86255	88.90597
-49129.535	-45.73336	-3096.1401	463.0276	78.79844
-49451.89	-45.73336	-3087.7683	478.75732	78.79844
-49255.055	-45.73336	-3099.6873	484.9541	82.01817
-49288.14	-45.51318	-3094.3706	471.88208	80.59652
-49142.715	-45.51318	-3096.1665	460.97412	80.59652
-48861.137	-45.73336	-3082.2283	416.37158	77.8105
-49011.63	-38.22171	-3083.514	442.45142	77.8105
-49083.605	-45.73336	-3074.5537	452.99292	77.8105
-48936.26	-45.73336	-3077.0774	441.5681	77.8105
-48663.816	-46.6412	-3034.765	448.90723	77.8105
-48308.6	-46.6412	-3036.9385	449.1577	94.68767
-48054.39	-46.6412	-3009.356	442.2732	94.68767
-47785.797	-36.33923	-3004.3994	388.44653	94.68767
-47601.203	-36.33923	-3003.1719	369.49756	82.995
-47832.543	-36.33923	-3001.9907	392.22656	82.995
-47623.887	-36.33923	-3023.2466	376.70312	82.995
-47639.285	-33.19054	-3032.144	352.67334	82.995
-47310.75	-33.19054	-3002.5657	364.48486	77.8105
-47341.918	-33.19054	-2990.2942	374.1123	77.43421
-47232.44	-33.19054	-2990.8555	357.8916	77.43421
-47731.234	-33.19054	-3014.1685	411.02026	77.43421
-47902.156	-33.19054	-3013.067	419.2119	77.43421
-48115.95	-33.19054	-3027.0771	432.36255	73.50912
-48163.19	-33.19054	-3021.8186	421.43164	73.00068
-48245.5	-33.19054	-3010.8433	445.95703	73.00068
-49176.16	-33.19054	-3035.123	515.8767	73.00068
-49159.438	-33.19054	-3057.448	480.60254	73.00068
-49258.574	-33.19054	-3032.2793	499.19336	73.00068
-49188.754	-33.19054	-3021.6333	488.74072	73.00068
-48902.793	-33.19054	-3034.224	468.21143	73.00068
-50552.273	-66.74837	-3023.631	846.4094	76.17896
-50674.777	-66.96457	-2983.1477	912.4226	76.17896
-50813.81	-64.68629	-2982.2437	925.4436	76.17896
-50868.867	-64.68629	-3037.3052	891.4204	80.93449
-50892.223	-59.1056	-3014.8281	876.666	80.93449
-51515.082	-59.1056	-3052.9822	899.31494	78.79844
-51436.73	-59.1056	-3061.5996	881.0615	78.79844
-51244.6	-54.99712	-3077.0232	813.0432	78.79844
-51682.613	-54.99712	-3078.3538	800.8535	79.27297
-51996.164	-50.28931	-3113.3904	792.8733	81.83658
-51851.09	-50.28931	-3125.4377	807.7549	78.79844
-51831.285	-50.28931	-3134.5195	795.7649	81.6928
-51856.844	-50.04607	-3119.7085	846.09644	78.79844
-51228.6	-50.04607	-3133.1655	560.93164	86.2778
-50939.617	-50.04607	-3118.7234	587.3291	77.43421
-50942.15	-50.04607	-3091.4263	609.85645	77.43421
-51030.24	-50.04607	-3113.9055	618.1167	81.6928
-50845.68	-52.85518	-3108.7234	601.9121	77.49073
-50897.965	-52.85518	-3119.502	626.04297	79.91135
-50274.15	-52.85518	-3085.146	532.9619	81.26832
-50098.19	-52.85518	-3081.3657	551.44604	78.79844
-50105.46	-52.85518	-3078.048	561.7654	78.79844
-50353.906	-52.85518	-3091.8425	568.4739	78.79844
-50293.977	-52.85518	-3061.264	553.1255	77.43421
-50350.285	-52.85518	-3060.8523	548.8301	81.26832
-50026.38	-54.24748	-3030.8274	583.7866	77.43421
-50290.844	-54.24748	-3028.4595	587.4719	77.49073
-50499.21	-57.84118	-3043.0354	614.3877	77.49073
-51016.027	-57.84118	-3029.9194	852.4746	77.49073
-50789.7	-57.84118	-2996.8481	883.35913	76.65204
-50723.45	-57.84118	-3044.9856	858.27026	76.65204
-50616.535	-57.84118	-2965.5002	1044.0505	73.50912
-50411.836	-57.84118	-2985.979	1018.6516	73.50912
-50289.03	-54.99712	-2896.5579	1029.0852	67.8139
-50415.27	-45.11984	-3022.7974	853.21826	67.8139
-50226.395	-45.11984	-3019.6768	907.91455	65.28069
-50072.105	-46.30107	-2891.3198	1093.1938	65.28069
-49884.02	-46.30107	-2907.2402	1050.5925	65.28069
-49338.24	-46.30107	-2882.8271	1057.2126	64.68629
-49020.54	-46.30107	-2913.4375	1032.5935	64.68629
-49302.0	-46.30107	-2917.107	1050.1707	64.68629
-49991.64	-55.18182	-2967.2312	917.5393	67.1209
-49836.695	-55.37424	-2983.4478	952.9346	67.1209
-50201.844	-57.89303	-2963.5393	974.9282	67.50425
-50508.7	-59.1056	-2968.5789	1025.9214	70.50957
-50503.26	-54.24748	-2962.7842	1051.0457	67.50425
-50565.63	-54.24748	-2976.2373	1059.3313	67.50425
-50885.273	-54.24748	-3002.6028	1030.0896	70.55095
-50684.74	-54.24748	-2956.6816	1077.084	69.97175
-50331.953	-54.24748	-2970.0955	1053.7222	69.97175
-50637.97	-54.99712	-2980.2268	1018.7197	70.50957
-50244.613	-54.99712	-2956.4678	1001.09814	70.50957
-49923.21	-54.99712	-2929.419	1041.227	66.52797
-49513.492	-58.16115	-2917.0867	1062.4058	66.52797
-49472.992	-57.89303	-2902.1377	1038.168	66.52797
-49217.812	-56.31865	-2935.8618	993.5398	67.2871
-49298.816	-56.31865	-2917.954	1032.6794	67.2871
-49226.523	-56.31865	-2916.7239	1013.0432	67.2871
-48900.945	-56.31865	-2904.1375	983.60376	67.2871
-48134.445	-55.18182	-2860.84	886.0674	67.55704
-48642.49	-54.85442	-2894.3018	885.801	67.55704
-48780.23	-56.31865	-2909.3428	905.9321	67.55704
-48773.89	-56.31865	-2907.8313	895.0703	67.55704
-48597.426	-56.31865	-2909.9963	899.77124	67.55704
-48573.273	-51.91515	-2902.7117	890.7373	67.55704
-48397.207	-51.91515	-2923.5508	903.89575	67.55704
-48566.867	-51.91515	-2917.5066	903.0752	67.55704
-48505.652	-56.31865	-2922.6113	910.88794	67.55704
-48512.254	-56.31865	-2913.251	957.47656	67.55704
-50166.715	-68.21146	-3079.0972	839.75757	68.56447
-50345.047	-67.55704	-3066.498	916.4729	76.72784
-50473.816	-66.96457	-3062.4282	939.876	76.72784
-50775.586	-59.08652	-3027.69	1019.86206	76.72784
-50732.21	-59.08652	-3034.7754	977.9453	74.60427
-50334.082	-59.08652	-3039.0024	972.0132	73.00068
-50626.95	-59.08652	-3065.4146	901.6299	74.16102
-50915.188	-59.08652	-3027.5688	950.959	74.16102
-50268.355	-59.08652	-3033.876	693.792	105.39122
-49661.49	-60.26007	-2864.765	823.2119	105.39122
-49628.465	-60.26007	-2888.793	797.9573	99.12666
-49290.31	-60.26007	-2903.9167	736.197	99.12666
-49190.0	-60.26007	-2915.4885	771.6299	86.2778
-48726.734	-60.55045	-2885.6282	786.72705	77.43421
-48811.82	-61.04222	-2875.7744	767.85425	83.89106
-48444.85	-61.04222	-2871.3618	720.91064	77.43421
-48395.277	-61.04222	-2854.9404	728.958	73.46774
-48243.9	-62.0617	-2862.5344	727.0593	83.89106
-47951.492	-62.0617	-2818.541	774.05786	83.31369
-48264.7	-62.0617	-2819.643	776.08105	83.31369
-48730.8	-62.0617	-2812.3298	813.9961	83.31369
-49102.08	-62.0617	-2821.617	821.9856	83.89106
-49409.99	-60.26007	-2844.0989	836.32324	74.04159
-49343.777	-60.26007	-2848.311	822.5586	72.7438
-49238.66	-59.51882	-2845.1943	779.6819	75.55608
-49113.113	-59.51882	-2884.67	705.85645	78.79844
-48754.812	-59.51882	-2840.0764	770.3833	77.08528
-48932.133	-59.51882	-2846.7876	771.58276	72.7438
-48667.82	-59.51882	-2865.2705	716.1948	72.7438
-48514.14	-59.51882	-2876.4084	700.60376	77.43421
-48029.215	-59.51882	-2847.8228	692.9612	77.43421
-48071.465	-59.51882	-2846.8657	695.5022	77.43421
-47997.51	-59.51882	-2867.3833	684.41284	77.43421
-48429.12	-59.51882	-2871.1543	697.51025	77.43421
-48805.395	-59.51882	-2855.7913	758.0552	77.43421
-48985.676	-60.38768	-2860.0903	773.9612	77.43421
-49227.016	-60.38768	-2834.1228	811.4546	86.2778
-49192.277	-62.0617	-2834.2942	797.5386	86.2778
-49607.49	-63.26168	-2853.2363	818.7346	86.2778
-49171.977	-63.26168	-2852.4324	800.8125	90.40947
-49705.652	-63.26168	-2887.372	1077.1614	68.04924
-49372.094	-61.04222	-2894.1357	1048.6279	68.04924
-49310.67	-61.04222	-2887.3281	1034.5698	68.04924
-48879.062	-59.1523	-2898.802	947.5586	68.04924
