-129368.55	-122.43136	-6721.5176	647.5669	147.45378
-129191.836	-106.63748	-6687.592	643.6997	153.41919
-128291.766	-123.81409	-6643.714	703.00684	162.33377
-126771.16	-140.37236	-6388.0234	870.8257	146.46162
-129278.945	-122.43136	-6704.7803	646.9004	149.67123
-129110.984	-122.43136	-6622.3906	694.3291	146.3265
-129150.96	-122.43136	-6632.64	699.5112	146.3265
-128794.27	-123.81409	-6536.97	743.78125	153.46114
-128116.875	-123.81409	-6262.269	981.6865	146.90823
-127596.4	-123.81409	-6246.1567	1055.4185	146.3265
-127338.07	-123.81409	-6269.631	1042.4692	146.3265
-127085.63	-126.53001	-6253.5005	1056.1133	146.3265
-125552.24	-126.53001	-6223.6943	967.99414	145.0024
-124250.26	-97.73918	-6273.0337	925.5332	143.05672
-122629.3	-107.81284	-6136.098	939.5571	140.31827
-122565.89	-107.81284	-6162.6455	882.4004	140.31827
-122495.016	-113.14942	-6142.869	872.22656	140.31827
-115596.695	-95.74289	-5389.198	1401.2114	135.24596
-115280.14	-95.74289	-5408.466	1373.8555	135.24596
-114769.49	-95.74289	-5419.038	1389.4883	135.24596
-115466.84	-88.58894	-5493.619	1315.0693	135.11949
-115904.336	-88.58894	-5504.896	1326.9922	135.11949
-115802.336	-88.58894	-5507.695	1322.3975	135.11949
-119750.07	-98.45744	-5625.2056	1360.7471	135.83044
-118552.375	-97.73918	-5627.361	1331.8052	135.83044
-116983.305	-107.00412	-5583.0005	1230.9741	137.84203
-118527.63	-102.01997	-5623.077	1323.3877	136.55138
-118095.43	-102.01997	-5642.0225	1264.3115	137.24153
-117954.125	-99.11452	-5677.3037	1211.479	137.24153
-118438.49	-99.11452	-5686.989	1244.3589	136.35402
-120055.33	-108.20428	-5580.2754	1491.9551	136.35402
-120108.67	-108.20428	-5601.9375	1495.8877	135.91469
-119888.64	-115.4727	-6024.0503	899.2588	141.41927
-119468.55	-115.4727	-5990.0176	953.4038	140.01938
-119492.95	-114.8572	-5968.048	989.3843	140.01938
-123657.14	-126.53001	-6301.3135	816.24365	146.46162
-124003.57	-126.53001	-6268.301	862.6533	146.46162
-123749.32	-126.53001	-6282.868	863.4341	146.46162
-123656.58	-126.9536	-6238.775	860.084	146.46162
-123724.59	-126.9536	-6265.91	863.8955	146.46162
-123506.78	-125.08518	-6171.67	934.0127	143.4619
-123824.69	-125.08518	-6206.233	958.78613	143.4619
-119253.46	-106.88264	-5607.8525	1416.6372	135.55713
-118949.44	-106.88264	-5643.4688	1466.1655	135.55713
-119151.35	-106.88264	-5638.026	1444.3608	135.55713
-118307.18	-106.88264	-5590.4355	1415.7568	135.41707
-117612.195	-106.46885	-5543.163	1335.0562	135.41707
-118403.86	-93.8489	-5550.6987	1371.4185	135.20143
-118167.766	-93.8489	-5564.0933	1352.8291	135.20143
-118649.58	-93.8489	-5558.6504	1387.6655	135.20143
-118490.93	-93.8489	-5530.163	1382.3906	135.20143
-120180.055	-108.07152	-5545.567	1431.4595	135.50793
-120179.27	-108.07152	-5525.092	1426.5488	135.50793
-119703.42	-113.86264	-5632.003	1330.021	136.16826
-119001.84	-105.74832	-5622.0503	1315.5732	136.16826
-119244.164	-105.74832	-5633.666	1336.6768	135.50793
-118786.89	-105.74832	-5622.8735	1326.7456	135.50793
-118413.586	-88.37653	-5697.265	1282.9092	137.43243
-119299.32	-106.62401	-5670.4067	1263.6865	137.43243
-118490.63	-106.62401	-5633.36	1262.6431	136.65492
-116450.75	-106.46885	-5547.4404	1270.8594	135.50793
-118454.41	-108.07152	-5598.167	1350.4746	135.50793
-118563.67	-108.07152	-5595.56	1357.9316	135.50793
-118361.336	-108.07152	-5645.5513	1272.3721	135.50793
-119037.49	-108.07152	-5633.018	1366.6938	135.50793
-118826.12	-108.07152	-5668.4814	1249.7837	137.49902
-119468.414	-108.07152	-5660.2456	1265.3555	136.65492
-118785.875	-89.27043	-5640.542	1263.0073	136.65492
-119037.99	-108.07152	-5631.853	1263.2163	136.65492
-119037.664	-108.07152	-5673.3755	1251.8643	137.49902
-119456.72	-108.07152	-5661.633	1272.273	137.49902
-119224.09	-107.80138	-5566.709	1587.1958	134.80179
-119395.02	-104.17542	-5591.421	1548.4956	134.80179
-119573.27	-104.17542	-5651.6187	1501.2769	136.55138
-119585.33	-104.17542	-5645.3823	1552.5581	136.55138
-120242.68	-102.26893	-5612.184	1519.1436	137.04274
-120669.46	-102.26893	-5556.677	1491.792	137.04274
-120468.055	-102.26893	-5528.8	1498.7964	136.16515
-121130.805	-99.68277	-5583.491	1490.4263	136.16515
-120491.32	-99.68277	-5585.706	1520.5728	134.6087
-120499.8	-99.68277	-5593.7935	1555.2666	134.41359
-120587.76	-103.90179	-5604.7295	1563.3848	134.41359
-119841.9	-84.7688	-5516.729	1562.0757	134.19667
-119289.234	-84.7688	-5479.855	1509.3442	134.19667
-119810.766	-84.7688	-5488.833	1511.9883	133.87474
-118972.414	-84.7688	-5471.875	1490.3418	133.87474
-118763.66	-84.7688	-5466.326	1486.312	133.87474
-119151.15	-107.69635	-5526.947	1499.5151	135.11949
-120453.9	-95.74289	-5584.2974	1487.5083	135.11949
-120721.375	-95.74289	-5587.874	1506.0698	135.11949
-121529.17	-109.92133	-5615.7344	1524.2817	135.11949
-121437.17	-111.52749	-5607.677	1508.7949	135.11949
-123896.18	-113.86264	-6247.522	938.1279	142.94437
-124090.49	-110.83502	-6196.44	960.603	142.94437
-123898.875	-110.83502	-6249.6973	880.74756	142.87886
-123400.18	-108.12316	-6275.294	850.59033	142.87886
-123206.14	-108.12316	-6258.7104	848.021	142.87886
-122122.72	-88.37653	-6292.2285	750.23145	141.51549
-122240.48	-119.00577	-6308.201	772.13525	141.51549
-122108.8	-119.00577	-6313.4683	833.0737	141.51549
-122407.08	-107.81284	-6333.1733	845.69385	141.51549
-121957.95	-109.85083	-6232.3013	747.8779	144.98566
-121729.8	-109.85083	-6224.3604	740.1738	144.98566
-121187.01	-109.85083	-6214.7456	685.4238	144.98566
-121190.44	-109.85083	-6194.4478	711.22363	144.98566
-122962.484	-109.85083	-6302.6987	628.6582	145.14844
-122468.42	-109.85083	-6312.1675	647.4531	145.14844
-122555.875	-109.85083	-6317.3247	639.1411	147.08514
-121425.31	-111.52749	-6318.137	639.9785	146.46162
-122293.59	-109.85083	-6306.9795	609.4077	148.13965
-122449.72	-109.85083	-6305.6714	605.59375	148.13965
-122181.82	-95.74289	-6313.473	627.8887	146.46162
-122819.96	-95.74289	-6358.2134	590.3428	147.81142
-122976.945	-88.37653	-6401.8906	523.001	151.5482
-123758.336	-88.37653	-6380.305	617.8677	146.59882
-123624.234	-88.37653	-6385.9604	632.54736	149.56367
-123492.21	-88.37653	-6400.6055	634.94385	149.56367
-123647.96	-88.37653	-6353.2246	695.36816	143.99704
-124239.85	-88.37653	-6407.2817	698.3955	143.99704
-124108.7	-88.37653	-6425.8984	651.52295	146.26637
-123778.41	-88.37653	-6412.9814	636.6577	146.26637
-123668.31	-88.37653	-6422.8984	638.9961	146.26637
-123855.32	-88.37653	-6391.9478	640.9536	146.26637
-124546.58	-88.37653	-6398.1934	657.5967	145.23488
-124285.78	-88.37653	-6392.6714	649.00684	145.23488
-124683.68	-88.37653	-6398.9355	679.4336	145.23488
-125822.57	-88.37653	-6419.087	803.31104	145.10898
-126055.9	-95.74289	-6389.914	767.9214	145.10898
-125582.96	-95.74289	-6457.5835	685.9507	145.10898
-125831.71	-111.52749	-6397.2935	807.18896	145.23488
-126095.56	-111.52749	-6393.853	868.7114	145.10898
-126172.5	-111.52749	-6489.018	828.3076	145.15428
-124640.625	-119.58932	-6408.217	719.46484	145.15428
-124617.34	-121.98328	-6411.8037	715.90674	145.15428
-124608.5	-121.98328	-6425.461	664.23584	146.48795
-124490.336	-121.98328	-6398.956	705.29736	145.15428
-124613.055	-107.81284	-6435.268	694.7754	145.10898
-124282.98	-95.74289	-6340.7563	745.7832	144.98566
-123209.484	-95.74289	-6369.0557	738.187	144.98566
-123338.37	-123.17925	-6358.6387	762.7544	144.98566
-122840.23	-118.35303	-6394.1353	602.46094	155.68494
-123074.47	-118.35303	-6390.5537	646.5376	146.61938
-122577.49	-118.35303	-6386.019	589.8589	151.145
-122640.99	-118.35303	-6374.969	557.25977	151.145
-123068.25	-118.35303	-6384.426	576.0654	151.145
-122835.766	-118.35303	-6395.092	620.43164	151.145
-122846.05	-118.35303	-6390.357	601.0957	149.47394
-123075.69	-118.35303	-6392.013	619.6172	149.47394
-123232.98	-122.03947	-6311.507	640.86865	149.15945
-122968.266	-122.03947	-6347.988	618.93506	149.15945
-123077.59	-122.03947	-6343.3022	595.4761	149.15945
-122743.836	-118.98245	-6346.555	601.60596	149.15945
-122654.5	-118.98245	-6377.794	636.91016	151.145
-122023.06	-118.98245	-6344.3027	530.92725	147.8345
-122163.086	-122.03947	-6322.236	602.6279	147.8345
-122623.26	-122.03947	-6341.9805	613.8623	148.78528
-122906.83	-122.03947	-6358.899	607.70996	148.82286
-122858.69	-123.81409	-6371.0073	615.41895	151.5482
-123136.5	-123.81409	-6397.0884	622.1548	151.5482
-123329.805	-123.81409	-6396.9077	614.69385	153.79124
-123265.59	-123.81409	-6368.947	640.85156	151.5482
-123710.375	-123.81409	-6354.0303	654.8169	156.2729
-124294.76	-106.63748	-6419.2734	624.6128	151.5482
-123699.37	-113.86264	-6366.129	639.3711	150.68959
-123750.72	-113.86264	-6390.9614	615.38965	152.3476
-123931.88	-113.86264	-6395.163	625.05176	152.3476
-124581.914	-106.63748	-6421.0015	624.0845	152.3476
-124299.12	-106.63748	-6415.3794	622.0908	151.5482
-123863.484	-106.63748	-6442.9966	547.6362	151.5482
-123963.77	-106.63748	-6423.512	536.3086	151.5482
-123750.72	-106.63748	-6445.075	534.18945	151.5482
-123463.02	-106.63748	-6433.144	559.21826	148.11597
-123230.44	-106.63748	-6423.62	531.7036	159.0081
-123110.43	-106.63748	-6314.324	631.2007	145.55357
-122925.82	-113.14942	-6307.552	650.73096	145.55357
-122550.12	-113.14942	-6307.799	684.0425	145.55357
-122503.82	-107.81284	-6337.3916	638.5405	145.55357
-122179.875	-107.81284	-6328.3784	626.5918	145.55357
-121916.836	-107.81284	-6302.6504	609.3237	145.55357
-121522.71	-107.81284	-6280.4463	607.8657	145.55357
-129112.88	-113.86264	-6705.526	611.1826	153.41919
-129037.03	-113.86264	-6714.4463	613.06934	153.41919
-128874.42	-113.86264	-6716.7773	632.4165	153.41919
-128368.086	-127.99057	-6277.3447	1040.7163	153.79124
-128216.14	-127.99057	-6279.2236	1020.14795	153.46114
-128183.12	-129.7271	-6319.8823	1042.9565	153.46114
-127711.64	-129.7271	-6309.9116	1013.7959	153.79124
-124248.11	-126.97676	-6186.337	938.0034	144.99773
-124301.09	-115.50038	-5414.755	1702.9087	142.46227
-124184.08	-115.50038	-5414.3027	1687.4175	142.46227
-121806.984	-122.51748	-5405.5474	1648.9077	138.22917
-123353.46	-115.48722	-5457.4146	1669.7378	138.7607
-125282.24	-123.91177	-5510.5483	1676.3628	142.9814
-123473.49	-103.77724	-5502.5176	1639.6758	139.81068
-123443.8	-103.77724	-5519.5396	1631.4111	139.81068
-122607.19	-84.7688	-5495.997	1624.8511	136.38297
-122108.11	-84.7688	-5466.196	1645.2593	136.1402
-122642.09	-84.7688	-5450.0615	1780.4727	136.1402
-122387.4	-84.7688	-5359.215	1829.189	135.8866
-122973.51	-84.7688	-5353.305	1806.9814	135.90369
-123531.79	-84.7688	-5346.709	1850.3589	136.38297
-123084.58	-84.7688	-5352.4585	1881.7925	136.38297
-122818.95	-84.7688	-5457.4443	1821.8218	136.38297
-123566.086	-84.7688	-5417.639	1756.0747	137.57137
-122894.14	-84.7688	-5436.578	1698.5547	136.1402
-122719.46	-110.53967	-5421.388	1636.3569	137.24153
-122516.74	-110.53967	-5450.9883	1659.1426	137.24153
-121879.83	-110.53967	-5413.39	1679.6489	135.48152
-121450.49	-110.53967	-5413.2227	1746.1138	135.41707
-121688.65	-110.53967	-5424.9224	1759.9927	135.41707
-120900.28	-110.53967	-5430.529	1766.2666	134.86746
-120030.94	-110.53967	-5427.5703	1640.6724	134.86746
-120025.5	-106.88264	-5434.723	1671.3594	134.5176
-121783.61	-106.63748	-5400.0015	1623.148	134.6087
-120486.5	-107.81284	-5421.627	1662.7065	134.6087
-120378.28	-107.81284	-5431.417	1559.2231	134.6087
-120653.57	-107.81284	-5405.4253	1584.4673	134.96974
-120703.02	-108.35525	-5351.604	1612.2451	134.6087
-120168.85	-112.75695	-5284.3823	1687.6289	134.5176
-120514.125	-112.75695	-5283.4395	1704.8003	135.24805
-119908.44	-112.75695	-5295.669	1668.3174	135.24805
-118752.99	-114.53586	-5290.522	1568.8047	135.50793
-119759.79	-116.01066	-5303.457	1626.499	135.50793
-119779.44	-116.01066	-5317.775	1638.8276	135.50793
-119620.6	-112.21345	-5351.2793	1552.8501	135.50793
-119493.6	-112.21345	-5363.325	1512.8208	135.50793
-119743.14	-112.21345	-5317.646	1625.7524	135.1779
-119116.85	-112.21345	-5311.2427	1576.916	135.20143
-118657.65	-115.12469	-5254.635	1681.9829	135.20143
-118493.2	-115.12469	-5268.321	1613.8086	135.20143
-118430.95	-118.01648	-5340.3896	1639.415	137.78804
-118435.9	-115.48722	-5360.0063	1669.2695	137.78804
-119597.57	-115.48722	-5346.018	1631.1943	137.85352
-118902.62	-115.48722	-5316.7974	1591.1543	137.85352
-119442.59	-115.48722	-5336.5693	1636.5566	137.78804
-119498.04	-115.48722	-5328.5337	1644.1445	137.78804
-119996.0	-115.48722	-5325.086	1659.1821	137.78804
-119902.83	-115.48722	-5343.5366	1649.0107	137.78804
-119653.21	-115.48722	-5356.567	1667.3203	137.78804
-119612.18	-114.89305	-5362.6963	1694.8022	137.78804
-119367.83	-114.52965	-5414.455	1607.9688	137.78804
-120102.1	-113.14942	-5372.068	1643.2959	137.78804
-120776.766	-114.79426	-5330.8394	1655.4609	137.78804
-120920.6	-114.79426	-5329.136	1666.7651	137.78804
-120473.77	-115.12469	-5337.27	1647.707	137.78804
-120690.62	-114.01379	-5340.6772	1681.479	137.78804
-120671.96	-114.01379	-5351.6304	1608.9956	137.78804
-128030.19	-123.81409	-6455.271	937.7075	148.02708
-127896.33	-123.81409	-6450.858	924.7168	148.02708
-128348.91	-123.81409	-6467.521	904.438	148.78528
-128194.53	-123.81409	-6484.1284	848.41455	148.78528
-127864.07	-123.81409	-6485.129	814.6499	148.78528
-126890.41	-135.20143	-6270.3086	973.08984	148.02708
-126258.03	-103.61102	-5908.44	1351.3984	143.19392
-125692.37	-115.4727	-5985.9834	1193.0532	144.68129
-126114.71	-107.81284	-5984.7065	1219.3037	143.99704
-123257.2	-91.38908	-5405.5674	1686.1929	137.43243
-123272.57	-89.27043	-5430.0312	1677.5503	137.43243
-123679.93	-91.38908	-5491.6387	1613.543	138.22917
-121742.69	-91.38908	-5471.32	1667.999	135.91469
-122213.44	-91.38908	-5461.6	1649.1787	136.03023
-122430.445	-91.38908	-5439.036	1693.4907	136.03023
-122235.46	-88.37653	-5453.1987	1702.6118	136.03023
-122263.12	-88.37653	-5442.5933	1689.5776	136.03023
-122713.984	-91.38908	-5442.909	1694.4766	136.03023
-122773.914	-91.38908	-5443.166	1708.3701	136.03023
-122336.695	-91.38908	-5425.7466	1680.9434	136.03023
-122055.96	-91.38908	-5422.44	1631.0503	136.03023
-122236.01	-91.38908	-5428.971	1671.1279	136.03023
-121936.74	-91.38908	-5434.389	1638.5	136.03023
-122070.26	-91.38908	-5392.819	1632.4619	136.03023
-121774.93	-91.38908	-5396.947	1618.3921	136.03023
-124078.695	-113.14942	-5423.8955	1637.5107	140.37236
-124054.99	-115.48722	-5413.5547	1665.7661	140.37236
-122272.62	-122.2937	-5432.845	1588.3062	138.50993
-121330.2	-122.03947	-5459.291	1541.9277	138.50993
-123310.54	-104.0638	-5401.181	1847.3872	138.50993
-123778.73	-104.0638	-5341.4287	1819.5112	138.50993
-123332.234	-104.0638	-5332.4507	1805.2422	138.50993
-123856.42	-104.0638	-5381.131	1826.0605	137.57137
-123619.32	-104.0638	-5393.4404	1818.5986	138.22917
-123333.76	-104.0638	-5397.693	1844.4673	138.22917
-123356.664	-104.0638	-5401.054	1889.8599	138.22917
-123229.484	-112.88219	-5463.256	1818.8228	138.22917
-122550.164	-106.63748	-5414.259	1833.69	136.38297
-122564.734	-106.63748	-5398.5527	1860.3862	136.03023
-122648.695	-106.63748	-5375.484	1848.0933	136.03023
-122515.62	-107.81284	-5362.634	1826.5273	136.03023
-122423.82	-107.81284	-5359.646	1773.6543	136.03023
-122250.21	-107.81284	-5393.5015	1702.7354	136.03023
-122262.38	-107.81284	-5390.57	1676.581	136.03023
-122222.695	-110.47606	-5383.6836	1715.8833	136.03023
-122137.87	-110.47606	-5365.179	1687.6895	136.03023
-122422.51	-110.47606	-5359.619	1709.7432	136.03023
-122521.96	-110.47606	-5344.9326	1730.1611	134.6087
-122314.28	-110.47606	-5381.9893	1699.0938	134.6087
-121853.97	-110.47606	-5377.738	1672.3027	134.70337
-121119.61	-110.47606	-5404.1816	1633.7212	134.6087
-121171.57	-110.47606	-5420.8325	1632.7759	134.86601
-121604.516	-110.47606	-5468.7646	1636.9502	134.86601
-121634.23	-110.47606	-5441.949	1709.2861	134.86601
-121827.64	-104.90657	-5480.569	1679.4287	134.86601
-121748.69	-107.81284	-5498.972	1682.0542	134.86601
-121779.33	-107.81284	-5491.1025	1676.0381	134.86601
-121684.85	-91.38908	-5484.9487	1609.9673	135.11404
-121067.67	-91.38908	-5449.61	1618.457	134.6087
-121155.59	-91.38908	-5464.2236	1649.9136	134.6087
-121361.35	-91.38908	-5425.4023	1721.5273	134.6087
-121608.39	-91.38908	-5413.322	1687.0239	134.5176
-121417.37	-91.38908	-5397.236	1679.4365	134.5176
-122352.94	-107.81284	-5414.299	1690.5737	136.1402
-122596.49	-115.50038	-5413.18	1697.939	136.1402
-121705.72	-112.49861	-5386.8047	1637.5122	134.19667
-121255.02	-108.63297	-5342.517	1693.3159	133.51483
-121495.72	-91.81606	-5333.907	1700.0752	133.51483
-120501.3	-91.81606	-5312.5405	1684.4058	133.51483
-121104.195	-91.81606	-5326.2036	1687.9541	133.51483
-121706.82	-91.81606	-5342.4395	1693.1548	133.64748
-120995.11	-91.81606	-5330.9653	1672.435	133.64748
-121139.08	-91.81606	-5357.5933	1687.4482	133.64748
-120969.75	-107.81284	-5393.8013	1719.3091	133.64748
-120544.78	-107.81284	-5372.55	1716.6001	133.64748
-120249.93	-107.81284	-5416.8486	1710.5659	133.64748
-119342.484	-107.81284	-5417.5396	1649.5483	133.64748
-119523.56	-108.63297	-5403.8213	1644.1787	133.64748
-119825.016	-108.63297	-5390.6406	1628.0605	133.64748
-120056.03	-108.63297	-5355.991	1653.5928	133.51483
-118819.15	-107.81284	-5358.4795	1549.4795	133.01852
-118782.94	-107.81284	-5382.788	1546.3184	133.01852
-120301.89	-107.81284	-5355.9146	1613.353	132.23616
-119331.01	-107.81284	-5375.7944	1566.3057	132.23616
-120047.77	-107.81284	-5401.996	1571.9023	132.23616
-119713.5	-107.81284	-5404.383	1584.9355	132.23616
-119652.49	-107.81284	-5407.9414	1603.189	132.23616
-120314.38	-107.81284	-5392.8027	1644.8477	132.23616
-119826.9	-108.63297	-5352.0615	1663.4741	132.23616
-120194.234	-108.63297	-5354.822	1688.4238	132.23616
-120322.91	-108.63297	-5336.993	1721.669	132.23616
-120274.88	-108.63297	-5348.3853	1706.0059	132.23616
-120463.58	-108.63297	-5344.8286	1687.7505	133.46701
-119550.78	-108.63297	-5345.7295	1654.457	132.23616
-118818.38	-108.63297	-5352.956	1631.3091	133.49161
-118511.21	-108.63297	-5357.5103	1654.0039	133.49161
-118509.43	-108.63297	-5363.2324	1669.0933	133.49161
-119901.35	-108.63297	-5363.271	1559.0723	134.5176
-120609.52	-108.63297	-5401.373	1573.105	134.5176
-120656.55	-108.63297	-5399.0156	1585.5972	134.5176
-120477.03	-108.63297	-5432.186	1578.0479	134.70337
-119715.39	-106.46885	-5476.162	1521.3447	134.5176
-120390.2	-111.52749	-5518.487	1473.1138	135.11404
-119603.98	-111.52749	-5518.338	1472.7915	134.5176
-119766.37	-109.91685	-5509.176	1451.1396	137.85352
-120350.8	-109.91685	-5518.7305	1488.2441	137.85352
-126829.52	-140.37236	-6420.3027	873.4634	145.10898
-126371.92	-140.37236	-6403.938	868.07666	150.57047
-126306.2	-140.37236	-6445.7847	840.59375	153.76926
-126675.54	-139.69392	-6476.339	834.48584	155.45728
-126972.5	-138.17288	-6467.2715	841.0239	150.57047
-127168.91	-138.17288	-6435.4443	870.06885	150.57047
-127185.01	-138.17288	-6418.2827	918.36475	150.57047
-127030.05	-134.86601	-6448.169	875.35645	151.77692
-127164.805	-131.12895	-6466.429	801.68066	150.57047
-127353.48	-125.08518	-6522.442	736.20654	150.57047
-127550.984	-128.25	-6518.9497	780.24414	155.33942
-127494.96	-128.25	-6503.2515	744.4541	148.78528
-127307.21	-128.25	-6524.3916	717.8462	148.78528
-127233.12	-128.25	-6522.4033	701.7388	153.79124
-127450.99	-128.25	-6502.4077	744.2114	148.78528
-127511.586	-128.25	-6508.371	794.5786	147.89226
-127533.79	-128.13597	-6544.046	744.31055	147.89226
-127265.56	-128.13597	-6550.5347	777.376	147.89226
-127334.8	-128.13597	-6547.794	780.91016	148.78528
-127516.76	-123.17925	-6551.3203	784.7373	147.89226
-127419.516	-123.17925	-6570.6904	769.70605	151.5482
-127417.59	-123.17925	-6553.3057	766.1904	147.89226
-127130.78	-123.17925	-6556.344	741.4463	160.89525
-126913.7	-123.17925	-6538.8965	743.5762	147.89226
-126710.21	-123.81409	-6564.593	740.72754	147.89226
-126543.11	-128.13597	-6561.3174	728.8037	151.5482
-126479.83	-128.13597	-6548.2593	741.9712	151.2861
-126808.44	-126.97676	-6546.6353	747.16504	151.2861
-126710.9	-126.97676	-6570.669	682.32715	151.5482
-126845.04	-126.97676	-6567.4863	697.0923	151.5482
-126899.58	-126.97676	-6557.827	748.9375	151.5482
-126832.81	-126.97676	-6570.731	758.3906	154.28375
-126670.875	-126.97676	-6558.137	739.81836	150.06403
-126934.67	-126.97676	-6545.1523	702.46924	160.11342
-126797.09	-128.25	-6560.8574	676.95703	160.11342
-126825.914	-131.12895	-6522.237	709.10254	160.11342
-126680.39	-131.12895	-6531.8613	672.85205	149.82169
-126642.48	-133.49161	-6525.0073	704.86914	147.45378
-126333.62	-133.49161	-6498.1973	723.35156	147.03877
-126365.89	-131.75862	-6476.7163	780.8623	147.03877
-126661.88	-106.63748	-6529.7095	650.5781	147.03877
-126314.66	-106.63748	-6512.68	649.50586	147.03877
-126766.58	-106.63748	-6511.861	671.65674	147.03877
-126562.375	-123.24324	-6473.128	769.7612	147.03877
-126581.164	-123.24324	-6449.6357	777.21484	147.03877
-126691.25	-123.17925	-6403.5605	797.4429	147.03877
-125941.95	-123.17925	-6341.988	848.9087	145.34645
-125698.53	-123.17925	-6364.3325	790.3789	145.34645
-125447.7	-107.81284	-6394.5303	741.69434	145.34645
-124922.875	-107.81284	-6402.37	724.34424	145.34645
-124616.38	-123.24324	-6433.5493	733.229	145.10898
-125040.4	-123.24324	-6384.3696	792.7178	145.23488
-124492.19	-126.28795	-6242.219	893.29443	143.92137
-123805.95	-126.28795	-6266.2305	852.1958	143.92137
-123840.195	-126.28795	-6263.3115	894.4429	143.92137
-124008.11	-126.28795	-6246.733	943.65283	143.92137
-123815.44	-129.5067	-6216.348	949.19824	143.8741
-123496.17	-129.5067	-6220.457	978.21436	142.11165
-123066.96	-129.5067	-6193.2407	953.28613	142.11165
-124903.11	-88.37653	-6288.3486	865.7168	142.82094
-124824.805	-115.48722	-5980.361	1270.1353	142.61728
-123579.31	-122.53719	-5944.3027	1198.5107	142.61728
-124087.83	-114.52965	-5970.4297	1197.4912	142.50557
-123951.09	-123.52054	-5943.8394	1117.3472	140.37236
-123251.61	-122.00728	-5971.4824	1107.792	138.67992
-122928.97	-122.00728	-5975.0654	1133.2451	138.67992
-123222.22	-120.89301	-5976.4155	1126.5845	140.37236
-123425.445	-119.68896	-5980.248	1151.0244	140.37236
-124050.14	-119.68896	-5994.3535	1172.311	140.37236
-124114.37	-113.86842	-6062.6807	1082.9653	142.82094
-123849.64	-113.86842	-6042.335	1023.18115	142.58266
-124123.516	-113.86842	-6117.535	966.9282	142.94357
-125137.72	-113.86264	-6050.9546	1207.6343	143.09921
-124535.47	-113.86264	-6054.695	1182.2041	142.94357
-124002.234	-113.86264	-6056.417	1160.6206	142.58266
-124256.14	-113.86264	-6044.8486	1136.2021	142.58266
-123908.484	-113.86264	-6080.3613	1086.1758	142.58266
-123987.625	-113.86264	-6070.5303	1059.6025	141.44652
-124249.59	-113.86264	-6039.287	1104.6973	141.44652
-123779.7	-107.97795	-6020.6904	1040.8018	140.37236
-124020.3	-107.97795	-5999.838	1099.4502	140.37236
-123535.305	-107.97795	-6090.432	993.0503	140.37236
-123543.67	-107.97795	-6065.735	1048.8599	141.36887
-123461.23	-107.97795	-6102.5376	987.5288	140.37236
-122681.29	-107.97795	-6139.2246	976.8335	140.37236
-122652.36	-107.97795	-6127.688	938.60693	140.37236
-123016.63	-107.97795	-6135.4053	947.541	140.47026
-122762.72	-107.97795	-6110.27	945.3545	140.5689
-123269.0	-107.97795	-6131.6113	948.9033	140.37236
-123279.305	-113.14942	-6154.5435	977.44727	140.37236
-123190.94	-129.5067	-6134.301	1004.4595	140.37236
-122821.56	-129.5067	-6137.6343	974.2632	141.57582
-123289.734	-129.9001	-6108.2197	995.4756	144.175
-123466.38	-129.9001	-6110.6943	993.022	144.62007
-123452.695	-130.12119	-6111.6157	1024.6885	144.62007
-123994.62	-130.80698	-6081.5537	1026.0728	144.62007
-124249.586	-130.80698	-6060.164	1078.4229	144.62007
-124125.87	-130.71074	-6054.0967	1099.3804	144.175
-124019.33	-129.03609	-6065.97	1105.5537	143.8741
-124827.484	-129.03609	-6056.593	1123.979	143.8741
-123939.836	-119.00577	-5991.488	1054.9038	140.70695
-123613.805	-119.00577	-6010.418	1049.0859	141.89017
-123962.78	-121.91413	-6074.8877	1060.1968	141.46008
-123872.18	-113.14942	-6041.9146	1090.5728	140.72095
-123851.86	-113.14942	-6060.326	1068.3569	140.72095
-123973.734	-113.14942	-6003.9053	1146.7446	140.72095
-122955.586	-125.08518	-6242.59	909.3833	143.4619
-122499.21	-125.08518	-6245.11	922.5112	143.4619
-122815.445	-125.08518	-6243.7515	884.2095	142.87886
-122428.84	-127.09281	-6245.8145	820.70557	146.46162
-122350.1	-128.25	-6275.102	812.1421	146.46162
-122242.53	-128.25	-6264.689	792.749	146.46162
-122866.42	-125.08518	-6284.104	770.16406	143.92137
-123078.68	-125.08518	-6273.069	817.63916	143.92137
-123693.86	-125.08518	-6274.671	846.833	143.92137
-123555.9	-125.08518	-6297.566	857.6362	143.92137
-123692.15	-123.52054	-6305.6167	854.9043	143.99704
-125493.65	-123.24324	-6265.587	964.5967	143.99704
-125055.05	-123.24324	-6255.2007	924.47363	143.99704
-125064.85	-123.24324	-6257.8374	921.7617	144.98566
-125103.91	-125.08518	-6244.7563	934.10547	144.98566
-125282.58	-125.08518	-6267.027	939.11816	144.98566
-124687.82	-125.08518	-6292.7197	916.2612	144.98566
-124492.17	-125.08518	-6328.184	868.0913	144.98566
-124116.375	-106.63748	-6323.7163	748.02637	143.99704
-123846.055	-106.63748	-6318.886	747.0293	143.99704
-123303.94	-95.74289	-6266.28	856.5171	142.46227
-122458.69	-109.85083	-6210.5366	853.63916	142.87886
-123617.2	-123.24324	-6307.946	824.0757	142.99063
-123518.38	-123.24324	-6301.516	816.104	142.99063
-123008.54	-123.24324	-6291.5063	782.16895	142.99063
-123028.734	-123.24324	-6271.5205	802.1455	142.99063
-123313.63	-123.52054	-6289.4595	810.6304	142.99063
-122864.234	-123.52054	-6292.946	792.85645	146.48795
-123099.49	-97.73918	-6293.535	809.0669	141.57582
-122430.73	-97.73918	-6258.5596	798.7793	141.57582
-122139.29	-97.73918	-6280.9224	725.4746	142.94437
-122799.24	-97.73918	-6313.7085	729.16455	142.94437
-122976.67	-97.73918	-6294.3926	758.6758	142.94437
-123162.01	-97.73918	-6293.178	801.83984	142.94437
-123015.91	-97.73918	-6264.5903	798.13135	142.94437
-122555.875	-113.93409	-6303.703	804.80615	142.94437
-122701.39	-113.93409	-6309.46	808.1709	142.94437
-122704.23	-113.93409	-6296.372	796.5469	142.94437
-123729.14	-123.24324	-6257.9517	902.78955	143.12512
-123917.48	-107.81284	-6362.8047	747.17285	143.12512
-123301.766	-107.81284	-6341.6235	742.4585	143.12512
-123851.18	-123.04027	-6307.185	803.1665	143.12512
-123899.07	-123.04027	-6351.9614	776.0073	143.78625
-123691.38	-121.52893	-6318.794	810.23145	142.94437
-123761.36	-123.04027	-6376.0464	756.0239	142.9814
-124029.766	-118.98245	-6385.8296	770.0034	142.9814
-125554.05	-121.98328	-6416.259	778.91016	143.12512
-124982.805	-121.98328	-6432.6045	759.7617	143.12512
-125260.87	-121.98328	-6432.498	748.3179	143.12512
-124667.18	-118.98245	-5821.644	1444.7036	142.94437
-125504.38	-107.81284	-5820.9946	1396.8516	142.9814
-125107.4	-107.81284	-5820.195	1398.9722	141.41927
-126032.93	-107.81284	-6196.875	1111.8867	143.8741
-125690.984	-97.73918	-6232.2485	955.1289	143.8741
-125821.055	-107.81284	-6203.282	1024.5781	143.8741
-125794.14	-107.81284	-6207.105	1036.625	143.8741
-125859.02	-107.81284	-6164.0186	1062.3633	143.8741
-125753.58	-107.81284	-6182.815	1044.9253	143.33925
-125174.51	-107.81284	-6188.1226	1038.8511	142.50319
-124623.71	-99.11452	-6088.94	1143.519	142.11165
-124812.59	-99.11452	-6120.2153	1154.5098	142.11165
-124578.37	-107.81284	-6156.427	1023.0825	140.37236
-124368.76	-107.81284	-6151.6484	1016.3628	140.5689
-123812.89	-107.81284	-6153.653	1017.0327	140.37236
-124330.23	-107.81284	-6148.3354	1027.6909	140.00764
-123253.055	-109.89557	-5854.5	1299.1074	137.24153
-122383.305	-109.89557	-6009.6616	1112.1719	138.50993
-122638.75	-109.89557	-6038.7114	1082.3164	139.69392
-123334.18	-109.89557	-6030.313	1098.8096	139.69392
-123435.73	-109.89557	-6005.4224	1126.0444	139.69392
-123975.57	-109.89557	-6038.7476	1065.0527	140.52466
-124274.83	-109.89557	-6098.4204	1017.0049	142.50319
-123952.945	-109.89557	-6055.0815	1040.7788	140.93756
-123627.6	-109.89557	-6042.4663	1051.4976	140.47026
-123288.5	-106.63748	-6093.3794	967.10547	140.47026
-123491.23	-106.63748	-6097.414	1007.5176	140.47026
-123945.68	-106.63748	-6112.449	937.7261	142.82094
-123212.04	-109.91685	-6099.377	909.374	142.82094
-123253.305	-109.91685	-6097.479	933.8076	142.82094
-123272.51	-109.91685	-6086.0625	946.86426	142.85373
-123506.08	-109.91685	-6062.367	993.08936	142.85373
-124128.516	-125.77295	-6143.4805	1052.6914	142.94437
-124431.01	-125.77295	-6173.5723	981.85645	142.9814
-124980.23	-125.77295	-6206.145	1021.8789	142.9814
-124370.1	-123.7683	-6005.56	1188.7104	142.87886
-124425.94	-123.7683	-6013.0566	1197.4185	142.87886
-125004.93	-123.7683	-6011.135	1236.9458	143.92137
-124623.62	-118.27908	-6007.3457	1251.813	142.87886
-124500.484	-118.27908	-6012.9644	1166.4751	142.87886
-124176.44	-118.27908	-6042.7324	1119.229	142.87886
-123647.17	-118.27908	-6112.643	973.3706	142.87886
-123858.67	-118.27908	-6129.4126	985.01807	142.87886
-123666.0	-118.27908	-6133.044	995.2593	142.87886
-123468.72	-118.27908	-6116.5415	975.3467	142.87886
-123368.6	-118.27908	-6146.826	974.77783	142.87886
-123640.266	-113.86264	-6154.1074	972.81494	142.87886
-123557.49	-113.86264	-6167.9453	977.93164	142.87886
-123573.05	-113.86264	-6154.764	998.2451	142.87886
-123610.75	-113.86264	-6174.578	1013.8999	142.87886
-123700.44	-113.86264	-6138.49	977.96045	142.87886
-123525.16	-123.17925	-6138.6426	1005.33154	140.73134
-123327.8	-122.56346	-6154.69	990.47314	140.73134
-123282.3	-122.56346	-6168.0107	1044.7739	140.73134
-123212.78	-123.17925	-6143.7153	1059.501	140.73134
-122490.516	-123.17925	-5977.8564	1200.749	139.69392
-122125.16	-122.03947	-5995.7	1166.3579	139.69392
-122555.88	-122.03947	-6010.0957	1109.1353	140.35057
-121964.29	-122.03947	-5973.34	1089.8472	140.35057
-121186.914	-115.48722	-5987.7847	1052.4326	139.69392
-121399.88	-115.48722	-6015.248	1055.7451	139.69392
-121411.72	-115.48722	-5989.919	1068.374	139.69392
-121557.41	-114.8572	-5976.4365	1081.1929	139.69392
-122485.484	-103.99152	-6041.962	976.7407	139.69392
-122082.55	-103.99152	-6068.9507	980.9331	139.69392
-122090.28	-103.99152	-6047.1504	1050.5337	139.69392
-122351.71	-103.99152	-6046.4507	1105.4277	139.69392
-122414.43	-103.99152	-6076.741	1108.7788	139.69392
-122074.99	-103.99152	-6100.7036	1082.9556	139.8532
-122967.516	-103.99152	-6061.1255	1031.5005	139.8532
-123078.47	-103.99152	-6086.3735	1037.293	139.8532
-123146.25	-103.99152	-6032.8325	1068.7744	139.8532
-123301.68	-103.99152	-6013.102	1101.5933	139.38202
-122853.13	-103.99152	-5986.5386	1097.7095	139.11928
-121490.29	-103.99152	-5990.0103	1017.3032	139.11928
-122305.44	-95.74289	-6029.371	1011.9155	139.38202
-122150.43	-95.74289	-6045.4653	1000.76465	139.38202
-122048.07	-95.74289	-6057.895	1014.18994	139.38202
-121824.266	-97.73918	-6030.844	1034.8179	139.62997
-119860.1	-103.99152	-6000.8647	1019.0718	139.11928
-120207.65	-103.99152	-5899.5605	1109.5864	137.62856
-120650.586	-103.99152	-5903.2607	1124.1191	137.62856
-120709.13	-103.99152	-5894.401	1104.9111	137.49902
-119791.58	-103.99152	-5904.5293	1151.541	137.62856
-119768.25	-103.99152	-5930.6177	1139.147	137.78804
-119103.375	-103.99152	-5900.76	1060.6807	138.43167
-119093.23	-103.99152	-5914.7256	1029.5708	138.43167
-119363.8	-103.99152	-5943.831	985.6748	139.24025
-120139.48	-103.99152	-5982.618	973.916	139.35718
-120298.81	-103.99152	-5997.6963	981.79736	139.35718
-120061.945	-103.99152	-5992.2393	941.15283	139.44075
-119978.8	-103.99152	-5979.589	941.53516	139.35718
-120921.94	-109.85083	-5980.575	937.0122	139.69392
-122416.45	-109.85083	-5934.6763	1057.4902	140.01938
-122302.97	-109.85083	-5922.167	1075.708	139.69392
-121647.54	-109.85083	-5976.8735	988.3833	139.35718
-121300.875	-109.85083	-5987.4155	984.7324	139.35718
-121397.21	-109.85083	-5984.4307	977.8823	139.35718
-120769.82	-119.58932	-5947.153	1027.3335	139.35718
-120867.74	-119.58932	-5915.847	1069.7598	139.35718
-120783.305	-119.58932	-5900.6445	1046.624	139.35718
-122265.87	-113.86842	-6008.311	1038.3081	138.94272
-121946.46	-113.86842	-6008.649	1021.88525	138.6243
-122057.16	-114.79426	-6029.969	995.1406	139.35718
-121370.42	-114.79426	-6041.8647	970.7549	140.87128
-120961.45	-120.34402	-6027.666	978.21387	140.87128
-120739.94	-120.34402	-6030.7495	980.63477	140.87128
-120844.43	-120.34402	-6000.845	1010.7168	139.42493
-120682.07	-120.34402	-5973.66	1006.1743	140.31827
-121509.336	-120.34402	-5984.626	1019.90576	140.31827
-122104.99	-120.34402	-5981.623	1085.4087	140.31827
-121766.21	-120.34402	-5996.1143	1093.8423	140.31827
-121839.016	-121.98328	-5993.9146	1070.6812	140.31827
-121588.73	-121.98328	-5992.0264	1034.7178	140.31827
-122006.13	-121.98328	-5969.5107	1054.4692	140.31827
-121684.414	-119.24809	-5960.408	1046.9097	140.31827
-121814.76	-119.24809	-5953.767	1046.0908	140.31827
-121948.25	-119.24809	-5944.265	1042.9971	140.31827
-122406.18	-119.24809	-5974.015	1098.521	140.31827
-123006.67	-121.98328	-5997.558	1106.1543	140.31827
-123272.86	-112.21345	-5999.204	1096.7744	140.36024
-123380.28	-112.21345	-5991.8438	1177.0488	140.36024
-123249.17	-112.21345	-6038.0845	1111.3545	140.36024
-122905.56	-112.21345	-5986.556	1109.165	139.42493
-123063.195	-112.21345	-6009.928	1184.2349	139.62997
-123341.91	-114.01379	-5995.391	1200.4834	139.42493
-122745.4	-114.01379	-5981.0825	1169.8042	138.6243
-122879.59	-119.24809	-5957.7334	1208.2974	138.50993
-122596.05	-119.24809	-6001.346	1103.1987	138.50993
-122069.805	-119.24809	-5995.852	1089.0034	138.50993
-121457.69	-114.52965	-5977.5005	1076.4502	138.50993
-121784.05	-114.52965	-6003.076	1082.4795	138.06384
-122046.58	-112.88219	-6002.013	1098.0552	138.06384
-122665.69	-114.52965	-5990.662	1140.2378	138.06384
-122352.04	-114.52965	-5996.0693	1110.8354	138.06384
-122724.69	-119.58932	-5990.315	1119.3047	138.06384
-121982.91	-113.93409	-5971.0537	1087.5342	138.06384
-122254.2	-109.85083	-5975.772	1080.6675	138.06384
-121860.94	-105.74832	-5976.493	1083.9253	138.06384
