8369.29 46.09102 1299.0865 209.547 101.22527
8657.596 82.07304 1268.737 301.55896 116.73819
8569.798 59.5564 1277.4795 256.89893 108.3306
8449.324 65.11522 1304.6848 221.99316 101.66351
8492.486 83.89146 1268.7732 269.99976 109.69693
8553.967 69.90499 1319.7755 226.349 116.73819
7660.7515 59.5564 1141.6624 237.9353 97.58084
8649.458 69.90499 1276.8966 251.25879 101.66351
8657.333 82.88181 1245.2465 289.70337 100.28615
8376.841 59.42687 1148.5199 412.4126 93.52157
8784.385 82.88181 1229.6084 348.33386 105.07169
8641.819 59.42687 1287.9812 241.87329 101.66351
8694.628 89.51116 1259.9305 347.4082 102.20926
8632.11 76.00563 1257.0525 277.5005 103.72021
8666.47 76.24466 1220.5394 343.77307 97.58084
8709.005 66.48973 1200.4729 394.15796 101.22527
8885.323 76.00563 1312.6519 259.38428 110.44254
8787.876 68.00309 1235.8723 379.18298 105.92879
8640.412 65.11522 1296.1119 270.08545 108.3306
8763.636 76.24466 1237.4521 343.7334 104.26955
