15893.502 4.58039 578.0491 157.2608 11.38508
15914.611 5.67274 562.6716 158.5672 10.63579
16294.763 5.11175 579.3443 172.57874 10.87566
16482.229 6.49846 580.16504 182.21277 10.5797
16113.801 5.42679 575.23987 140.44977 11.18973
16639.582 5.12445 596.0934 170.15619 10.95399
16215.853 5.74195 567.56714 167.74915 11.01635
16723.752 5.04876 596.4227 180.04565 11.31503
16343.945 4.56618 584.992 175.63818 10.71961
15916.037 3.99124 569.7821 149.12335 10.52616
16419.969 6.22575 573.85754 174.86646 10.36243
16216.302 5.31225 561.67554 157.90332 10.97771
17311.168 4.87545 556.32764 226.54291 10.60754
17270.504 5.4231 546.0097 264.23798 10.85403
17204.248 5.66039 542.0092 239.78333 10.71308
17129.205 5.84123 548.39545 233.84967 10.69626
16867.068 4.30349 530.4427 257.62854 10.37449
17117.346 5.85491 549.83264 228.23596 10.49095
16607.125 6.27216 525.48944 271.8676 10.7014
17215.658 4.8775 535.1885 257.29498 10.96905
17281.244 6.02827 559.23126 211.2049 11.23833
16945.645 5.88473 548.78723 226.53186 10.96905
15809.318 4.19881 559.2055 172.87079 10.57781
15140.059 5.39537 486.4851 258.71136 10.22888
15233.358 5.11175 544.894 155.14966 10.64284
