116026.05 104.17542 5431.2295 1718.0303 149.88327
116094.75 89.28175 5674.0454 1189.185 159.64177
114884.695 94.063 5535.2134 1397.435 155.32898
116440.38 89.28175 5572.1816 1268.7402 144.175
116364.41 95.1551 5646.014 1413.1724 153.98515
116388.08 105.57594 5765.284 1235.8892 157.82838
114404.51 99.11452 5635.779 1351.4365 149.88327
115333.18 91.81606 5233.516 1690.7754 147.63799
118911.64 104.85193 5599.1094 1456.0586 159.88197
116234.555 99.06207 5334.7754 1725.0396 150.68959
115538.93 104.85193 5497.0225 1336.6997 152.75224
114152.94 95.74289 5522.079 1468.3276 144.98566
114717.51 93.8489 5471.798 1507.7012 147.38028
112763.64 94.52599 5454.53 1180.457 161.42738
115164.375 99.53857 5488.435 1365.8765 151.5482
121029.49 103.01736 5265.3433 1780.8032 143.8741
122286.87 91.38908 5290.1406 1806.2632 148.81175
120413.61 91.81606 5256.175 1758.3726 148.70192
123679.6 106.63748 5311.572 1961.4966 142.87886
123706.664 105.06393 5314.8555 1898.4326 143.99704
123497.234 106.63748 5261.011 1831.8267 146.12917
113563.32 90.07531 5602.7554 1430.5781 146.8824
113700.09 88.37653 5612.324 1140.3667 157.82838
115145.26 106.62401 5316.5186 1663.8447 157.92119
117078.664 102.01997 5519.4077 1462.3594 153.41919
