817.74414 107.13702 374.15265 63.027252 107.13702
782.886 103.83735 365.7921 49.34323 108.74766
680.757 108.74766 332.09073 15.101532 136.09615
817.1001 98.73409 359.63733 95.04794 92.96057
753.12494 104.6066 364.78033 29.650818 108.74766
731.208 108.7458 354.4166 21.941559 104.8258
754.5559 108.7458 371.52783 20.951782 111.59927
777.52826 81.43288 369.3405 62.240173 111.70015
695.2576 90.96126 307.94165 81.3736 96.66178
662.108 70.99504 297.61572 53.94983 96.66178
786.0302 110.00793 366.37567 59.60443 110.44346
765.46655 107.17459 365.53555 44.888367 104.8258
770.3136 110.44346 355.36313 56.811523 108.7458
777.2609 104.8258 370.13525 40.71411 120.02276
