7652.3516 4.3254 944.5819 194.12744 38.33129
7652.353 4.3254 944.58185 194.12738 38.33129
7614.2305 6.03521 931.40784 186.3938 42.47788
7478.1714 9.09407 770.7252 345.43103 28.56166
7651.1333 6.03521 928.9427 203.93854 38.50505
7607.5894 9.08314 893.29205 253.2149 38.33129
7615.8354 4.3254 933.4354 195.52795 35.22947
7554.716 6.03521 901.036 188.86536 38.50505
7539.181 9.08314 847.77 280.61523 30.77288
7358.083 7.04364 887.29047 153.34674 38.33129
7658.0312 4.3254 950.3709 174.10638 42.66518
7421.637 6.03521 775.7349 319.0445 28.78408
7535.8174 5.80426 829.69073 300.76337 29.28648
7432.821 4.3254 775.10156 338.13342 27.54886
7593.8125 5.92998 945.101 170.95538 42.47788
7608.8643 6.03521 923.6575 218.98706 35.22947
7644.024 6.82983 937.24286 190.86127 38.33129
7480.203 9.04912 909.0306 188.38641 35.22947
7389.0615 4.3254 886.84863 292.21082 33.09188
7645.639 5.80426 939.51324 187.59222 42.19945
7651.133 6.03521 928.94275 203.93848 38.50505
6428.9116 23.21754 663.38367 458.99976 26.21495
6265.4077 20.65559 643.2468 398.0232 22.53658
6543.0566 19.99211 707.29504 416.7567 22.6624
6147.8335 20.29102 636.8868 361.29846 20.82905
6347.29 19.99211 643.58215 443.5166 17.51422
6552.747 14.09013 665.7809 410.99536 18.24545
6296.6055 21.60812 630.7499 371.25317 30.21963
6454.0146 21.85575 646.4317 448.23407 29.36699
6154.943 19.35933 606.77386 511.35956 16.64856
6532.2993 19.04572 665.0379 409.4317 23.03474
6386.987 22.6857 664.9646 446.0277 29.36699
6232.749 21.51581 628.8452 490.20923 17.27208
7498.7905 4.3254 840.16785 267.75647 32.36954
7445.9937 8.4868 769.87146 318.3789 28.17564
7484.392 9.08314 771.3166 350.37628 28.56166
7485.005 9.08314 770.7061 333.06232 28.17564
6838.4043 12.62948 760.707 264.71893 23.21754
7557.6626 4.3254 849.8922 255.4054 34.64907
7077.745 6.82983 865.048 183.7898 34.64907
6422.5737 15.11578 717.4517 241.03693 33.50922
7096.549 8.4868 788.2731 226.43951 27.85872
6825.2397 5.92998 831.7482 160.05054 30.40059
6151.124 8.79305 706.0459 208.81738 22.6857
6754.9653 9.09407 775.533 226.44897 24.7394
6440.9043 11.83952 690.6301 341.3739 18.37289
5889.1924 3.11481 680.0613 186.10059 22.53264
7068.345 5.92998 839.644 191.53473 30.77288
7113.0083 9.09407 802.3323 329.14172 22.6857
6362.5996 12.2174 681.24945 358.22223 17.37529
6265.57 3.6656 762.5926 142.58466 26.21495
6263.882 3.6656 760.9036 134.4419 26.21495
7007.546 9.09407 797.1923 250.8576 27.26857
6225.854 5.27439 755.026 146.97028 30.0373
6110.8247 6.82983 713.57825 187.6922 22.6857
6533.7715 9.11921 792.43896 208.38959 29.36699
6201.9663 5.80426 748.0542 151.45593 30.0373
6324.0435 10.83634 765.7976 197.27881 28.40491
6777.4644 10.47395 812.331 190.32886 36.48998
6186.91 9.11921 745.2612 195.01227 28.40491
6630.0156 4.13811 781.88794 267.03772 23.45232
5937.9146 4.3254 735.9893 148.37756 28.40491
6861.655 9.09407 824.8312 224.90063 29.36699
6431.999 12.2174 738.31055 228.94354 23.45232
5926.382 4.3254 728.5246 144.30865 28.40491
6959.064 12.56759 793.2136 275.34766 30.40059
6465.0005 10.93273 783.1638 156.60565 33.09188
6573.792 11.08703 798.4435 184.10693 30.40059
6853.086 10.47395 805.2145 315.51 25.61572
6656.2793 10.19582 806.189 168.97235 30.40059
6758.027 10.19582 801.0524 201.12671 30.40059
6274.633 15.80146 700.32745 300.74493 20.47737
7265.82 9.09407 817.91425 291.5589 28.17564
6351.6187 8.79305 713.0275 238.97253 20.82905
6939.153 12.56759 809.4012 218.81122 30.40059
6907.8574 10.47395 793.88165 227.89581 30.21963
6822.149 10.47395 804.30426 247.85333 30.0373
6981.816 9.45388 785.5101 264.30023 24.65902
6059.3706 5.27439 737.72595 136.53857 30.0373
6944.3047 13.81957 784.24036 286.19336 24.7394
7029.032 8.4868 796.4157 249.58795 26.20491
7104.123 9.04912 800.7244 252.53705 26.20491
7129.701 3.11481 834.214 256.989 28.17564
6473.384 15.33938 723.6613 289.6037 20.82905
6710.0396 16.55372 752.3425 276.96057 23.21754
6631.461 16.55372 747.07935 276.242 23.21754
6409.619 9.04912 747.8875 201.65839 26.77596
6558.5776 9.04912 771.02606 180.8139 27.62561
6897.9077 8.66173 827.1158 254.55096 28.40491
7231.3423 9.09407 846.34644 284.41382 29.28648
6212.9526 3.41494 782.06305 105.55133 30.40059
7441.6997 9.08314 841.25183 261.23242 30.77288
6894.9546 10.19582 838.0099 249.44678 30.0373
6993.391 12.62948 742.5254 284.94092 26.31472
6677.9453 12.62948 795.15704 214.59894 24.41807
7299.839 7.04364 881.88214 175.2807 36.54747
7069.965 6.82983 797.7292 268.09332 24.7394
7157.6436 10.98809 792.5628 292.67413 26.88716
6851.2324 12.62948 778.3484 234.59137 24.7394
6954.498 12.62948 808.7988 230.33093 30.40059
6191.831 4.3254 763.9223 118.68005 30.40059
6297.167 5.27439 770.7874 143.56158 30.40059
6455.6963 5.27439 788.66907 142.68549 33.09188
6418.166 10.19582 792.5258 133.46637 33.09188
7065.0337 8.66173 865.8264 180.04175 30.0373
6364.046 8.25139 796.55597 142.32605 35.67205
6903.339 6.82983 774.337 291.34735 22.6624
6894.798 8.79305 769.64984 319.77484 22.14375
7008.05 16.55372 760.1273 343.73193 22.14375
7257.8955 5.80426 881.15643 266.41632 30.0373
7225.8228 8.66173 877.2715 253.39905 30.0373
6859.4976 8.66173 826.2282 238.76459 27.62561
7076.2617 15.80146 763.71674 348.33344 23.21754
7002.178 13.25628 774.84875 321.14294 24.19617
6849.968 3.41494 808.52875 179.41626 30.52903
6860.876 3.41494 807.96564 178.58276 30.52903
6871.2056 7.04364 806.60547 179.82977 30.2279
6602.9614 9.11921 756.80896 274.84558 22.6857
6616.073 9.11921 761.9312 280.2409 22.6857
6672.0205 10.47395 793.4205 185.22284 33.09188
6727.4756 10.47395 808.8738 184.8927 35.67205
7122.545 12.62948 821.09033 250.19617 33.09188
6712.531 14.09013 757.29156 271.1927 28.3981
6981.007 5.27439 819.01874 280.27887 24.15528
6288.2656 8.66173 679.65656 297.50903 18.37289
6780.2334 8.25139 754.28564 276.104 20.82905
6572.5503 8.66173 744.1435 190.52094 26.91926
7479.5493 4.3254 784.0954 320.65118 28.56166
6506.8794 13.81957 748.932 282.0537 22.91576
6129.346 9.08314 724.3206 192.52063 24.81566
7396.7466 9.08314 803.8138 326.23236 27.85872
6907.718 16.21669 750.74475 289.78772 26.1624
7020.6636 16.21669 765.5457 284.06024 30.0373
6702.212 16.55372 720.5553 313.65417 22.14375
6212.727 12.85446 731.4747 277.53955 22.91576
6934.948 16.21669 755.04504 283.0608 30.0373
6251.6724 8.4868 737.38385 193.47162 25.31491
6411.08 7.04364 692.5552 295.82355 18.43085
6366.2593 12.85446 722.1905 273.04895 22.91576
6283.1025 12.85446 724.1036 259.33807 22.91576
7151.185 10.47395 845.15515 255.47546 30.40059
7187.948 10.47395 844.0754 260.70428 30.40059
7065.53 15.83616 750.017 342.53436 27.62561
7492.188 9.09407 838.9023 270.8642 31.29347
7441.8315 6.03521 795.9295 334.21344 28.17564
7342.614 4.3254 878.397 240.84436 32.59545
7378.0107 6.03521 831.53973 296.8531 28.17564
6936.464 12.62948 824.10156 223.86157 33.09188
7016.5757 10.24273 854.16394 166.52856 33.09188
6845.295 11.83952 829.75696 198.17126 33.09188
7123.2266 9.09407 855.02637 206.21936 30.40059
6606.4067 8.25139 682.8739 375.61865 18.24545
6918.3887 11.83952 829.4732 198.47565 33.09188
6458.1704 8.25139 699.4099 345.61926 18.24545
6419.7197 11.44046 687.23376 296.0177 19.70974
7209.4214 11.83952 864.30176 231.80334 33.09188
7183.3926 5.80426 807.3069 290.26538 24.65902
6847.1577 6.82983 813.7786 299.78607 24.41807
6933.1724 11.83952 819.85724 213.72394 33.09188
6822.8945 13.81957 805.948 222.2898 33.09188
6482.3735 8.4868 696.3954 351.66284 18.24545
6393.053 11.44046 695.84515 283.3391 18.75478
6582.0537 7.04364 762.0205 196.90808 24.81566
6410.068 11.44046 692.64276 281.6858 18.75478
6511.8506 7.04364 699.52136 272.3792 18.75478
6713.3135 7.04364 704.3434 406.10168 18.53034
6673.423 6.03521 707.607 413.66595 18.53034
7288.6836 4.3254 825.133 267.60248 26.7055
6818.7827 14.55034 768.8931 259.9184 30.77288
6581.4717 5.92998 729.93744 368.49542 18.78206
6557.7144 12.6661 753.25275 228.4627 29.39395
7321.603 4.3254 834.95447 259.56824 28.17564
6995.784 6.03521 771.68286 258.97717 24.41807
7111.712 6.03521 790.9213 242.59406 26.77596
7163.8174 4.3254 798.9008 248.71088 26.77596
7127.1465 3.11481 829.1653 247.10693 26.77596
7009.295 5.80426 812.3541 286.15637 24.15528
7141.286 6.03521 794.33704 270.98596 24.7394
7106.3594 3.11481 825.9801 245.0299 26.77596
6395.4146 3.11481 685.91174 265.1311 18.78206
6838.561 6.53957 798.10504 250.52362 24.7394
7032.902 5.80426 793.9026 256.46863 24.15528
7029.96 4.3254 800.90674 248.557 27.36176
7158.3765 4.3254 796.66705 240.73004 27.62561
7179.5615 4.3254 834.1339 280.2213 24.15528
6570.0425 13.81957 728.62384 238.61761 23.61153
7203.0312 4.3254 817.19446 253.3977 27.62561
6396.9463 16.53516 694.6905 292.34125 20.47737
6389.007 12.85446 683.3383 258.16125 20.47737
7102.4707 9.09407 795.6185 293.20813 24.15528
7056.2905 10.24273 782.656 277.46094 24.7394
7169.017 10.24273 793.585 239.58234 30.22584
7003.4873 9.09407 803.2803 274.50525 24.7394
6926.438 14.09013 757.2445 330.0028 24.15528
6998.216 6.82983 839.54425 188.39594 26.91926
6928.0615 3.6656 831.44354 188.02203 26.77596
6882.04 3.6656 833.3744 225.7002 26.88716
6791.7007 13.2815 770.9557 276.98596 23.49004
6477.492 5.92998 799.00165 170.03564 30.0373
6863.9556 8.79305 822.34186 153.18964 33.09188
7203.0586 8.4868 847.6415 262.1543 25.31491
7093.9175 12.62948 816.99817 275.93726 28.17564
7196.6016 12.62948 831.7804 262.17346 33.09188
6823.113 8.79305 792.37317 214.5138 30.0373
7309.879 12.56759 872.8381 264.45197 33.09188
7365.1074 9.09407 777.60065 365.0562 28.17564
7148.033 10.19582 733.8171 403.02228 24.15528
6950.8315 14.09013 766.1374 310.28192 25.17749
7279.4033 10.19582 789.24963 352.75317 27.62561
7284.3213 12.56759 825.39856 293.1488 28.3981
6955.967 13.25628 761.86127 288.54803 24.41807
6833.7573 5.27439 803.59406 258.63287 24.41807
6801.909 5.27439 804.83984 260.45874 24.41807
7159.0967 3.41494 819.72327 253.05444 27.54886
6361.373 3.11481 700.4253 292.2743 18.78206
6671.5557 8.79305 804.21216 213.97571 30.0373
6471.198 8.79305 778.10046 175.40729 30.0373
6949.0786 14.09013 795.0103 291.8393 29.28648
6904.2725 14.09013 788.7696 282.5302 22.6857
6576.2163 9.45388 812.3395 189.9173 30.0373
6830.3784 12.62948 773.46564 264.19086 24.15528
6538.3647 10.19582 758.57416 205.84076 25.61572
6756.053 14.09013 761.6324 310.65826 20.64232
7212.868 3.41494 816.4639 257.7691 28.17564
6733.5605 13.97221 763.4772 313.80847 20.64232
6428.406 8.25139 793.40137 151.90515 30.40059
6465.844 9.08314 780.8709 156.2348 30.40059
7116.4614 3.41494 814.854 242.82446 28.17564
6437.0044 10.19582 777.46185 155.73773 30.40059
7103.823 3.41494 805.9612 237.08618 28.17564
6715.4614 13.25628 742.6823 268.72955 24.65902
6410.45 9.11921 687.5944 300.37286 18.78206
7002.6875 5.80426 863.48083 158.48907 33.09188
6749.5903 10.19582 792.5528 209.81708 23.49004
6608.568 8.79305 775.3882 205.83313 23.49004
6907.975 16.53516 753.37604 336.9284 24.15528
6437.383 8.4868 793.24493 176.36127 30.0373
6337.6094 8.79305 753.13635 222.61078 22.69691
6360.872 11.83952 713.2667 246.72394 20.47737
6314.551 13.81957 734.84186 222.27301 24.41807
6517.403 8.4868 792.87805 155.87903 30.0373
7019.474 8.4868 807.3786 290.51422 24.15528
7062.607 3.6656 821.0589 238.41486 28.17564
6307.723 15.83616 721.0707 216.68176 23.61153
7168.965 9.08314 729.94147 392.2475 24.15528
6469.7847 9.04912 786.9632 161.10419 30.0373
7196.8535 4.3254 867.71313 184.97021 34.64907
6980.428 3.6656 820.6353 248.69623 25.31491
7012.471 3.41494 866.6477 153.6994 33.09188
6985.5645 13.25628 796.8613 296.58313 23.90247
6782.733 16.53516 756.59753 315.73486 20.47737
6543.4185 4.3254 790.41 158.9397 30.0373
7112.3623 3.6656 826.93964 254.03583 25.31491
7093.655 3.41494 860.3611 187.943 33.09188
6323.682 12.62948 723.6399 206.16022 24.65902
6304.9062 12.69145 703.6209 239.36835 23.49004
6406.234 4.3254 809.18774 143.09747 30.0373
7084.2124 6.03521 868.51215 183.97345 33.09188
7273.612 4.3254 864.43365 248.06122 29.28648
6119.8315 12.85446 679.0692 236.79059 20.47737
6963.6587 9.04912 800.6294 209.01575 30.22584
7324.384 8.4868 841.5888 240.75702 29.28648
7298.701 9.08314 823.41656 280.0058 26.88716
7200.4033 9.09407 821.08936 245.83228 28.17564
6578.58 4.3254 818.5486 174.6604 30.0373
6684.3076 16.55372 747.45654 283.312 22.14375
7069.436 6.03521 865.8791 166.9018 33.09188
7268.4795 5.27439 862.7746 250.99982 30.0373
6648.954 4.3254 818.43835 166.62964 30.0373
7402.4683 9.09407 872.1712 233.74518 34.64907
7499.0645 9.09407 902.90985 243.33673 39.98011
7535.1587 9.08314 911.70715 212.52478 34.64907
6643.7007 5.80426 818.1928 168.79266 30.0373
6724.1226 5.80426 819.7929 177.28851 30.0373
6841.18 16.55372 767.47174 287.34857 22.24824
7314.068 6.82983 862.518 259.55426 30.21963
7484.3896 6.82983 831.7317 276.73328 30.0373
7482.089 9.08314 828.15344 275.35986 30.0373
6640.025 15.33938 751.2657 285.06415 21.51581
7466.777 4.13811 914.20056 206.39832 34.64907
7338.4644 4.3254 811.81995 266.8629 25.52544
7436.0376 5.80426 883.17505 210.96765 34.64907
7348.488 6.03521 799.632 295.98322 27.51733
7289.522 6.03521 767.89557 398.80634 25.52544
6761.4824 9.04912 789.8166 182.53192 29.39395
7456.2427 8.4868 846.09564 245.87994 30.21963
7301.799 8.4868 859.3485 242.3241 30.0373
7042.0234 8.4868 781.1364 246.05768 26.20491
7099.0527 10.19582 852.2747 184.47284 33.09188
7089.0493 8.25139 861.11237 185.78815 33.09188
7377.059 9.11921 882.25073 260.25916 33.09188
7258.028 9.11921 870.3181 260.25208 33.09188
6925.0093 4.3254 807.0791 216.54626 26.77596
7174.621 5.80426 794.5813 262.97986 24.15528
7123.112 5.80426 792.65283 250.59949 24.15528
7256.647 5.80426 833.0631 278.3391 26.31472
7052.5254 5.80426 831.47644 350.26123 24.15528
7058.08 5.80426 837.0314 332.37244 24.65902
6625.944 13.25628 751.7195 291.6985 20.47737
6898.9043 4.3254 802.426 217.17633 26.7055
7393.27 10.98809 881.90137 272.56116 33.09188
6549.7627 15.33938 740.6084 284.73865 21.51581
6539.6797 13.81957 715.9121 278.59802 20.82905
6045.0527 17.51422 631.8873 298.93176 23.03474
6023.5527 17.51422 633.548 288.39697 30.52903
6018.3145 17.51422 633.85004 284.89648 24.19617
6983.231 3.41494 809.9574 238.99524 26.20491
7029.9365 5.80426 839.8036 325.083 24.65902
6790.733 5.80426 820.5495 265.33112 24.65902
6293.358 19.85449 664.981 408.8742 20.82905
6992.2754 4.3254 811.8894 235.96545 26.88716
6904.1367 9.09407 761.01434 267.3034 21.60812
6928.4556 9.09407 761.6808 292.21545 21.60812
6013.53 17.51422 658.18616 254.58783 31.90742
6349.9756 17.51422 695.4046 299.22754 29.36699
6814.3584 9.09407 795.5969 228.10913 29.28648
7084.3223 4.3254 800.73694 249.84778 26.7055
6364.3984 8.79305 727.783 240.59808 20.47737
7056.563 10.47395 798.0278 257.16266 26.7055
6926.5176 8.25139 825.0271 226.73926 26.20491
7045.4185 10.47395 814.4838 240.8476 30.21963
6544.1343 13.97221 699.94653 317.3402 20.17996
6999.814 6.03521 788.20917 241.85577 26.20491
7019.4824 6.03521 796.0167 246.2107 26.20491
7406.5474 5.80426 902.13153 161.93512 35.22947
7411.978 6.03521 881.4485 177.5658 35.22947
7136.664 6.03521 783.7001 249.92871 27.72451
6945.6816 5.80426 803.23395 246.09406 24.65902
6483.3545 12.69145 699.9817 279.56396 20.47737
7120.3438 4.13811 780.11066 248.72992 26.20491
7322.351 3.41494 883.64526 160.82861 35.22947
7156.7095 6.03521 858.6261 227.28589 30.0373
6990.4756 9.09407 791.3155 256.35846 25.17749
6768.867 4.13811 808.7363 236.39417 25.17749
6177.221 12.69145 673.4129 246.12842 18.78206
6148.086 10.47395 713.1647 197.42896 24.19617
6129.1455 12.69145 668.8373 252.51837 18.75478
7137.751 4.13811 793.6613 242.08429 26.77596
7111.888 6.82983 860.251 226.30408 30.0373
7085.0503 4.13811 818.8991 225.77179 26.77596
7109.8813 3.11481 806.4722 238.935 27.54886
6763.073 4.13811 809.11194 238.38538 24.7394
7159.439 7.04364 864.29 231.00568 30.0373
6061.2803 12.91739 654.0356 260.0747 18.75478
6657.6304 13.97221 691.8524 389.4624 19.26933
6730.0083 3.11481 799.0673 230.26178 24.7394
6732.819 3.11481 798.058 230.93677 24.7394
6203.123 13.97221 649.8087 314.9818 18.24545
6165.809 10.47395 718.7204 204.07568 24.19617
6730.437 16.94896 729.7406 335.2826 23.21754
6803.351 16.64856 737.3356 333.66943 23.40282
6335.5205 15.78782 708.1415 273.60608 22.6624
6784.0913 3.11481 768.3642 211.4549 25.61572
6470.336 17.51422 694.03723 308.15002 20.82905
6530.303 17.51422 705.44836 323.60315 25.61572
6034.9546 15.83616 646.60986 291.22174 20.68348
6621.256 10.98809 747.2758 219.19702 23.49004
6568.164 16.64856 719.9055 302.9831 30.21963
7187.9253 13.81957 800.94696 331.55865 30.77288
7384.1123 9.09407 775.5273 348.51508 28.17564
6852.635 9.09407 802.81244 219.86304 29.39395
6839.4375 9.09407 798.50116 219.38605 29.39395
6808.7754 9.09407 771.84125 250.45367 23.49004
6477.6597 15.80146 717.58026 302.87006 20.47737
6483.262 18.24545 721.1785 303.91156 22.14375
7245.8613 13.25628 827.1834 340.0031 30.77288
6479.2153 18.24545 720.9845 360.4723 20.82905
6508.9517 15.11578 726.4858 296.0791 20.82905
6662.7437 15.11578 727.1924 274.71765 25.61572
7321.544 12.56759 843.2366 286.15796 33.09188
7052.829 8.25139 808.1162 243.99463 27.54886
6610.2686 18.24545 730.87 362.96497 22.14375
7202.305 12.56759 754.1196 432.68628 27.54886
7074.1514 9.09407 804.62195 249.46252 27.54886
6811.753 16.64856 754.1875 321.82666 26.31472
7365.6978 9.09407 771.3666 345.02673 27.54886
7147.173 12.56759 765.30176 380.34644 27.54886
7134.157 9.09407 780.58594 261.55347 26.20491
7564.688 9.08314 857.9059 243.70007 35.26114
6766.428 4.3254 794.536 246.61719 24.15528
7425.3687 4.3254 814.23804 287.4452 28.17564
6093.0835 12.91739 681.2906 247.98999 20.68348
6073.238 13.24492 661.1925 261.575 20.68348
7354.5605 9.09407 867.5776 187.88837 34.64907
7386.2207 4.3254 845.58594 298.66382 28.17564
6727.535 16.64856 745.79816 321.2387 21.51581
7391.451 9.09407 874.53516 214.979 34.64907
7392.99 9.09407 878.22675 260.66998 34.64907
6746.076 15.33938 753.71606 304.43726 21.51581
7140.34 9.09407 847.8771 312.5923 29.36699
7429.5454 4.3254 868.6419 251.58954 29.28648
7378.423 9.09407 862.0005 244.77881 30.21963
7123.6826 9.08314 790.4716 289.4566 24.15528
7392.5874 9.09407 854.98376 222.40137 30.0373
7428.0923 9.09407 842.3027 255.71747 29.28648
6512.2075 15.83616 737.9149 262.6612 24.41807
6547.558 15.80146 742.1687 252.1463 23.03474
7235.474 9.09407 836.74286 283.26276 27.62561
7184.941 9.09407 804.232 260.31512 27.62561
7045.602 9.09407 817.0591 239.91602 27.62561
7032.287 5.92998 812.76044 227.57513 29.39395
7090.355 9.09407 788.16 289.02325 24.15528
7093.401 9.09407 788.1807 292.9129 24.15528
7007.3228 10.98809 823.77515 224.42773 30.40059
7083.7886 10.24273 816.3041 210.66968 30.40059
6734.3975 15.33938 755.82574 297.6977 21.51581
6812.69 15.33938 756.63556 308.7868 21.51581
6282.2153 15.80146 688.9647 266.61536 20.47737
7327.668 9.09407 797.06757 304.5473 26.91926
6550.8657 14.55034 741.1703 293.84692 20.82905
5841.2173 13.25628 638.84283 273.52765 19.14834
7267.8535 9.09407 814.9003 314.49078 26.20491
7453.208 9.09407 863.3984 226.95612 35.22947
7465.4155 9.09407 875.6062 239.8778 33.09188
6637.0156 14.55034 726.5072 282.90735 22.21844
7043.7793 10.98809 782.36707 242.37305 27.37853
5855.025 13.25628 639.2112 276.35168 19.14834
6952.824 9.45388 808.42505 268.95312 24.65902
6172.7783 13.25628 665.5751 301.9372 18.75478
7340.511 6.82983 895.4427 224.67877 33.09188
7150.828 3.11481 883.1143 182.20905 33.09188
6568.402 9.09407 782.6916 193.48456 28.17564
6697.8755 9.09407 792.62366 178.9646 29.39395
6476.2183 9.11921 749.5513 191.1286 29.39395
6449.491 9.11921 747.7747 190.81207 29.39395
5897.201 13.25628 642.1627 276.95502 19.14834
6174.399 9.45388 724.7874 196.61493 24.19617
6969.491 9.09407 770.02563 296.7334 23.61153
6910.608 12.56759 763.4697 326.10266 23.61153
7086.8154 3.11481 881.68884 177.3584 30.40059
7114.535 3.11481 882.812 193.05396 30.40059
7093.7275 14.09013 776.127 310.7354 27.85872
7066.7393 14.09013 774.099 309.6494 27.85872
7118.225 14.09013 785.0207 317.89398 27.85872
7169.4185 13.81957 767.8499 404.85236 25.61572
7299.532 9.09407 810.798 279.77734 25.61572
7306.499 9.09407 817.7645 272.11133 26.7055
7157.203 15.83616 799.96246 291.48285 30.40059
7010.4507 15.83616 762.92377 399.15607 24.15528
6864.1357 11.44046 730.4686 386.08276 19.99211
6673.42 13.81957 708.67505 389.38586 19.99211
7272.3765 3.11481 861.74255 219.73792 30.40059
6005.9 15.3043 641.8728 299.66553 18.75478
7263.879 3.11481 865.4648 198.83795 30.40059
6887.0034 15.83616 749.5861 289.04694 24.15528
7109.787 5.80426 867.7372 191.67065 30.40059
6286.251 8.4868 649.2992 320.35706 17.51422
6427.299 13.81957 690.6848 333.93323 18.43085
6103.9297 8.4868 652.89056 312.09784 17.37529
7136.726 9.09407 810.2053 240.22546 28.17564
7409.7075 5.80426 874.9499 235.4643 31.29347
7137.337 11.83952 772.30164 336.90955 26.7055
7002.617 10.47395 778.7624 254.20636 26.7055
6927.8066 11.83952 762.8475 249.6394 26.7055
7031.045 9.11921 835.50726 297.4981 27.62561
6841.883 6.82983 814.6704 252.51099 24.65902
6914.751 9.11921 797.4931 264.5147 24.15528
7326.1147 9.08314 835.51 221.33716 30.77288
7384.9995 6.03521 832.8076 210.33716 30.77288
6317.138 10.19582 664.42676 295.6104 18.24545
7539.347 6.03521 861.60815 258.36584 32.59545
7472.1084 7.04364 857.8537 251.13751 32.59545
6332.4106 10.19582 662.7862 284.50946 18.43085
6862.0605 9.08314 789.6115 270.90692 22.6857
6300.8965 12.6661 684.9786 285.67218 19.14834
6257.903 12.6661 682.0271 285.1314 19.14834
7076.174 6.03521 864.8868 182.01825 33.09188
6811.1753 7.04364 769.5738 261.69928 22.6857
6956.417 12.62948 775.74194 255.00476 24.7394
6830.5273 11.44046 792.7273 274.23193 23.90247
6913.308 9.11921 811.0021 268.45752 24.15528
6968.6133 11.83952 816.3798 267.6081 26.1624
6625.1196 7.04364 758.44495 204.26306 22.6857
7330.003 7.04364 878.5631 194.63123 30.77288
7219.212 9.08314 872.001 195.08203 30.40059
6577.9736 10.98809 740.96484 251.11475 21.60812
7065.9507 11.44046 814.807 273.6637 26.1624
7023.4746 4.13811 812.10693 266.19836 24.15528
7004.4014 4.13811 793.03265 287.7978 23.86004
7084.255 3.41494 875.3142 200.35461 30.40059
6674.71 12.69145 713.8007 371.81805 19.14834
6955.3574 11.83952 789.1181 257.56537 23.49004
6849.891 10.24273 780.9647 256.67188 23.49004
6613.5137 12.56759 787.71027 204.3028 30.40059
6689.0405 7.04364 775.64484 185.14362 28.17564
6581.882 12.56759 787.80255 205.3277 30.40059
6716.8853 8.4868 777.6223 201.56598 28.17564
7326.185 4.3254 890.6217 240.94324 30.40059
7340.7236 4.3254 882.27576 231.7301 30.40059
7281.7905 5.80426 866.58655 254.32849 30.40059
7056.0703 5.80426 874.622 182.81976 30.40059
6859.7056 16.28759 757.7148 276.97028 24.15528
6986.155 13.81957 814.9614 243.28809 33.09188
6975.3677 13.81957 821.07336 226.39136 33.09188
7147.5103 13.81957 821.181 273.54626 33.09188
7090.8457 13.81957 850.90985 358.70917 34.58023
6982.766 13.81957 843.6693 257.86914 33.09188
6802.78 13.81957 748.5775 269.6355 25.31491
7054.38 13.97221 789.57715 311.62573 27.85872
7229.4707 9.09407 855.94116 229.8468 30.40059
6967.592 9.08314 787.3601 260.3214 24.7394
6596.6685 10.19582 753.6505 220.08118 22.91576
7302.031 9.09407 747.21484 366.44592 25.31491
7202.3975 9.09407 845.8031 213.68091 30.40059
6577.0166 12.56759 792.0017 207.35223 30.40059
6963.4746 9.08314 804.42365 280.851 24.7394
5869.584 14.09013 652.4548 277.28546 18.75478
7299.7246 9.08314 755.7317 356.12354 25.31491
6153.7075 4.3254 720.028 171.83636 24.15528
7241.7163 9.09407 849.3451 214.24963 30.40059
7238.742 9.08314 866.66833 231.32544 31.29347
7044.3228 6.82983 814.3417 304.5785 23.86004
6829.3423 6.82983 806.87024 300.98157 23.86004
6327.593 12.62948 733.2638 187.78827 26.77596
6345.0605 12.62948 729.7171 188.35187 26.77596
7130.9946 13.81957 782.8408 348.65332 29.01012
7165.0864 13.81957 816.93365 311.1662 30.40059
5792.8384 15.36034 634.3217 297.5146 18.75478
6545.5674 12.56759 777.4114 209.9668 23.90247
6410.9966 10.24273 738.2263 188.58118 26.77596
6420.9023 9.04912 737.61865 197.36621 26.77596
7257.8057 9.09407 741.6531 363.2671 25.31491
7470.6826 5.80426 775.011 340.906 28.56166
7280.7856 9.08314 821.9257 261.5335 25.31491
7044.944 9.08314 800.6073 260.95618 24.7394
7045.998 4.3254 799.5978 262.38037 24.7394
6896.211 13.81957 798.19464 212.67389 30.40059
6870.6665 13.81957 775.72565 233.82239 30.0373
6870.908 13.81957 759.06915 250.16162 30.0373
6754.7114 12.56759 786.02527 227.49554 26.88716
7193.0283 6.82983 880.9223 214.7121 31.29347
7203.776 9.09407 862.01416 222.1305 30.40059
7417.238 9.09407 888.01044 196.33466 36.48998
5715.447 15.36034 625.2036 274.77026 19.99211
6895.75 4.3254 803.92206 263.5799 24.15528
7052.3706 10.83634 806.1264 234.19867 30.21963
7080.014 10.83634 815.2651 226.77167 30.40059
7400.646 5.80426 825.6908 301.27307 27.37853
7190.987 5.80426 803.0679 289.29626 24.65902
7126.992 9.09407 805.5521 285.78784 24.65902
6927.024 10.19582 791.55695 212.41595 29.28648
7171.7046 9.09407 837.4227 305.6753 27.37853
7134.284 10.47395 832.71045 224.58301 30.40059
5877.527 15.36034 625.8294 293.3637 18.75478
7363.51 10.98809 827.1545 338.2657 30.77288
7285.112 10.98809 800.43976 358.68475 26.77596
7362.677 10.98809 869.97345 245.16669 30.77288
7155.01 9.09407 791.3749 278.8761 24.65902
7176.8193 10.19582 847.501 193.85107 35.26114
7376.7583 10.98809 884.0543 212.79578 38.01073
7231.002 9.09407 801.59705 279.6366 24.65902
7032.552 9.09407 806.17676 305.65552 24.65902
6345.302 10.98809 689.91046 270.32568 19.14834
6883.42 4.3254 801.7206 262.27563 24.15528
7139.969 10.19582 810.6487 218.62646 33.09188
6778.541 4.3254 804.3333 235.88068 24.65902
7014.649 4.3254 809.07104 243.46631 24.7394
7514.163 6.03521 791.97253 342.2472 29.28648
5955.281 8.4868 639.52576 296.93896 17.51422
7113.746 10.24273 822.945 224.07672 33.09188
6936.5137 8.66173 796.5529 260.24615 24.7394
7430.76 6.03521 813.2952 311.7834 29.28648
7250.6025 11.83952 838.1783 262.0202 30.21963
7112.148 10.47395 832.0761 218.60284 30.40059
6002.6294 6.53957 719.19775 177.30725 24.65902
7268.4136 11.83952 795.621 302.7401 28.17564
6833.153 10.24273 766.4288 227.37299 26.91926
7011.0786 10.47395 820.7416 218.55286 30.40059
6011.547 6.53957 719.59735 178.67743 24.15528
6221.943 8.4868 670.015 306.11163 17.51422
7247.4556 9.09407 833.46533 302.7129 27.36176
7108.868 10.19582 788.4899 402.62274 26.7055
6905.2676 15.33938 740.8204 341.05792 21.85575
6815.998 12.56759 757.1874 319.0791 21.85575
6656.0264 8.25139 803.8166 194.82562 26.91926
6251.3765 10.83634 666.24786 320.64337 17.51422
6190.48 5.80426 753.1201 174.14148 24.43549
6976.2715 9.11921 803.61017 317.8449 24.65902
7010.908 5.80426 815.17554 233.66394 26.91926
6929.403 10.47395 819.43054 214.45996 30.40059
6593.714 6.82983 771.22723 192.8385 26.20491
6989.9683 15.3043 772.5663 303.24304 26.7055
7271.457 10.19582 825.6274 321.2188 26.91926
6699.3276 6.82983 769.1776 208.96643 26.20491
6596.0737 6.82983 761.0482 189.80817 26.20491
7278.2314 3.11481 846.04974 248.5733 28.3981
7283.898 11.83952 843.0193 304.59045 29.28648
7012.385 9.09407 817.0002 302.70502 25.25763
6165.495 13.81957 662.00824 302.47742 19.04572
6933.866 9.09407 793.6295 315.1681 23.49004
6797.0137 10.47395 805.4258 210.46149 30.40059
6227.031 5.80426 752.8083 157.0741 24.43549
6088.903 14.09013 660.959 304.7884 18.75478
7444.502 9.09407 897.15027 243.73523 38.33129
6617.196 4.3254 775.0166 178.33752 24.7394
6588.442 4.3254 771.6997 178.1922 24.7394
6920.1094 15.3043 766.19196 289.7049 26.7055
7342.1924 9.09407 857.58093 229.44177 30.79455
6720.515 9.09407 768.3791 267.48798 22.6857
6655.285 4.3254 772.7979 179.294 26.77596
7407.5747 6.03521 810.2034 311.76117 27.49233
7044.9453 5.80426 844.7668 233.00726 29.28648
7081.5034 9.09407 821.9394 229.6065 29.28648
6262.6904 8.4868 671.98505 312.00024 17.51422
7311.6123 6.03521 799.11975 311.46045 26.31472
6818.99 10.24273 778.09344 228.5517 29.28648
6559.601 4.3254 770.4409 170.81335 26.77596
6931.3525 13.97221 791.1134 292.14868 26.7055
6223.0483 13.81957 667.1712 267.66827 19.99211
7094.009 10.19582 838.839 238.62341 30.77288
6844.89 10.19582 806.6386 203.25934 30.40059
6709.915 10.19582 792.6665 191.66913 30.40059
6295.456 5.92998 674.16614 318.839 17.51422
6321.841 5.92998 672.50543 323.67285 17.51422
7029.96 6.03521 786.3297 280.59363 23.90247
6339.7446 5.80426 678.1819 323.6175 17.51422
6630.3564 3.41494 772.7829 176.20074 25.31491
6634.7256 10.24273 791.4453 188.87085 30.40059
6642.91 10.24273 785.95703 191.53265 30.40059
6633.101 10.24273 784.8292 186.83643 30.40059
6254.853 5.80426 747.3591 164.49475 24.65902
6789.1143 10.83634 801.1271 215.68945 30.40059
6641.4814 9.09407 751.1886 261.32996 20.47737
6925.639 13.97221 774.73535 283.82556 30.21963
7392.789 9.08314 811.95044 314.47925 26.31472
6562.509 3.41494 761.8203 177.36346 24.65902
6537.027 7.04364 766.0018 185.09253 24.65902
6828.843 10.24273 777.47205 234.39233 26.88716
6838.4834 8.4868 780.81964 232.88983 24.15528
6474.241 11.83952 695.57715 279.22095 19.99211
7310.4087 9.08314 802.64777 313.7497 26.31472
6667.013 10.24273 795.2695 198.61786 30.40059
6475.404 5.80426 692.1081 298.84772 18.43085
6702.765 10.24273 782.4775 214.04535 29.28648
7170.979 15.3043 767.02167 344.26166 27.85872
6154.375 5.80426 728.4569 180.8916 22.6857
6556.066 7.04364 755.14056 194.15625 24.65902
6580.8706 5.80426 698.43744 340.93268 17.51422
6387.57 11.83952 689.4004 277.99036 19.99211
6486.0605 7.04364 742.7369 193.94305 23.45232
6337.8076 8.18716 735.16547 192.25397 23.45232
6615.785 5.92998 698.42267 350.7846 17.51422
6431.3975 10.83634 679.2765 338.2362 17.51422
7325.422 13.81957 846.1868 292.5014 33.09188
6364.3037 11.83952 679.98865 317.6186 18.78206
6889.509 8.4868 791.27686 234.58423 24.19617
6904.77 6.03521 789.6858 241.27002 24.19617
6336.342 5.27439 704.7524 310.57794 18.78206
7274.3706 13.81957 795.13586 393.07788 30.40059
6612.5415 10.24273 787.8656 172.59155 30.40059
7133.6455 9.09407 823.199 254.25293 26.91926
7262.453 9.09407 823.5943 260.51556 26.91926
7058.9927 11.44046 774.9836 353.40045 23.86004
7052.1636 11.44046 772.61426 341.97974 23.90247
6331.658 13.24492 668.2852 340.8553 17.51422
6247.8804 8.66173 725.7185 191.46008 24.15528
6970.596 16.28759 777.482 324.03607 27.54886
6681.7324 11.44046 715.51855 325.24243 18.78206
6361.6484 11.83952 688.0178 278.841 18.53034
6261.793 13.97221 672.2459 306.97614 19.04572
6220.0713 12.69145 669.44885 306.0551 19.04572
6657.1855 10.24273 776.5485 214.04889 27.26857
6653.311 6.82983 792.34406 161.74542 30.40059
6370.238 6.53957 721.44916 235.55078 20.47737
6815.229 10.24273 792.22095 219.35986 27.26857
6725.482 9.09407 681.6446 401.67645 18.37289
6700.792 12.69145 702.0121 383.9491 18.37289
6585.1562 12.69145 688.686 411.02252 17.51422
6816.7065 6.03521 773.82336 220.34991 25.06802
6535.3306 13.25628 686.0729 419.06763 18.70247
6247.027 9.11921 719.92377 194.1242 24.15528
6414.9243 9.11921 732.5388 202.57312 24.15528
6517.03 9.11921 740.6683 207.18982 24.15528
6101.6875 5.80426 723.4948 177.52441 23.49004
6827.048 10.47395 804.8541 252.27686 24.7394
6550.254 8.4868 746.19995 240.75818 21.85575
6582.097 5.80426 766.8024 210.64209 22.69691
6415.5977 5.80426 770.3097 222.83667 22.69691
6800.8433 6.03521 775.562 226.63007 24.19617
6107.6577 9.11921 726.4115 167.86365 25.06802
6209.448 5.92998 748.4261 193.60907 23.49004
5983.126 5.92998 715.71075 171.37231 23.49004
6664.586 6.82983 795.7442 164.16937 30.40059
6524.207 8.25139 779.9789 204.77692 26.88716
6941.258 14.88415 753.2408 340.68622 23.49004
6752.512 10.24273 802.6373 242.8147 24.7394
5902.9834 11.08703 674.34503 204.9118 23.03474
5943.6533 3.6656 706.30194 145.26508 23.49004
6596.235 13.25628 685.73773 404.2464 18.75478
6395.0737 8.25139 736.3629 198.16064 24.81566
6002.359 3.6656 712.1058 141.2685 23.86004
6367.4434 8.25139 777.85535 205.63782 24.81566
6005.1763 11.08703 683.6125 207.30731 23.03474
5979.325 11.08703 703.6913 207.3664 23.03474
6918.0146 16.55372 761.87427 338.84985 27.26857
6024.862 3.6656 725.0946 140.06201 25.06802
6245.4834 8.25139 771.2166 189.52997 29.36699
6769.812 10.98809 738.2739 266.854 20.82905
6569.613 3.6656 784.9198 159.5144 30.40059
6306.701 8.25139 776.8951 189.63312 29.36699
7018.0737 10.83634 765.8031 269.78296 26.77596
6450.3657 5.80426 764.6882 195.33728 22.69691
6299.494 5.80426 754.7674 181.82556 22.69691
6291.157 5.80426 755.8823 184.06335 22.69691
6075.2476 5.80426 724.03625 168.60681 22.69691
6210.1562 8.4868 714.4589 198.42664 23.40282
6225.508 8.4868 715.2494 204.9643 23.03474
6252.491 12.69145 682.7568 240.6427 20.47737
6126.4053 12.69145 671.18915 240.39618 20.47737
6941.4355 15.54405 778.9833 300.29053 27.26857
6892.9062 16.28759 777.4363 297.69507 24.19617
6884.9375 16.28759 762.44336 309.75146 23.49004
6906.114 8.4868 777.4218 252.10321 23.49004
6083.028 12.6661 686.9633 248.47101 20.79233
6922.924 10.83634 778.23126 229.33417 29.39395
6084.067 9.11921 717.825 175.02869 22.6857
6147.0356 3.6656 729.3775 149.4126 23.86004
6895.46 10.83634 774.2336 228.65881 26.7055
6059.433 9.11921 722.9543 179.7132 22.6857
6144.7544 9.11921 732.0062 215.65125 22.6857
6874.755 16.55372 756.8875 328.14703 20.47737
6816.811 16.55372 751.7146 327.55823 22.14375
6536.414 15.3043 700.4723 294.01147 20.47737
6982.8745 8.4868 778.6707 254.98041 23.21754
7073.5635 6.03521 782.8817 324.81165 23.21754
6236.5303 3.6656 738.7542 170.42865 23.86004
6306.8516 3.6656 748.87695 173.51416 24.65902
6286.559 3.41494 759.404 176.51453 24.65902
7119.9434 5.80426 776.24023 334.9879 23.49004
6313.207 15.3043 681.21826 278.18262 20.47737
7039.0674 6.03521 777.4465 308.68475 23.21754
6620.982 18.37289 661.6984 416.03204 19.70974
7055.3467 9.11921 774.5377 325.1902 23.49004
6108.873 3.41494 754.7863 124.99353 24.65902
6106.4873 3.41494 761.89374 133.11102 24.7394
6328.502 15.3043 685.60443 279.89545 20.82905
5951.636 12.6661 689.0214 204.90778 30.52903
6103.793 3.41494 759.3246 125.24451 24.7394
6778.2974 3.6656 831.54474 132.91388 30.77288
6980.5566 8.4868 778.6904 280.74646 23.21754
6803.262 3.6656 834.06964 137.80103 33.09188
6285.7944 9.11921 744.1535 219.68903 22.6857
6841.2407 3.6656 829.9309 152.18304 33.09188
6820.7646 3.6656 835.62537 140.32819 33.09188
6417.478 9.11921 752.37885 242.46863 22.6857
6736.3965 5.27439 804.3208 236.05164 24.7394
6263.1855 3.41494 774.2442 162.52393 25.31491
6223.5337 8.18716 758.033 191.34015 25.17749
6415.5435 3.41494 786.8467 163.4361 25.31491
6450.141 8.79305 752.2305 246.67572 22.6857
5918.906 12.6661 687.7042 200.39886 30.52903
7039.9385 10.83634 832.58154 191.03833 36.48998
7091.031 10.83634 818.0229 226.5456 36.48998
6861.231 10.98809 800.892 188.57117 36.48998
6760.176 3.6656 799.4 177.20221 30.22584
6517.769 3.41494 784.99567 165.7284 25.31491
6714.2437 5.80426 794.9558 182.13171 29.28648
6900.4214 5.80426 793.91254 245.68097 23.49004
7002.469 8.4868 793.2443 245.7315 27.26857
6830.6504 10.98809 770.30884 223.66077 30.0373
6807.9287 10.98809 778.64246 228.35944 30.0373
6497.648 13.97221 723.15753 276.90814 22.6857
6538.0327 9.11921 771.6832 207.79974 24.15528
6647.1816 7.04364 806.27454 193.08936 29.28648
6551.6636 3.41494 807.0627 126.02716 37.19006
6348.8276 8.18716 772.9205 199.30597 25.17749
6748.3423 7.04364 798.42676 201.73926 29.28648
6859.5693 10.98809 830.2821 193.84497 33.09188
7060.6396 10.83634 824.71625 205.66669 33.09188
7061.6094 10.83634 847.13617 214.43414 33.09188
6392.936 10.47395 740.3915 219.3222 22.6857
7034.9126 5.92998 789.6157 232.6861 26.1624
6337.558 19.07155 661.68396 326.49756 20.82905
6351.0044 19.50135 661.8614 338.04974 24.7394
6224.175 20.65559 639.17017 398.2937 19.70974
6929.48 5.92998 796.5544 222.79926 26.1624
7014.1 10.47395 836.80505 210.68689 33.09188
6597.5303 3.41494 796.65204 145.98065 30.11663
6244.6865 8.18716 767.2444 203.04785 24.81566
7068.2095 10.47395 848.169 202.93988 35.22947
6572.352 3.6656 806.6866 130.65851 38.62883
6561.3457 3.6656 806.93097 125.566895 30.11663
6043.257 8.18716 753.2746 163.04791 28.40491
6268.933 19.50135 655.0954 338.30157 20.82905
6759.214 5.92998 786.4342 211.50848 26.1624
6570.314 16.53516 683.9155 384.17017 19.26933
6103.1855 10.47395 709.7063 175.78839 23.49004
6360.0854 20.65559 650.4359 398.96753 26.1624
6545.7188 19.70974 672.03925 399.90228 23.21754
6850.599 7.04364 806.3645 208.58258 29.28648
6903.8774 7.04364 793.4813 191.8034 29.28648
6352.1787 12.2174 738.0957 217.81213 22.6857
6228.6143 3.11481 726.46014 195.99805 22.6857
6281.458 10.47395 748.6212 139.35858 30.40059
6228.438 9.16953 745.0621 139.75049 30.0373
6347.4443 10.19582 770.6572 167.15851 30.0373
6512.5254 10.19582 776.7203 183.13574 30.0373
7054.499 10.24273 849.46375 201.05151 35.22947
6532.6714 10.19582 770.00714 173.57831 30.0373
6940.563 7.04364 825.13306 164.53314 30.77288
6651.975 3.11481 789.0813 179.05847 26.77596
6750.2295 3.11481 783.7433 181.67096 26.77596
6497.591 10.19582 779.4144 179.11932 30.0373
6872.0205 7.04364 823.78815 161.25958 30.77288
6779.013 3.11481 801.13916 187.83899 26.77596
6259.034 20.65559 629.8083 364.97327 19.35933
6343.4727 20.65559 637.82434 363.4713 22.53264
6281.8604 19.70974 633.1146 385.61798 17.37529
6530.2046 10.19582 770.6374 183.80206 30.0373
6309.069 3.6656 747.10876 198.60883 22.6857
6192.336 6.53957 716.47455 186.53668 22.6857
6298.3877 6.53957 724.36523 189.95056 24.15528
7301.9814 9.09407 887.2889 209.65741 35.22947
6845.876 7.04364 793.5183 212.61267 26.1624
6945.0312 4.3254 833.1583 154.28955 35.33641
6891.5317 4.3254 825.53076 156.64917 30.77288
6609.8296 10.19582 807.58984 143.15503 33.09188
6628.7983 10.19582 808.0243 150.96814 33.09188
6235.656 6.53957 723.7451 189.50934 22.6857
6106.284 6.53957 690.4246 218.47589 20.47737
6643.848 7.04364 787.8536 199.73254 25.17749
6718.81 18.37289 719.6336 373.1147 27.26857
6423.124 10.19582 738.91394 199.7674 29.36699
6258.4253 6.53957 719.88574 190.60516 22.69691
6243.702 6.62037 705.161 203.81909 22.6857
6387.8267 21.51581 646.5679 427.1289 19.70974
6235.496 19.70974 627.73914 382.69543 17.37529
6288.192 6.62037 708.46625 204.06866 22.6857
6563.5625 19.70974 674.66724 403.0127 23.21754
6259.9985 8.25139 744.6991 180.2124 29.36699
6441.8765 3.11481 744.81635 194.2088 22.69691
6440.0586 3.11481 747.0758 186.38135 22.69691
6398.1973 7.04364 733.6641 194.47467 22.69691
6423.036 10.47395 747.29565 207.12775 22.69691
6544.5547 7.04364 765.1848 197.76868 25.17749
6591.2427 18.37289 696.38104 360.62225 28.56166
6120.4976 16.68589 659.9984 290.5702 23.21754
5959.835 15.80146 643.40967 241.75067 23.21754
6590.3496 5.80426 762.0091 229.87152 22.6857
6682.8955 10.83634 753.4623 250.21613 22.6857
6763.5083 10.83634 749.40283 249.52429 22.6857
6657.1724 3.6656 740.78577 248.50903 22.6857
6221.1704 10.19582 741.0498 194.48163 29.36699
6208.5923 11.08703 728.2812 194.67157 26.31472
6622.8994 13.25628 745.87317 259.16553 24.41807
6581.601 9.08314 799.9839 236.57422 25.17749
6857.5376 14.39771 756.15515 326.2401 22.6857
6576.111 9.08314 794.4916 237.64941 24.15528
6659.32 9.08314 804.2804 238.54443 26.77596
6769.495 9.09407 766.2807 278.63373 22.6857
6210.4 19.50135 622.5882 379.98572 17.37529
6726.4014 8.4868 768.9702 243.46436 23.21754
6284.342 10.83634 744.81934 201.59003 26.31472
6642.8784 6.82983 766.64124 240.06549 23.21754
6483.346 9.09407 645.2034 407.39862 17.37529
6760.6294 6.03521 773.3078 219.81757 23.21754
6807.038 7.04364 784.055 195.43774 26.77596
6878.7183 7.04364 794.0454 196.23352 26.77596
6787.625 9.08314 784.53687 213.92175 26.77596
7433.703 9.09407 898.75256 230.99536 35.22947
6766.493 5.92998 768.81665 227.38025 23.21754
6909.199 14.55034 775.2466 271.23352 24.7509
6778.481 9.08314 786.4768 208.85345 28.17564
6887.094 15.83616 753.1428 288.66418 24.7509
6597.6562 15.83616 742.508 258.18604 24.65902
6692.3457 5.92998 763.11475 214.52832 23.21754
6446.7666 16.53516 645.92755 491.7586 17.37529
6723.991 5.92998 773.5186 199.60748 24.15528
6147.9546 14.55034 709.87286 208.68549 20.82905
6539.853 18.24545 686.9926 367.74493 19.14834
6790.6494 16.64856 699.3922 372.2428 23.21754
6806.4785 16.64856 698.4877 364.39746 24.15528
6498.073 13.81957 696.85736 403.61615 19.14834
7345.425 9.09407 810.4746 301.75964 27.13057
6778.805 4.3254 774.37787 216.37079 24.15528
6554.236 16.94896 672.5506 376.30353 19.35933
6646.1963 13.81957 702.89075 388.7307 19.52733
6534.9565 13.81957 693.9676 368.09467 19.52733
7263.581 10.98809 809.2499 284.88428 26.91926
7233.4614 10.19582 817.27277 305.6878 26.91926
6596.8423 16.94896 680.2543 375.52332 19.70974
6212.1143 13.81957 660.6193 293.05786 19.52733
6700.6846 18.75478 670.37555 436.59576 28.07888
6777.526 4.3254 775.80084 218.14624 24.15528
6701.3423 6.03521 765.81476 206.0539 24.15528
6690.696 8.4868 767.13464 199.50098 24.15528
6826.9307 16.64856 699.44196 365.79437 24.15528
6119.5894 14.55034 708.60223 206.63928 24.15528
6324.966 13.2049 693.2863 258.86005 20.47737
7108.3975 12.91739 795.9538 374.51984 27.54886
7022.345 12.91739 796.2901 369.12958 25.30769
6463.665 19.25949 705.1857 349.65314 26.21495
6036.7886 13.2049 663.967 256.69672 20.47737
6491.6597 19.12933 693.0472 367.16376 23.61153
6278.0947 12.62948 726.48035 206.64917 24.54395
6614.014 16.55389 666.21454 393.72552 19.14834
7021.6265 9.08314 800.9172 239.22699 28.17564
6767.532 8.4868 772.35803 214.18665 24.15528
6432.043 19.25949 698.30206 324.9168 23.21754
6518.059 19.99211 692.7892 409.8109 23.46579
7104.6606 13.81957 813.0676 322.70337 30.0373
7193.3296 13.81957 816.88654 372.51776 30.0373
6667.989 8.4868 768.276 206.0791 23.49004
7141.4287 13.25628 835.3058 370.13574 30.0373
7220.076 13.25628 832.324 378.1715 30.0373
7109.5664 13.25628 821.2177 298.362 30.0373
6508.807 9.04912 753.45215 204.20721 23.49004
6614.054 19.99211 694.1797 432.2527 24.15528
6753.406 18.37289 690.857 375.60797 25.17749
6514.281 13.24492 663.9533 453.39813 16.94896
6211.4126 12.62948 719.4344 200.75592 25.17749
6618.659 18.75478 653.16455 422.33948 21.85575
6492.7188 9.04912 742.48804 217.46936 23.21754
6615.4785 15.83616 674.4848 431.43414 18.75478
6938.6357 9.08314 785.6271 241.31116 24.7394
6552.7856 18.37289 696.1044 385.76257 20.47737
6925.792 13.25628 818.2501 273.7207 30.0373
6606.694 12.56759 707.61743 414.4591 17.37529
6682.032 6.03521 699.56476 428.12372 18.24545
6903.1694 13.25628 777.53796 262.20398 30.2362
6571.842 18.75478 648.716 413.6861 20.65559
6689.5576 16.94896 687.96136 379.48822 20.65559
6469.3296 10.83634 737.58673 213.53925 23.21754
6591.852 10.83634 762.46014 202.09332 31.39647
6437.9697 16.55389 644.35406 398.03192 17.37529
6477.6577 19.07155 704.09186 322.9444 23.21754
6131.4185 15.11578 696.72736 239.87518 20.82905
6744.1016 13.25628 781.67664 256.56702 30.2362
6476.7017 19.07155 703.1359 320.39728 23.21754
6031.2495 15.01437 687.22687 236.89642 20.82905
6027.543 15.01437 686.8649 236.87256 21.84527
6250.057 9.16953 721.1888 202.849 23.61153
6536.451 17.51422 720.386 347.2179 23.03474
6159.987 15.01437 701.78644 236.13135 23.21754
6914.995 6.03521 713.6184 349.87854 20.60826
5975.943 15.3043 656.3923 251.60785 19.85449
6855.686 9.08314 774.7866 254.03821 24.65902
6669.188 18.24545 715.3514 359.0052 20.47737
5960.078 15.3043 654.077 250.27802 20.17996
6289.016 19.07155 655.31116 325.85034 20.82905
6236.894 9.45388 727.4866 201.73773 24.43549
6739.837 18.24545 720.04346 360.9795 27.62561
6681.033 18.24545 715.50055 359.76068 27.62561
6890.378 9.08314 811.8073 283.22516 24.65902
6297.3057 9.45388 731.16895 203.26282 24.43549
6923.0737 6.03521 739.4432 393.03412 20.68348
6049.0474 15.3043 654.434 253.38733 19.85449
5826.078 15.3043 630.68445 254.008 19.14834
6914.346 16.55372 764.57544 319.40454 30.2362
6242.2363 19.25949 649.39545 325.77167 23.03474
6166.2183 15.01437 694.49603 236.21185 22.69691
6528.621 17.51422 724.74646 332.16467 20.47737
6821.8843 9.09407 731.5857 371.6062 19.50135
6179.503 13.2815 693.731 230.7561 23.49004
6353.6597 12.62948 662.378 323.4361 17.37529
6464.507 13.81957 655.09796 431.57904 17.51422
6027.7417 15.3043 641.11145 285.27997 19.14834
7059.9873 13.97221 800.6653 321.06873 30.2362
6142.336 21.60812 626.1325 350.16974 20.17996
6716.2373 9.09407 691.2328 338.8108 18.78206
6532.7227 17.51422 716.99945 338.25262 20.47737
7020.8896 13.81957 781.02893 315.06787 25.99143
7048.6543 13.81957 780.23444 324.89532 26.7055
6295.416 9.45388 729.2785 203.14508 24.43549
6574.5923 9.08314 779.04974 264.3592 22.91576
6891.046 16.53516 776.4438 302.5877 30.2279
6740.1914 17.00725 743.9788 352.29962 30.2279
6760.7905 12.62948 761.01917 248.56934 22.91576
6089.8174 17.37529 658.85114 306.16144 17.29279
6469.0474 19.70974 664.72784 338.09113 24.83813
6585.3433 18.24545 721.02747 317.56274 26.7055
6907.8545 16.64856 756.1631 333.09644 32.42335
7100.224 16.55372 772.069 333.636 33.09188
6774.419 12.62948 758.0493 254.67548 24.15528
6382.6655 12.62948 727.1046 210.16364 23.49004
6969.086 9.09407 735.418 395.47247 19.50135
6845.3564 6.03521 718.13477 375.67627 19.50135
7012.7373 16.55372 756.0929 338.30774 27.85872
6965.91 13.81957 777.0045 306.81238 26.7055
7074.3584 13.81957 789.54736 336.50586 26.7055
7070.137 13.25628 800.7678 394.09583 27.62561
7033.6934 12.69145 797.29224 393.4607 27.62561
6970.3525 15.33938 777.2154 332.64264 24.65902
6817.2524 12.62948 800.3437 291.89996 24.15528
6931.0522 12.62948 798.835 264.57538 24.65902
7117.4985 12.62948 815.2318 304.72803 28.23101
6343.3174 21.85575 637.348 382.80585 17.51422
6132.9556 17.00725 653.2238 304.6443 19.70974
7131.4624 12.69145 771.0658 394.98596 27.62561
6892.4233 12.62948 795.97784 244.96002 28.17564
6789.652 12.62948 767.4111 232.47424 30.21963
6651.169 12.62948 769.0874 269.1554 23.49004
6642.4756 12.62948 767.3298 262.34857 23.49004
6623.3433 18.37289 684.61847 365.6557 22.53264
6422.888 17.51422 640.73126 432.5943 17.37529
6456.2803 19.50135 671.83936 344.9809 18.24545
6663.4053 7.04364 684.7213 348.53564 18.53034
6745.734 9.09407 687.39575 339.96387 18.78206
6709.3545 6.82983 707.76324 396.06854 18.78206
6532.6685 18.37289 678.4417 369.63593 19.14834
5958.487 15.54405 640.82 282.51776 19.14834
6025.5537 19.12933 635.99615 328.3515 22.53658
6070.7583 22.42028 622.06384 369.95837 19.99211
6765.164 11.44046 714.0864 398.48596 18.78206
6333.384 19.12933 661.7798 310.32886 26.1624
6392.2275 19.50135 670.0651 341.02734 22.14375
6818.9473 16.64856 749.61035 344.27087 30.2279
6324.337 19.12933 661.40894 308.11 26.1624
6264.634 19.12933 655.7473 309.24347 22.6857
6656.649 12.62948 764.19275 231.1579 23.49004
6519.2026 15.83616 699.7023 412.6698 18.43085
7051.309 16.53516 784.27057 303.3282 32.2121
5970.6455 15.54405 643.44794 288.99036 19.14834
5973.7905 15.54405 643.80786 291.7757 19.14834
6492.9937 13.2049 645.27075 418.42334 17.51422
6548.8096 19.04572 675.88605 405.0584 24.7394
6583.136 10.47395 727.56775 369.719 19.70974
6153.887 19.70974 625.3368 341.04913 19.04572
5953.154 19.12933 629.0602 326.24023 22.53658
6503.198 13.97221 711.09735 360.53485 19.70974
6402.316 13.97221 704.9207 360.2403 19.70974
6506.9585 16.68589 647.614 422.1322 17.51422
6455.6597 10.24273 679.43756 307.02325 19.70974
7047.2246 15.83616 785.10913 307.65063 30.21963
6393.9478 17.37529 679.3954 342.69263 16.55372
7162.332 12.2174 760.8454 366.25433 25.99143
7100.429 9.45388 784.64716 332.43207 25.99143
6436.5894 22.6857 667.24506 452.48785 29.36699
6993.791 16.53516 776.7029 317.26782 25.61572
6963.55 16.53516 765.5492 311.3994 28.07888
6724.5034 16.64856 689.7261 363.6128 19.70974
6690.1396 12.62948 779.0439 227.82703 23.90247
6038.615 15.54405 648.7252 292.34827 19.14834
7160.9355 11.44046 806.8336 309.78503 26.91926
6373.846 13.97221 700.82465 350.43915 19.70974
6462.984 9.09407 686.651 306.5622 19.70974
6210.507 12.62948 671.8583 272.5962 19.26933
6583.5244 16.68589 724.1814 325.58325 20.82905
6666.9634 16.94896 724.2456 341.3684 22.14375
6186.3584 16.25401 656.14734 299.04755 19.14834
7078.443 11.44046 795.9046 272.08295 26.77596
6295.4136 12.62948 680.14777 275.55847 19.26933
6926.2163 12.62948 798.2979 314.47662 23.90247
6893.075 16.55372 767.144 314.83344 25.61572
6321.156 17.37529 678.009 326.03424 16.55372
6219.882 15.78782 669.7433 309.49707 18.75478
6425.849 19.99211 667.12775 356.56396 23.21754
6379.977 5.80426 710.5599 291.2188 19.70974
7049.611 9.09407 805.8085 305.67236 23.90247
6493.505 23.03474 671.78796 453.7068 18.43085
6419.3926 15.83616 686.24023 310.14777 19.04572
6189.8394 19.99211 627.79456 355.96912 22.6624
6176.987 19.99211 626.7047 355.3158 22.53264
6407.289 12.62948 682.5767 268.5844 19.70974
6476.073 12.62948 733.9577 218.47089 21.60812
6570.335 16.94896 658.43585 399.88763 19.25949
6643.717 16.64856 666.0984 390.1189 19.25949
6451.05 16.55372 684.1468 299.25226 19.14834
6676.7534 18.37289 693.9869 365.9074 23.21754
6344.3633 10.24273 663.9493 320.93225 18.24545
6534.5254 15.3043 696.94794 429.61346 19.14834
7015.0957 9.09407 818.7342 334.10577 26.1624
6956.946 9.09407 797.6553 315.10364 23.86004
7037.1724 9.09407 783.6413 274.0688 23.86004
6722.86 15.80146 742.8744 311.83984 20.47737
6307.1924 12.62948 709.1382 214.00598 20.82905
5997.4673 15.42878 639.8521 302.06287 17.51422
6620.4116 16.55372 665.42426 342.74707 19.70974
6945.4404 16.55372 720.7965 370.10974 20.79233
6335.163 16.53516 676.01587 311.61536 19.04572
6377.9165 15.80146 681.11426 289.64807 20.47737
6254.4556 15.33938 691.715 261.87677 20.82905
6321.7285 15.80146 676.9221 289.312 20.47737
7156.6655 11.44046 798.83124 274.56024 28.3981
7003.123 16.55372 725.96643 363.39 21.85575
6932.16 9.09407 795.90405 256.469 23.86004
7298.36 9.45388 865.64276 266.76874 30.0373
7095.399 11.83952 821.34863 297.75024 26.88716
6567.2427 16.55389 681.69366 363.85663 19.14834
7304.35 10.19582 847.9061 355.81604 30.0373
6792.831 16.64856 697.97406 364.88422 21.85575
6828.2764 16.64856 693.9867 398.31494 21.85575
6261.603 15.42878 655.2732 323.22076 18.24545
6278.649 16.53516 671.82385 311.27905 19.04572
6294.7197 16.53516 673.04016 313.56854 18.75478
6402.045 16.68589 692.8779 401.057 17.37529
6447.345 15.01437 713.26843 284.77002 20.47737
6239.962 15.33938 693.7502 261.1991 20.82905
6287.8306 17.37529 665.1649 325.3578 18.24545
6288.6553 14.88415 703.0668 269.89185 22.53264
6892.696 16.64856 758.4064 346.0564 25.61572
5956.727 15.42878 636.76886 301.42157 17.51422
6660.48 4.3254 715.6987 391.44275 19.14834
6407.9873 15.01437 713.84454 287.7505 20.47737
7295.6313 10.47395 859.1177 267.99414 30.2362
7190.1113 10.24273 850.843 246.77112 30.2362
6816.589 16.64856 754.53723 338.94287 25.61572
6385.187 10.83634 676.1562 324.00317 18.24545
6570.584 13.25628 701.19073 407.27203 19.14834
6316.057 10.83634 670.218 290.05292 18.24545
7168.9434 10.19582 819.3144 240.43207 30.0373
7091.4272 10.19582 804.70605 240.15979 30.0373
6175.7676 22.6624 627.4874 361.13092 23.03474
7049.1885 10.24273 831.2701 248.29535 30.0373
7072.7285 9.09407 783.34924 325.28967 23.90247
6171.7827 17.37529 654.0099 320.90045 18.24545
6385.028 18.75478 644.5696 464.41064 17.27208
6749.6777 16.64856 746.9574 339.85632 23.21754
7201.845 6.03521 787.3258 308.31152 23.90247
6255.9556 15.33938 700.0586 265.3673 20.82905
6417.1694 15.11578 706.774 281.1955 20.47737
6406.808 13.2049 709.1632 283.2713 20.47737
7135.637 6.03521 790.46204 311.3827 23.90247
7142.547 5.92998 799.4614 345.76416 23.90247
6987.868 5.92998 794.4154 287.0459 23.90247
7044.744 5.92998 791.3767 302.8473 23.90247
6436.7705 12.69145 695.0589 396.61957 17.37529
6557.904 12.69145 709.6674 396.06427 18.70247
6450.9707 15.96159 680.8389 382.65643 17.51422
6640.3423 10.19582 704.9046 417.7663 18.24545
6520.8013 16.68589 686.6971 407.03558 18.24545
6897.9536 11.83952 816.3451 331.21704 24.15528
7040.054 11.83952 805.5858 319.1339 24.15528
6108.303 22.6624 621.4523 361.68127 17.27208
6122.3906 17.37529 647.68677 318.64874 18.24545
7084.0557 11.83952 816.4659 300.95197 26.1624
6975.8354 12.2174 799.16656 324.9395 26.1624
6982.91 15.11578 775.4347 316.52258 26.1624
6799.88 15.11578 748.51483 252.26141 26.1624
6813.562 15.11578 746.09015 258.08362 26.1624
6739.0024 13.25628 738.91626 251.94159 24.15528
6631.054 13.25628 730.78687 249.78625 24.15528
6739.886 16.64856 749.04974 333.13397 23.21754
6901.826 11.83952 812.7408 254.383 30.0373
6716.8833 11.83952 799.88007 237.17865 30.0373
6583.5312 10.19582 808.501 201.03809 30.0373
6731.4355 16.64856 740.5994 344.1867 20.47737
6769.6226 12.69145 752.4114 273.53296 24.15528
6689.9985 12.69145 747.8147 261.00452 24.15528
6038.736 18.43085 610.6347 337.07257 18.78206
6506.7026 10.19582 801.43024 193.19989 30.0373
6463.8447 13.25628 691.7688 309.95282 19.14834
6651.369 3.6656 746.08997 272.28595 20.47737
7012.0396 6.03521 788.24976 302.16797 23.90247
7055.187 6.03521 791.555 302.97345 23.90247
6700.142 16.64856 744.7831 310.5597 20.47737
6574.736 16.64856 732.5095 310.45508 23.45232
6920.3516 9.09407 805.7708 317.8919 23.49004
6627.097 16.19792 734.6617 310.25262 20.47737
6443.2837 10.19582 684.9292 307.4223 19.14834
6379.693 13.81957 685.7227 305.5099 19.14834
6590.3896 10.19582 774.9339 207.74371 30.0373
6148.6567 17.00725 651.5047 296.95032 19.70974
6813.215 9.09407 760.021 259.518 21.60812
6018.2646 18.43085 610.82214 330.60144 20.65559
6581.267 11.83952 780.0185 203.43536 30.0373
6902.559 11.83952 828.442 272.86865 30.0373
6158.8203 19.07155 627.2331 350.42792 17.27208
6984.83 9.09407 790.6233 299.45728 23.49004
6905.754 11.44046 756.1164 278.8803 20.47737
6326.356 13.81957 705.83215 274.99634 20.82905
6617.3506 13.81957 748.23706 275.31348 23.61153
6798.8555 12.69145 797.68976 275.92206 24.15528
6863.797 11.44046 753.3194 277.85236 20.47737
6743.5083 13.81957 742.12836 271.7 24.7394
6661.941 13.81957 736.86523 268.63965 24.15528
6853.359 12.2174 799.93616 367.26416 24.15528
7052.161 9.09407 816.3008 286.56482 25.31491
6995.8594 11.83952 812.432 269.81335 26.1624
6775.1846 10.24273 767.53217 282.26117 20.47737
7115.1665 9.09407 824.1596 287.19037 27.54886
6849.0146 10.19582 839.1879 285.06793 30.0373
7026.3423 10.19582 815.5426 292.7605 26.91926
6753.664 9.09407 754.6847 259.09253 21.60812
6790.754 9.09407 754.2882 259.11536 22.53264
6752.9 12.62948 757.1484 243.98663 23.49004
7004.7583 10.47395 829.55054 295.74426 26.91926
6993.4785 10.47395 827.0476 255.63306 30.21963
6800.8423 10.19582 816.9593 283.1297 26.1624
7100.657 11.83952 833.76135 276.3225 30.0373
6535.4434 16.28759 731.8237 248.75415 23.49004
6846.885 10.47395 823.76697 265.98743 26.91926
7137.1265 11.83952 821.38074 254.83643 30.0373
6837.0493 11.83952 804.1906 266.653 26.1624
6308.4995 13.24492 713.77515 239.62677 23.49004
6880.2295 9.09407 808.93555 245.47021 26.1624
5970.8496 18.53034 632.0459 323.02777 16.64856
7241.6567 11.83952 850.91846 258.25598 33.09188
6969.985 9.09407 814.4861 246.39075 26.1624
6770.0195 10.24273 740.65533 254.81647 20.47737
7000.1323 11.83952 789.1912 276.73993 26.1624
6958.1006 10.47395 795.03015 238.3711 27.85872
6896.6963 10.47395 789.3517 238.28772 24.81566
6920.404 5.80426 833.2751 270.9151 24.15528
6522.3994 10.24273 732.36066 242.49023 20.47737
6778.7134 10.47395 815.74646 283.41736 24.65902
6947.721 4.3254 790.9027 240.25586 24.7394
6836.528 9.09407 797.98047 250.46814 24.15528
6797.5264 9.09407 823.50275 268.10675 24.65902
6877.81 9.09407 827.8896 282.0174 24.65902
6979.036 4.3254 794.9329 250.09406 24.15528
7067.528 4.3254 811.75555 268.56903 24.15528
6269.39 16.28759 718.4849 231.23218 23.49004
6195.9385 18.43085 645.48895 294.99835 27.72451
6193.0273 18.43085 645.1869 292.28992 23.45232
7204.3457 4.3254 805.9703 298.24652 24.7394
6506.8433 13.25628 736.69275 240.23645 23.03474
6361.1206 16.55372 717.70734 245.92688 23.03474
6330.3193 16.55372 704.4812 278.6648 22.21844
6539.6543 16.55372 731.5064 247.44397 23.21754
6480.344 10.24273 724.9335 241.42761 20.68348
6978.038 6.03521 808.2694 269.18298 24.65902
6804.0503 9.09407 819.48737 277.73553 24.65902
6942.5547 9.09407 829.7247 255.69147 27.54886
6819.3228 5.92998 818.06573 302.87872 24.15528
7105.0303 4.3254 826.46765 272.12683 24.7394
6669.5957 5.92998 811.6642 293.77588 24.15528
6444.077 10.24273 737.2234 244.8352 20.64232
7049.065 9.04912 812.0555 280.81122 24.7394
6265.0396 18.19086 654.6323 332.83405 18.24545
6667.52 5.92998 815.1299 283.7705 24.15528
6454.872 5.92998 798.9933 198.30145 26.88716
6651.7056 16.64856 751.7805 289.51526 30.2279
6731.6587 16.64856 754.1224 298.1562 30.2279
6580.286 5.92998 802.8434 203.69836 24.15528
7108.8936 9.04912 822.4918 275.75122 25.17749
6971.1714 8.4868 821.0574 225.89783 25.31491
6767.1763 8.4868 808.10486 216.94775 25.31491
6632.6914 5.92998 808.5218 199.29822 26.1624
6618.917 5.92998 797.9131 206.22845 25.17749
7160.254 3.6656 826.936 256.41718 25.31491
7146.452 3.6656 827.4119 254.03839 25.31491
7080.3994 9.45388 816.29877 265.21417 25.17749
7118.0913 12.2174 806.4759 287.89874 30.3828
7021.67 12.2174 796.35315 285.22864 25.17749
7151.158 10.47395 816.80023 336.60834 27.54886
6692.9478 8.79305 757.52454 227.22437 23.21754
6982.981 12.2174 758.87897 263.75024 27.54886
6973.288 12.62948 772.83844 273.50104 27.54886
6694.1323 5.92998 800.12994 206.39832 25.17749
6793.2544 4.3254 819.1784 211.70026 25.31491
6902.483 16.55372 792.198 291.47412 30.40059
6983.4326 16.55372 794.53186 300.64038 30.40059
7025.743 4.3254 846.65405 245.06372 29.4897
6799.0635 13.25628 758.6799 276.3156 23.90247
6688.8267 8.79305 756.83044 223.52716 23.21754
6751.9224 13.25628 755.81195 270.60883 23.90247
6516.0996 9.08314 746.69653 245.79645 20.68348
6525.3877 8.4868 749.14984 245.18817 20.68348
6847.051 10.98809 757.1554 238.82977 23.21754
6565.713 8.4868 752.2536 246.46594 20.68348
7146.883 12.2174 835.5685 321.07104 30.77288
7081.97 12.2174 812.5361 264.5091 30.77288
6713.8984 5.80426 812.36676 196.23755 24.15528
6710.7764 5.80426 817.86554 185.00488 24.15528
6742.3247 5.80426 810.093 190.28253 26.88716
6803.794 5.80426 812.08386 186.24152 26.91926
6766.4 5.80426 806.08624 183.21918 26.91926
6634.036 8.4868 757.84705 249.12402 20.68348
6640.368 5.80426 814.2052 166.81293 26.91926
6517.606 5.80426 783.05566 189.83704 23.49004
6796.8877 16.55372 777.94073 263.94098 30.77288
6654.1978 13.25628 757.2762 263.45966 23.90247
6861.433 10.98809 771.5353 230.24878 23.49004
6782.18 10.98809 769.19696 225.49689 24.19617
6659.308 10.98809 759.76154 221.25458 24.19617
6582.358 10.98809 756.041 214.5951 24.19617
6561.1724 10.98809 755.3044 213.22272 24.81566
6611.209 16.64856 756.4146 266.97656 30.2279
6321.7617 5.80426 753.72375 178.54584 23.49004
6553.074 8.4868 747.5439 245.2763 20.47737
6570.009 9.04912 755.29614 203.15308 24.81566
6374.107 10.83634 707.0877 247.48761 20.47737
6568.107 10.98809 754.86163 206.41412 24.81566
6484.719 16.64856 716.85236 302.826 24.83813
6235.3687 5.80426 740.59265 178.49292 23.49004
6526.7056 10.98809 749.0392 202.10913 24.81566
6608.253 10.24273 760.63 206.63019 30.2279
6533.0195 10.98809 773.92126 175.10065 30.2279
6242.1514 12.85446 693.37946 264.4958 20.47737
6840.8687 9.11921 810.43713 161.1654 33.09188
6843.697 9.04912 812.8177 162.33282 33.09188
7002.381 9.04912 867.8135 167.03516 33.09188
7007.7876 6.03521 866.3877 173.69373 33.09188
6932.347 3.6656 858.3851 158.00293 33.09188
6280.6665 12.85446 698.2313 257.54303 20.64232
6346.01 12.85446 704.2681 269.9782 20.68348
6313.3213 12.85446 701.51575 273.7354 20.47737
6525.6494 12.62948 729.7168 250.4267 20.47737
6750.5415 12.62948 746.0132 257.13837 20.47737
6689.3247 12.69145 730.28534 293.7409 20.47737
6821.1987 3.11481 744.9677 265.66315 21.60812
6754.959 3.11481 746.24005 246.58868 22.6624
6795.047 3.11481 765.7965 279.844 22.6624
6940.4614 3.11481 757.6843 318.31763 22.6624
7049.1055 12.69145 767.791 342.0835 21.60812
7087.437 12.69145 770.8009 346.9077 23.03474
6953.852 12.85446 758.286 318.37878 23.03474
7100.2856 10.98809 785.882 307.0351 24.15528
7102.915 11.83952 778.4795 310.0194 24.7394
7057.21 11.83952 794.62195 279.05176 24.15528
7153.5063 10.98809 803.88983 275.89532 26.88716
7082.262 10.98809 806.9369 251.0846 26.88716
7195.4717 10.98809 797.2174 262.24207 26.91926
7163.224 10.98809 800.63983 274.85687 27.51733
7067.7007 11.83952 782.4098 293.04126 26.91926
7193.32 11.83952 792.29517 295.53406 26.91926
7128.544 13.25628 782.8435 314.3955 24.65902
7190.1885 13.25628 770.74786 357.28998 28.3981
7209.671 13.25628 760.18555 396.24194 29.39395
7171.646 13.25628 754.14667 408.29486 25.61572
7089.5547 13.81957 763.0428 356.28156 25.61572
6992.76 12.62948 752.9485 270.42053 23.49004
6988.447 12.62948 764.8913 268.01886 24.54395
6912.8945 12.62948 732.5754 299.26886 23.03474
6799.3286 12.62948 710.1787 328.25146 19.26933
6848.8687 12.62948 709.84357 343.73737 19.26933
6773.9736 8.79305 698.14453 378.5735 18.24545
6878.126 9.11921 733.0879 376.10303 19.26933
6858.301 10.19582 727.9377 390.8404 19.26933
6525.398 10.19582 695.1481 318.11523 18.24545
6556.082 10.19582 696.31244 316.82465 19.70974
6477.286 19.26933 670.20526 343.70697 18.24545
6523.561 18.24545 699.1699 311.78046 19.26933
6625.872 9.08314 710.16846 319.36743 19.26933
