129434.36 122.43136 6787.394 542.2163 154.63593
128804.19 106.63748 6700.9604 622.4043 153.41919
128863.75 123.81409 6618.802 840.6455 153.41919
125826.33 142.11165 6344.3853 841.1577 141.48924
126729.44 141.8037 6437.062 812.82764 140.47026
126405.35 142.46227 6355.8867 848.3862 150.57047
124563.664 138.67992 6136.6963 1054.772 138.17288
126666.06 142.50319 6391.6274 894.3701 151.3887
129368.45 122.43136 6721.5176 647.5659 147.45378
129278.88 122.43136 6704.7803 646.8994 149.67123
129168.27 122.43136 6707.488 686.1616 147.21472
129209.12 122.43136 6706.7993 631.6738 149.67123
128957.734 123.17925 6650.268 740.98145 147.21472
128573.5 123.81409 6566.0215 738.12744 162.33377
128813.234 123.81409 6663.2935 750.4785 154.28375
128373.31 123.81409 6653.84 745.7954 154.28375
128718.21 123.81409 6598.3115 862.30615 149.67123
128367.55 123.81409 6659.106 703.9712 154.28375
128109.17 132.53271 6613.0625 745.70996 154.28375
128791.79 106.63748 6685.8716 598.76904 148.02708
128566.82 126.97676 6602.691 741.2739 146.5862
127873.1 126.97676 6336.9937 974.7422 144.175
128080.625 107.81284 6510.203 770.7041 144.175
127878.45 107.81284 6480.0796 810.2075 143.1318
129246.234 106.63748 6723.3135 633.81055 149.67123
128898.59 106.63748 6694.603 642.8696 148.78528
128288.53 106.63748 6696.903 605.36426 148.78528
128233.28 106.63748 6700.561 597.7744 151.5482
127879.19 106.63748 6705.4487 582.9341 151.5482
128339.65 106.63748 6714.351 618.0039 151.5482
128249.15 106.63748 6707.4673 608.71387 151.5482
128248.44 106.63748 6704.9136 605.94727 149.43263
126381.74 142.50319 6533.2183 751.7666 145.14844
126417.74 140.47026 6526.1143 731.9741 145.14844
126774.195 140.37236 6561.9185 700.37305 146.46162
126968.15 139.69392 6539.894 750.76807 151.5482
127287.44 135.20143 6561.518 680.2554 151.5482
128038.47 106.63748 6677.6533 592.04834 148.78528
126743.664 140.47026 6437.8633 810.66797 145.10898
127216.336 140.37236 6482.5996 780.8706 145.10898
127507.516 138.7607 6514.81 731.36865 146.3265
127490.625 137.49902 6538.2715 707.3369 146.46162
127437.33 135.11404 6531.67 693.0176 146.46162
127444.21 134.86601 6554.4546 662.8496 146.46162
128013.85 122.43136 6666.3413 625.4248 147.21472
125588.63 133.87474 6359.597 812.67725 141.48924
127279.375 123.81409 6666.164 574.7075 160.11342
126586.76 140.73134 6422.386 807.6006 149.2644
126611.89 134.58107 6429.467 729.6577 145.10898
126846.45 134.58107 6439.7144 753.97705 145.40678
125618.234 130.84593 6483.4194 637.6323 143.99704
125617.05 130.84593 6494.4395 660.625 143.99704
125735.54 135.90369 6508.371 630.7212 152.35272
125144.945 135.90369 6363.1323 739.584 143.99704
124670.79 121.98328 6410.0503 683.63477 141.0754
125267.37 138.17288 6142.2764 1037.8701 138.67992
126535.164 142.50319 6395.4834 877.8467 152.35272
126967.73 142.50319 6408.933 877.96436 152.35272
127166.19 140.73134 6396.8315 920.19824 152.35272
124936.58 121.98328 6375.4336 696.625 140.78745
125497.21 123.52054 6446.5454 723.37744 140.78745
126339.85 131.75862 6422.2334 720.2114 142.50557
125155.62 123.24324 6447.938 725.3003 140.78745
125748.39 123.24324 6463.3096 786.3799 140.78745
125569.805 111.52749 6455.384 764.0093 140.78745
124793.46 111.52749 6407.8496 650.4077 140.78745
127866.586 134.58107 6620.848 654.3696 155.68494
128150.445 134.58107 6620.6987 661.16113 155.68494
128455.89 134.58107 6609.621 683.48975 149.25032
128168.82 130.71074 6619.873 669.3867 149.25032
128179.58 130.71074 6622.659 697.9658 148.81175
124512.08 111.52749 6382.3867 715.08057 140.72095
127764.58 134.58107 6426.4175 848.4009 148.02708
123780.26 88.37653 6496.294 483.60352 149.33054
127634.94 134.58107 6455.5835 816.38916 148.02708
127370.2 118.01648 6535.736 628.93115 143.92137
127025.07 142.50319 6385.5073 854.4712 144.175
126819.664 138.50993 6386.541 840.55566 144.175
122641.41 117.93085 6336.758 576.8364 143.92137
127101.9 118.01648 6531.167 612.70557 145.94586
126877.46 131.12895 6432.182 790.1216 143.99704
126777.15 132.76482 6489.348 749.1118 143.99704
123436.79 113.14942 6432.1357 494.20117 145.14844
126706.49 132.76482 6484.907 724.5376 145.40678
123848.1 106.63748 6459.0425 488.50195 145.14844
124026.32 111.52749 6357.358 751.7329 140.31827
125048.89 111.52749 6372.795 717.7656 140.47026
121906.2 117.93085 6367.857 584.64355 143.92137
122206.94 119.00577 6364.947 564.7241 143.92137
127356.85 132.76482 6464.6963 809.29346 145.40678
127869.26 126.97676 6620.726 675.60205 148.78528
125372.53 111.52749 6369.7876 707.2866 140.47026
121738.75 119.00577 6346.2725 553.76953 143.92137
121968.586 122.03947 6322.0127 591.0029 143.92137
127195.07 132.76482 6423.495 836.49854 143.4619
125157.99 111.52749 6315.1655 805.07275 140.37236
122066.305 113.93409 6196.268 872.7012 138.17288
125781.836 97.73918 6479.376 644.2632 142.50319
127072.17 137.78804 6416.822 760.6665 144.175
123123.3 123.52054 6063.2725 966.23047 138.8906
123101.805 117.11209 6070.39 943.71826 138.8906
123019.625 123.17925 6356.541 607.36865 143.92137
122927.3 117.11209 6073.624 953.3999 138.94272
125401.39 95.74289 6347.8486 848.2827 140.37236
127523.55 137.78804 6426.585 792.3911 144.175
122920.49 123.52054 6045.6396 971.8716 138.7607
122757.195 123.52054 6022.2256 932.2871 138.50993
122801.266 123.52054 5990.8164 993.1079 138.50993
122128.11 123.52054 6028.8667 954.0034 138.94272
127381.375 121.98328 6465.466 872.68506 142.9814
126401.86 123.17925 6479.1914 659.40967 142.46227
124868.45 95.74289 6300.9004 841.33545 140.00764
124646.23 95.74289 6324.4136 781.92285 140.00764
124133.82 123.04027 6511.1475 499.91895 156.2729
123476.266 113.14942 6491.2163 473.6753 151.5482
123609.99 113.14942 6501.771 452.13574 152.07114
127256.81 123.81409 6285.077 900.5786 142.9814
124117.75 113.14942 6519.898 490.38184 153.79124
122099.19 115.97282 6057.3066 909.72314 138.50993
122417.67 115.97282 6069.5483 949.5381 138.50993
122152.75 113.86842 6083.045 958.6743 138.50993
124436.92 118.35303 6521.7407 467.0205 156.2729
122494.73 106.63748 6100.81 954.28564 138.50993
122717.15 106.63748 6090.815 964.49023 138.17288
122142.914 106.63748 6061.8965 954.61523 138.17288
123391.75 123.81409 6322.6367 615.21045 143.92137
125000.26 111.52749 6316.274 958.86523 140.00764
122078.61 106.63748 6056.335 926.0747 138.17288
125248.79 122.43136 6499.08 601.2466 143.99704
122160.375 115.97282 6060.3633 985.73975 138.17288
127157.28 127.99057 6297.9316 893.54346 142.9814
121580.18 111.27056 5844.321 1336.0742 137.49902
121841.305 111.27056 5858.8193 1264.7593 137.68944
121445.35 116.48429 5855.2803 1273.4834 137.68944
121986.11 115.97282 6083.344 939.2373 138.17288
123383.664 123.81409 6334.4155 617.3989 143.92137
121578.05 116.48429 5850.595 1271.2852 137.68944
121912.12 116.48429 5834.8013 1272.7002 137.68944
127277.81 123.81409 6461.2236 741.8154 143.56099
122044.73 116.48429 5780.2305 1317.5596 137.68944
123000.69 119.00577 6104.612 993.3096 138.17288
123232.875 119.00577 6067.698 1035.7197 138.17288
124937.94 125.65224 6237.5566 929.5049 139.44075
122809.055 106.63748 6172.477 929.28174 138.6243
122664.8 106.63748 6219.8438 918.83545 138.6243
122014.62 101.79288 5793.217 1301.8853 137.68944
126821.86 130.71074 6312.003 852.1362 142.9814
125452.945 131.12895 6453.6567 727.2119 142.94437
122675.31 106.63748 6170.8276 894.9214 138.6243
122390.47 106.63748 6186.7944 902.9404 138.6243
121620.54 101.79288 5801.096 1246.3726 137.68944
122106.555 106.63748 6184.3906 889.51953 138.43167
122287.79 106.63748 6165.2207 904.31055 138.43167
121977.83 109.85083 6172.9478 858.7383 139.33543
125545.8 133.05498 6475.3564 744.1704 142.94437
125817.23 133.05498 6471.768 742.2632 143.33925
121492.72 89.28175 6119.604 866.95605 138.43167
121801.67 100.22832 5998.452 1104.1997 135.90369
121192.84 89.28175 6132.0405 868.14355 138.43167
121164.94 118.01648 6163.987 850.0786 138.43167
121807.34 100.22832 6030.808 1053.8457 135.92345
121843.36 100.22832 6015.0767 1079.1958 135.92345
122045.08 100.22832 6033.3267 1096.044 135.92345
120247.4 120.34032 5843.7935 1149.0249 137.55597
122356.984 100.22832 6002.1353 1115.9014 136.19775
122366.02 100.22832 5956.782 1132.5557 136.19775
120342.555 120.34032 5828.793 1181.5166 137.55597
120406.25 121.16368 5823.773 1169.8921 137.55597
122304.195 100.22832 5944.108 1104.1143 137.68944
121935.805 100.22832 5952.38 1066.2974 135.91469
121767.14 100.22832 5983.782 1049.4312 135.95828
127137.25 123.17925 6552.89 701.5957 143.56099
127223.96 123.17925 6523.983 729.0713 143.56099
120269.734 123.13239 5835.4604 1129.9546 137.55597
120376.02 123.13239 5800.607 1207.6245 137.55597
121285.77 117.71117 5771.3057 1225.5195 137.55597
126021.37 118.01648 6544.221 584.66895 143.4619
125790.766 108.35525 6401.2935 791.1387 140.78745
126123.016 118.01648 6526.4634 617.1719 143.4619
121732.65 105.42913 5964.6777 1025.1265 137.73598
122009.56 97.73918 5981.2534 1010.7031 137.73598
121139.89 97.73918 5980.554 967.27637 137.73598
121282.66 97.73918 5959.0947 993.04736 137.73598
120866.08 104.96394 5963.629 1007.4131 137.73598
120245.04 104.96394 5968.061 958.7554 137.73598
126426.016 118.01648 6557.024 653.8838 143.4619
125124.195 113.14942 6509.1094 566.3535 144.30089
119589.49 104.96394 5983.4624 944.7842 137.73598
120320.02 104.96394 6035.3345 917.95264 138.14755
126457.25 118.01648 6559.3467 654.02686 143.89537
127211.54 135.20143 6309.629 875.0259 142.99063
127647.97 135.20143 6572.939 635.5156 162.33377
119959.46 104.96394 5835.8843 1109.7515 135.95828
119582.32 104.96394 5843.6094 1062.0381 135.95828
127839.414 135.20143 6598.4146 680.71826 149.25032
118873.76 104.96394 5809.1465 1079.1475 135.92345
126238.64 132.53271 6442.7207 735.3096 143.56099
126493.11 132.58537 6444.9863 742.3159 143.56099
118940.016 104.96394 5849.824 1083.2207 135.91469
125260.125 108.35525 6404.403 792.51465 140.72095
126535.016 132.58537 6441.86 757.5615 143.56099
125284.875 88.37653 6400.309 800.0127 140.37236
125709.47 108.35525 6374.797 868.021 140.00764
128037.98 135.20143 6573.8203 689.38574 156.2729
126285.875 118.01648 6558.436 625.2837 143.4619
119015.24 104.96394 5775.057 1116.4014 135.92345
124809.85 102.75772 5684.8613 1532.5376 138.6243
128059.89 135.20143 6589.167 684.2075 162.33377
126035.21 132.58537 6468.9565 774.83984 143.78625
124665.805 102.75772 5690.467 1524.9141 138.6243
124796.84 97.73918 5708.4287 1477.8511 138.6243
128069.06 135.20143 6556.952 740.14014 152.65472
125287.484 119.41715 6331.672 879.7803 140.37236
125261.92 95.74289 5786.0503 1388.3408 138.6243
119867.21 106.63748 5870.713 1118.876 135.95828
119377.555 115.73084 5869.373 1080.498 135.95828
119518.45 113.32322 5865.0044 1096.229 137.24153
124931.25 95.74289 5789.362 1335.8511 138.6243
119746.1 105.42913 5903.3945 1118.8945 135.95828
126558.51 129.5067 6541.024 652.3755 142.9814
126465.484 129.5067 6517.6177 630.8335 142.9814
126508.66 133.51483 6507.8306 727.1953 143.92137
126515.1 129.5067 6522.2476 639.2373 142.9814
126308.125 133.51483 6489.315 716.7197 143.92137
120922.125 109.85083 5910.112 1139.438 135.91469
121073.26 119.00577 5841.4224 1133.2046 134.86601
126670.23 133.51483 6499.327 757.6367 144.175
121279.66 119.00577 5871.8604 1122.5444 135.50793
121505.5 119.00577 5972.849 1038.3032 137.73598
126554.21 133.51483 6488.196 746.6406 144.175
127690.97 130.71074 6607.2603 592.1455 148.81927
127370.37 130.71074 6621.7363 585.4629 148.81927
122128.164 106.13816 5959.713 1049.6123 137.73598
127580.77 130.71074 6620.4937 635.01025 148.81927
122575.125 88.37653 6001.0933 1023.1738 137.73598
127670.7 130.71074 6634.465 695.646 148.81927
122889.836 123.66485 5999.376 1062.6865 137.73598
123161.28 97.73918 5982.856 1141.0576 137.73598
127980.55 130.71074 6598.53 695.0742 148.81927
123270.35 95.74289 6019.948 1063.7153 137.73598
122750.08 95.74289 5954.9766 1096.6943 137.24153
122323.89 109.89557 5656.8237 1396.2563 135.67326
121998.64 109.89557 5676.3916 1379.811 135.67326
121800.14 109.89557 5702.39 1315.1841 135.67326
121713.664 109.89557 5728.222 1303.9854 136.92401
124289.73 109.85083 6346.2935 753.23926 140.37236
123991.68 119.41715 6344.8374 743.67676 140.37236
121874.34 109.89557 5716.947 1338.1372 136.92401
122296.07 109.89557 5692.6245 1388.8804 136.92401
126302.32 132.58537 6543.26 631.2593 146.48795
121333.98 91.81606 5569.7656 1506.3608 134.43527
123880.79 119.41715 6330.5117 740.42676 140.37236
126213.055 107.81284 6570.703 574.08154 142.9814
126491.57 107.81284 6544.4614 609.5698 143.92137
120838.234 119.00577 5552.8853 1470.0923 134.61526
121184.78 113.14942 5498.9487 1544.5283 134.43527
125049.09 113.93409 6463.1064 602.77783 142.9814
125833.445 131.12895 6538.4336 606.18555 146.48795
124958.6 113.93409 6461.4146 582.3711 142.9814
123944.21 122.56346 6340.1616 736.60596 140.73134
123995.98 122.56346 6343.4863 767.0337 140.73134
123919.11 122.56346 6327.228 831.7876 140.37236
121059.05 109.89557 5603.4204 1476.5859 134.43527
123393.62 122.56346 6322.406 772.38574 140.37236
120440.8 103.61102 5572.4688 1392.5151 134.43527
124343.04 113.93409 6403.042 619.5615 142.50557
120312.38 97.73918 5590.8867 1294.9419 134.43527
120917.586 97.73918 5603.139 1321.3545 134.43527
124619.03 113.93409 6394.2046 654.0923 142.46227
124501.836 113.93409 6415.066 708.41455 141.0754
121288.69 95.74289 5647.9087 1477.7769 134.43527
121592.8 95.74289 5637.1406 1501.2749 134.6087
122168.96 95.74289 5626.3174 1517.4844 134.6087
121845.99 108.28049 5619.4653 1503.4165 134.6087
124545.586 113.86264 6440.86 715.8135 141.0754
120707.4 108.28049 5632.8623 1399.394 134.6087
120400.28 108.28049 5629.4067 1368.313 134.6087
121061.35 109.85083 5632.577 1413.9883 134.6087
120407.57 104.17542 5653.2617 1348.2114 134.6087
120337.4 104.17542 5660.024 1372.1519 134.6087
119862.72 113.93409 5574.385 1421.8652 134.43527
119712.586 113.86842 5586.578 1379.5278 134.6087
119420.625 113.86842 5594.871 1366.71 134.6087
119604.89 113.86842 5595.085 1367.5527 134.6087
119640.46 113.93409 5651.8335 1386.77 134.6087
119324.54 113.93409 5566.6597 1457.9404 134.19667
119243.59 113.93409 5662.525 1266.354 134.19667
119286.82 111.27056 5673.693 1272.3345 134.07225
124669.89 113.86264 6393.701 649.1406 142.46227
119961.02 102.75772 5613.633 1329.666 134.07225
124030.125 125.77295 6316.49 768.1841 140.73134
119679.02 113.27183 5651.4517 1342.0132 134.07225
119778.16 113.27183 5649.4497 1399.561 134.07225
118849.56 113.27183 5638.4814 1261.6255 134.07225
119258.13 113.27183 5643.8735 1264.2578 133.76689
119899.336 113.27183 5587.372 1350.4214 133.76689
119519.94 113.27183 5602.518 1326.1699 133.87474
124210.22 113.86264 6387.064 612.4512 142.46227
119943.766 106.63748 5588.407 1333.19 133.87474
124045.85 113.86264 6367.715 612.36475 142.46227
120205.266 106.63748 5568.216 1379.1631 133.76689
120159.7 113.27183 5592.5205 1361.9961 133.76689
121051.234 113.27183 5628.5293 1395.0513 133.76689
121709.52 113.27183 5693.441 1377.7368 134.68268
121649.26 113.27183 5668.269 1362.5425 134.68268
121092.02 113.27183 5633.799 1357.125 134.68268
124267.5 113.93409 6393.6914 622.1709 142.46227
120505.195 90.07531 5607.1304 1345.6548 134.68268
124499.97 113.93409 6410.6265 643.6782 142.46227
126111.305 107.81284 6560.91 540.3662 144.68129
124634.01 113.93409 6403.2197 663.3594 141.0754
124265.23 113.93409 6348.956 742.27246 140.37236
122274.16 106.63748 5474.1943 1551.2573 134.96974
124167.82 113.93409 6354.762 751.39746 140.77843
124043.1 113.93409 6368.6313 742.3989 140.77843
119562.805 90.07531 5634.821 1293.5684 134.68268
123611.3 113.93409 6360.6396 734.37646 140.77843
126640.57 107.81284 6568.602 620.8906 144.68129
126413.62 123.81409 6548.4375 557.14404 144.68129
126573.17 123.81409 6566.7427 573.96387 144.68129
120623.04 90.07531 5639.37 1353.9917 133.51483
120178.11 90.07531 5619.3765 1315.23 133.87474
120386.766 90.07531 5660.3916 1307.7012 134.07225
121694.67 116.01066 5421.326 1659.0107 134.61526
119374.15 90.07531 5644.8057 1271.2104 134.07225
119322.055 90.07531 5657.155 1303.231 134.07225
124657.25 113.93409 6350.88 695.8174 140.5689
126873.66 113.86264 6581.772 584.3213 145.10898
124357.67 113.86842 6353.5933 751.9751 140.5689
121833.16 115.50038 5417.573 1663.623 134.19667
124191.086 113.86842 6376.754 741.8076 140.77843
122417.125 115.48722 5438.6597 1658.9585 134.19667
122934.08 115.48722 5394.637 1696.6143 134.61526
119030.734 90.07531 5685.563 1288.5991 134.07225
118866.664 90.07531 5681.5737 1272.4375 134.07225
118502.89 90.07531 5665.516 1313.8179 133.87474
124310.97 113.86842 6380.313 760.6582 140.77843
124332.13 113.93409 6374.851 756.56494 140.77843
118353.52 90.07531 5678.022 1315.2275 133.87474
118566.69 90.07531 5668.499 1351.9692 133.87474
118531.6 90.07531 5671.187 1384.4927 133.87474
122676.266 115.50038 5425.6133 1650.7207 134.61526
118581.75 90.07531 5645.704 1431.3301 133.87474
118902.99 90.07531 5653.188 1440.2075 133.87474
121997.24 115.50038 5450.451 1585.5381 134.5176
126478.67 113.86264 6532.5767 593.33545 144.175
126245.375 113.86264 6520.534 586.70166 144.175
126170.73 120.36837 6545.4526 567.51514 144.175
127202.65 106.63748 6630.042 563.9712 146.2289
126409.54 121.98328 6557.424 593.9121 144.175
126851.79 109.85083 6456.8013 710.7095 142.50319
126414.74 111.52749 6496.408 681.9468 142.50319
119468.13 88.58894 5702.863 1346.9385 134.44469
118750.91 90.07531 5720.2764 1328.9268 134.07225
121349.04 116.01066 5493.0776 1564.6494 134.6087
119222.57 109.85083 5732.539 1333.8613 134.19667
119209.164 110.30899 5716.225 1319.0249 134.19667
119101.875 110.30899 5704.8486 1297.898 134.19667
125162.42 126.9536 6517.1763 503.5869 148.4634
119892.78 110.30899 5698.412 1299.8638 134.19667
119464.0 110.30899 5695.464 1260.1714 134.19667
118464.16 110.30899 5708.4805 1231.1318 134.19667
119299.46 109.89557 5725.629 1277.731 134.19667
119333.61 109.89557 5704.784 1293.0005 134.19667
127145.11 111.52749 6471.4507 744.479 142.94873
121668.98 116.01066 5469.7754 1531.0547 134.5176
126687.44 128.25 6590.768 537.5581 146.2289
118926.45 90.07531 5694.343 1328.7471 134.07225
118373.27 90.07531 5657.8296 1219.8071 134.07225
123695.15 128.99745 6302.079 749.74023 140.37236
126416.09 134.19667 6421.762 713.9121 144.68129
126249.2 134.19667 6446.5063 701.8447 144.68129
117073.195 90.07531 5596.7905 1232.5308 133.87474
123158.09 125.12571 6312.936 729.897 140.37236
122310.09 104.0638 5543.3657 1478.645 135.20143
123277.45 113.14942 5576.482 1481.5356 135.20143
126629.29 128.25 6568.3784 594.9248 145.10898
126403.4 134.19667 6449.019 709.0405 144.68129
123326.695 113.14942 5578.701 1484.0806 135.20143
123221.234 113.86264 5550.252 1513.7183 135.20143
126789.26 128.25 6575.6997 594.9409 145.10898
123721.9 113.86264 5564.808 1557.5142 135.11404
126969.51 128.25 6577.6733 639.522 145.10898
124132.81 113.86264 5563.3257 1570.6655 135.11404
124036.66 125.12571 6319.5205 732.0928 140.37236
124305.69 125.12571 6317.64 746.23926 140.37236
123467.36 106.46885 5546.5254 1549.4165 134.86601
123123.27 106.46885 5587.8364 1523.7026 134.86601
124458.39 129.3894 6304.6343 809.7583 140.37236
127225.89 113.86842 6664.812 515.8721 149.33054
118480.36 105.39883 5647.9927 1184.5386 134.19667
118526.38 105.39883 5662.8496 1202.229 134.19667
127082.88 113.86842 6643.051 506.45557 149.33054
123926.445 113.86264 5578.3647 1633.3071 135.11404
123439.805 121.98328 5536.338 1680.8374 134.86601
118812.914 109.89557 5657.737 1231.3706 134.19667
118504.3 110.30899 5669.747 1202.52 134.19667
127345.734 113.86842 6617.1045 521.86865 146.38173
127329.266 113.14942 6639.5264 546.91943 146.38173
126413.87 130.71074 6593.0815 507.62646 145.10898
118032.68 111.77504 5659.371 1201.667 134.19667
117985.51 108.20927 5674.3647 1222.1963 134.19667
126002.23 113.86264 6560.99 503.16064 145.10898
117732.3 108.20927 5653.2744 1201.0737 134.19667
117580.234 94.06451 5636.026 1171.2397 134.19667
117304.945 94.06451 5645.469 1161.4443 134.19667
117886.984 94.06451 5677.621 1173.0581 134.19667
125949.22 135.11404 6483.211 720.39746 145.52124
117270.98 94.06451 5676.153 1135.1348 134.19667
122665.51 120.36837 5529.437 1562.4019 134.86601
117115.3 94.06451 5658.152 1188.4087 134.07225
117549.234 94.06451 5651.976 1205.0342 134.07225
117299.67 94.06451 5657.871 1190.7314 134.07225
125924.05 135.20143 6496.4883 644.42236 144.68129
126165.7 134.6087 6473.7144 675.1201 144.68129
123183.164 120.36837 5564.6294 1599.8052 135.11168
123602.625 120.36837 5556.576 1642.981 134.86601
117308.67 94.06451 5655.273 1202.332 134.07225
123307.67 125.60949 5574.358 1627.2407 134.86601
122790.87 123.7683 5584.6123 1576.1221 134.86601
122137.16 114.53586 5576.8057 1563.7715 134.86601
117583.79 94.06451 5644.1255 1208.4546 134.07225
121405.95 114.53586 5546.5654 1484.0913 135.50793
121360.62 114.53586 5544.5366 1467.1597 135.50793
121789.36 118.96975 5544.024 1469.5557 135.50793
122629.97 114.52965 5495.762 1523.4233 136.4968
122860.8 114.52965 5522.7954 1560.2646 136.4968
123389.98 114.52965 5522.668 1593.127 136.1402
122788.01 114.52965 5501.8267 1573.3145 136.1402
121602.05 118.35303 5507.012 1495.0898 135.20143
121700.91 118.35303 5475.8057 1506.1196 135.20143
121968.44 118.35303 5488.3286 1554.6772 135.20143
122748.94 114.52965 5489.5234 1570.3335 136.1402
117898.94 94.06451 5659.228 1228.0947 134.07225
123496.65 114.52965 5502.0024 1592.4409 136.1402
123926.35 114.52965 5495.373 1634.8765 136.1402
118052.16 94.06451 5667.5986 1271.4277 134.07225
127476.26 113.14942 6624.896 527.9463 156.2729
127538.37 113.14942 6609.5474 555.2388 145.10898
122004.31 118.35303 5478.5903 1560.9048 134.70337
127812.24 107.81284 6641.126 586.7178 146.21553
127729.14 107.81284 6615.1416 610.9458 145.14844
121594.516 118.86035 5461.5967 1585.5967 134.70337
126273.805 113.86264 6602.0815 492.37402 146.79657
121792.42 118.86035 5456.888 1675.3672 134.70337
124071.6 115.48722 5510.935 1713.0381 136.1402
123949.055 115.48722 5503.349 1677.6875 136.1402
121649.5 118.86035 5451.0034 1675.1582 134.70337
127843.88 107.81284 6604.0063 673.0127 145.10898
126016.37 128.25 6567.145 567.01807 144.68129
126385.79 113.86264 6576.0703 500.47266 146.79657
126431.47 113.86264 6577.8247 520.73047 146.79657
126251.85 128.25 6549.0264 639.8081 144.68129
126498.23 97.73918 6578.068 503.25342 146.79657
127801.83 107.81284 6592.4785 630.2173 145.10898
127808.46 107.81284 6623.5474 669.4507 145.10898
127717.61 113.14942 6651.729 540.0586 147.03877
126303.74 130.71074 6534.626 628.5884 144.68129
127405.15 113.14942 6639.344 530.81885 148.81175
128078.414 107.81284 6538.5005 752.2217 145.10898
127430.5 113.86842 6624.194 537.1372 147.03877
121946.67 118.96975 5466.422 1691.6992 134.70337
126510.01 97.73918 6584.8306 483.6709 162.33377
121329.62 118.96975 5500.379 1634.2041 134.70337
121104.984 118.96975 5469.089 1632.7388 134.70337
120855.69 118.96975 5480.8833 1568.4385 134.70337
128052.31 107.81284 6582.476 819.02783 145.10898
128266.33 107.81284 6578.8374 803.416 145.10898
124775.44 128.22133 6298.3433 772.36816 140.88644
126563.54 97.73918 6571.752 512.6748 145.52124
120866.06 118.96975 5468.5884 1621.7412 134.70337
126664.52 132.53271 6580.713 588.20654 146.59882
120077.93 118.96975 5435.742 1631.8267 134.5176
126381.03 132.53271 6533.3447 619.4243 145.23488
128026.96 107.81284 6569.3677 690.97705 145.10898
123106.39 122.96712 5488.796 1600.5508 136.4968
123100.305 122.96712 5486.5713 1606.1523 135.91469
122896.39 123.91177 5510.6606 1599.77 136.1402
124602.48 128.22133 6303.5996 779.146 140.88644
120496.38 118.27908 5413.559 1624.6758 134.5176
124729.336 128.22133 6311.31 784.61865 140.88644
122563.57 124.56689 5543.8315 1565.06 136.1402
125204.82 128.22133 6302.9106 802.30225 140.37236
123490.83 124.56689 5513.641 1647.7681 136.1402
123891.86 124.56689 5513.546 1667.084 136.1402
125399.92 128.22133 6255.804 864.9331 140.37236
128054.22 113.86264 6671.383 676.3491 146.90823
123783.95 124.56689 5498.026 1683.7412 135.91469
125259.42 128.22133 6248.8047 861.95557 140.37236
126628.234 132.53271 6607.66 517.9717 147.21472
126952.984 113.86264 6602.477 517.6172 147.21472
128174.18 106.63748 6693.0986 644.26514 147.21472
128031.55 106.63748 6682.932 589.12305 147.21472
123515.62 124.56689 5518.0645 1672.9702 135.91469
120641.39 118.27908 5406.3096 1633.709 134.5176
123445.04 123.13703 5493.033 1655.6089 135.91469
125594.914 129.56282 6256.5283 911.2627 140.37236
126841.945 132.77963 6333.562 938.32324 143.19392
126736.16 97.73918 6588.934 539.1572 145.14844
125474.98 121.98328 6309.181 853.5044 140.37236
126489.72 97.73918 6617.018 523.38477 145.14844
123012.87 123.13703 5482.889 1607.0396 135.91469
125027.77 120.89301 6334.955 817.2178 140.37236
127733.445 123.17925 6539.222 755.7505 145.10898
124383.21 129.56282 6314.2085 792.8716 139.80632
124728.15 129.56282 6338.4766 832.6963 139.80632
124894.53 129.56282 6337.789 873.5249 139.80632
126876.805 106.63748 6639.9775 516.208 146.79657
126953.23 97.73918 6645.0146 629.4546 145.10898
127375.78 97.73918 6630.229 661.95215 145.10898
127248.875 97.73918 6642.3716 617.355 145.10898
127699.086 118.01648 6577.215 700.6294 145.10898
124669.31 120.97467 6197.5635 1011.03125 138.70277
120573.31 118.35303 5394.9834 1562.4697 134.5176
127875.92 118.01648 6555.204 715.6704 145.10898
126568.43 106.63748 6582.5913 507.50732 148.33984
127923.35 115.48722 6549.6455 730.6343 145.10898
119623.66 118.35303 5420.63 1542.0547 134.5176
124671.48 107.81284 6291.7686 862.6846 139.40508
119247.875 118.96975 5415.0986 1547.1465 134.5176
127821.66 113.14942 6577.059 723.8867 145.10898
124426.59 122.03947 6291.2935 835.8511 139.40508
125620.44 127.09281 6501.616 632.92725 142.94873
123080.34 123.13703 5483.331 1613.7432 135.91469
119568.664 118.96975 5415.2085 1564.2085 134.5176
124463.18 113.32322 6257.6763 901.8872 138.67992
122895.06 122.43136 5501.535 1582.8525 135.91469
119659.84 118.9481 5384.5996 1588.4712 134.5176
125561.555 127.09281 6516.7407 634.4663 142.94873
120150.59 118.9481 5374.405 1600.1128 134.5176
123501.18 122.43136 5508.187 1603.1436 135.91469
124196.96 113.32322 6242.1733 878.01074 138.67992
126539.555 106.63748 6599.444 497.58105 148.33984
124382.11 114.52965 6196.753 966.65137 138.67992
124134.016 115.48722 6198.34 949.438 138.67992
123858.27 115.48722 6165.561 992.75586 138.6243
126781.92 106.63748 6614.739 507.5166 148.33984
123001.92 122.03947 5518.4287 1574.0386 135.91469
128316.52 106.63748 6666.2637 627.6699 146.3265
127861.55 106.63748 6673.9624 658.1011 146.3265
120312.45 118.96975 5409.327 1637.0483 134.5176
127130.1 97.73918 6571.941 664.17236 143.4619
126609.34 131.75862 6523.428 685.24023 142.99063
127818.69 106.63748 6684.753 614.4321 147.21472
123898.305 106.63748 6150.3296 1021.10693 138.6243
126716.23 106.63748 6527.03 770.0796 142.50319
127756.48 106.63748 6667.456 560.5737 146.3265
122257.18 121.98328 5541.5923 1501.7754 135.91469
122046.52 122.03947 5556.3525 1525.5337 135.91469
121785.77 124.56689 5536.313 1513.2583 135.91469
124085.3 95.74289 6172.8564 1014.85693 138.6243
126313.19 131.75862 6514.7153 665.62305 142.99063
127609.68 106.63748 6680.5625 562.7383 146.3265
126610.52 106.63748 6548.9136 754.30615 142.50319
126391.18 131.12895 6514.2363 680.60986 142.99063
122085.36 124.56689 5531.302 1584.0889 134.86601
120457.68 122.19562 5507.4355 1513.6909 135.50793
126837.445 131.12895 6470.4624 778.0386 142.99063
127808.46 106.63748 6681.9272 484.2666 153.79124
123495.67 95.74289 6171.7417 968.46924 138.6243
123152.07 127.99057 6147.635 984.14453 138.6243
123109.24 97.73918 6107.382 960.0337 138.6243
127944.48 106.63748 6670.181 517.01074 149.98181
122755.63 97.73918 6131.4775 921.20557 138.50993
126622.27 106.63748 6599.517 524.08203 146.26637
121768.98 124.56689 5549.041 1523.4858 134.86601
126460.74 107.81284 6571.511 713.1958 142.87886
121765.81 124.56689 5563.1724 1555.3418 134.86601
123228.05 122.56346 6108.558 1031.3364 138.06384
122102.93 123.81409 5558.0464 1567.1748 134.86601
122993.055 112.21345 6106.902 1003.4761 138.06384
127799.375 106.63748 6642.5728 536.667 147.03877
127763.055 106.63748 6643.381 520.07227 147.03877
128273.38 106.63748 6678.9653 537.6914 154.63593
123087.625 112.21345 6104.672 1017.73926 138.04979
128110.08 106.63748 6647.5176 525.8965 147.66634
127863.336 106.63748 6666.8555 525.0596 149.15945
122826.32 122.03947 6058.9175 1060.5288 138.04979
127884.03 106.63748 6670.06 516.20557 153.79124
122660.39 122.03947 6065.356 1037.5479 138.04979
126309.44 111.52749 6559.1826 653.0874 143.57185
122407.03 123.13239 6054.592 1064.957 138.06384
121845.98 123.13239 6039.9097 1033.7803 138.06384
121434.1 123.13239 6047.712 1040.5303 138.06384
127662.49 106.63748 6677.9316 534.92773 146.3265
121126.81 123.13239 6029.1597 1026.7085 138.06384
126442.74 111.52749 6548.7993 664.9839 142.87886
120485.086 123.13239 6020.8477 1017.9658 138.06384
128044.195 106.63748 6663.505 532.9136 148.78528
128026.65 106.63748 6668.66 531.4004 149.15945
120176.29 107.81284 6062.8735 996.0586 138.06384
120059.96 107.81284 6047.0635 984.91846 138.06384
119570.95 123.13239 6044.9014 988.95557 138.06384
128103.3 106.63748 6669.761 591.8491 153.41919
127915.734 123.24324 6439.0864 829.8989 144.175
127996.99 123.24324 6424.1177 878.04346 144.175
127966.766 106.63748 6677.6074 540.0757 153.41919
128040.5 106.63748 6668.2524 539.17676 153.41919
128108.08 128.85912 6654.45 580.58496 153.41919
127637.47 128.85912 6613.3247 611.0801 151.31053
120261.25 123.13239 6055.8115 1039.9531 138.43167
122959.84 124.56689 5497.009 1598.0737 134.86601
122679.734 124.56689 5522.5913 1555.9438 134.86601
126748.02 113.86264 6595.7354 570.6533 146.26637
127010.445 113.86264 6578.3843 612.8364 145.10898
127743.24 126.97676 6614.7656 664.2388 148.78528
122241.82 124.56689 5532.826 1524.855 135.91469
122466.29 126.11225 5556.428 1526.1147 135.91469
122872.195 123.91177 5525.9976 1605.769 135.91469
122565.66 123.91177 5531.1226 1593.937 135.91469
120824.875 118.96975 5437.08 1640.2334 134.5176
120087.04 123.13239 6048.305 961.4883 138.43167
120557.85 123.13239 6045.168 977.7661 138.43167
120875.85 125.12571 6065.0107 944.98145 138.6243
126934.984 119.00577 6538.9146 632.73 142.99063
127188.51 126.97676 6500.7417 749.7075 142.9814
119044.71 84.32993 5401.5845 1700.3804 130.84593
120624.805 125.12571 6049.7847 942.2583 138.6243
127368.41 123.17925 6521.6855 692.7241 144.76424
127141.66 123.17925 6521.183 697.74316 144.02881
118836.53 84.32993 5410.6787 1673.2095 130.84593
127204.01 123.17925 6531.201 714.2451 144.175
121576.836 122.56989 5459.6963 1642.2002 134.5176
127070.55 113.86264 6550.418 619.9795 145.10898
127857.15 130.71074 6470.9917 842.49756 143.33925
119543.805 84.32993 5397.028 1677.4434 130.84593
119687.28 84.32993 5398.795 1680.5034 130.84593
127861.89 123.24324 6457.383 852.08154 143.33925
127002.01 131.12895 6523.844 680.7739 145.09714
126948.89 131.12895 6547.961 698.7212 145.09714
121997.73 122.56989 5446.953 1670.898 134.61526
119013.93 84.32993 5381.177 1668.7256 131.57504
121858.33 121.71368 6079.4497 975.5376 138.43167
122040.734 116.42385 5431.271 1661.0166 134.61526
122818.055 118.86035 5450.0493 1661.6221 134.61526
121942.89 121.98328 6071.694 958.8613 138.43167
122412.49 121.98328 6137.1074 881.645 138.6243
122822.96 115.48722 5443.115 1670.9888 134.61526
126015.78 123.91787 6486.7544 669.14453 142.50319
126452.586 107.81284 6527.464 764.68994 142.50319
121432.68 122.43136 6116.4043 889.1504 138.6243
122101.69 122.43136 6136.452 898.18506 138.6243
126970.61 121.98328 6607.132 577.7207 146.26637
122188.98 122.43136 6057.239 979.74854 138.6243
126490.89 107.81284 6525.244 801.37646 142.50319
126938.6 113.86264 6625.9756 588.20654 146.26637
122064.04 122.43136 6070.355 1008.61865 138.43167
126946.61 121.98328 6623.532 618.2612 146.26637
118095.984 84.32993 5350.273 1588.5996 130.84593
118162.805 84.32993 5334.986 1599.9668 130.84593
121801.3 119.84846 6124.0063 936.7954 138.43167
126726.125 121.98328 6624.9536 531.7593 145.10898
123515.734 113.86264 5438.1553 1734.3936 134.70337
126719.88 121.98328 6636.451 545.77783 147.21472
126883.35 109.85083 6542.787 667.42773 144.02881
127128.08 126.97676 6627.4478 661.28564 147.03877
127330.48 123.81409 6415.3477 905.5127 142.9814
119049.36 84.32993 5369.9604 1637.3301 130.84593
119734.266 84.32993 5373.5723 1712.4028 130.42287
127233.65 122.43136 6617.7876 580.8413 146.21553
126936.5 122.43136 6623.8413 597.5342 145.10898
127303.35 126.97676 6620.143 646.3301 147.8345
119641.27 84.32993 5369.7515 1621.4751 130.42287
127624.14 114.79426 6443.631 880.3745 143.05672
127473.33 114.79426 6431.4907 872.7422 143.05672
126872.375 131.12895 6488.4873 717.688 144.02881
127482.08 114.79426 6416.3994 810.5254 143.05672
126661.96 130.84593 6519.2646 701.18604 144.02881
127110.664 130.84593 6533.1313 722.53076 145.09714
127909.71 123.81409 6419.6763 844.06885 144.175
127783.08 123.81409 6395.778 892.8467 142.99063
127748.62 123.81409 6390.43 875.69336 142.99063
127545.945 125.77295 6348.873 933.9487 142.99063
127420.72 128.25 6603.0786 616.875 146.5862
127538.62 132.53271 6618.719 571.8291 148.78528
127516.97 125.77295 6368.9893 870.84863 142.99063
127363.83 132.53271 6637.3765 551.04297 148.78528
127289.0 130.84593 6519.2856 770.3008 145.09714
127124.44 106.63748 6625.003 642.58984 145.10898
126913.01 106.63748 6638.758 591.8174 145.10898
127295.81 125.77295 6382.346 849.0156 142.99063
127310.81 125.77295 6382.116 906.27637 142.99063
127241.48 125.77295 6425.993 904.55225 142.99063
127087.56 106.63748 6627.6777 578.58203 145.10898
120844.47 84.32993 5317.9736 1758.73 130.79294
126932.96 106.63748 6639.4688 645.4248 145.10898
126827.04 106.63748 6640.385 593.48145 145.10898
121216.95 84.32993 5316.79 1777.833 130.79294
123701.664 91.38908 5439.1978 1689.9512 134.61526
120728.15 84.32993 5327.4272 1793.6167 130.79294
126791.44 106.63748 6639.893 571.6489 145.23488
126319.56 106.63748 6614.851 576.2661 143.99704
127465.53 132.53271 6624.973 621.8379 148.78528
127231.83 125.77295 6423.489 889.8701 142.99063
123475.84 91.38908 5442.0996 1666.8677 134.61526
127284.33 125.77295 6401.6187 912.28613 142.99063
127661.48 125.77295 6428.318 934.9136 142.9814
127683.67 97.73918 6391.13 939.5869 142.9814
127722.52 97.73918 6379.5913 926.6245 142.9814
127355.17 113.14942 6409.9614 842.62305 142.98274
127558.94 113.14942 6400.584 896.45264 142.98274
127687.36 113.14942 6416.2803 899.25195 142.98274
122554.11 91.38908 5428.423 1668.1929 134.19667
123857.805 97.73918 5385.797 1685.8242 134.61526
120171.47 84.32993 5361.161 1756.939 130.42287
120616.19 84.32993 5362.438 1766.0181 130.42287
122644.93 106.63748 5418.79 1616.8433 134.58107
126283.87 97.73918 6587.644 548.1846 144.92934
127247.79 133.51483 6513.8535 770.82324 145.10898
127077.445 133.51483 6535.4033 771.92285 145.10898
122644.875 99.90365 5445.4194 1567.0459 134.70337
127390.76 125.58012 6401.92 853.21826 142.98274
126482.9 97.73918 6617.18 576.3218 144.92934
127591.49 125.58012 6399.613 850.7383 142.98274
127149.305 133.51483 6518.5464 826.0801 145.10898
127226.88 125.58012 6413.8413 805.5786 142.98274
127631.8 132.76482 6521.9585 822.67725 146.3265
127453.99 132.76482 6488.962 835.4287 145.10898
122317.836 99.90365 5456.803 1545.0786 134.70337
127241.52 125.58012 6407.5703 830.9868 142.98274
122173.08 106.63748 5496.711 1496.874 134.70337
126890.164 97.73918 6604.5156 648.13477 144.92934
121866.54 107.6083 5510.642 1496.2837 134.70337
127146.125 97.73918 6601.726 549.2212 144.92934
121972.984 113.86842 5511.275 1502.977 134.70337
126674.125 106.63748 6580.8403 591.7124 143.0047
127596.516 123.52054 6518.5244 739.26953 145.10898
127653.68 123.24324 6575.682 734.3833 145.10898
126869.47 106.63748 6625.4624 612.6079 144.92934
127994.37 129.3894 6566.6157 789.4175 145.10898
128000.26 126.97676 6573.559 824.1079 146.3265
127075.83 113.86842 6595.956 645.45215 144.92934
127285.19 123.24324 6529.6455 755.70703 144.175
127183.266 123.24324 6496.66 704.6836 144.175
127389.055 97.73918 6573.8896 646.5405 144.92934
127452.66 97.73918 6566.6885 621.53516 144.92934
127137.4 113.86842 6589.514 660.0703 144.175
124503.97 97.73918 5452.027 1688.2231 134.70337
127513.79 125.58012 6465.447 768.4785 144.175
127450.56 125.58012 6471.3315 769.51807 144.62007
123918.38 97.73918 5450.543 1683.0903 134.70337
127496.04 125.58012 6454.6025 766.3042 144.62007
123255.38 113.86842 5448.661 1623.3921 134.70337
126832.4 113.86842 6555.1797 687.8867 142.9814
127103.23 106.63748 6564.378 683.2124 143.1318
128390.19 132.53271 6551.838 788.7617 145.10898
128246.15 106.63748 6552.2744 761.76416 145.10898
126997.79 106.63748 6560.984 690.79395 142.9814
128184.62 106.63748 6555.505 704.8032 146.12917
126904.46 123.24324 6522.077 659.11523 144.175
127293.34 125.58012 6497.7197 709.0576 144.62007
126839.984 123.24324 6513.4053 658.5542 144.175
127170.26 123.24324 6536.295 676.563 144.175
121954.375 91.38908 5484.883 1516.1895 134.5176
127248.805 125.58012 6489.763 705.7793 144.62007
122471.33 112.01859 5471.6064 1577.2275 134.70337
127136.3 106.63748 6546.7876 638.8867 142.9814
127356.29 125.58012 6478.1914 743.99023 144.62007
122945.98 112.88219 5504.708 1615.5762 134.70337
123213.68 112.88219 5463.3975 1641.2896 134.70337
127807.414 113.86842 6558.834 713.1372 145.10898
128158.76 106.63748 6556.667 743.5957 145.10898
123022.11 112.88219 5439.0405 1577.6929 134.70337
123793.086 106.63748 5457.8975 1634.7847 134.70337
123579.4 113.14942 5466.479 1713.1025 134.70337
123780.914 113.14942 5441.327 1720.519 134.70337
128239.01 106.63748 6552.5874 726.7168 145.10898
126662.0 113.86842 6535.273 664.91895 142.9814
122768.58 91.38908 5508.3906 1612.0576 134.61526
123614.12 113.93409 5385.5376 1791.7461 135.90369
123676.14 115.12469 5384.4614 1794.7251 135.90369
128043.79 106.63748 6565.3057 702.4878 145.10898
126257.99 113.86842 6536.1084 646.56934 142.9814
128231.445 132.53271 6572.6807 726.73584 145.23488
128143.69 132.53271 6578.586 679.4258 146.5862
126268.06 113.86842 6529.652 635.47266 142.9814
127755.0 132.58537 6592.408 632.39746 145.23488
127688.02 132.58537 6592.5845 634.2427 149.33054
123261.305 91.38908 5462.0874 1660.6108 134.61526
127682.3 132.58537 6594.0156 656.69727 149.33054
127736.305 132.58537 6594.4517 674.2085 145.27196
128010.305 132.58537 6613.1743 711.3169 146.48795
128399.086 123.81409 6573.0986 810.6748 146.3265
125113.52 97.73918 6475.2637 591.5918 142.50557
124731.95 97.73918 6433.0195 580.6499 142.50557
122615.28 91.38908 5485.0195 1571.5479 134.5176
127363.36 122.56346 6477.109 763.09326 144.175
121753.64 91.38908 5547.872 1554.6313 134.5176
122104.87 91.38908 5543.985 1541.8047 134.5176
122192.1 91.38908 5533.1987 1529.2446 134.5176
122779.51 91.38908 5495.1465 1585.3364 134.5176
123098.45 91.38908 5484.859 1607.5142 134.5176
124708.86 88.37653 6470.5137 590.2573 142.50557
127508.42 122.56346 6469.202 756.3408 144.175
127387.39 125.58012 6439.6587 770.85205 142.99063
123018.63 91.38908 5464.392 1578.0957 134.5176
124545.19 88.37653 6463.182 568.9658 142.50557
127498.29 125.58012 6468.3657 770.4585 144.175
127896.67 123.81409 6563.7065 716.80273 145.23488
122575.48 91.38908 5491.237 1551.0669 134.5176
122277.375 91.38908 5535.3584 1536.2368 134.5176
122705.68 110.53967 5458.3213 1620.5962 134.6087
122859.39 91.38908 5503.936 1700.5957 134.5176
122336.73 110.53967 5466.077 1620.2988 134.6087
127769.484 123.81409 6589.302 663.1572 145.23488
124331.08 88.37653 6467.1294 568.6426 142.50557
123203.37 91.38908 5461.0176 1657.873 134.5176
123262.45 91.38908 5432.827 1656.8955 134.5176
127271.08 125.77295 6385.6533 842.0371 142.99063
127395.25 125.58012 6464.784 730.3179 144.175
127462.484 123.24324 6422.5825 889.5752 142.99063
127524.086 123.24324 6441.028 969.5703 142.99063
127373.77 125.58012 6468.951 771.3779 144.175
123612.59 97.73918 6382.7837 570.3965 142.46227
122482.086 110.53967 5422.516 1615.748 134.6087
122385.49 110.53967 5435.762 1616.7236 134.6087
124100.69 97.73918 6434.625 570.64404 142.46227
127255.93 123.24324 6467.45 833.53613 143.1318
127355.945 125.58012 6472.076 752.32227 144.175
123598.65 110.53967 5469.8022 1682.7368 134.6087
127396.766 125.58012 6465.2715 780.0503 142.99063
122854.85 110.53967 5461.9272 1636.2007 134.6087
123254.67 110.53967 5470.904 1650.4712 134.6087
124402.32 97.73918 6440.8535 602.0952 142.46227
124948.164 97.73918 6437.1606 634.6631 142.46227
124869.68 97.73918 6447.3594 619.0415 142.46227
127516.125 97.73918 6413.227 810.6753 142.9814
127665.44 97.73918 6403.257 853.9663 142.9814
120725.78 84.32993 5313.5635 1673.4619 131.1541
127620.23 123.81409 6473.8677 841.15137 143.1318
119487.32 84.32993 5287.426 1617.3813 131.1541
124661.5 97.73918 6434.0723 646.2261 142.11165
127356.625 123.81409 6474.6436 859.82715 143.1318
120279.41 84.32993 5286.138 1649.5493 131.1541
120275.85 84.32993 5292.3013 1642.7754 131.1541
124545.93 97.73918 6441.748 621.9917 142.11165
124412.664 97.73918 6432.97 601.55225 142.11165
127247.25 123.81409 6501.312 827.5454 143.1318
124011.14 97.73918 6418.6187 593.6533 142.11165
122643.34 110.53967 5485.055 1632.2114 134.5176
127295.15 122.56346 6481.338 850.5801 143.1318
118776.125 84.32993 5320.8247 1526.4683 132.58537
119030.375 84.32993 5312.92 1561.9702 132.58537
123996.44 97.73918 6425.79 593.09863 142.11165
124492.766 97.73918 6428.7407 600.2495 142.11165
124747.99 97.73918 6414.085 604.43555 142.11165
124714.414 97.73918 6444.9688 594.0332 142.50319
119725.8 84.32993 5296.3154 1668.4502 131.1541
124606.414 97.73918 6448.7666 584.24756 142.50319
122447.44 110.53967 5517.163 1648.7065 134.19667
124445.18 97.73918 6388.081 618.22363 141.71442
119442.445 84.32993 5333.5303 1617.1504 131.1541
119273.28 84.32993 5314.5063 1588.0967 131.57504
119356.586 84.32993 5322.691 1604.8643 131.1541
119706.6 84.32993 5316.147 1650.5815 131.1541
122364.06 103.25319 5459.448 1749.6519 133.9832
122217.555 103.25319 5470.188 1673.9106 133.9832
124406.164 106.63748 6429.707 600.34717 141.71442
124530.19 106.63748 6415.254 637.26025 141.71442
119480.02 84.32993 5317.6455 1617.0352 131.57504
119423.08 84.32993 5292.8374 1600.0679 131.57504
127448.086 123.81409 6464.9937 878.5913 142.99063
119465.87 84.32993 5275.259 1604.0776 131.57504
125130.85 106.63748 6451.7705 638.4258 142.46227
119666.82 84.32993 5284.884 1632.4048 131.1541
127498.89 123.81409 6452.17 903.3281 142.99063
127353.23 123.81409 6445.324 935.8286 142.9814
125048.61 107.81284 6460.166 636.5005 142.46227
127340.83 106.63748 6424.623 792.3174 142.82094
124664.33 107.81284 6424.7246 679.0239 141.0754
124334.83 113.86264 6421.372 652.12744 141.0754
122033.52 103.25319 5482.806 1724.7134 133.9832
122281.99 103.25319 5458.819 1733.1641 133.9832
121594.99 103.25319 5467.3125 1726.1885 133.51483
127734.195 107.81284 6359.49 918.5659 142.9814
119947.06 84.32993 5264.152 1657.5337 130.92358
121555.5 103.25319 5490.3604 1699.6216 133.51483
124046.7 123.81409 6387.424 712.42334 141.0754
120689.67 84.32993 5268.4824 1676.0078 130.92358
123941.7 123.81409 6385.4478 693.3955 141.0754
120564.72 84.32993 5295.5474 1668.4897 130.92358
121204.1 84.32993 5336.8755 1690.8779 130.92358
121432.88 84.32993 5295.123 1738.4517 130.92358
127582.53 107.81284 6400.6313 866.81006 142.9814
121421.77 103.25319 5489.8604 1678.5322 133.51483
123533.234 123.91787 6340.44 728.7134 141.0754
121611.97 84.32993 5309.59 1762.4004 130.92358
121389.67 84.32993 5309.8115 1762.7021 130.92358
121948.11 84.32993 5277.07 1825.4941 130.92358
121529.22 103.25319 5473.1035 1663.3252 133.51483
121078.75 103.25319 5483.28 1628.8574 133.51483
121316.97 84.32993 5272.0225 1792.1997 130.20256
121158.71 103.25319 5465.1562 1588.8262 133.51483
120905.59 84.32993 5316.867 1746.9458 130.20256
127166.1 125.08518 6447.736 819.9414 142.82094
127246.516 121.98328 6460.76 837.9326 142.82094
120781.31 84.32993 5315.9644 1740.6665 130.20256
120586.94 84.32993 5291.046 1767.0146 129.70087
119464.67 84.32993 5256.121 1753.4717 129.70087
121936.58 115.12469 5466.575 1605.3984 134.19667
122086.04 115.12469 5458.369 1669.6143 134.19667
127443.85 121.98328 6449.972 846.08154 142.82094
121335.586 115.12469 5477.7437 1568.9258 134.5176
121063.82 115.12469 5481.17 1570.3506 134.5176
122074.74 115.12469 5448.455 1645.6138 134.5176
120367.5 84.32993 5355.9697 1705.2573 130.20256
120722.195 84.32993 5337.8228 1709.7764 130.20256
120568.91 84.32993 5358.706 1718.7778 130.20256
120527.44 84.32993 5343.816 1717.5269 130.20256
127448.805 107.81284 6458.067 844.4253 142.82094
127437.84 113.14942 6455.581 849.563 142.82094
120147.64 84.32993 5337.215 1716.8379 130.07588
127449.23 113.14942 6433.606 864.5132 142.82094
127123.945 113.14942 6407.6836 917.6792 140.73134
126916.17 109.85083 6457.293 901.4497 140.73134
126729.945 130.84593 6432.088 841.271 142.50319
120417.06 84.32993 5333.703 1676.6792 130.20256
123561.734 123.17925 6379.2515 677.4678 141.44652
126667.08 109.85083 6456.635 900.24756 140.73134
120549.66 84.32993 5323.1304 1697.77 130.20256
122246.41 115.12469 5460.32 1660.206 134.5176
123779.25 123.17925 6387.061 691.04297 141.44652
123681.17 123.17925 6372.091 659.6577 141.44652
123607.04 125.60949 6373.4585 658.61816 141.48924
122532.086 115.12469 5463.982 1671.5327 134.5176
122298.53 114.89305 5457.0513 1626.5791 134.5176
126204.34 109.85083 6033.145 1271.5464 140.37236
119902.23 84.32993 5342.1963 1669.7051 130.71074
123890.54 121.98328 6399.921 619.6538 141.48924
124402.96 121.98328 6383.509 658.6763 141.48924
126756.945 132.58537 6415.821 859.76465 141.99377
126655.016 129.85457 6437.9062 872.24365 141.99377
125796.9 109.85083 6102.1675 1112.6089 140.37236
126095.73 107.81284 6076.296 1176.9448 140.37236
126147.86 106.63748 6127.6836 1083.9062 140.37236
125926.234 106.63748 6132.0186 1084.5454 140.37236
125725.84 106.63748 6135.194 1051.9341 140.37236
121737.83 113.14942 5540.824 1539.9307 134.5176
122318.0 113.14942 5528.2954 1553.4893 134.5176
123115.44 113.14942 5501.1084 1644.4238 134.5176
125820.734 107.81284 6127.4077 1073.065 140.37236
123790.9 113.14942 5475.0215 1722.2559 135.03815
125732.78 107.81284 6127.9316 1063.8608 140.37236
123130.555 113.14942 5471.899 1735.1665 134.5176
123395.5 113.14942 5477.59 1757.4692 134.5176
122716.61 113.14942 5485.0425 1627.189 134.5176
125729.46 113.14942 6129.774 1088.3447 140.37236
122661.48 115.12469 5444.205 1643.9609 134.5176
122643.555 115.12469 5462.837 1682.6313 134.5176
125782.58 113.14942 6096.614 1147.1113 140.37236
122370.88 113.86264 5506.7446 1719.709 134.5176
123012.08 113.86264 5487.97 1702.7808 134.5176
122269.63 113.86264 5481.114 1678.69 134.5176
126152.11 113.14942 6065.1533 1199.9746 140.37236
125823.02 122.03947 6064.6475 1207.4736 140.37236
122145.21 113.86264 5499.7456 1717.3599 134.5176
121660.484 113.86264 5559.672 1617.4468 134.5176
121370.305 113.86264 5532.407 1610.4473 134.5176
121561.15 115.12469 5494.328 1655.9595 134.5176
121901.13 115.12469 5489.8506 1672.7104 134.5176
122033.38 115.12469 5483.071 1585.7007 134.5176
122175.74 115.12469 5438.9487 1600.5322 134.5176
122279.39 115.12469 5397.9434 1643.9521 134.5176
122846.125 115.12469 5404.4673 1666.395 134.5176
123330.18 115.12469 5406.862 1690.0142 134.5176
123001.57 115.12469 5426.251 1717.5522 134.5176
123043.97 115.12469 5418.445 1688.2988 134.5176
123210.664 107.81284 5454.9424 1662.6377 134.5176
123347.56 107.81284 5443.8667 1676.3242 134.5176
123293.66 107.81284 5413.5273 1713.8916 134.19667
122624.484 107.81284 5404.504 1660.0527 134.19667
125722.484 122.03947 6110.624 1098.4937 140.37236
125519.5 122.03947 6122.6255 1094.9263 140.00764
125940.164 109.85083 6124.0654 1121.5874 140.00764
125477.82 109.85083 6131.3926 1102.8032 140.00764
125272.59 109.85083 6143.867 1104.5083 140.00764
122041.805 115.12469 5462.9517 1605.2998 133.51483
122095.22 115.12469 5445.1167 1662.3779 134.19667
122177.45 115.12469 5451.3447 1673.6514 134.19667
122456.03 115.12469 5410.034 1681.2788 134.19667
122292.98 113.14942 5415.9243 1636.7539 134.19667
125378.625 109.85083 6143.8228 1133.3496 140.00764
122047.26 113.14942 5416.0146 1643.6606 134.19667
122487.55 113.14942 5410.902 1635.1074 134.19667
122295.84 115.12469 5385.108 1656.7358 134.19667
125849.414 109.85083 6187.788 1118.7974 140.37236
125646.56 128.0817 6154.392 1147.9907 140.37236
122753.29 115.12469 5397.0703 1676.5864 134.19667
125707.1 128.0817 6161.795 1155.0952 140.37236
123251.67 115.12469 5397.7544 1741.501 134.19667
122698.23 115.12469 5391.4023 1667.8916 134.19667
122051.914 115.12469 5392.129 1654.5859 134.19667
122150.63 115.12469 5389.1772 1658.8086 134.19667
122170.31 115.12469 5396.946 1672.6895 133.98392
122169.38 115.12469 5411.3994 1671.8691 133.98392
122191.34 115.12469 5420.3765 1677.2798 133.98392
122074.37 115.12469 5398.1963 1670.458 133.98392
121336.19 115.12469 5419.004 1640.8232 133.05498
121199.7 115.12469 5409.6987 1608.2446 133.49161
121070.336 115.12469 5423.8857 1629.8813 133.49161
121522.1 115.12469 5404.7334 1808.0059 133.49161
121540.95 89.28175 5424.7817 1832.5474 133.49161
121960.375 111.27056 5415.3955 1797.6187 133.49161
121698.6 111.27056 5369.163 1778.4019 133.49161
121696.11 107.81284 5355.555 1775.0698 133.49161
121850.65 113.93409 5314.447 1830.8887 133.49161
121762.28 115.12469 5349.045 1849.1631 133.49161
121234.95 91.38908 5328.879 1799.2627 132.26207
121076.586 91.38908 5336.192 1804.4443 132.26207
121938.53 91.38908 5352.919 1841.5029 132.26207
121654.28 91.38908 5351.5767 1824.9033 132.26207
121042.484 91.38908 5412.6724 1744.5723 132.26207
126246.59 97.73918 6448.1377 748.30615 140.73134
120792.125 91.38908 5438.518 1598.7085 132.26207
126164.17 97.73918 6496.7812 737.08057 140.73134
121022.83 91.38908 5472.652 1630.6401 132.26207
126060.305 97.73918 6502.8057 648.8413 140.73134
120808.27 91.38908 5475.619 1635.6924 132.26207
120359.06 91.38908 5438.2324 1594.9355 132.26207
119746.29 91.38908 5433.4453 1567.3081 132.26207
120091.45 91.38908 5416.603 1577.4053 132.23616
126223.484 97.73918 6491.7065 633.7007 142.61728
120480.31 91.38908 5473.0205 1530.6719 133.51483
120968.414 91.38908 5476.8145 1564.7227 133.51483
120545.3 91.38908 5468.7114 1532.0835 133.51483
121171.734 91.38908 5431.8755 1593.4702 133.51483
121752.39 91.38908 5454.265 1595.6299 133.51483
122323.85 91.38908 5461.0654 1640.3838 133.51483
122419.81 91.38908 5452.172 1680.4209 133.51483
123203.055 91.38908 5420.9653 1848.0713 133.51483
122642.88 91.38908 5408.7744 1823.5093 133.51483
122452.97 91.38908 5416.0615 1810.8569 133.51483
123171.445 91.38908 5423.4204 1800.9604 134.19667
123137.33 91.38908 5414.2993 1783.4951 134.19667
122590.59 91.38908 5444.191 1694.8857 134.19667
127271.336 97.73918 6487.173 797.855 142.50319
123000.42 91.38908 5425.038 1750.79 134.19667
122455.48 91.38908 5444.0386 1685.6348 134.19667
122984.7 91.38908 5444.0117 1695.7979 134.19667
122861.07 91.38908 5429.7583 1685.2412 134.19667
122622.2 91.38908 5426.4995 1654.8647 134.19667
127074.71 97.73918 6514.506 778.8252 142.50319
127205.76 97.73918 6509.6704 782.40674 142.50319
122391.59 107.81284 5533.4834 1575.3989 134.19667
122083.46 112.88219 5506.1147 1572.353 134.19667
121893.13 112.88219 5466.5625 1605.2002 133.51483
120910.95 112.88219 5446.8896 1598.6733 133.51483
119836.73 112.88219 5416.169 1552.2227 133.51483
119693.89 105.06393 5387.097 1570.1841 132.89174
119894.914 97.11159 5339.0894 1618.2295 132.89174
126473.516 121.98328 6525.257 647.6963 144.175
119213.14 105.06393 5295.9688 1671.2021 131.12895
120187.88 105.06393 5315.504 1680.7588 131.12895
119766.34 105.06393 5273.082 1675.4565 131.26195
120404.56 113.14942 5318.556 1684.9209 131.26195
120263.63 107.6083 5330.067 1646.6758 131.44972
125959.61 121.98328 6509.2236 623.71387 142.98274
119950.26 99.11452 5322.23 1634.9243 132.26207
120304.39 99.11452 5323.0054 1623.4155 132.34746
125687.99 130.71074 6440.6187 667.563 142.50557
120571.016 99.11452 5291.886 1665.5112 132.34746
125234.83 132.77963 6441.6494 678.7969 142.50557
120346.37 114.39118 5300.796 1799.0518 132.26207
120093.37 114.39118 5300.229 1620.3608 132.26207
120290.336 114.39118 5284.0337 1667.7808 132.89174
125297.95 129.5067 6443.378 658.0488 142.50557
121181.664 113.86264 5341.021 1693.0093 132.34746
121609.414 115.12469 5355.7134 1699.8354 132.34746
121141.81 115.12469 5347.042 1684.1914 132.34746
121324.07 115.12469 5339.2363 1695.042 132.89174
120666.32 115.12469 5316.262 1671.9595 132.34746
120566.125 115.12469 5285.583 1701.1401 132.26207
120294.23 115.12469 5286.876 1672.187 132.26207
125179.64 129.5067 6461.2246 628.56836 142.50557
125253.72 129.5067 6477.791 633.1504 142.50557
120208.64 115.12469 5330.528 1647.6743 132.26207
119970.16 115.12469 5312.567 1639.7783 132.26207
125281.03 129.5067 6489.8745 649.11523 142.50557
121183.14 115.12469 5373.4614 1586.4707 134.19667
121533.9 115.12469 5362.4155 1591.6094 134.19667
121513.13 115.12469 5372.659 1597.9155 134.19667
121083.266 107.6083 5380.5645 1572.209 134.19667
126687.85 129.5067 6504.7646 732.98047 142.50319
126849.88 127.09281 6488.0444 754.80615 142.50319
127457.81 126.97676 6577.0586 757.6826 145.10898
127344.914 118.86035 6579.656 716.1333 145.10898
126598.88 118.86035 6468.7524 750.4053 141.46008
125924.55 118.86035 6476.925 747.5498 141.46008
125623.78 118.86035 6517.8364 712.09033 141.46008
125822.08 115.48722 6549.9585 667.8052 141.46008
126008.07 115.48722 6500.548 712.3672 142.11165
126022.81 111.52749 6525.244 648.2388 142.50557
126208.37 107.81284 6528.32 621.166 142.50557
126962.54 107.81284 6474.4653 799.4033 141.69376
126823.78 107.81284 6499.191 797.1196 142.50319
126861.05 107.81284 6477.5806 777.43115 141.69376
126398.14 129.56282 6465.354 793.1987 140.88644
126624.58 123.81409 6458.658 788.68164 140.88644
126457.21 126.97676 6482.752 750.9424 140.88644
126689.695 126.97676 6502.715 760.54346 142.50319
126742.93 126.97676 6508.271 777.07764 142.50319
127000.01 126.97676 6471.188 820.2124 142.50319
126744.85 123.24324 6489.824 804.8916 142.50319
126439.63 126.97676 6514.498 702.2549 142.50319
126060.91 130.71074 6482.3623 677.1616 142.50319
125599.14 127.75874 6412.442 764.44775 141.46008
125419.6 129.5067 6446.8936 666.3345 141.46008
125519.5 129.5067 6479.1436 666.15186 141.88205
125448.15 129.5067 6462.4355 681.3247 141.54433
125575.29 129.5067 6493.592 687.00586 142.12418
125508.53 128.13597 6481.914 685.7588 141.54433
125430.484 128.13597 6497.914 659.1367 141.54433
126029.96 128.13597 6471.122 720.5957 141.54433
125941.48 129.5067 6454.5127 746.9673 141.54433
126482.37 121.98328 6526.841 657.0835 142.50557
126639.125 121.98328 6524.129 638.11816 142.50557
126941.9 121.98328 6549.8774 670.7241 142.50557
126949.06 107.81284 6588.314 624.09814 142.94437
127309.95 107.81284 6556.7666 655.1953 142.50557
127140.96 129.5067 6552.8037 676.2002 142.50557
126873.36 129.5067 6572.3647 587.31055 146.90823
126852.055 129.5067 6573.3657 599.2866 146.90823
127356.26 129.5067 6562.2637 617.68604 146.90823
127143.37 129.5067 6357.0273 816.834 142.50319
126949.1 129.5067 6365.6455 793.01953 142.50319
126651.96 129.5067 6387.171 788.16064 142.04971
126675.336 129.5067 6378.424 809.0674 142.04971
126079.33 129.5067 6435.5366 745.28467 142.04971
125769.46 129.5067 6455.959 723.50684 141.88205
125955.47 106.63748 6466.6826 682.2788 141.57582
126131.61 107.81284 6479.7183 685.7368 141.57582
126242.38 107.81284 6456.6245 736.9883 141.57582
126283.35 123.24324 6471.5254 743.36035 141.57582
125925.88 123.24324 6474.054 723.0156 141.57582
125858.94 123.24324 6465.706 711.01855 141.57582
126042.67 123.81409 6466.1445 719.3091 141.57582
125736.43 129.5067 6462.8984 741.9082 141.57582
126300.54 129.5067 6465.2715 751.40137 141.57582
126042.01 129.5067 6440.8047 744.4209 141.57582
125977.375 130.84593 6426.309 782.7954 141.57582
126078.6 130.84593 6404.3896 778.24023 141.57582
126371.03 130.84593 6386.575 775.07666 142.50319
125885.38 130.84593 6398.896 769.61523 142.50319
124934.56 130.84593 6381.264 744.93994 141.57582
125224.836 130.71074 6398.9585 737.9961 141.57582
125187.02 130.84593 6379.545 744.9429 141.57582
125159.53 130.84593 6388.017 758.77344 141.57582
125085.01 130.84593 6375.91 735.91846 141.57582
124340.61 125.58012 6348.2856 742.66016 141.0754
124489.56 125.58012 6341.893 732.3076 140.78745
124623.34 131.75862 6347.0117 755.90625 141.57582
124608.79 131.75862 6351.1963 780.98584 141.57582
125042.664 131.75862 6383.4287 801.876 141.57582
125147.22 131.75862 6345.7627 796.333 141.57582
125338.695 131.75862 6328.2407 765.71094 141.57582
125015.766 131.75862 6344.652 741.6411 141.57582
124398.79 130.71074 6350.959 728.54834 141.57582
124101.45 133.903 6336.7295 745.29834 141.0754
123845.31 133.903 6348.2915 765.68945 141.0754
123634.87 133.903 6354.9995 735.96094 141.0754
123924.79 133.903 6301.7163 774.8491 140.47026
124151.34 130.71074 6296.921 781.5967 140.88644
124468.336 133.49161 6243.013 883.8203 140.37236
124617.47 134.6087 6216.421 929.03076 140.37236
125135.34 134.19667 6455.0786 725.9214 142.82094
124818.4 132.05266 6454.6895 714.0801 142.82094
124934.2 132.05266 6437.822 695.66016 142.50319
125137.35 134.19667 6422.8677 727.06055 142.50319
125057.65 134.19667 6449.003 674.4468 143.4619
125571.555 134.19667 6478.079 695.062 144.175
125726.2 133.903 6458.087 736.0635 142.50319
125769.13 133.903 6455.0566 764.64014 142.99063
125792.695 133.903 6449.5938 811.272 142.99063
125886.04 134.70337 6445.007 771.9741 143.4619
126240.02 134.70337 6424.007 775.64453 142.99063
126276.79 134.70337 6422.628 796.1538 142.99063
125926.62 134.70337 6404.586 760.35596 142.99063
125813.79 134.70337 6425.301 752.1035 143.4619
125978.42 134.70337 6427.905 757.32275 143.4619
125804.19 134.70337 6442.0615 713.0044 143.4619
125656.34 134.70337 6465.877 678.15674 143.4619
125523.11 134.70337 6485.611 713.7256 143.4619
125336.89 132.05266 6471.3564 703.9375 143.4619
124838.06 117.93085 6464.568 626.2959 142.82094
124762.164 117.93085 6453.708 605.2451 142.99063
124478.72 117.93085 6441.4424 605.1509 142.82094
123999.98 117.93085 6449.6826 615.79834 142.82094
124611.83 113.86842 6485.416 517.86475 142.82094
124591.836 113.86842 6474.222 502.04932 142.99063
124790.734 113.86842 6461.168 569.542 142.99063
124536.0 123.04027 6447.7104 597.7622 142.99063
124452.4 123.81409 6460.59 540.749 143.99704
125134.96 128.13597 6464.876 624.9497 143.99704
125043.41 106.63748 6494.384 573.44775 143.99704
124395.625 88.37653 6494.1973 534.647 143.99704
124780.125 123.17925 6507.087 551.1924 144.68129
124861.43 128.85912 6494.5596 558.0215 144.68129
124843.97 128.85912 6494.926 585.14844 143.99704
124955.47 128.85912 6460.053 603.6963 143.99704
124939.695 129.3894 6485.3076 555.5083 143.99704
124763.3 129.3894 6485.59 542.69385 144.92934
124543.56 130.71074 6473.997 602.3784 144.68129
124265.41 130.71074 6461.398 592.6997 144.68129
124125.914 130.71074 6442.089 591.53906 144.68129
124249.82 130.71074 6441.035 642.02637 143.92137
124211.1 130.71074 6446.818 636.7417 143.92137
123944.5 130.71074 6438.2603 631.624 143.92137
123241.38 131.12895 6372.8477 619.7988 143.92137
122864.68 131.75862 6407.8643 617.98047 142.9814
123657.9 131.75862 6422.7085 622.3247 142.9814
123746.94 131.75862 6438.5425 592.2617 144.47514
124302.36 131.75862 6457.5127 629.1792 144.47514
124545.49 131.12895 6501.1934 584.45264 146.00975
124637.5 131.12895 6508.1445 587.166 145.14844
124823.85 131.12895 6502.4033 600.7671 145.14844
124979.914 131.12895 6541.9756 558.2637 147.03877
125172.77 131.12895 6542.651 603.8584 145.14844
125602.24 130.84593 6529.241 623.61865 145.14844
125881.35 130.84593 6515.545 639.17236 145.14844
125750.63 135.20143 6524.302 608.5513 145.14844
125937.414 137.78804 6506.4736 628.0508 145.14844
126344.94 135.50793 6566.153 627.5757 153.79124
127102.586 134.61526 6597.667 617.4131 149.90457
126938.94 134.61526 6602.565 599.49023 149.90457
127133.8 135.50793 6582.2246 642.5156 150.38174
127205.52 135.20143 6561.1724 672.2612 151.77692
127208.47 121.98328 6596.59 633.1919 145.10898
127099.78 130.71074 6571.1353 654.0625 145.10898
127581.51 128.25 6575.134 632.05566 145.10898
127807.22 130.71074 6584.025 623.7129 145.23488
127993.414 123.81409 6546.599 700.51855 145.23488
128339.87 123.81409 6663.526 562.3135 146.3265
128077.48 123.81409 6510.1045 713.64014 145.23488
127962.43 129.55254 6527.4966 694.8496 145.46935
128079.67 132.53271 6623.9385 665.0581 153.41919
128046.64 132.53271 6628.743 649.13135 153.41919
127654.23 132.53271 6633.904 619.5176 151.2861
127638.06 132.53271 6607.274 611.8369 162.33377
127671.055 132.53271 6614.3745 675.5674 147.21472
127720.2 132.58537 6613.679 691.9429 147.21472
127645.22 126.97676 6618.127 757.8862 147.21472
127545.76 126.97676 6595.2754 791.19824 145.23488
127358.445 126.97676 6592.522 790.0537 145.23488
127533.51 123.17925 6600.797 708.48486 145.52124
127278.99 123.17925 6602.762 666.37305 145.52124
127443.055 123.17925 6608.849 671.645 145.52124
127639.4 123.17925 6610.147 710.03564 145.52124
127832.72 123.17925 6604.12 722.9253 145.52124
128060.1 123.81409 6594.695 721.64404 145.23488
127880.13 123.81409 6441.185 813.9907 144.175
127425.3 132.58537 6387.824 838.2622 143.09921
127775.15 132.58537 6444.086 795.7637 144.175
127677.72 131.75862 6445.697 793.8789 144.175
127273.55 122.43136 6496.704 713.31836 144.175
127664.8 122.43136 6496.155 718.8501 144.175
127435.19 122.43136 6485.004 706.75195 144.175
127354.94 132.58537 6498.319 722.7041 144.175
127112.66 132.58537 6518.2607 720.56494 144.175
126743.08 132.58537 6457.1724 758.645 143.92137
126401.55 132.58537 6416.445 785.6167 142.50557
126078.164 132.58537 6408.7427 757.37305 143.05672
125718.81 132.58537 6427.193 725.2744 142.50557
126064.61 132.58537 6411.487 760.20166 142.50557
126045.3 132.58537 6410.0356 756.105 142.50557
126030.95 132.77963 6415.5312 771.2422 143.15266
126196.34 132.77963 6399.423 756.5923 142.50557
126490.5 134.58107 6453.479 724.2637 144.175
126667.4 134.58107 6411.2085 734.2505 145.14844
127257.695 134.58107 6432.0527 796.8667 145.14844
127562.33 134.58107 6450.0703 811.937 147.03877
127735.68 135.20143 6473.265 831.05615 147.21472
127612.445 135.20143 6431.633 858.1924 147.03877
127509.53 107.81284 6459.6094 800.7588 142.9814
127368.53 107.81284 6440.1533 838.4834 141.41927
127340.516 107.81284 6476.5693 811.50244 141.41927
126962.805 107.81284 6471.7656 801.0913 140.73134
126484.414 107.81284 6445.215 737.60547 140.73134
126488.95 107.81284 6443.7627 732.96045 140.73134
126429.06 107.81284 6452.76 724.23975 141.41927
126570.914 107.81284 6451.0835 709.4922 141.46008
126610.75 107.81284 6438.061 696.89404 141.46008
126983.38 107.81284 6427.623 770.7822 141.46008
126949.74 107.81284 6435.646 706.0332 141.41927
126864.48 107.81284 6448.6675 703.5044 141.41927
126556.94 107.81284 6449.6567 698.7959 141.46008
126162.734 113.86264 6436.9346 686.63525 141.41927
126178.88 112.88219 6432.4346 723.75 141.41927
126421.336 113.14942 6440.8066 747.69385 141.41927
126369.516 113.14942 6423.5854 728.37744 141.41927
126356.516 107.81284 6445.5786 688.0454 141.41927
126426.76 107.81284 6432.208 703.11865 141.41927
126093.39 107.81284 6448.7075 665.57715 141.41927
126230.76 107.81284 6423.2153 717.9121 140.47026
126530.34 107.81284 6411.5527 792.61865 140.47026
126563.984 107.81284 6404.3726 762.73975 140.47026
126488.055 107.81284 6434.578 719.5845 140.47026
126204.58 106.63748 6441.0005 746.9243 140.47026
126196.44 106.63748 6451.2715 737.31445 140.73134
126001.484 106.63748 6434.896 714.04834 140.47026
125779.43 107.81284 6400.37 714.1592 140.47026
125741.36 113.14942 6402.118 718.72754 140.47026
125156.586 113.14942 6369.8013 767.31494 140.37236
125359.52 113.14942 6336.467 809.53613 140.37236
125476.43 113.14942 6341.3535 820.94434 140.37236
125155.57 123.24324 6312.305 809.1924 140.37236
125127.57 123.24324 6323.5176 779.3926 140.37236
125684.36 123.24324 6290.0654 901.9785 140.37236
125329.555 123.24324 6282.1787 886.1929 140.37236
125208.82 129.03609 6285.758 876.67725 140.37236
125271.86 129.03609 6282.729 894.8408 140.37236
124530.21 129.03609 6292.3945 823.89844 140.37236
124547.99 132.77963 6281.212 842.2339 140.37236
124225.61 132.77963 6291.1343 858.7363 140.37236
124280.2 132.77963 6286.859 866.26074 140.37236
124161.19 132.77963 6308.446 883.5 140.37236
124566.38 132.77963 6307.4097 887.51514 140.37236
124221.28 132.77963 6284.672 734.98926 140.37236
124262.38 123.17925 6313.476 731.2256 140.47026
124667.12 123.17925 6337.7183 794.5488 140.47026
124471.55 118.98245 6332.8657 752.3462 140.47026
124114.4 131.12895 6312.638 719.12305 140.47026
124237.24 131.12895 6270.1133 780.8208 140.73134
124123.67 132.77963 6290.266 778.3579 140.73134
124310.26 123.81409 6330.7744 735.25635 140.73134
124297.984 123.81409 6342.7095 751.17773 140.73134
123901.48 123.81409 6324.961 732.06055 140.73134
