609.0 0.0 71.0 19.0 1.0
631.0 0.0 73.0 21.0 1.0
623.0 0.0 75.0 22.0 1.0
617.0 0.0 72.0 18.0 2.0
610.0 1.0 69.0 28.0 1.0
580.0 1.0 63.0 41.0 0.0
565.0 1.0 64.0 37.0 0.0
549.0 1.0 61.0 22.0 0.0
545.0 1.0 60.0 21.0 0.0
591.0 1.0 60.0 36.0 0.0
613.0 0.0 75.0 18.0 2.0
637.0 0.0 75.0 20.0 2.0
590.0 0.0 70.0 17.0 1.0
521.0 0.0 63.0 13.0 1.0
590.0 0.0 71.0 18.0 1.0
524.0 0.0 67.0 9.0 2.0
598.0 0.0 72.0 19.0 1.0
604.0 1.0 69.0 25.0 1.0
607.0 0.0 62.0 30.0 0.0
572.0 1.0 69.0 20.0 2.0
591.0 0.0 63.0 29.0 0.0
553.0 1.0 69.0 20.0 1.0
573.0 0.0 70.0 14.0 1.0
587.0 0.0 66.0 20.0 0.0
570.0 1.0 67.0 15.0 1.0
575.0 0.0 69.0 16.0 1.0
588.0 1.0 68.0 19.0 1.0
533.0 1.0 63.0 14.0 1.0
580.0 1.0 61.0 30.0 0.0
576.0 0.0 69.0 16.0 2.0
561.0 0.0 65.0 19.0 0.0
575.0 1.0 67.0 18.0 2.0
536.0 0.0 65.0 13.0 2.0
