2424.0 0.0 146.0 36.0 1.0
2419.0 0.0 149.0 35.0 1.0
2476.0 0.0 148.0 41.0 0.0
2390.0 0.0 145.0 33.0 1.0
2436.0 0.0 143.0 40.0 0.0
2421.0 0.0 140.0 39.0 0.0
2397.0 0.0 144.0 34.0 1.0
2386.0 0.0 146.0 33.0 1.0
2363.0 0.0 142.0 31.0 0.0
2363.0 0.0 143.0 32.0 0.0
2354.0 0.0 143.0 31.0 0.0
2410.0 0.0 144.0 38.0 0.0
2321.0 0.0 140.0 25.0 0.0
2212.0 0.0 135.0 23.0 0.0
2207.0 0.0 138.0 22.0 0.0
2198.0 0.0 136.0 21.0 0.0
2333.0 0.0 142.0 28.0 0.0
2328.0 0.0 144.0 28.0 0.0
2388.0 0.0 142.0 30.0 1.0
2392.0 0.0 143.0 31.0 1.0
2370.0 0.0 142.0 28.0 1.0
2374.0 0.0 146.0 28.0 2.0
2370.0 0.0 148.0 22.0 2.0
2361.0 0.0 147.0 23.0 1.0
2348.0 0.0 146.0 22.0 1.0
2327.0 0.0 146.0 19.0 2.0
2343.0 0.0 147.0 20.0 2.0
2344.0 0.0 148.0 21.0 2.0
