8372.328 158.41125 1647.1942 73.66223 169.34273
8640.286 135.01726 1709.2267 37.858032 167.82477
8652.039 135.01726 1714.7665 47.644897 172.17154
8410.64 152.69621 1645.1687 60.05005 163.28625
8466.924 150.15355 1606.8599 168.677 161.4
8568.527 152.45699 1600.5046 172.40527 161.71059
8327.319 152.93358 1609.7903 106.13757 161.4
8418.711 159.49963 1614.4412 123.042725 164.95471
8102.79 156.87422 1536.9934 151.61853 161.9281
8107.899 154.4908 1539.8623 129.3794 161.0865
8223.137 154.4908 1597.5646 77.1897 161.3898
8395.842 152.93358 1606.2117 176.55823 161.67987
8265.467 156.87422 1533.3123 217.1521 160.88118
8506.043 149.17802 1584.699 223.91443 160.88118
8377.0625 152.98418 1625.2383 151.74463 161.4
8311.335 153.34789 1591.1842 156.59583 162.08296
8437.203 156.93901 1654.6365 86.23926 162.67815
8488.02 156.93901 1666.0801 71.56201 169.76538
8594.272 156.64426 1688.4961 50.58557 173.67409
8753.465 154.39687 1675.3137 209.08777 162.86284
8779.134 154.39687 1679.1682 162.93018 164.95471
9082.682 158.99997 1683.9874 200.52014 164.95471
8847.928 135.68265 1661.0441 191.15576 165.22179
8901.633 133.08179 1717.8274 122.90234 167.8785
8754.375 133.08179 1692.01 110.94641 165.22179
8157.6025 152.77414 1555.5254 155.8158 161.35983
8229.247 152.77414 1548.8772 159.20337 161.35983
8233.844 152.77414 1566.8243 174.04321 161.35983
8214.978 152.77414 1555.2437 164.90735 161.35983
8305.979 152.77414 1548.4796 211.92249 158.90211
8439.041 152.77414 1539.795 265.0935 158.90211
8394.212 152.77414 1567.4858 175.42493 161.1099
8618.622 152.77414 1556.0261 285.12292 161.55464
8614.6 152.77414 1585.505 213.72693 161.1099
8618.623 152.77414 1556.0261 285.12305 161.55464
8662.926 152.77414 1544.7784 277.69556 161.25354
8850.057 154.349 1562.0364 311.4525 161.35983
8905.325 160.12071 1748.4121 105.12109 168.0409
8770.025 146.2643 1640.7812 159.7168 164.93689
8725.513 146.27359 1648.5378 161.64746 164.93689
8657.398 135.51976 1702.7552 64.26404 166.62468
8459.864 152.36444 1677.1608 30.118896 176.17882
8468.692 156.71829 1675.9049 39.555786 174.59618
8494.348 158.74489 1676.9781 49.760864 172.11137
8480.589 160.08427 1669.299 60.481445 175.3321
8514.926 153.50403 1675.3494 49.473755 175.3321
8757.877 173.92612 1686.637 116.563354 174.80391
8834.853 162.26248 1717.3969 121.68176 168.43683
8857.14 164.93689 1682.4912 177.91492 166.74571
9279.6875 150.20596 1768.6475 153.83325 172.40428
9070.73 174.12022 1740.8162 164.80164 172.54773
8713.761 157.93887 1702.3715 85.387695 167.45956
8672.178 152.98006 1692.4469 96.756836 163.93184
8652.747 156.64426 1682.5486 93.864136 163.93184
8645.087 156.64426 1674.8882 82.089355 165.67262
8728.589 157.3032 1695.979 81.2041 170.5356
8650.887 158.28462 1694.8057 58.313843 173.25581
8657.707 157.3032 1666.8341 133.42468 162.37631
8685.558 155.85728 1704.1056 55.977783 174.62762
8652.728 158.16292 1672.9575 83.45178 167.20268
8635.481 158.16292 1689.7247 77.89111 169.94125
8636.346 157.41553 1690.9183 74.295166 167.20268
8601.103 164.69258 1680.0377 89.19739 167.20268
8744.941 169.99377 1706.7129 111.52319 167.45956
8836.494 166.819 1714.7852 98.03821 170.57436
8945.807 166.819 1733.0214 152.60315 169.52435
8881.0 169.52435 1634.5072 282.1875 168.0409
8755.159 162.78477 1726.3588 64.34033 174.36157
8756.868 145.86531 1731.4246 47.25757 174.59618
8806.066 144.54825 1734.6467 57.597534 173.6303
8797.78 145.86531 1737.4966 55.605347 168.17484
8848.096 145.86531 1719.291 75.133545 171.48897
8772.079 145.86531 1715.3063 82.773926 167.263
8771.0625 153.2409 1716.7253 74.09485 167.263
8893.336 151.39291 1725.003 113.99292 167.263
8893.895 151.39291 1694.5431 145.03235 166.07715
8898.721 145.86531 1730.3882 92.14026 167.263
8848.539 145.86531 1735.3593 98.6322 167.263
8880.839 145.86531 1729.0565 89.42993 167.263
9015.121 151.39291 1744.3119 126.02991 167.263
8850.903 168.17484 1738.6545 109.53113 170.58655
8834.748 157.31168 1731.3085 92.33655 170.58655
8780.393 160.86064 1697.7068 127.90234 167.91774
8876.527 144.54825 1754.9137 45.669434 180.51024
9031.563 173.68413 1757.1135 105.36365 176.64444
9025.201 173.68413 1751.8079 100.746216 176.64444
9038.517 165.36847 1770.9875 73.35181 175.99098
9038.518 165.36847 1770.9874 73.35193 175.99098
9045.86 164.95471 1780.126 60.51465 176.64444
9021.624 173.78304 1770.5027 64.5625 178.09998
9024.543 174.62762 1748.498 113.84558 178.09998
9078.52 174.62762 1744.5519 140.74365 176.64444
9024.915 168.0409 1772.9727 86.599365 173.78304
8963.203 156.6731 1729.911 141.15894 168.17699
8999.06 149.8217 1676.745 193.80884 165.22179
8972.746 155.7082 1627.2932 258.41882 163.76953
8923.517 155.7082 1624.532 254.63416 163.93184
8770.818 158.29262 1709.6062 177.59656 165.22179
8745.997 158.90211 1698.0565 112.245605 165.22179
8661.255 158.90211 1697.383 87.60974 165.22179
8792.326 158.90211 1712.414 128.77307 167.02327
8847.271 158.90211 1709.1857 144.67896 166.65726
8771.217 149.8217 1708.9266 86.5625 167.04564
8770.895 149.8217 1704.2268 93.08887 166.65726
8718.195 149.8217 1697.685 82.12366 167.02327
8833.846 158.90211 1707.8053 129.4502 165.22179
8803.127 170.75787 1690.031 159.43835 170.16382
8842.688 173.40654 1721.839 98.76477 174.12633
8773.728 162.2631 1679.1001 174.30432 165.22179
8696.365 162.2631 1674.71 101.33325 165.22179
8631.599 162.2631 1672.1866 93.12146 165.22179
8506.972 154.39069 1639.9121 122.085815 162.49982
8548.732 154.39069 1641.3335 105.11328 162.579
8508.653 154.39069 1649.815 92.60156 162.579
8575.897 161.97414 1633.8828 164.71997 162.579
8481.392 158.41406 1588.8608 197.65796 162.29065
8430.712 147.12909 1609.685 164.40771 162.29065
8291.721 158.41406 1576.4038 183.59973 162.28741
8462.99 160.18402 1619.7595 139.95605 162.579
8626.731 161.1099 1624.7343 176.66577 162.579
8605.136 161.1099 1639.0044 172.6626 162.66907
8726.471 161.1099 1610.2368 228.92773 162.66907
8672.805 158.28462 1673.9326 175.1228 162.49982
8714.663 158.28462 1643.3446 186.31409 163.70543
8828.04 154.39069 1626.0659 237.59412 162.49982
8675.691 143.20287 1603.5747 191.50818 162.03156
8567.171 143.20287 1619.7363 154.82373 162.03156
8567.17 143.20287 1619.7365 154.82361 162.03156
8481.416 142.69566 1573.1306 191.74402 160.14868
8427.857 143.20287 1582.4067 192.42114 160.14868
8501.337 143.20287 1581.4169 194.0404 160.14868
8415.338 143.20287 1643.9402 113.262085 158.50627
8388.113 143.20287 1626.9093 86.36926 158.90211
8354.117 143.20287 1641.5898 59.32263 167.09227
8328.25 143.20287 1621.1133 82.84314 161.1099
8298.737 143.20287 1627.3119 71.206665 161.25354
8356.782 140.09077 1621.6072 80.984985 161.25354
8296.015 143.20287 1634.5331 70.51758 161.25354
8228.428 141.981 1566.9462 113.048706 158.22704
8250.591 141.19069 1592.9995 115.18994 158.22704
8205.863 141.981 1605.6453 83.23169 158.22704
8226.2295 141.981 1576.0833 119.51514 158.22704
8204.678 141.981 1604.9467 91.266235 157.25197
8227.6455 127.43664 1558.0752 166.31653 157.25197
8213.8545 141.981 1556.8086 169.50708 157.25197
8215.488 138.97258 1514.4043 199.99512 157.25197
8288.73 138.97258 1543.1155 244.52502 157.25197
8352.6 133.58266 1547.792 272.39368 158.4357
8342.104 141.981 1566.8373 274.34644 158.4357
8257.889 141.981 1517.4071 278.85876 157.74712
8377.554 149.05693 1518.2747 329.57202 157.74712
8273.612 142.69566 1533.7826 210.1222 158.00647
8034.8765 148.76204 1505.1687 164.47388 158.00647
8212.431 149.05693 1536.0018 181.23413 158.00647
8239.272 143.0985 1503.3667 206.19836 158.00647
8251.126 149.05693 1509.8411 213.13416 158.00647
7961.594 121.00607 1431.888 242.76465 156.99086
8185.2134 138.97258 1525.3005 173.22437 157.06868
8147.038 138.97258 1527.9679 163.98328 157.06868
8130.747 138.97258 1538.6827 176.03381 157.06868
8272.84 150.93602 1603.9103 101.98413 161.47746
8463.384 151.7198 1612.0066 217.99133 161.1099
8425.502 151.7198 1610.6426 132.92383 160.31525
8426.5625 151.7198 1599.8486 190.44666 160.11375
8501.471 151.7198 1615.742 220.67163 161.25354
8427.678 151.7198 1599.2697 156.19604 160.11375
8316.844 148.22536 1611.5609 103.00232 160.56216
8377.546 148.22536 1613.6052 103.266235 160.56216
8449.798 148.22536 1629.4729 148.26941 162.31517
8210.251 148.22536 1611.0557 61.172485 162.3002
8246.345 148.22536 1608.3911 81.74036 162.31517
8281.466 148.22536 1610.7528 86.50696 162.31517
8299.269 148.22536 1619.7235 91.72595 162.31517
8413.434 148.22536 1621.4413 170.99268 160.66397
8477.516 141.19069 1624.0198 139.4519 160.66397
8504.979 141.19069 1624.2198 159.30518 161.01352
8491.798 141.19069 1631.5109 143.4928 160.66397
8596.575 141.19069 1634.7455 180.59656 161.25354
8570.807 141.19069 1617.1077 195.3722 161.01352
8798.98 141.19069 1684.4321 208.80798 162.92406
8763.937 141.19069 1688.1216 165.84265 162.92406
8743.142 141.19069 1667.3253 188.09692 161.3898
8808.581 141.19069 1675.298 201.18274 163.33229
8824.584 141.19069 1666.0381 202.25476 162.92406
8776.079 145.2494 1667.0902 186.3313 162.92406
8511.646 149.52856 1562.4467 288.6554 160.66397
8427.781 149.52856 1561.6494 236.6322 160.66397
8459.398 148.75003 1536.7416 264.46667 160.66397
8450.751 148.75003 1539.8203 252.74023 160.66397
8459.399 148.75003 1536.7415 264.4668 160.66397
8706.786 151.7198 1676.3154 147.47083 163.93184
8651.585 147.90703 1664.8696 115.22522 162.92406
8478.549 147.90703 1599.0638 164.27222 160.66397
8447.691 148.22536 1585.2534 236.0841 160.66397
8438.855 148.22536 1597.2668 249.12524 160.66397
8435.5205 148.22536 1595.929 209.30273 160.66397
8572.639 148.22536 1618.0863 221.9768 161.25354
8401.486 145.2494 1654.9219 63.557373 165.4615
8481.786 145.2494 1650.6924 94.17578 161.25354
8500.314 145.2494 1639.5923 120.604614 161.25354
8494.55 145.2494 1654.2456 104.57678 162.49982
8538.288 145.2494 1635.3815 128.56238 162.49982
8666.35 145.2494 1676.8441 215.1023 162.49982
8650.818 145.2494 1651.9761 208.68811 161.25354
8825.296 145.2494 1645.4216 295.1306 162.49982
8916.155 155.94547 1674.0555 237.10474 162.579
8657.403 160.66397 1621.7139 220.26392 162.579
8657.774 157.73245 1652.7803 158.45728 162.579
8644.795 160.66397 1639.8009 202.87012 162.49982
8717.193 147.12909 1692.0826 149.00574 162.579
8507.771 156.64426 1661.9 101.49927 162.579
8452.248 156.93901 1608.9216 186.90723 161.25354
8597.548 152.80214 1670.4949 102.93201 162.579
8477.366 154.39069 1596.1809 196.48132 161.1099
8514.972 143.32367 1616.2277 180.68921 161.1099
8469.204 145.67773 1600.6926 186.11755 161.1099
8439.255 141.94493 1593.3103 195.68738 160.61989
8432.685 151.49017 1561.6445 203.4524 160.61989
8499.757 145.2494 1604.4858 178.91138 161.03786
8487.665 145.2494 1630.1648 109.6311 161.03786
8751.818 156.64426 1677.0244 169.07275 162.579
8752.749 156.64426 1665.9838 191.20483 162.579
8729.469 157.93887 1659.9398 190.93872 163.39345
8727.12 149.40105 1681.2802 163.58044 163.39345
8727.12 149.40105 1681.2803 163.58057 163.39345
8712.745 158.7164 1656.9818 147.15869 163.39345
8628.587 163.87476 1633.7809 188.4602 163.39345
8579.854 163.87476 1621.7848 187.02087 165.34908
8579.853 163.87476 1621.7848 187.02075 165.34908
8453.248 163.87476 1629.4064 144.22461 165.34908
8478.778 163.87476 1621.9043 137.70386 164.34167
8512.774 162.66658 1593.6628 162.64929 164.34167
8603.627 163.70543 1652.1675 150.08728 166.22816
8640.82 162.28741 1676.4913 121.035645 166.68913
8638.447 158.66147 1636.2383 191.96155 162.49982
8765.055 162.03156 1628.7933 246.2749 162.579
8717.815 138.06628 1666.7429 152.03625 162.579
8723.71 162.31517 1635.9944 230.67456 162.49982
8628.799 162.579 1611.6411 254.6803 162.49982
8754.468 162.37631 1666.6285 182.31714 165.35995
8626.597 163.39345 1637.9481 227.31702 164.8404
8510.217 162.49982 1619.6667 173.72717 163.39345
8639.98 162.37631 1665.1791 167.79651 163.39345
8518.694 162.31517 1636.2161 173.93542 162.49982
8644.578 154.45143 1677.991 153.5039 162.49982
8671.829 160.20432 1694.0758 145.42749 165.35995
8614.646 160.20432 1669.9474 158.6549 162.49982
8647.685 161.87439 1669.5481 142.29663 163.39345
8616.907 162.37631 1659.7681 162.27917 165.35995
8558.728 162.28741 1645.7168 123.39575 162.86284
8597.023 158.28462 1676.7444 84.12097 162.92406
8590.01 158.54541 1644.1986 138.45288 162.86284
8636.587 158.54541 1684.2754 107.63696 164.8346
8698.899 158.54541 1684.2161 115.81055 163.93184
8601.3 156.64426 1689.3466 78.411255 165.34908
8605.772 156.64426 1700.0073 37.86328 179.61174
8653.651 154.39687 1697.3721 63.804688 163.93184
8695.5205 154.39687 1675.3258 134.11401 163.12764
8654.484 154.39687 1663.6329 125.65405 163.12764
8764.597 158.28462 1688.8478 122.633545 166.79442
8711.971 160.97267 1682.2246 127.13245 166.79442
8747.145 163.39345 1689.0222 158.10144 166.58904
8726.749 163.39345 1692.9023 158.74817 166.62468
8834.208 162.28741 1710.7351 128.22327 166.58904
8752.618 158.63231 1695.5204 93.411255 168.95876
8692.274 158.01738 1697.0255 67.78516 172.70096
8762.362 162.28741 1706.6693 73.84302 172.27023
8768.934 157.25954 1717.2462 81.74805 168.95876
8828.646 156.64426 1732.793 59.16638 168.17484
8838.842 156.64426 1732.2305 74.07715 171.16081
8838.2295 154.77966 1734.0247 72.19531 171.16081
8798.836 156.64426 1721.1091 93.78125 166.58904
8836.913 163.93184 1676.757 195.83826 164.94165
8851.971 158.63231 1687.5676 192.71863 164.94165
8785.827 156.15923 1678.973 171.46252 164.94165
8866.5 155.85728 1675.1663 230.26343 164.94165
8814.004 145.67773 1698.654 179.49866 164.94165
8804.449 142.60887 1667.4788 199.28918 163.93184
8801.845 160.1883 1723.5978 75.747925 171.16081
8771.097 158.90211 1726.9186 61.27893 175.91609
8767.221 149.40105 1725.6096 54.851807 175.91609
8803.506 149.40105 1734.8655 58.970215 175.91609
8893.481 158.90211 1748.9493 62.229248 173.14804
8813.103 158.90211 1717.1475 123.23462 167.263
8922.329 158.90211 1716.1981 110.17529 167.263
8924.023 168.0409 1720.6626 141.1416 169.41483
8867.42 168.0409 1719.9956 130.10791 170.2111
8661.569 162.26022 1691.1849 103.908325 167.263
8861.753 170.2111 1718.0087 173.36096 169.41483
8883.542 168.0409 1742.5186 71.98694 173.6303
9015.011 178.15457 1709.8584 166.90662 187.51761
9003.877 178.15457 1691.743 189.98535 184.39275
8952.426 178.15457 1688.3594 181.36035 174.36157
8948.178 160.3636 1715.0978 145.34375 168.12714
8796.247 160.3636 1681.4606 141.07227 166.3936
8803.271 160.3636 1697.4558 139.90674 166.55363
8843.892 150.96991 1705.2278 120.005615 167.25055
8803.273 160.3636 1697.4557 139.9071 166.55363
8917.318 158.66147 1733.1661 124.38306 166.55363
9378.052 158.2815 1832.6138 102.42493 181.34158
9257.382 161.0865 1723.0426 232.50122 171.11673
9090.859 167.263 1730.7083 174.5918 167.19933
8849.285 148.59363 1667.46 185.21106 165.29501
8791.65 158.50627 1689.201 176.25208 163.71127
8849.286 148.59363 1667.4598 185.21118 165.29501
9107.997 165.35995 1777.5886 93.92529 169.52435
9305.693 168.0409 1801.2809 125.59216 175.95915
9215.827 152.36444 1765.7637 125.6936 172.17154
9305.187 165.67262 1792.2704 132.13123 173.40654
9085.6875 164.95471 1787.4878 70.88599 177.10144
9044.607 164.95471 1766.707 73.828125 174.80391
8985.935 160.12071 1645.8481 253.03406 165.35995
9137.06 174.52417 1728.4122 166.57886 182.16669
9205.008 176.17882 1745.6372 169.12976 179.90074
9093.169 176.17882 1729.6111 159.01831 185.39194
9143.856 176.17882 1750.4714 177.19714 185.39194
9200.275 178.15457 1721.7709 213.66125 176.17882
9146.081 174.36157 1759.9081 138.7008 174.52087
9134.215 173.90163 1747.8806 130.40479 174.38966
9094.523 173.99953 1755.5586 141.85876 174.36157
9083.266 174.49599 1744.5115 185.73999 174.36157
9201.153 173.90163 1751.2025 198.3114 174.36157
9234.68 147.12909 1808.7256 89.739136 176.88963
9279.976 147.12909 1804.9276 111.1488 174.36157
9263.903 145.2494 1818.1106 113.45752 178.80188
9336.308 169.52435 1766.7899 209.62878 174.36157
9344.541 172.23912 1789.2412 147.78528 174.55391
9293.599 174.36157 1787.6345 128.77222 181.85591
9163.361 173.6303 1782.1764 117.41284 180.81493
9191.161 149.40105 1727.062 184.41394 169.52435
9218.625 158.90211 1764.5074 142.0282 170.57436
9211.666 142.17139 1761.8254 176.90161 169.52435
9216.013 158.90211 1718.3899 202.03589 169.52435
9173.238 157.60176 1729.5634 199.39563 167.8785
9155.909 157.8263 1717.0693 208.7727 167.8785
9074.339 165.88908 1733.697 145.5752 170.07121
9119.671 165.35995 1742.668 151.25171 170.57436
9153.637 161.67987 1744.6589 183.44507 170.07121
9170.593 167.263 1746.649 183.80383 169.41483
8967.201 167.263 1710.7769 208.75854 166.819
8810.066 159.18478 1608.9681 290.0503 164.19875
9021.726 158.07977 1646.8401 277.0586 163.93184
8960.981 161.67987 1647.2234 303.02966 164.2482
8945.876 158.97757 1662.9729 291.67188 164.2482
8952.888 162.57404 1649.9265 249.75146 164.2482
8785.023 161.61479 1601.9929 243.34448 163.51988
8865.017 157.32475 1633.8783 200.86365 164.29047
8702.869 161.61479 1621.9305 217.75647 163.12079
8795.501 158.90211 1618.0336 220.42444 164.29047
8714.131 161.61479 1614.5865 222.91309 164.29047
8859.427 157.32475 1638.0935 185.3916 164.29047
8865.016 157.32475 1633.8783 200.86353 164.29047
8704.029 161.61479 1617.7155 225.79578 163.12079
8654.677 145.61568 1556.5262 300.9347 161.35983
8643.839 145.61568 1585.7975 281.34973 160.88118
8619.305 145.61568 1578.5483 293.22058 160.86064
8806.143 158.07977 1619.6781 260.32336 163.12079
8802.267 158.07977 1629.3413 231.41675 163.93184
8721.738 158.07977 1616.3739 210.2312 163.12079
8802.268 158.07977 1629.3414 231.41687 163.93184
8787.917 158.07977 1623.4274 216.59387 163.12079
8715.37 158.07977 1652.2766 160.91089 163.93184
8693.373 149.10999 1610.3164 206.61267 161.47746
8642.919 149.10999 1577.5273 229.11694 160.81863
8766.786 152.50389 1634.0352 202.27258 161.67987
8768.243 158.07977 1599.337 217.2268 162.29462
8446.871 117.43425 1515.5415 339.36414 158.97382
8760.202 158.07977 1596.5521 240.09827 161.67987
8869.125 158.07977 1630.7366 271.6294 161.96129
8738.746 158.97382 1649.493 240.27124 162.80284
8725.453 158.97382 1641.4519 233.13586 164.16862
8650.778 158.90211 1606.3031 208.84338 164.16862
8555.295 159.45946 1610.2001 204.39722 161.1493
8622.516 158.29262 1639.5925 166.9137 161.96129
8576.332 141.19069 1614.573 162.66284 161.96129
8545.664 141.19069 1628.8535 174.901 161.20546
9106.74 162.90945 1753.0422 145.84521 165.78857
9143.202 159.65512 1743.4443 160.56482 168.88826
9098.017 162.90945 1760.2559 132.38403 169.14557
9037.974 165.67326 1700.2133 190.64648 165.36847
9055.132 158.47075 1748.6436 154.31726 165.36847
9166.647 158.90211 1769.0538 123.83264 170.60704
9249.09 172.23912 1758.3109 168.89429 172.61366
9331.687 158.90211 1816.3372 108.79797 175.99098
9332.706 158.90211 1823.8322 78.03967 188.71999
9241.759 154.77098 1794.8307 127.75696 173.25581
9181.168 154.77098 1781.7466 161.59937 172.40428
9216.1455 152.36444 1777.6263 132.60852 172.40428
9240.139 154.36682 1776.0643 144.64221 172.23912
9198.55 159.31575 1773.0133 121.36072 172.40428
9190.664 166.37448 1704.4728 198.66907 168.65767
9274.9375 173.78304 1788.7455 118.049194 173.25581
9203.026 173.25581 1793.2162 96.997925 173.78304
9167.671 144.0198 1753.0249 180.47974 169.99355
9150.333 144.0198 1769.9221 157.36389 169.99355
9140.724 163.19127 1747.2491 156.15894 170.58655
9130.146 163.19127 1758.636 150.83801 170.58655
9143.602 145.11633 1769.7446 137.74841 170.58655
9207.664 162.67523 1764.8109 176.8523 170.58655
9108.678 160.55135 1775.3186 143.89648 170.58655
9114.832 137.6263 1766.1731 137.05957 170.58655
9003.776 172.17154 1666.4386 208.1781 169.14557
8983.356 172.17154 1691.2812 189.86633 169.14557
9146.785 134.9192 1754.5342 178.79736 168.64224
9146.787 134.9192 1754.534 178.79736 168.64224
9173.04 161.96129 1768.719 178.21619 170.48619
9228.939 161.0865 1761.0966 202.53857 170.48619
9154.021 163.69595 1754.9941 176.19751 170.48619
9128.316 165.89938 1729.2881 182.97668 168.03444
9218.5 142.17139 1762.4714 188.81116 170.08435
9212.336 158.47075 1768.6318 153.5227 171.41327
9197.258 167.09227 1753.5547 137.13086 171.41327
9113.563 167.09227 1741.3599 131.90894 170.08435
9165.349 154.96448 1765.7501 127.909424 169.78413
9128.928 167.09227 1746.9216 142.99194 170.84366
9196.609 161.96129 1803.8451 69.05139 174.36157
9293.65 172.7754 1796.7792 98.65015 174.62762
9174.014 172.7754 1795.5336 88.72754 171.10956
9208.467 172.7754 1783.0833 96.23743 174.13965
9174.012 172.7754 1795.5337 88.72742 171.10956
9005.5205 172.17154 1760.8383 77.56848 171.01344
9031.618 172.17154 1746.7758 97.65491 171.01344
9149.422 157.32475 1790.0303 78.53674 173.40654
9180.126 157.32475 1808.6608 57.857788 175.99098
9046.235 172.17154 1732.6277 116.13147 171.01344
9161.637 173.78304 1753.9094 116.733154 171.01344
9244.985 161.25354 1811.8967 94.51074 173.99953
9276.068 157.32475 1811.8586 77.637695 178.80188
9258.979 157.32475 1818.2201 67.07727 178.80188
9289.722 157.32475 1825.8755 78.93457 180.3756
9307.796 157.32475 1824.9797 88.98474 180.3756
9327.274 168.0409 1793.7164 122.890015 176.84186
9217.933 168.0409 1807.2645 78.79077 176.84186
9200.368 168.0409 1804.5864 84.855225 176.64444
9219.33 164.94165 1799.3392 88.73828 181.21349
9249.39 164.94165 1782.9055 109.17578 173.78304
9315.537 157.32475 1819.5857 103.64331 179.57294
9358.812 164.94165 1802.2426 123.53247 173.44235
9393.191 163.93184 1823.3313 178.6272 176.64444
9397.88 167.61499 1835.1616 129.02466 176.84186
9244.508 167.61499 1806.8922 98.71533 176.84186
9272.606 157.32475 1813.3962 89.75452 176.84186
9176.657 157.32475 1807.1997 56.161743 182.22795
9272.608 157.32475 1813.3961 89.75452 176.84186
9293.405 157.32475 1806.1521 92.826904 176.84186
9404.572 163.93184 1806.075 124.53711 174.36157
9394.9375 163.93184 1818.232 116.90637 174.36157
9439.012 156.64426 1824.7383 114.18652 174.36157
9416.91 156.64426 1830.3875 147.36792 174.36157
9439.011 156.64426 1824.7384 114.18652 174.36157
9453.33 138.71661 1848.3849 122.79443 174.36157
9298.735 150.5996 1693.7913 252.84973 171.55267
9374.379 168.03444 1817.6516 141.62366 174.36157
9418.682 168.0409 1813.7366 137.86963 174.36157
9352.818 168.0409 1815.751 144.90894 179.70042
9352.82 168.0409 1815.7509 144.90894 179.70042
9222.768 171.58456 1793.8195 92.99402 178.80188
9221.331 171.58456 1804.2245 120.262695 178.80188
9265.261 173.40654 1799.59 122.70593 178.80188
9249.789 173.78304 1788.9124 127.34021 173.40654
9225.386 173.78304 1789.2732 122.06238 173.40654
9189.447 173.78304 1766.6764 141.89795 172.61366
9049.255 172.19218 1764.8658 84.44873 188.4133
9029.112 172.25597 1781.7565 47.31714 176.07236
9049.256 172.19218 1764.8657 84.44885 188.4133
9027.424 170.60704 1766.4955 83.97009 173.40654
9384.901 158.90211 1837.9938 130.54456 175.68333
9318.904 164.61855 1810.3278 113.21704 174.62762
9399.108 173.78304 1831.882 92.78076 181.34158
9362.346 174.36157 1788.5637 131.146 174.52417
9264.338 165.33313 1778.7091 146.55554 172.23912
9273.672 155.21843 1763.0394 162.15906 172.23912
9273.622 155.21843 1766.2983 202.40112 172.96335
9315.708 168.30898 1779.3889 117.26953 174.62762
9228.031 174.36157 1748.8892 187.18579 172.96335
9315.709 168.30898 1779.3889 117.269775 174.62762
9236.85 158.61707 1732.3735 192.84778 170.75787
9236.852 158.61707 1732.3733 192.84802 170.75787
9121.983 158.61707 1732.8682 163.49622 165.89938
9155.705 155.21843 1748.9001 154.28076 168.0409
9100.191 155.21843 1738.7842 139.38354 167.91774
9128.451 155.21843 1755.1926 139.40784 168.88826
