7051.362 28.56982 1107.0159 154.68701 69.7771
6953.331 19.55452 1012.65173 235.61255 63.16225
6072.463 39.29473 967.917 91.84192 55.90015
6179.936 53.79684 968.232 123.07074 55.98789
6537.8066 39.4376 1003.503 164.50006 57.37252
6014.338 38.63698 891.995 225.39783 51.52621
5855.4575 42.70753 882.18365 209.06024 51.52621
6091.064 45.30687 926.9364 190.85474 54.2989
6158.325 45.84191 929.07227 178.28845 54.58033
6143.136 45.84191 947.23865 164.35168 54.58033
6971.362 34.30858 1102.3278 126.72888 64.62984
6997.174 41.46089 1059.9131 216.64136 68.02489
6961.799 41.46089 1024.536 221.30322 63.87067
6907.285 34.0967 1035.6244 185.42957 63.18133
6553.42 47.87917 1007.5152 147.66986 60.03948
6485.603 47.87917 1010.1268 141.29022 58.73518
6583.811 39.29473 1029.3845 183.19421 59.20862
6697.1943 32.08496 1059.3226 100.020874 64.09595
6745.869 32.08496 1083.9233 121.68945 64.09595
6746.334 44.4066 1057.3372 125.650635 59.25884
6710.57 34.0967 1068.8956 114.1405 59.25884
6667.9414 33.14244 1015.951 149.22614 58.68788
6645.476 33.14244 1012.37286 174.58221 58.12392
6574.6064 36.66187 1009.9049 171.47156 57.40438
6325.9316 57.29481 848.32117 329.1565 55.90015
6383.7046 56.60441 979.54126 148.54663 64.62117
6316.187 49.51175 890.23267 253.6333 53.77519
6506.7817 49.51175 928.78564 240.84937 55.58145
6606.8105 49.51175 964.48566 211.09857 56.72366
6580.6104 49.51175 917.7613 271.2353 56.52375
6618.118 43.02202 907.1582 288.18164 56.72366
6606.9043 49.51175 945.2544 259.53162 56.72366
6810.996 52.79583 1035.5309 179.96948 65.51794
6928.902 52.79583 1036.486 200.12122 64.62117
6598.247 44.07455 1006.9669 214.6936 58.79998
6637.8496 55.6672 984.2529 187.33386 61.46766
6630.92 56.60441 1004.0822 193.38007 58.79998
6669.646 50.50341 1008.61523 231.70557 57.75995
6510.035 54.37498 982.45013 164.96198 58.66405
6322.641 52.77459 991.58136 143.84344 56.56695
6170.307 49.1285 932.55817 181.60052 55.61841
6123.188 51.52621 929.9941 178.28107 55.61841
5972.8447 51.52621 911.47485 191.33765 55.27036
6244.174 45.36795 967.3252 204.80566 55.6672
6173.827 45.36795 962.45856 154.555 55.83525
6108.4062 44.31553 945.23926 119.817505 57.40421
6263.9526 44.31553 981.0853 128.54956 57.40421
6260.6084 44.31553 1007.61334 66.10309 60.56825
6608.5435 44.31553 1062.982 95.80859 63.87067
6503.069 47.77325 1026.1716 117.18347 60.62706
6758.806 43.29747 1061.1981 156.07043 61.89501
6841.449 40.16531 1066.0049 145.02393 61.89501
6768.632 40.16531 1056.8604 126.173706 61.89501
6747.866 40.16531 1066.0245 137.20068 61.89501
6794.7812 43.27327 1065.2319 134.19727 63.99561
6765.778 43.27327 1062.7439 124.09973 62.46433
6806.0415 43.27327 1088.3463 100.16333 78.03265
6815.813 43.02202 1072.0831 150.78174 63.57337
6651.5806 44.31553 1066.2355 123.54529 61.58285
6678.302 32.67483 1080.791 84.53467 64.28429
6619.8457 32.67483 1058.019 76.38818 62.40581
6470.5596 34.0967 1028.9435 87.30554 63.05764
6590.231 35.6964 1023.5314 161.36975 57.51766
6660.648 35.6964 1062.1261 113.2334 63.05764
6620.7446 26.64654 1050.1747 90.507935 61.63964
6523.6807 47.18692 1034.1738 119.21863 60.73545
6595.4766 47.18692 1019.7273 121.86804 61.54085
6659.545 55.6672 1058.2313 131.57788 61.54085
6738.549 56.81541 1060.4519 155.47949 63.51992
6604.5176 56.81541 999.601 218.37262 62.40581
6452.4556 56.81541 993.0304 160.88342 61.63964
6311.3657 56.87085 966.1899 160.86835 61.63964
6288.731 56.87085 976.17017 128.25342 83.42617
6338.1177 56.87085 986.0687 130.77014 77.24409
6361.8833 57.51766 1003.7003 155.98267 62.39845
6368.3237 57.51766 988.4055 151.11804 62.46433
6223.2847 40.46404 980.4904 126.188416 58.57526
6391.729 42.42118 1014.25275 80.578674 61.53574
6459.089 49.63159 1005.69385 122.8988 61.88343
6324.301 44.31553 976.7044 120.23578 56.46078
6257.293 49.63159 962.7877 142.88098 56.48773
6182.0337 49.63159 964.86285 143.18243 56.04556
6063.908 49.63159 969.0095 117.4657 58.70201
6197.646 45.3028 962.8015 157.48584 56.04556
6248.5195 45.3028 960.7264 143.04022 56.04556
6190.5522 45.62166 973.3087 112.379395 59.06736
6164.792 45.62166 968.592 97.27496 60.75153
6184.37 50.69683 960.79846 145.57422 55.91177
6376.6343 52.79583 990.80475 162.25665 55.91177
6215.807 36.52481 974.44116 136.20923 55.91177
6077.3535 36.52481 934.2519 158.92108 54.79729
6224.579 53.478 910.7739 193.69507 54.7565
6191.784 55.24325 910.88 199.6864 54.7565
6390.879 50.35661 1003.6216 138.73584 60.14228
6401.498 55.53109 992.417 167.35986 56.52375
6487.085 26.64654 993.3875 158.5794 56.78057
6515.185 32.67483 1002.9646 176.42163 55.90015
6400.7363 53.32561 978.2631 163.76251 60.73545
6435.7627 53.04908 1013.658 121.32623 71.4134
6486.6914 54.86895 1021.9645 124.19763 69.06072
6370.868 54.86895 990.3003 120.83923 69.06072
6184.623 53.50289 980.34485 107.16943 63.18133
6239.718 55.29988 972.1458 129.37164 60.23899
6263.2534 55.13396 986.9604 108.67865 60.23899
6191.676 56.81541 993.7581 93.58917 66.99919
6171.3955 46.5393 980.0145 98.09155 60.61271
6142.275 46.5393 988.0381 82.15344 69.25024
6152.46 46.5393 988.12354 86.27954 73.82565
6257.8174 45.33459 1002.568 83.75342 73.66014
6361.807 51.19741 1005.827 87.790405 65.04
6652.6987 52.61756 1060.105 94.75293 63.87067
6623.6 52.61756 1057.0934 112.38489 63.29283
6547.2 57.42746 1029.7875 137.91907 64.95645
6436.2905 51.07157 1023.5199 142.64746 58.62723
6408.748 49.37293 1009.84534 138.90308 61.04824
6320.521 29.70826 987.585 133.29938 55.83956
6129.896 50.3951 946.722 175.46185 54.52553
6137.102 34.30858 949.81964 153.14447 54.52553
5347.833 38.18281 792.3 250.69342 51.41435
5386.415 30.769 799.1544 198.18628 51.41435
5461.6836 30.769 771.7507 298.58173 51.19741
5442.465 30.769 775.62616 284.16156 51.19741
5336.7505 30.769 758.3933 283.41064 51.19741
5289.0264 45.77543 773.96936 273.63623 51.19741
5279.315 28.26847 791.3149 235.64923 51.19741
5066.658 28.26847 753.9204 186.12427 51.41435
5054.8765 28.26847 764.4327 184.60547 51.19741
5432.6895 29.80533 815.6289 219.91162 51.41435
5448.3813 29.80533 807.2281 231.38177 51.41435
5367.3994 29.80533 815.78467 123.40521 52.28773
5427.873 47.18692 772.9206 233.37299 51.41435
5981.731 47.77325 933.23517 121.666565 55.64872
5873.954 48.50693 910.3367 138.06616 55.61841
5928.6763 49.1305 923.55444 144.21985 55.61841
5638.995 47.89979 879.35596 111.263245 55.33995
6109.19 45.59174 900.93353 182.17279 54.37498
6141.98 45.59174 905.2954 186.04883 54.37498
6091.3306 45.59174 912.2099 185.19586 54.37498
7017.421 41.46089 1082.5765 158.44482 69.7771
6952.198 46.58046 1017.3528 210.40173 69.69477
6814.896 46.58046 1051.41 137.59778 69.69477
6735.5547 41.62048 1066.8936 122.53674 64.97086
6691.0166 39.63217 1079.7264 114.152466 64.97086
6809.0884 37.02857 1084.2316 118.767334 64.97086
6725.413 37.02857 1068.0555 132.30334 64.62117
6810.615 46.74719 1068.7753 144.08862 76.75459
6754.657 46.74719 1059.0958 148.56921 64.62117
6795.4897 46.74719 1066.252 149.22754 64.62117
6781.3833 26.64654 1054.0825 150.42554 60.23899
6868.8364 52.61756 1069.5571 155.625 80.01286
6894.616 44.4066 1055.5969 164.51477 64.62117
6781.086 53.40034 969.7174 276.3247 64.62117
6742.5015 53.40034 981.9648 270.50714 70.12618
6265.084 54.79729 822.192 326.92273 55.13311
6298.891 55.8184 857.73663 309.61346 55.90015
6333.7686 55.7001 844.57556 319.53748 55.90015
6615.0654 36.86383 912.5676 302.93933 55.90015
6676.009 36.86383 973.51276 240.72565 57.95742
6410.5903 36.72607 932.8751 267.78503 54.08098
6321.467 52.5577 935.74695 236.00867 54.9276
6334.4604 47.87917 958.2308 207.9682 53.78371
6408.7866 47.18692 973.17633 204.89471 53.78371
5976.564 55.75961 896.0767 197.29974 53.88631
5723.363 47.18814 908.0559 120.592896 55.75961
5713.861 36.15758 892.43115 125.78491 51.68982
5852.16 48.29295 909.10034 132.80408 54.14008
5985.6743 49.50452 912.2432 146.11908 52.62043
5918.658 52.41034 927.46094 142.72485 52.88475
5865.7036 52.62043 907.96765 157.30054 53.56702
5942.735 39.4376 912.30975 140.96161 52.88475
5947.5537 43.27327 904.7988 138.73901 52.88475
5893.3066 43.27327 920.7683 127.69446 52.88475
6004.7246 48.12563 922.41626 143.18237 52.88475
5942.0303 48.12563 916.605 141.30261 52.79583
5941.6963 48.15001 902.2569 162.35626 52.41034
5930.928 47.81277 900.94086 185.9776 52.25141
5925.1484 34.95045 899.658 170.13751 52.25141
6019.348 34.95045 944.54266 125.75458 52.79583
6043.7324 24.83442 922.4726 176.40326 53.32561
6037.2446 24.83442 925.9305 164.4112 53.32561
6218.176 38.88095 946.89233 221.46301 53.32561
6123.9346 38.88095 942.3638 216.95386 53.32561
6213.53 38.88095 943.69904 203.90265 54.7364
6172.2925 38.88095 933.9596 207.06543 52.79583
5937.271 32.81215 906.00323 182.57611 52.41034
6012.3813 28.56982 951.1238 166.69092 53.50289
6041.935 28.56982 930.3568 155.94958 53.50289
5936.5513 28.56982 948.4596 150.71155 53.50289
5937.337 28.56982 945.3953 158.60492 53.50289
6010.3506 28.56982 951.6687 128.58862 54.7364
5745.7773 28.56982 913.6289 94.60449 53.50289
5718.588 37.41382 908.7356 91.79285 53.50289
5732.5127 37.41382 905.2366 93.62512 53.50289
5785.8164 37.30496 914.9406 124.37433 53.49115
5898.719 37.41382 952.32166 70.38373 55.53906
5851.657 37.41382 943.67456 49.72937 62.99733
5846.279 14.33137 949.14496 57.01819 62.99733
5822.796 30.55366 939.6229 49.177612 62.99733
5812.2754 30.55366 934.6669 63.586914 59.17234
5793.1035 30.55366 936.29517 62.066345 59.17234
5802.562 26.22766 935.38794 69.66412 59.17234
5823.035 14.33137 935.829 61.616333 59.17234
5816.211 14.33137 933.7473 57.760498 59.17234
5834.9604 14.33137 934.1302 61.67871 61.09666
5791.8135 14.33137 941.47064 56.020264 61.09666
5872.9375 38.98177 955.40576 54.111572 65.06538
5852.7446 38.98177 951.229 50.44171 65.06538
5886.329 38.98177 957.12646 55.004517 65.06538
5933.987 44.31553 970.28955 62.019653 67.35172
5939.669 36.5253 964.52075 47.874878 68.02489
5940.71 36.5253 942.0197 64.193054 63.16225
5917.2734 36.5253 964.3937 50.72351 63.16225
5991.78 36.5253 970.96796 53.936584 64.09595
6000.9595 35.66736 985.4875 32.417908 64.09595
6029.825 35.66736 958.3721 62.46216 64.09595
6002.11 35.66736 969.727 65.431335 68.02489
5992.5166 36.5253 967.8919 59.741028 74.14928
5949.2124 36.5253 966.9043 52.407593 74.14928
5945.524 36.5253 961.3007 52.580627 68.02489
6904.8804 43.27327 1065.6438 150.1582 65.09881
6777.2314 43.27327 1057.5562 124.175415 65.09881
6732.4033 24.83442 1058.1604 111.59595 61.16306
6769.866 24.83442 1081.7783 90.63928 68.40209
6714.5117 24.83442 1081.5354 82.76575 63.57337
6739.2886 24.83442 1067.6022 114.03345 64.62117
6646.307 39.63217 1064.2692 108.90283 64.62117
6719.9805 39.63217 1068.9956 130.51367 64.62117
6664.031 39.63217 1066.1396 125.825806 64.62117
6609.003 39.63217 1063.088 80.3136 63.57337
6612.9565 26.64654 1066.9412 72.48035 63.57337
6647.4565 26.64654 1064.9922 91.66077 61.0541
6670.2095 45.3786 1061.7253 94.68555 61.0541
6679.9536 45.3786 1054.6517 108.22302 60.84615
6591.4844 45.3786 1048.239 102.886475 60.84615
6517.2163 52.03395 990.6191 149.56696 61.04824
6726.716 30.5546 1080.894 75.67883 67.2597
6763.4414 35.6964 1074.9598 112.23242 68.80523
6637.7324 35.6964 1049.2625 110.35327 59.84526
6715.7334 33.14244 1086.7175 89.93396 67.2597
6663.221 33.14244 1083.3126 71.918945 67.2597
6759.575 33.14244 1104.786 106.46887 67.2597
6679.5474 33.14244 1082.042 53.933105 74.24146
6697.4595 33.14244 1081.9888 69.31555 74.24146
6783.98 39.63217 1076.1361 91.07898 74.24146
6695.484 39.63217 1049.0143 107.280396 62.05171
6650.1216 39.63217 1039.9988 122.494995 60.5879
6760.295 39.63217 1082.0844 85.526 66.71399
6790.853 26.16173 1092.6202 97.36987 64.66654
6804.6714 26.16173 1077.9258 126.12903 64.66654
6346.9985 46.8869 868.6303 282.87897 52.20088
6409.208 53.478 901.76373 300.57526 55.07387
6942.137 24.83442 1110.8728 132.97766 65.6203
6939.8706 24.83442 1105.3367 112.603516 73.22823
6600.6313 43.27327 979.09534 178.94324 58.57526
6613.316 39.4376 999.39594 168.58722 57.98466
6602.147 41.46089 977.3241 178.60156 57.98466
6489.9604 39.63217 1006.35077 157.47577 57.51766
6567.6523 41.46089 1003.1711 205.5711 57.98466
6589.571 41.46089 1000.6984 223.69489 57.98466
6638.4673 39.4376 1012.75256 170.4187 57.98466
6683.449 45.30687 970.643 231.21991 57.98466
6656.223 26.33491 1019.1087 169.64423 57.98466
6674.6235 32.82019 988.8851 194.48773 57.75995
6620.971 42.83525 971.798 203.39868 57.75995
6595.6846 45.30687 982.7977 190.59839 58.57526
6584.859 43.27327 1014.85895 175.47223 58.23563
6479.5938 43.27327 1008.34106 168.72266 56.62727
6429.9854 50.63661 981.3342 156.07422 56.62727
6321.886 29.70826 978.00995 180.4422 55.13311
6292.7437 50.63661 965.88324 192.08453 55.13311
6201.31 50.63661 944.7418 182.01624 55.13311
6193.045 38.63698 955.38855 164.23145 55.13311
6144.5864 38.63698 927.5736 177.24915 54.87546
6404.6772 38.63698 999.9033 134.20056 56.06667
6266.8564 49.1285 965.75836 146.5589 56.06667
6186.505 35.66736 978.2016 112.941345 55.13311
6136.779 30.55366 957.24884 139.92438 54.99989
6155.6113 43.27327 952.757 118.20587 57.95742
6040.462 43.27327 955.81396 93.966064 59.6766
6082.2207 52.20088 954.16266 117.071594 59.6766
5901.9233 57.51766 897.36115 141.36383 58.73518
6032.4395 55.13396 939.6744 99.85333 57.95742
6143.2686 55.13396 965.8216 98.923035 60.73545
6042.0054 45.90413 949.2419 92.9068 53.80592
5940.102 45.90413 889.63214 139.87518 53.79684
5848.951 45.90413 877.516 147.29663 52.39294
5844.377 50.33316 881.39453 165.4585 52.79583
5683.02 50.33316 867.1935 153.945 52.39294
5814.7373 50.33316 867.23444 232.56073 52.20088
5731.238 44.07455 902.6231 155.01825 52.39294
5644.2354 36.15758 879.4173 119.79468 52.39294
5560.12 36.15758 879.3754 102.557434 52.39294
5526.7744 45.80212 858.5413 115.703186 53.11559
5495.922 47.77325 838.5475 131.93457 53.23863
5579.8975 36.07147 866.8134 111.51434 53.23863
5568.4526 41.39119 881.5344 98.15588 53.23863
5623.0083 47.77325 882.3143 134.40796 53.23863
5575.7373 40.29301 867.66864 122.2796 53.23863
5573.283 24.56155 880.5077 106.98688 53.23863
5504.38 38.71996 870.3901 96.01074 53.23863
5421.519 38.71996 850.46735 115.23987 52.29298
5329.2495 38.71996 853.6651 105.60663 52.77489
5398.5415 38.71996 867.7742 80.34381 56.52375
5598.8545 38.04028 877.36304 112.80078 53.11559
5500.421 38.04028 879.7617 107.701294 53.11559
5494.623 38.04028 880.3553 91.17694 53.11559
5456.1787 38.98177 871.8702 98.26996 53.19848
5393.31 38.98177 869.5387 110.9859 53.11559
5477.507 38.98177 865.3683 106.27612 52.77489
5800.481 50.33316 892.8275 154.11548 51.59057
5790.103 45.3786 893.10864 138.59705 53.11559
5653.234 43.63696 883.9339 133.25531 51.59057
5650.8 43.63696 879.3379 135.2243 51.45622
5800.5884 52.12299 883.00806 172.35059 51.83669
5809.6294 52.12299 890.9386 161.5199 52.41034
5652.998 52.12299 886.98035 127.9707 53.48249
5818.396 47.77325 890.8575 138.49164 53.23863
5771.422 47.77325 885.46094 137.00537 53.23863
5696.1978 49.50452 884.12366 141.81628 53.23863
5760.1235 49.50452 902.41516 120.6593 55.64872
5782.903 51.19741 899.96405 129.78827 55.64872
5772.393 51.19741 899.381 125.764404 55.90015
5695.824 52.12299 884.6179 119.47894 53.49115
5610.6055 41.44337 895.3507 98.061584 53.49115
5672.957 27.58954 911.3941 101.79938 53.49115
5655.8438 49.63159 896.2509 111.49701 56.04556
5541.898 47.18814 876.8919 84.48804 53.49115
5537.4443 42.61839 883.6742 85.14844 53.49115
5652.524 47.18814 895.0427 134.67114 53.49115
5677.6865 38.71996 895.689 123.50787 53.49115
5679.5234 38.71996 885.04205 107.22821 53.79684
5666.8257 36.5253 895.1619 121.876526 53.32561
5723.2812 52.12299 873.6502 133.75323 53.79684
5748.696 45.36795 910.6357 109.69202 53.79684
5876.45 45.36795 922.1255 116.26538 53.79684
5732.307 40.00206 888.79205 128.27502 52.29298
5700.8667 46.60744 895.3974 127.22595 52.29298
5937.359 50.33316 915.64276 207.26581 52.25391
5933.2734 55.27036 917.35266 176.27222 52.25391
5813.377 53.11559 909.594 165.37476 55.05556
6990.155 19.55452 1049.4772 184.77039 65.6203
6937.501 19.55452 1070.0632 168.48804 63.11359
6851.371 44.4066 1066.0497 136.28845 63.11359
6694.7144 47.87917 1024.5819 155.5044 59.84526
6680.7275 56.60441 1037.0697 142.84949 64.95645
6721.144 51.05185 1055.5094 148.24194 62.40581
6733.775 39.4376 1068.1537 131.99707 66.42411
6600.8154 46.74719 978.1521 186.83911 57.37252
6591.1143 46.74719 991.4246 168.55267 57.37252
6587.7573 46.74719 1002.6321 167.40381 57.37252
6380.2964 56.60441 978.348 168.24988 57.20359
6266.5874 58.57835 951.1106 193.54639 55.90015
6011.816 58.57835 925.161 160.42847 56.81541
5976.8926 57.12691 923.6248 158.69342 56.81541
5908.627 57.12691 921.854 157.31104 56.81541
6095.691 56.60441 938.67285 159.5503 56.81541
6028.765 56.60441 930.7822 154.2854 56.81541
6196.175 56.60441 950.26904 145.7102 58.68069
6211.723 56.60441 973.87024 143.9408 61.70794
6369.953 56.60441 978.24963 145.99963 57.37252
6376.0347 56.60441 984.3331 148.80652 57.37252
6226.3677 59.58458 856.0589 266.0716 56.81541
6186.5933 59.58458 854.4004 259.4922 56.87085
6152.856 59.15611 930.8822 190.8706 57.44123
6254.806 59.15611 932.81995 220.81628 62.68484
6282.3506 59.15611 931.0917 187.047 62.70852
6209.7207 59.15611 934.3334 175.30481 74.48638
6247.0483 59.06736 965.798 159.43945 74.48638
6394.053 59.06736 975.9141 164.42584 74.48638
6428.2744 56.81541 957.7671 153.97717 59.06736
6388.276 57.64715 971.80774 165.96545 59.63129
6352.2466 52.25391 988.7998 149.31604 59.63129
6452.2773 52.25391 993.01874 156.96844 59.63129
6349.379 59.97424 918.5165 224.10901 61.04824
6478.711 59.25884 902.1628 244.63995 59.06736
6471.5176 38.50861 977.58813 167.84973 56.46195
6307.7324 52.12299 975.35046 144.65552 56.46195
6388.249 56.04556 981.08826 150.78967 64.62117
6482.5586 56.04556 1005.7494 129.89587 77.16813
6561.7866 59.06736 1017.2323 171.5116 56.04556
6577.3677 59.06736 1014.6407 167.18048 73.96162
6499.0435 55.6672 1009.8401 180.72314 55.70134
6393.948 55.6672 1001.91656 170.11737 55.70134
6247.9585 41.44337 948.58154 185.89673 54.79729
6461.6113 42.47797 998.74554 141.534 55.44438
6445.0854 26.16173 1008.9165 124.08728 56.35368
6444.7383 39.4376 1022.4153 117.49292 56.35368
6475.683 39.4376 954.1343 242.03357 54.79729
6336.7856 42.47797 887.4365 287.2721 53.77057
6290.8286 42.47797 937.3419 183.26892 54.94085
6253.548 32.4696 948.6526 168.21765 54.94085
6258.886 13.80951 963.24585 156.1095 55.28903
6107.1924 47.74063 927.5586 167.93689 54.52553
6080.406 47.74063 923.19336 163.9253 54.52553
6210.7266 47.74063 943.5069 158.74274 55.28903
6143.9395 46.8387 940.31915 146.00055 55.28903
6171.343 47.74063 953.5547 138.05945 55.75961
6179.5244 42.86266 925.2311 162.08167 54.94085
6164.624 28.56982 922.7533 150.55652 54.37498
6323.5225 26.64654 977.4417 140.6015 55.6672
6275.11 45.59174 949.9853 167.83246 55.6672
6206.554 54.37498 960.6254 140.33893 55.6672
6273.5986 30.08806 989.6814 97.69348 60.73545
6421.82 47.27172 1017.1356 149.39392 57.51766
6598.2817 56.04556 955.10803 250.73804 57.37252
6657.1655 47.62929 959.9501 258.75818 57.37252
6680.703 47.62929 983.4872 223.77893 58.23563
6628.127 41.91291 981.7356 203.40674 58.29802
6718.9214 47.62929 987.61273 231.7127 58.23563
6600.652 52.77524 1001.42865 200.43549 58.23563
6388.7314 52.77524 989.1676 159.32031 58.57526
6485.1436 53.64393 1000.6155 169.16406 59.6766
6509.7153 57.20359 1003.14233 165.61609 63.18133
6671.464 57.20359 1010.9538 171.61566 64.62117
6587.149 57.20359 1007.4907 166.26965 61.42757
6654.217 54.43023 973.64716 223.63654 61.42757
6647.103 37.41382 999.5701 222.23615 57.20359
6620.843 37.41382 1032.0817 197.51892 57.36559
6772.318 37.41382 1017.04407 199.67175 58.65578
6798.732 24.83442 966.0842 276.20312 58.65578
6782.2935 38.33417 1001.5529 197.23114 58.65578
6701.564 47.62929 992.10394 188.18207 58.65578
6642.3613 44.31553 1001.85864 173.7107 58.65578
6496.492 47.62929 1004.16864 166.36139 57.36559
6463.7627 47.74063 999.1988 145.39911 57.36559
6442.646 47.74063 987.179 135.60138 57.36559
6579.9287 41.1458 1031.2716 129.93372 57.75848
6602.3433 41.1458 987.4889 259.11084 57.75848
6588.5 41.1458 992.64105 235.07831 57.75848
6584.8003 47.74063 1026.0619 139.3346 58.57526
6556.148 47.74063 1027.666 143.08789 57.75848
6522.284 47.74063 1001.13184 162.92944 57.51766
6460.2603 56.21496 995.32825 165.59338 57.51766
6481.369 32.52272 1013.32495 142.26965 57.51766
6880.8374 32.67483 1034.9507 183.95691 63.20523
6909.7095 32.67483 1063.8224 179.06079 63.25774
6946.5815 33.14784 1069.3739 193.71997 64.62117
6930.589 32.67483 1090.2733 115.543335 68.02489
6809.455 32.67483 1079.3457 106.95764 74.91414
6775.679 32.67483 1079.3887 113.46924 74.91414
6873.4443 32.67483 1083.9916 114.25183 74.91414
6976.987 32.67483 1083.3519 137.75659 76.21087
6977.298 26.64654 1083.6619 156.50269 68.02489
6882.173 26.64654 1072.9379 131.59167 61.09666
6805.4976 33.14784 1055.4293 155.22107 61.09666
6854.823 35.6964 1056.0182 191.344 61.92266
6870.7607 39.63217 1043.8481 178.88892 63.87067
6849.3994 50.50341 1041.7175 181.27856 72.78552
6695.5854 49.53582 953.8279 245.13904 57.20359
6639.384 37.85031 954.0346 243.16058 57.20359
6749.3716 37.85031 1033.5112 185.8385 59.23911
6631.5693 37.85031 1024.306 173.97876 57.20359
6692.612 37.85031 1024.5228 178.99915 59.23911
6591.4814 52.33474 982.241 204.59137 57.20359
6583.6733 58.70201 974.4337 212.72314 57.20359
6413.436 58.70201 980.38196 169.85681 63.87067
6328.7065 51.10163 972.7816 161.64185 57.20359
6257.914 57.20359 901.9894 228.00842 53.6649
6492.1494 50.52188 994.8153 159.46985 57.20359
6331.1313 36.72607 969.32916 170.60321 53.6649
6351.9624 47.54001 990.1604 128.82849 57.84421
6374.2085 47.54001 992.2362 133.40356 58.73518
6350.035 47.54001 999.7997 116.63855 58.73518
6407.2334 38.44238 1017.86066 104.01276 58.73518
6354.4565 47.54001 993.2976 117.694214 60.61271
6397.343 52.79583 1016.0026 129.14606 60.23899
6434.694 51.18311 996.34436 148.62122 60.23899
6796.04 50.50341 1057.666 191.37488 73.79449
6753.9316 43.02202 1078.0223 108.01123 71.01897
6594.854 46.8869 1006.8574 149.3623 61.0541
6685.079 50.50341 1071.7585 130.4574 76.19376
6702.3086 50.50341 1059.8824 121.23096 63.55306
6805.9272 50.50341 1070.8936 145.98889 78.03265
6834.4175 45.36795 1058.1931 128.8136 83.41895
6847.5044 50.50341 1071.2802 163.95813 78.03265
6869.058 43.29747 1059.563 171.69751 78.03265
6802.584 35.6964 1092.3616 81.864624 78.03265
6763.013 35.6964 1081.6497 110.525635 64.66654
6809.139 35.6964 1067.3098 124.75354 70.20825
6880.9404 35.6964 1076.7913 127.35205 70.20825
6873.549 40.16531 1053.0137 158.88306 64.66654
6901.6567 43.02202 1081.1218 138.93494 65.28843
6895.6597 43.02202 1071.8762 122.77832 78.68224
6924.668 43.02202 1101.6998 128.078 78.68224
6694.364 47.74063 1040.7936 118.00903 69.56377
6714.1714 47.62929 1060.6012 97.20984 77.10896
6644.6074 47.62929 1062.6897 104.93457 63.99561
6904.4956 39.4376 1065.0509 134.57751 64.62117
6564.0405 52.61756 981.6483 187.07385 58.23563
6320.6064 51.19741 993.32294 144.33258 60.03695
6445.189 51.19741 1011.8513 110.80786 61.09666
6411.906 36.02155 1018.23047 106.234985 60.03695
6548.73 52.79583 1015.36743 130.41443 61.09666
6583.57 47.76096 1037.0878 118.71716 61.09666
6635.9033 52.79583 1042.0066 152.42346 60.03695
6783.127 52.79583 1057.8523 169.10046 60.03695
6858.6494 52.79583 1029.5349 189.60779 58.90936
6859.9546 52.79583 1030.8394 201.37402 64.17141
6780.8403 51.52621 1086.5834 137.04297 71.36826
6738.195 52.61756 1065.9261 144.8949 71.36826
6766.228 52.61756 1047.1873 145.52905 69.80927
6745.2134 52.61756 1064.1002 122.12988 63.29283
6586.284 50.38468 968.4851 220.04626 56.56695
6568.4736 50.38468 968.63226 250.53143 56.56695
6578.2236 50.1621 986.1639 192.42206 58.47508
6684.3057 50.1621 993.32196 200.24872 58.47508
6742.7417 29.70826 1037.274 153.15271 58.47508
6691.8438 47.87917 1000.8599 199.22125 58.57526
6738.4414 14.33137 1047.4568 170.97266 58.57526
6815.076 14.33137 1060.6609 164.99231 58.68788
6851.778 49.1285 1082.3748 156.9856 59.84526
6691.6206 49.1285 981.4995 233.17761 58.57526
6527.2334 49.1285 970.8993 222.84375 54.86895
6435.71 53.38543 925.4744 239.67877 54.86895
6474.827 39.29473 952.9506 219.18854 54.86895
6548.9 32.89952 900.7741 268.04938 54.86895
6602.8066 20.00563 935.2087 241.87994 55.77814
6411.3965 20.00563 949.34326 214.14148 54.86895
6512.176 20.00563 965.2571 197.04382 55.27036
6564.1504 20.00563 978.0178 192.0957 55.77814
6564.307 20.00563 987.95496 171.87866 56.84732
6592.9736 39.07866 954.92694 244.02399 56.52375
6621.5747 25.16356 983.5282 230.53284 56.52375
