53313.637 36.33923 3385.6445 629.7981 78.57414
52587.61 36.33923 3285.3142 601.41016 77.49073
53621.293 36.33923 3403.0945 679.48706 77.49073
50023.31 69.93009 2938.8572 1017.4763 68.04924
50866.92 66.52797 2953.0586 1051.6223 67.84315
53322.457 43.66964 3271.4739 766.2036 77.49073
50870.305 43.66964 3171.1157 439.4148 89.24748
50829.41 38.22171 3194.2815 410.6443 89.24748
50291.35 45.73336 3094.688 747.7561 67.08014
50758.977 43.66964 3088.0703 739.1626 67.08014
49408.953 48.75191 3061.431 459.73047 72.16763
49040.812 48.75191 3045.9922 443.92993 82.995
47442.18 45.51318 2987.393 369.92578 95.951
47726.824 39.04208 3005.874 389.39404 79.27297
47491.87 39.04208 2994.5952 362.29102 79.27297
47307.22 39.04208 2973.314 356.71558 79.27297
47115.465 39.04208 2987.2993 350.32495 80.52892
47049.312 39.04208 2966.2393 348.69165 79.27297
47626.94 43.66964 3009.1458 362.9746 78.34757
47395.105 45.73336 2976.718 378.74487 91.90918
47734.17 43.66964 2993.6704 391.0437 86.2778
48199.605 39.04208 2995.459 387.02197 79.08815
48619.652 39.04208 3068.2812 360.0542 84.31255
48509.094 43.66964 3013.7014 394.021 77.61024
49524.48 37.42426 3085.1492 402.11133 77.12408
48975.45 38.22171 3055.5923 377.53394 79.31391
48848.17 38.22171 3057.214 369.21606 79.31391
48882.105 38.22171 3079.323 351.79834 80.59652
49609.008 39.04208 3106.8706 390.44604 77.49073
49738.234 38.22171 3130.8904 398.27246 86.2778
50153.023 38.22171 3116.4568 439.8401 86.2778
49762.87 38.22171 3125.7317 402.81567 80.59652
50120.336 38.22171 3166.8416 449.14697 76.92278
50729.45 38.22171 3186.6655 501.34497 71.37268
50620.074 39.04208 3185.8247 501.01978 71.37268
50827.58 39.04208 3179.0942 496.2932 72.7438
50550.875 39.04208 3185.2612 483.27515 73.21133
51016.133 39.04208 3194.812 474.24878 75.98563
52573.22 37.42426 3252.65 661.6426 77.49073
50334.586 48.75191 3115.6975 550.3865 68.21146
50348.094 48.75191 3113.3213 543.7583 68.21146
50834.15 33.19054 3177.0244 562.85913 67.50425
51556.13 33.19054 3207.8538 721.4585 67.50425
50294.61 45.92375 3074.2966 561.2583 67.1209
50462.344 57.49511 2995.7307 661.3142 66.4807
48727.984 49.84605 2973.505 551.23535 67.54831
48884.504 45.92375 3002.5867 512.94995 67.54831
49438.266 56.80656 2994.3965 589.14355 68.21146
50651.61 60.26007 3060.8293 580.4453 71.00372
50770.227 60.26007 3104.0022 513.8408 77.49073
50487.95 45.51318 3123.9978 471.24097 73.21133
50990.004 39.04208 3154.325 484.6421 73.21133
50606.934 57.45044 3145.3716 723.9297 72.7438
50528.617 57.45044 3127.3496 683.0991 71.04974
51513.984 59.34003 3162.2546 725.02954 84.28317
50823.133 62.8401 3035.3115 949.37354 67.54831
50632.273 60.26007 3057.6282 576.5762 73.00068
49384.793 48.75191 3083.73 461.54688 84.67525
48143.676 45.51318 3025.4204 420.30835 73.61608
48830.707 53.57693 3041.52 403.2649 77.43744
48627.508 53.57693 3006.3792 450.27393 72.35691
49789.344 43.66964 3085.3542 467.42993 73.21133
49373.18 59.1056 3052.8098 544.67773 72.5087
49627.945 59.1056 3052.3115 509.5122 71.37268
50418.46 66.74016 3075.675 623.62964 86.2778
51610.65 60.26007 3158.484 741.0276 81.1678
51512.46 56.998 3110.7637 565.68335 77.49073
50329.785 64.68629 3034.4746 543.28394 91.90918
50408.633 66.39945 3005.292 649.9182 75.15705
50676.242 66.05127 2889.141 774.14136 71.37268
52029.957 38.22171 3187.1616 537.3965 76.92278
51483.938 50.28931 3130.8538 524.0408 72.18954
51281.125 50.55514 3132.6487 560.23975 70.63095
51360.586 38.22171 3182.6829 575.6958 72.07375
51778.504 38.22171 3191.6538 714.2461 72.07375
51123.81 37.42426 3177.4297 498.36255 71.37268
50756.766 39.04208 3166.1226 507.2068 71.37268
52395.215 54.99712 3187.542 777.2385 77.49073
52204.793 48.75191 3198.2292 688.9446 77.49073
52066.617 43.66964 3187.0232 581.7859 69.93009
52144.47 33.19054 3231.006 592.9292 73.00068
52153.164 43.66964 3192.6914 614.76196 77.22223
52592.234 43.66964 3257.3613 705.08716 77.49073
50951.9 57.45044 3136.8318 734.07446 72.0575
50179.617 59.08652 3092.638 533.50977 72.0575
51156.7 51.41588 3156.6035 533.5154 78.01184
50916.062 54.99712 3147.2388 530.3491 86.2778
47765.496 50.28931 2969.763 433.78076 73.21133
47872.117 50.28931 2971.9746 459.67456 72.16763
47891.78 50.28931 2964.307 460.27173 72.16763
47737.875 55.95301 2946.9404 482.47632 84.563
48016.33 55.95301 2959.0425 490.44604 72.16763
48080.656 55.37424 2949.1296 464.7334 72.16763
48347.94 54.99712 3001.5193 445.08496 77.34038
48179.97 55.37424 2973.7554 461.7107 77.34038
48142.47 55.37424 2971.6123 454.92456 77.34038
47660.613 55.37424 2944.6677 444.32886 77.34038
47759.582 55.37424 2964.0505 464.64722 73.05701
47801.543 54.99712 2953.9539 441.2036 73.05701
47533.66 48.75191 2974.5977 440.6604 77.34038
47438.605 48.75191 2973.439 434.11353 75.06137
47244.26 48.75191 2963.3218 432.0066 75.06137
46990.24 48.75191 2941.9377 428.91284 73.67786
46844.688 48.75191 2941.1455 428.85425 73.67786
46496.535 48.75191 2919.2112 407.63647 74.04159
46325.023 49.84605 2905.1619 426.56152 74.04159
46687.47 49.84605 2917.0544 433.20264 74.04159
46538.902 49.84605 2883.3335 432.72144 75.06137
46143.734 49.84605 2871.342 425.0808 74.04159
46000.637 49.84605 2869.8167 399.167 74.04159
46312.445 45.11984 2903.848 385.95312 77.43421
46737.766 45.11984 2926.077 392.66016 77.43421
46800.88 43.92947 2929.3733 394.41528 83.04143
47097.23 43.92947 2947.0796 390.77417 84.67525
47151.938 43.92947 2946.117 403.45972 77.43421
46306.06 45.73336 2916.639 349.99634 75.15705
46399.15 45.73336 2922.034 385.91846 84.67525
46244.72 48.75191 2914.0286 373.2583 84.67525
46328.547 48.75191 2903.7468 398.1162 84.99683
46667.793 48.75191 2922.6746 398.82886 84.67525
47046.266 48.75191 2921.003 403.0515 84.67525
46827.918 45.73336 2948.9802 392.7776 84.67525
46990.266 36.33923 2943.282 393.98462 77.43421
46899.914 36.33923 2947.3076 385.8191 75.15705
47110.83 36.33923 2941.8496 391.26538 75.15705
48042.98 36.33923 2997.851 405.62524 75.15705
48196.848 33.19054 3016.6023 408.56885 75.15705
47952.46 33.19054 3024.4226 386.03735 75.68555
47671.094 33.19054 3004.2507 386.72925 75.15705
47654.65 33.19054 3003.9766 383.1206 74.04159
47813.297 33.19054 3004.8037 398.06152 75.13111
47937.766 36.33923 3009.895 409.58813 74.04159
47907.805 36.33923 3036.3826 399.68604 74.04159
49384.242 45.92375 3078.025 424.7373 73.67786
49470.28 38.22171 3062.1072 430.48828 77.43744
49308.9 45.92375 3055.368 409.8623 73.67786
49050.617 45.92375 3052.7744 396.40967 82.48898
48860.188 46.11847 3056.7969 409.19116 84.67525
49110.656 46.11847 3069.5732 413.38574 84.67525
49219.445 46.11847 3082.8896 426.09546 84.67525
49773.285 43.66964 3127.2556 423.46948 94.85505
49952.164 43.66964 3118.6135 429.05444 94.85505
49793.844 45.73336 3111.665 393.5149 84.67525
49441.652 45.73336 3056.1096 454.7871 72.18954
49062.03 45.73336 3044.8494 444.8108 72.82789
49071.016 45.73336 3047.1152 454.60522 72.18954
48798.62 45.73336 3009.5828 435.60913 72.18954
48968.836 45.73336 3028.311 443.78638 72.82789
48703.598 36.33923 3025.4487 420.96143 73.40472
48990.633 36.33923 3061.0398 434.32617 73.40472
49219.973 36.33923 3033.9443 440.53833 73.40472
49415.438 36.33923 3042.354 445.25415 73.40472
49391.305 46.89605 3034.5251 452.26367 72.16763
49644.016 45.92375 3070.9612 467.99585 72.16763
49535.742 36.33923 3071.7734 448.8855 73.21133
49363.04 45.92375 3040.6711 447.42847 73.21133
49662.152 48.57425 3073.5828 428.9248 84.67525
49432.832 48.57425 3079.9617 421.5835 84.67525
49615.35 45.92375 3076.4966 461.89673 75.27856
49468.266 50.28931 3065.9463 454.52686 72.7438
50090.23 39.04208 3074.9656 452.5652 73.6228
50054.305 39.04208 3119.973 414.53394 77.49073
50016.703 39.04208 3125.545 398.40283 78.27084
50131.18 48.57425 3121.6296 430.33667 78.27084
50195.48 48.57425 3105.5908 477.71313 77.49073
50746.332 48.57425 3130.746 437.15698 89.24748
50804.766 48.57425 3121.6558 458.56128 89.24748
50520.477 50.28931 3101.602 466.5337 77.49073
50317.38 50.28931 3103.453 470.7483 77.43744
50181.53 50.28931 3130.8105 464.86157 73.61608
50401.07 52.85518 3128.0706 498.9453 73.61608
50788.027 52.85518 3145.5576 487.80835 76.92278
51687.254 45.73336 3157.3162 590.5332 74.85582
51981.8 37.42426 3173.2375 567.1887 73.32973
52187.387 37.42426 3252.5269 615.0801 76.92278
51707.973 46.11847 3196.7202 662.135 73.32973
51628.133 46.11847 3186.522 673.5193 73.21133
51579.664 54.99712 3142.1138 579.4773 78.79844
51604.434 54.99712 3124.0342 568.2256 78.79844
51778.37 54.99712 3139.1208 585.94507 78.79844
51297.254 54.99712 3116.8638 588.21387 77.49073
51448.977 52.85518 3125.9746 584.3108 77.49073
50908.973 60.55045 3104.8337 592.1753 73.97758
50548.895 60.55045 3110.9602 559.5332 73.97758
50368.07 55.34689 3130.5852 517.3794 72.58862
50604.016 59.34003 3114.0017 547.96704 76.65204
50986.07 60.26007 3136.0522 716.52295 76.76252
50808.05 60.55045 3124.5754 742.9629 87.23973
51187.82 60.55045 3143.198 764.59033 76.76252
50805.09 59.34003 3148.1257 724.23926 76.08959
51520.84 59.34003 3145.9937 762.48584 76.08959
51716.83 59.1056 3121.847 739.72876 77.49073
51987.137 55.43587 3134.8533 756.0598 81.45436
52051.527 60.26007 3159.0798 783.6438 87.79668
51909.97 60.26007 3205.4116 692.0071 87.79668
51009.52 60.32148 3056.334 914.458 68.42986
50186.914 61.73053 3080.8066 849.105 67.1209
50623.812 59.37528 3086.4888 861.21606 67.1209
50944.08 59.37528 3114.7734 872.60425 67.84315
50025.598 43.66964 3112.3823 526.80786 68.15876
49914.8 56.55434 3023.6199 589.23364 68.21146
49965.215 59.08652 3006.2231 559.91235 68.53938
49656.137 59.08652 2982.2773 570.6865 68.21146
50945.54 65.36344 2964.8171 732.9458 87.80127
50807.27 61.55918 3067.143 584.2505 74.63951
51259.16 61.55918 3075.135 588.12695 81.1678
50662.875 66.74837 2979.2314 669.6687 67.2871
50747.188 65.46994 3034.9673 594.96387 67.2871
51121.87 51.91515 3068.768 569.9551 70.50957
50224.4 55.34689 3081.553 514.5161 73.32973
50194.63 55.34689 3101.1794 478.93457 68.21146
50278.277 43.92947 3120.3423 502.8977 69.02046
50068.227 43.92947 3065.2012 553.74097 67.2871
49842.453 57.45044 2638.3997 1185.2192 64.68629
48905.83 50.60658 2615.4683 984.4575 62.59374
48939.492 50.60658 2605.934 1007.9353 62.64811
49533.85 48.57425 2655.4465 1257.0417 63.86697
47971.496 56.76763 2561.4126 996.7356 62.59374
48883.645 57.16117 2588.3706 1228.8718 62.59374
48527.273 48.57425 2625.209 938.19336 62.59374
48020.707 55.95301 2566.4763 981.3855 62.59374
48751.086 58.15936 2642.4363 948.4761 62.64811
49085.254 43.66964 2596.3867 988.39136 62.64811
48697.34 50.60658 2604.1733 945.48486 62.64811
48394.176 56.22593 2667.8086 875.7241 64.7694
48365.71 56.22593 2674.177 866.9531 64.7694
49519.58 58.47256 2680.5493 976.29004 66.25633
48857.72 59.56681 2606.679 1009.1533 64.73588
48925.242 61.89565 2618.1113 1025.26 66.74016
48970.395 61.89565 2623.5361 1038.0586 66.74016
49352.35 61.45918 2624.0813 1040.251 66.74016
49113.37 61.04222 2653.877 971.42456 65.29282
50247.676 37.42426 3054.083 548.6633 66.4807
50347.023 38.22171 3056.4148 594.05493 66.4807
50548.266 38.22171 3047.681 649.3423 66.74837
50768.324 43.92947 2985.4148 721.0737 66.74837
51492.848 38.22171 2731.898 1284.7354 66.4807
51339.176 38.22171 3108.0598 580.81396 67.50425
50683.855 47.06613 3125.8066 526.00146 68.4972
50929.402 47.06613 3118.2004 538.6521 68.4972
50679.504 38.22171 3114.5073 480.89526 70.63095
51117.3 38.22171 3161.9026 500.88403 70.63095
51382.594 33.19054 3142.4194 510.98413 71.54915
51770.89 59.21268 3115.3972 1033.6375 70.55095
51143.76 64.54325 3016.2263 1008.271 67.1209
51243.316 63.5536 3022.5247 1019.26733 67.1209
51336.3 63.5536 3101.031 964.9485 67.84315
51173.58 63.5536 3103.756 995.9905 70.50957
51127.016 64.68629 3057.1887 979.7705 67.51029
50839.23 62.11547 3050.8096 985.7744 67.1209
51286.77 60.26007 3087.823 971.6328 67.1209
51540.555 59.77117 3081.5603 980.375 67.1209
51532.543 59.77117 3161.2905 875.697 67.08014
51299.348 38.22171 2941.562 1051.0535 66.52797
51540.805 43.92947 2819.218 1169.4451 66.74016
51278.406 47.06613 2895.3755 1097.0645 66.39945
51352.24 47.06613 2893.7517 1110.7903 66.39945
51734.33 48.57425 3140.3027 885.2971 66.96457
51898.242 43.92947 3131.3372 875.9585 66.96457
51525.566 38.22171 3152.8652 882.10205 66.96457
51295.832 36.33923 3110.5635 868.4419 66.96457
51691.152 38.22171 3239.8774 729.4468 67.50425
51663.95 38.22171 3202.2366 716.7385 69.74838
50949.812 43.66964 2647.4978 1186.7385 65.28069
50803.25 43.66964 2655.4062 1190.8564 65.28069
50372.613 45.73336 2641.5535 1213.0391 65.18073
50045.97 43.66964 3038.2722 594.8242 66.4807
49792.117 39.04208 3042.2944 560.57935 66.4807
49940.594 49.84605 3032.8755 589.886 67.08014
50250.992 43.92947 3048.7568 609.0139 66.96457
50564.777 54.99712 3089.7734 547.6929 68.04924
50340.918 46.6412 3110.244 474.74365 73.32973
50462.34 45.73336 3125.832 483.3274 76.65204
50438.73 43.66964 3137.2842 509.5149 72.18954
50469.05 43.66964 3118.525 500.38818 69.14
49835.715 37.42426 3125.7004 478.8933 68.4972
53356.55 36.33923 3397.158 635.53076 77.49073
52873.527 36.33923 3355.3916 618.71313 87.19223
52904.344 36.33923 3318.268 627.4402 84.67525
52130.234 48.57425 3188.296 558.42236 88.90597
52348.254 46.11847 3204.344 713.4092 81.26832
52390.426 50.28931 3178.2048 714.3362 72.59495
50730.58 54.99712 3098.1736 740.6826 67.8139
51449.332 54.99712 3067.9932 849.17847 67.8139
51468.03 54.99712 3100.8813 787.7197 67.92085
50796.527 55.95301 3070.9578 548.48267 70.47028
51699.004 43.66964 3064.4453 668.53076 68.15876
51895.98 48.75191 3207.2454 522.553 77.49073
51958.168 48.75191 3206.1963 525.17993 77.49073
51445.66 56.55434 3066.272 623.7383 75.29173
51264.344 59.98304 3022.569 676.9429 75.29173
51224.785 59.98304 3055.3108 605.04614 75.29173
50951.75 59.98304 3060.7444 559.9888 75.29173
50803.523 55.34689 3084.7397 527.4834 77.34038
50497.234 59.34003 3085.7659 503.52222 77.43744
50058.914 59.34003 3080.9456 508.07886 72.58862
50573.305 59.34003 3083.7505 579.219 71.9291
51029.906 61.04222 3119.7915 746.1028 72.7438
51070.688 61.04222 3141.5803 754.04517 77.49073
50933.348 61.55289 3080.6248 899.90137 68.56447
51203.707 61.73053 3036.873 898.20703 68.56447
50839.215 55.34689 3119.6594 509.09033 77.49073
50838.137 55.34689 3136.978 502.16626 77.49073
50888.473 63.5536 3064.5647 609.67163 69.14
51053.465 63.5536 3017.0713 722.4487 76.92278
51215.395 63.5536 3032.0398 670.57153 77.49073
50964.656 63.5536 3070.0527 629.32104 79.61829
50719.957 61.04222 3089.6802 622.48975 77.43421
50485.133 61.04222 3083.4902 610.25415 77.43421
50897.105 61.73053 3072.4292 630.98975 77.43421
50568.29 61.73053 3068.786 591.22217 77.43421
51304.55 61.73053 3119.4307 824.7722 70.50957
52226.145 36.33923 3230.494 686.62744 72.7438
52071.082 39.04208 3232.67 637.5825 73.61608
52220.59 39.04208 3219.0671 640.6692 73.61608
52334.28 39.04208 3237.4424 667.46655 73.61608
52380.414 33.19054 3196.7065 726.35864 71.04974
52411.02 43.66964 3186.7131 689.9929 71.9291
52831.832 50.28931 3207.4783 722.407 77.49073
52478.816 51.41588 3193.695 756.21045 88.90597
51667.812 51.41588 3138.9062 571.05444 81.83658
51539.395 51.41588 3087.0894 625.4617 75.29173
51193.254 59.77117 3096.1343 564.4077 76.44973
51157.094 59.77117 3034.9814 659.84326 71.9291
51148.355 59.77117 3018.9458 690.145 69.93009
51018.04 59.77117 3015.5486 666.44336 68.04924
51200.73 60.26007 2991.0134 749.89185 68.04924
52630.438 43.66964 3230.1807 688.2698 73.32973
52347.47 52.85518 3124.5007 798.5127 73.21133
52318.664 45.73336 3164.9392 706.23755 70.55095
52023.12 45.73336 3181.0928 672.89575 70.55095
52437.164 45.73336 3218.2803 647.80615 73.32973
52242.6 45.73336 3216.5503 644.5056 73.32973
52280.883 55.34689 3226.3828 693.426 72.7438
52183.344 57.45044 3137.8203 781.41113 72.7438
51524.82 57.45044 3132.3403 738.40234 83.18227
51817.29 52.60741 3087.536 617.59766 86.2778
51458.934 55.34689 3123.2793 563.16284 87.25214
51804.734 50.28931 3166.08 529.39624 86.2778
51502.434 50.28931 3168.3413 466.45386 90.40947
51348.25 51.91515 3164.6528 509.63818 90.40947
50216.574 59.34003 3108.3518 517.27734 82.01817
50974.88 56.55434 3120.8015 603.70215 76.58974
51139.93 53.57693 3148.137 607.55664 77.43744
51392.35 59.1056 3158.2217 608.5139 76.58974
51914.05 59.1056 3115.4888 636.6062 70.55095
52768.23 57.45044 3183.7705 827.68774 70.55095
52890.992 52.85518 3248.6748 779.8342 83.89106
52949.42 51.41588 3266.3918 778.1194 71.94036
53047.72 50.28931 3247.0508 779.09375 78.19034
52803.742 50.28931 3264.2974 705.9939 81.45436
52912.31 48.57425 3252.7039 753.2832 81.45436
52458.86 50.28931 3226.9446 683.6675 81.45436
52577.953 38.22171 3271.9805 661.49536 78.19034
52693.406 43.66964 3228.8213 744.104 77.49073
52559.008 43.66964 3246.5928 647.99097 77.49073
52608.293 38.22171 3268.265 668.3257 76.17896
52982.395 38.22171 3273.092 749.28687 76.17896
52859.35 38.22171 3227.5183 831.5891 70.75996
52607.703 38.22171 3216.8003 793.5774 70.75996
52464.344 38.22171 3227.0325 770.8906 70.75996
52206.74 38.22171 3229.5593 741.33276 70.75996
52463.04 37.42426 3171.0789 816.0117 69.74838
52229.188 37.42426 3205.6897 747.4907 69.74838
51544.668 37.42426 3211.5312 505.30713 75.4522
51113.133 37.42426 3198.0017 462.34546 76.44973
51191.55 37.42426 3187.4412 466.49072 75.4522
51276.62 37.42426 3220.3093 492.86475 73.21133
51462.395 39.04208 3196.1636 568.56714 73.21133
51519.285 38.22171 3232.9143 537.4739 73.21133
51868.867 38.22171 3200.4353 602.8672 73.21133
51443.547 36.33923 3214.211 492.833 73.69425
51435.312 45.73336 3163.8667 559.1304 73.21133
51705.523 45.73336 3172.2195 599.1306 70.50957
50898.043 50.28931 3147.652 532.81714 73.00068
51564.664 38.22171 3216.302 482.06152 76.50023
51520.2 38.22171 3202.1072 517.0554 75.4522
52371.27 45.73336 3302.2805 757.2295 94.12742
52585.273 45.73336 3278.6206 761.0818 77.49073
52720.703 43.66964 3314.177 685.59717 80.93449
52870.188 43.66964 3273.8984 682.33154 80.93449
51791.63 38.22171 3272.1343 613.4087 75.27856
51654.902 50.28931 3187.7224 740.57007 71.27214
51646.766 43.66964 3229.7817 675.4602 70.75996
51742.984 43.66964 3226.577 666.25464 73.21133
51034.383 39.04208 3196.6196 522.1636 73.21133
50713.19 43.66964 3133.6282 515.85986 69.52657
51882.43 39.04208 3177.781 577.228 74.01904
51574.605 39.04208 3187.3816 507.0984 74.01904
51001.727 47.06613 3143.939 547.2849 71.94036
50300.617 39.04208 3049.798 568.4419 67.50425
51619.88 52.53377 3039.7349 975.9321 67.50425
50732.22 43.66964 2696.523 1219.456 65.28069
50658.508 52.85518 2705.2046 1251.0537 65.28069
51061.92 52.85518 2721.6255 1262.0894 65.28069
50754.4 60.26007 2695.7751 1266.9485 65.28069
50325.965 57.73047 2710.6365 1292.0017 65.28069
49273.01 57.73047 2691.0764 916.73047 65.28069
49331.523 58.82927 2644.628 963.8655 65.57835
49313.773 55.37424 2675.3123 923.8457 63.02725
48994.684 50.28931 2697.5486 847.9231 63.68614
48866.86 51.1936 2687.5303 883.7146 63.68614
48994.312 51.1936 2695.7468 891.74536 63.68614
49445.57 54.85442 2702.7363 936.603 63.68614
49155.035 59.00026 2675.0508 942.12964 63.68614
49392.168 43.66964 2708.4502 930.83496 63.68614
49014.547 43.66964 2709.833 878.39795 63.68614
48711.812 56.998 2693.293 892.1753 63.68614
48581.684 55.297 2704.0872 896.59204 63.53316
47834.26 40.95588 2636.2021 957.0974 61.95436
47536.164 40.95588 2652.8289 892.4824 61.95436
47788.406 40.95588 2659.3057 936.32764 61.95436
47535.355 45.68967 2656.709 949.5698 60.92402
47573.41 45.68967 2654.3066 917.30225 60.92402
47830.664 40.95588 2638.901 958.8733 60.92402
47985.973 40.95588 2632.51 987.0559 60.92402
48341.832 40.95588 2664.7976 990.96045 60.92402
47814.047 26.65704 2633.7556 956.0327 60.92402
47884.477 40.95588 2640.6035 963.83984 60.92402
47749.527 40.95588 2656.9204 919.28296 61.95436
47608.613 40.95588 2636.3286 916.2988 61.95436
47377.09 40.95588 2585.4602 1012.2649 60.84706
46961.35 41.6761 2541.3574 1060.5837 60.84706
48903.89 45.92375 2672.542 1310.8408 61.95436
48576.977 38.01183 2637.7124 1289.5391 61.95436
48930.68 51.45221 2682.3242 1330.7708 61.95436
49033.746 51.45221 2712.4333 1337.7839 62.66256
48561.004 56.80656 2675.2332 1310.9504 62.43331
49033.777 56.80656 2712.6558 1265.2004 64.4639
48620.582 56.80656 2696.0652 1284.2595 64.16719
49012.258 56.80656 2685.6172 1320.2368 64.09615
49395.004 56.80656 2698.8608 1308.7888 64.4639
49036.734 56.55434 2703.0437 1311.4541 64.09615
49239.426 56.55434 2697.129 1297.2422 64.27379
49741.4 59.32408 2710.8147 1292.4382 65.28069
50082.914 59.08652 2731.93 1269.4246 65.29282
50139.637 56.55434 2741.7388 1275.707 65.29282
49831.81 55.07579 2747.9714 1284.7324 65.28069
49849.42 52.51959 2719.5374 1287.9634 64.54325
50126.91 50.28931 2741.9753 1264.2344 64.54325
50450.387 50.28931 2712.1929 1228.6843 64.54325
50222.117 52.51959 2692.3655 1241.6594 64.54325
49877.617 52.51959 2727.9426 1289.3335 64.54325
49861.625 52.51959 2738.8386 1295.488 64.54325
49680.496 41.6761 2686.931 1295.073 64.09615
49567.516 41.6761 2665.3281 1292.8706 64.09615
49742.008 45.92375 2734.99 1333.6069 64.09615
49881.543 38.22171 2742.4673 1337.3989 64.09615
50036.45 38.22171 2694.9338 1289.5234 64.4639
49701.15 52.51959 2661.9697 1280.2397 64.4639
49672.418 52.51959 2674.488 1258.8582 64.4639
49692.254 52.51959 2679.4873 1293.3374 64.4639
49626.664 52.51959 2657.6838 1304.6006 63.68614
49228.535 52.85518 2650.7551 1291.0991 62.43331
48733.27 47.16607 2601.133 1263.0771 62.43331
48873.74 46.11847 2617.2712 1268.0356 62.43331
48898.062 58.16817 2628.0923 1300.2959 62.43331
48851.4 55.297 2655.69 1301.1572 62.43331
48532.35 56.80656 2610.4043 1285.1436 62.43331
48761.41 43.66964 2626.9438 1259.6133 62.43331
48258.31 50.60658 2606.0872 1265.3704 62.43331
48624.21 50.60658 2637.1484 1283.4546 62.43331
48779.625 50.60658 2655.2214 1288.0183 62.43331
49017.832 46.07086 2666.7617 1302.0938 62.43331
48971.074 37.55378 2660.525 1300.7695 62.43331
48801.61 37.55378 2639.4033 1285.2886 62.43331
48466.535 51.45221 2628.364 1281.5452 61.95436
47819.137 51.45221 2599.1519 1334.8906 61.73053
47795.82 55.18182 2592.6323 1330.6721 61.73053
47995.77 55.18182 2570.591 1328.0088 61.73053
48195.414 55.18182 2588.0044 1337.8169 61.73053
47819.15 51.45221 2599.1516 1334.8911 61.73053
47766.65 55.00952 2572.514 1319.0613 61.73053
47558.914 55.00952 2589.6475 1344.5894 60.84706
47678.867 38.01183 2575.7776 1287.3586 60.84706
47563.625 45.92375 2606.9927 1295.4443 61.73053
47874.25 54.85442 2592.1875 1293.4958 61.73053
47397.32 55.37424 2567.4636 1285.0237 61.50647
47472.496 38.01183 2589.2966 1296.9172 60.84706
47507.168 38.01183 2567.3599 1282.2034 60.84706
47713.6 38.01183 2621.8667 1302.2366 60.84706
47164.633 46.30107 2594.4268 1269.4336 61.50647
47201.51 46.30107 2601.9504 1283.6497 61.50647
47566.312 46.30107 2606.7874 1287.9004 61.50647
47612.17 44.89612 2594.2905 1335.5593 61.50647
47212.254 46.30107 2612.6091 1344.3328 61.50647
47804.223 46.30107 2625.7344 1279.072 61.95436
47778.336 46.30107 2631.914 1295.2222 61.95436
46902.992 46.30107 2656.5042 928.24316 61.95436
47366.773 38.22171 2660.6763 944.9856 61.95436
46638.29 46.30107 2514.4607 1101.5154 61.50647
47495.16 46.30107 2646.0857 993.2776 61.95436
47478.81 38.22171 2681.7363 976.8174 61.95436
46627.57 43.96636 2666.3003 948.6343 61.95436
47711.348 46.30107 2686.089 960.7036 63.22761
47915.863 46.30107 2680.1743 962.0737 63.22761
47973.445 45.73336 2650.4194 1013.8989 61.95436
48185.508 45.59028 2643.7844 1045.6416 61.95436
47956.23 45.59028 2660.9177 998.2578 61.95436
47311.895 46.30107 2645.115 1029.4719 61.56515
47288.883 46.30107 2663.7673 960.6089 61.95436
47060.426 46.30107 2664.6316 963.1448 61.95436
47619.273 46.30107 2696.6226 885.6509 63.22761
47162.45 46.30107 2705.1372 905.18994 63.22761
47945.89 46.30107 2699.725 979.32715 63.22761
47750.223 46.07086 2679.1145 951.135 63.22761
47736.973 46.30107 2675.2388 988.291 62.43331
47852.133 45.92375 2695.857 925.18896 63.22761
48016.09 45.92375 2692.0637 946.36206 63.22761
48210.4 46.30107 2687.1787 973.7761 63.22761
48559.484 45.73336 2649.9155 1054.1641 62.43331
48707.895 45.73336 2642.4385 1067.6323 62.43331
48220.29 50.55514 2678.0154 997.501 63.22761
48681.566 45.68967 2800.1772 837.87646 62.43331
50541.242 43.92947 2969.4565 737.77905 66.39945
50313.79 43.92947 2992.3613 673.0974 66.10358
50290.48 50.55514 2995.3374 671.9817 66.10358
50873.832 50.55514 3003.0696 918.89355 66.10358
50581.105 49.84605 3018.7373 993.4912 65.46994
50880.492 50.04607 3012.5068 997.4863 66.52797
50815.95 50.04607 3006.2046 1040.4395 66.39945
51082.355 50.04607 3003.1172 965.19946 66.52797
50821.32 50.04607 3003.8467 1065.1274 66.39945
50991.69 60.82139 2995.085 1073.115 66.39945
51238.324 57.89303 2982.0781 1035.2881 66.52797
50871.28 60.82139 2981.4663 1006.0598 66.52797
50894.69 55.297 3004.8435 1019.6697 66.52797
50918.137 55.297 2997.8247 1014.9673 66.52797
50281.375 65.46994 2746.6753 1221.5359 66.52797
50253.547 65.46994 2746.7754 1218.4937 66.52797
50623.062 62.66256 2956.353 1013.8838 67.08014
52560.867 36.33923 3287.4148 589.58325 77.49073
52405.81 36.33923 3289.9893 590.1875 84.67525
52531.934 36.33923 3254.504 656.53906 73.6228
52616.5 36.33923 3263.4827 705.8911 73.6228
52033.477 36.33923 3197.1912 734.23975 72.0575
52104.836 36.33923 3231.3977 623.27344 73.32973
51922.62 36.33923 3190.594 661.1228 73.00068
51872.918 43.66964 3191.6992 661.1096 73.21133
51688.316 38.22171 3232.9644 635.61914 72.16763
50951.25 33.19054 3199.9832 579.9353 72.16763
51745.715 33.19054 3232.709 502.98828 76.92278
51669.38 33.19054 3228.4568 460.33398 76.92278
51624.28 33.19054 3230.2048 428.64624 76.92278
51805.953 33.19054 3217.7515 463.04395 76.92278
51778.383 39.04208 3210.8455 497.5796 76.92278
51827.25 39.04208 3189.8823 486.385 76.92278
51427.504 36.42438 3225.9514 509.28296 72.18954
51660.02 36.42438 3209.1729 521.8262 72.18954
50676.258 48.57425 3076.793 615.29346 67.50425
50590.87 48.57425 3083.5007 607.18726 67.50425
51092.324 38.22171 3048.2637 681.6316 67.08014
51573.74 45.73336 3040.0962 883.3379 67.08014
51362.22 45.73336 3053.0396 855.5659 67.08014
50859.246 45.73336 3024.0605 865.5891 66.96457
49454.723 45.59028 2930.7156 646.75806 65.36344
49646.15 54.99712 2885.3416 1005.91406 65.29282
49719.883 54.66425 2922.7224 1005.8635 65.29282
49860.363 58.62207 2938.039 1011.1206 65.29282
50629.688 57.45044 2984.7712 954.4404 66.52797
50545.547 60.26007 3049.4568 621.50024 66.52797
50253.51 57.12516 3012.9749 634.9275 66.39945
50067.43 55.37424 2999.196 618.45264 66.39945
50514.977 55.37424 2992.643 964.45435 66.39945
50497.562 55.37424 2983.1313 928.79346 66.39945
50775.9 45.59028 2998.4094 906.583 66.39945
50615.16 45.59028 3009.6096 984.13525 66.39945
50465.434 57.45044 3010.1536 916.82983 66.39945
50065.094 59.1056 3017.334 642.58887 66.39945
49893.883 38.22171 3014.2231 620.8618 66.39945
49946.477 60.26007 2988.3542 623.1931 66.39945
49594.992 60.26007 2988.3958 655.79614 66.39945
50137.87 45.59028 3011.4514 628.7998 66.39945
49410.477 38.01183 2942.6912 643.21484 65.29282
48709.887 56.69903 2925.1921 690.511 65.29282
49597.277 45.92375 2992.383 706.4956 65.29282
50073.258 51.41588 3008.3572 692.15625 65.77201
49792.418 51.41588 3017.9204 712.093 65.77201
49581.465 54.99712 3042.362 640.8484 65.77201
49594.484 58.16115 3026.515 680.60034 65.77201
49946.66 58.16115 3059.9844 606.40063 67.2871
49998.656 61.50647 3036.2385 591.81055 73.05701
49945.832 61.50647 3027.442 578.0547 72.58862
49661.477 61.50647 3032.239 583.52026 72.58862
49579.93 61.50647 3054.6274 572.40137 73.21133
49582.434 62.354 3035.017 596.85376 72.35691
49127.246 62.354 3026.814 579.4783 74.63951
49139.434 61.73053 3025.1106 579.80835 77.43421
49475.227 61.73053 3022.2065 587.8096 77.43421
49202.094 62.354 3029.742 581.46704 73.97758
49268.8 62.354 3024.358 580.1721 72.69491
49569.242 62.354 2992.2217 577.4133 73.05701
49470.836 62.354 3005.5615 569.6904 73.05701
50447.184 64.68629 3053.866 546.8613 83.84343
50700.688 64.68629 3043.9624 607.6836 77.49073
50664.445 64.68629 3035.2139 598.15674 77.49073
51162.02 64.68629 3059.6477 630.75024 77.49073
50763.223 64.68629 3074.0918 627.3567 78.79844
50539.61 64.68629 3065.569 648.90186 76.02678
50670.73 64.68629 3046.0518 596.85254 78.19034
50789.67 64.68629 3037.9211 642.34644 75.15705
50380.395 66.4807 3001.11 731.8342 77.34038
50196.773 66.4807 3032.245 682.4436 76.02678
50388.113 66.4807 3039.984 673.3745 78.79844
49923.887 66.4807 2999.595 638.28125 76.08959
49530.707 64.27379 2997.9033 591.24536 76.08959
49305.844 63.20045 3019.4072 582.4529 76.76252
49997.184 63.20045 3016.892 569.60474 76.76252
50277.86 61.55918 3047.2563 552.83374 76.76252
50016.492 64.68629 3023.714 560.6865 77.43744
50191.7 64.68629 3031.0164 585.928 77.43744
50664.47 66.74837 3036.9556 593.1836 84.67525
50654.965 66.74837 3032.7097 591.7102 77.43744
50818.223 64.16719 3101.968 522.7019 77.43744
50316.81 64.16719 3067.7146 506.69287 94.12742
50307.62 59.77117 3072.9575 492.4453 94.12742
50264.188 59.77117 3066.6008 507.52832 77.43744
50318.04 59.77117 3045.494 531.2124 76.65204
50301.332 59.98304 3057.9736 568.1282 73.00068
50272.414 59.98304 3044.4424 571.636 72.69491
50196.87 59.98304 3070.593 567.1079 73.00068
50362.152 59.98304 3110.6416 501.79028 86.24577
50505.88 59.98304 3107.6401 517.82056 86.24577
50841.46 59.98304 3107.5388 562.6477 86.24577
50786.34 59.98304 3113.4321 540.7595 86.24577
50942.92 59.98304 3081.3533 600.8103 75.29173
51404.434 53.57693 3131.7446 570.7876 77.49073
51738.984 50.28931 3106.0845 590.1411 73.00068
51758.88 50.28931 3145.642 582.89844 75.63155
51402.574 52.85518 3131.2058 567.6238 75.63155
51357.82 52.85518 3114.5547 586.12695 73.00068
51322.324 54.99712 3098.8152 564.48804 73.00068
51441.723 54.99712 3110.097 584.3113 73.00068
51128.773 54.99712 3127.0562 555.8882 73.00068
51223.203 59.1056 3061.8987 578.00195 77.43744
51330.89 59.1056 3120.1243 528.17017 81.6928
51137.77 54.99712 3139.4424 558.0488 77.43744
50922.637 46.11847 3090.0803 559.35645 67.75017
51202.844 46.11847 3093.8652 590.96045 68.4972
51311.97 46.11847 3153.5286 511.2649 70.47028
51211.344 46.11847 3160.655 487.8728 72.7438
50953.152 39.04208 3157.7053 456.11426 72.7438
51028.773 37.42426 3178.6445 419.50098 86.2778
51042.164 37.42426 3190.991 434.96777 86.2778
51048.07 36.33923 3199.0232 424.68213 79.3163
51268.473 36.33923 3213.1543 441.15967 78.19034
51267.918 36.33923 3209.965 392.80347 84.67525
51529.203 36.33923 3249.3975 393.35303 84.67525
51342.242 36.33923 3182.2053 425.8999 79.81155
51433.61 36.33923 3199.7778 428.64014 79.81155
51149.59 36.33923 3211.9192 414.29858 79.81155
51197.195 37.42426 3170.8782 446.17847 73.32973
51078.188 37.42426 3152.5168 440.85645 78.01184
51310.81 36.33923 3200.862 487.70215 74.01904
51308.43 36.33923 3218.7822 491.39624 74.01904
51332.39 36.33923 3206.584 449.1626 75.13111
51330.516 36.33923 3195.6016 462.65576 74.36087
51126.9 36.33923 3189.76 430.16748 74.36087
51390.24 36.33923 3221.277 456.8352 76.72784
51516.895 36.33923 3202.8623 481.4463 76.72784
51452.06 36.33923 3189.7332 460.10083 76.72784
51557.477 36.33923 3240.3372 493.02466 76.72784
51578.01 36.33923 3235.7227 496.4126 76.65204
52042.93 36.42438 3247.3525 533.8806 76.65204
52039.12 36.42438 3234.0251 532.6765 73.21133
52028.984 36.42438 3277.2476 504.20654 73.21133
52543.703 45.73336 3276.9832 672.0896 73.21133
52458.98 45.73336 3286.5198 724.1177 76.72784
52315.09 45.73336 3287.2166 683.7263 76.72784
52362.867 45.73336 3272.8535 661.7722 75.27856
52355.023 43.66964 3291.618 623.90454 76.17896
52214.566 33.19054 3271.0461 605.22656 76.17896
52271.633 38.22171 3269.9365 615.4209 76.17896
52474.535 36.42438 3282.4678 629.57056 76.17896
52624.145 36.42438 3321.0625 616.7986 88.90597
52712.44 38.22171 3321.0068 624.4155 88.88264
52404.832 45.73336 3249.8396 652.6848 88.88264
52274.23 45.73336 3250.4019 662.60596 73.32973
52164.758 33.19054 3242.0847 672.1096 73.00068
52209.227 33.19054 3263.3914 703.29297 73.00068
52073.383 33.19054 3234.2239 671.47754 71.86179
52135.344 33.19054 3261.1973 648.97437 73.37206
51734.215 33.19054 3254.3564 472.33423 72.7438
51864.254 33.19054 3244.6758 554.7766 73.00068
51898.05 33.19054 3242.9165 555.7771 72.7438
51820.754 36.33923 3227.196 519.9746 72.7438
51679.395 36.33923 3214.145 494.30908 75.4522
51611.527 37.42426 3198.7104 472.81763 72.7438
51877.973 37.42426 3206.736 489.2483 72.7438
51704.293 37.42426 3200.1875 482.8911 72.7438
51695.305 38.22171 3199.812 542.75977 72.7438
51848.18 38.22171 3193.5374 597.55786 72.7438
51646.95 38.22171 3211.3523 533.2722 76.6985
51553.34 38.22171 3223.0088 491.67114 76.6985
51236.14 38.22171 3196.859 528.8804 72.7438
51875.113 38.22171 3227.8042 608.03564 72.7438
52017.324 38.22171 3267.4668 624.20557 75.4522
52025.86 38.22171 3262.6128 640.00415 75.4522
51320.46 38.22171 3241.9438 507.87183 75.4522
51480.617 38.22171 3227.972 502.31494 75.4522
51371.06 38.22171 3230.1558 529.1299 77.43744
51310.13 38.22171 3210.9363 524.28125 74.85582
51323.41 38.22171 3193.1558 512.47876 75.27856
51319.363 38.22171 3206.1956 533.1157 75.27856
51331.574 53.57693 3139.8674 640.6018 75.98563
51470.004 54.99712 3136.5623 590.4839 74.85582
51195.973 54.99712 3118.0247 576.7654 74.85582
51093.934 60.26007 3099.794 609.49976 98.53106
51051.895 60.26007 3102.9668 630.407 98.53106
52152.348 60.26007 3178.3984 834.9187 71.60074
50929.88 46.6412 3175.8674 635.0112 72.1282
51170.98 48.75191 3168.649 655.2449 73.00068
50683.81 50.28931 3147.337 675.54175 71.04974
50790.414 57.49511 3136.75 685.54785 70.8699
51122.82 57.49511 3149.2583 719.2644 74.18118
51186.64 48.75191 3156.7515 703.77637 70.8699
51601.965 50.28931 3168.9502 744.1553 70.8699
51445.26 50.28931 3146.7937 730.13477 72.1282
51586.285 50.28931 3143.58 733.8108 72.5087
51424.79 48.75191 3156.9497 685.78613 72.5087
51216.227 48.75191 3153.0522 675.4419 71.04974
50697.125 46.6412 3135.6702 538.8025 71.9291
52021.61 50.28931 3217.3186 642.46875 75.00603
51886.91 43.66964 3227.1743 562.61597 75.00603
52055.145 43.66964 3229.1067 562.97534 75.00603
51655.758 43.66964 3237.0977 579.10254 75.00603
51763.176 43.66964 3204.7842 639.9309 74.19471
51742.58 43.66964 3219.1775 573.751 73.00068
51616.535 43.66964 3232.8896 579.91724 73.00068
51393.65 43.66964 3220.374 578.1289 73.00068
51696.723 43.66964 3202.4153 612.1648 71.9291
51629.883 43.66964 3203.0815 597.7141 71.9291
51770.11 43.66964 3188.0642 673.50684 71.9291
51534.527 48.75191 3154.1504 719.7031 71.9291
51340.61 48.75191 3159.403 686.55493 71.04974
50829.695 48.75191 3165.3625 652.4524 73.00068
51370.3 48.75191 3159.9597 698.3965 71.04974
51273.555 50.28931 3167.9897 705.8147 71.04974
51065.805 50.28931 3169.0264 687.7383 73.05701
50956.85 50.28931 3169.1697 661.5801 73.05701
51286.94 50.28931 3153.6494 694.3367 71.04974
51424.227 50.28931 3143.3262 704.76416 71.04974
51045.277 52.85518 3149.783 692.23145 74.60427
51207.195 48.75191 3101.2368 725.656 68.21146
50809.332 43.92947 3066.2332 849.4656 66.74837
50863.28 43.92947 3062.9124 844.47266 66.74837
50705.656 43.92947 3058.4058 754.4558 66.74837
50701.18 43.92947 3094.0667 775.47217 66.74016
50634.96 43.92947 3073.206 822.9558 65.57835
50686.66 43.92947 3071.0093 821.8865 65.27628
50711.273 43.92947 3088.6501 831.1831 66.05127
50951.1 43.92947 3062.7354 896.8113 66.05127
50748.59 43.92947 3046.511 878.01074 66.74016
51043.55 43.92947 3027.7632 887.6245 66.74016
51064.203 43.92947 3030.8657 922.53906 66.74016
51048.844 43.66964 3053.7488 849.68066 66.74016
51111.863 43.66964 3021.8232 868.0054 66.74016
51249.227 43.66964 3067.5586 880.2988 66.74016
51082.125 43.66964 3062.3718 859.55444 66.74016
50993.08 43.66964 3050.8738 831.489 66.74016
51070.62 43.66964 3052.919 846.8335 66.74016
53162.062 36.33923 3128.2622 960.31055 77.12408
53082.7 36.33923 3169.2305 854.5405 75.52695
52978.25 36.33923 3207.7388 785.313 75.52695
52971.11 43.66964 3189.3926 742.8838 84.67525
52779.383 43.66964 3226.3464 643.74927 75.52695
52811.547 43.66964 3208.4375 645.8506 81.45436
52827.926 43.66964 3224.8088 650.2739 77.61024
52875.32 37.42426 3210.9827 728.0112 77.61024
52956.64 37.42426 3234.076 693.96606 81.45436
52876.977 39.04208 3176.887 744.51245 77.61024
52501.242 39.04208 3252.3647 603.7002 77.77138
52508.59 43.66964 3125.4973 609.3428 77.61024
52670.44 43.66964 3287.343 465.52344 79.27297
52492.41 33.19054 3284.8887 454.1438 79.27297
52217.445 33.19054 3320.3054 436.49976 77.49073
52022.016 33.19054 3327.237 379.53833 81.83658
52137.22 33.19054 3316.8801 412.5901 81.83658
52509.844 33.19054 3306.9783 467.41333 77.49073
52576.508 33.19054 3329.0605 442.25098 80.37395
52798.156 33.19054 3338.4778 469.27002 82.48898
52549.566 33.19054 3303.3958 482.24707 77.49073
52513.67 33.19054 3270.7163 481.32666 77.49073
52760.125 36.33923 3278.1443 514.4153 78.3992
52506.008 36.33923 3206.7651 570.29614 77.49073
52365.926 36.33923 3204.6965 536.57495 77.49073
51932.727 37.42426 3211.8376 437.1831 79.72095
51948.703 50.28931 3154.7644 553.91113 77.49073
52039.375 50.28931 3156.2512 558.3113 77.49073
51901.785 50.28931 3147.5925 598.4346 74.16102
51923.934 50.28931 3172.0854 567.0049 78.57414
51774.504 50.28931 3170.3745 533.66675 77.35117
51622.977 50.28931 3176.5369 511.37622 73.61608
51376.77 50.28931 3188.42 490.1079 73.61608
51551.418 50.28931 3136.643 534.1433 72.58862
51129.902 48.75191 3094.3977 644.0862 68.04924
51012.254 54.99712 3124.2192 555.13403 68.04924
50876.43 54.99712 3093.4612 519.06616 82.17273
51084.062 54.99712 3116.1562 519.8843 71.9291
51189.734 54.99712 3150.6353 563.43604 77.49073
51197.684 59.1056 3133.3064 579.03906 77.49073
51184.207 55.43587 3147.6704 572.751 77.49073
50927.383 55.43587 3144.4624 547.272 83.84343
51014.434 55.43587 3150.0334 564.19995 77.49073
51261.977 59.1056 3148.8926 586.38135 77.49073
51160.543 59.1056 3120.435 559.10547 77.49073
51043.27 59.1056 3117.1982 545.08716 77.49073
51293.21 59.1056 3130.6682 560.2356 77.49073
51250.15 55.34689 3127.6697 538.17676 77.49073
50704.52 55.34689 3111.2593 512.77026 73.61608
50879.49 51.91515 3121.1912 495.91846 74.85582
50901.082 55.34689 3104.6814 525.83545 77.35117
51175.86 55.34689 3108.9553 571.031 74.85582
51262.535 55.34689 3073.611 583.4165 76.92278
51281.758 55.34689 3081.795 564.64966 77.43744
51375.094 55.34689 3091.797 576.54785 77.43744
51324.184 59.1056 3096.6716 584.8135 72.58862
51034.035 59.1056 3100.24 546.5408 72.7438
50333.746 59.34003 3081.774 541.17676 72.7438
50304.664 59.77117 3065.641 522.0813 72.7438
50761.305 59.77117 3073.3123 551.4634 69.14
51120.773 59.1056 3111.8704 558.65796 69.14
50926.234 59.1056 3118.5825 527.67554 72.58862
50703.367 59.34003 3104.0793 526.2805 76.65919
50987.73 59.34003 3101.9028 584.6533 69.14
50813.066 54.99712 3139.6711 587.7471 74.68267
50861.81 59.34003 3110.911 614.50903 74.68267
51616.613 57.45044 3148.0952 717.63184 84.28317
51751.23 57.45044 3165.6982 758.833 77.49073
51730.633 57.45044 3188.162 793.5093 79.27297
51465.4 57.45044 3175.5654 759.88135 79.27297
51413.363 57.45044 3168.832 745.82764 79.27297
51657.504 59.77117 3156.401 759.2742 82.48898
51390.51 59.77117 3161.183 735.60645 72.7438
51433.246 60.26007 3134.275 750.67944 76.76252
51038.453 60.26007 3134.3354 733.1492 76.76252
50701.703 60.26007 3120.335 738.97705 74.05933
50656.35 60.26007 3119.943 736.9636 74.05933
51125.594 60.26007 3126.9192 757.0437 75.62616
50900.863 56.18236 3129.4143 729.19507 74.05933
50754.094 60.26007 3131.257 715.4485 82.01817
50423.375 60.26007 3126.1226 711.12085 74.05933
50511.836 60.26007 3114.8276 744.81494 73.67786
50939.777 60.26007 3115.5337 834.80884 68.04924
51118.895 60.26007 3125.7854 789.95483 68.16541
51733.97 59.1056 3167.9968 743.1968 68.21146
51384.5 54.18109 3139.5957 789.0027 67.51029
51295.152 54.18109 3114.5742 811.11597 67.08014
50889.65 45.73336 3090.1619 788.625 67.08014
51283.17 45.73336 3169.582 531.02515 69.93009
50984.812 49.84605 3097.7327 550.2366 69.93009
51001.812 49.84605 3114.7395 552.7063 69.93009
51204.285 45.92375 3079.7795 552.7717 69.8792
51188.0 48.57425 3110.08 603.97656 69.8792
51182.582 48.57425 3110.39 605.0376 68.42986
51098.035 48.57425 3125.9043 582.15625 68.42986
51330.22 48.57425 3143.4492 542.3474 69.93009
51525.402 47.06613 3154.4382 556.18555 69.93009
51553.47 43.92947 3171.0361 557.1853 72.82789
51790.58 43.92947 3170.2107 555.2859 71.9291
51658.945 43.92947 3170.6064 582.3501 71.9291
51526.477 43.92947 3178.7166 563.45996 68.42986
50715.87 37.42426 3113.7522 569.48 67.75017
50658.22 45.73336 3104.1626 579.1626 67.75017
51858.207 36.42438 3243.3032 695.1199 70.50957
52021.465 50.28931 3233.3286 746.37915 67.50425
52208.055 50.28931 3228.2942 774.0503 67.50425
51853.2 51.41588 3163.6636 870.6057 67.50425
51987.477 45.73336 3222.4224 723.094 70.50957
52422.742 45.73336 3206.302 775.60815 67.50425
51651.273 45.73336 3150.781 586.9988 67.1209
51555.594 45.73336 3144.6477 541.3279 67.84315
51736.227 45.73336 3142.613 554.7612 73.32973
51583.94 45.73336 3139.4338 524.9988 73.32973
51386.035 51.41588 3116.4382 543.4387 76.82165
51273.01 50.5156 3016.8687 671.97363 67.94243
51692.03 50.5156 3139.771 561.0237 73.00068
51676.23 48.75191 3148.477 611.29565 73.00068
51271.438 50.28931 3055.384 622.7993 67.75017
51186.277 50.5156 3106.4949 593.8081 68.42986
50850.074 50.5156 3126.2812 552.2656 68.42986
50901.97 54.99712 3122.2852 548.6448 73.00068
50730.93 54.99712 3133.2576 564.05225 73.00068
50605.195 54.99712 3139.5925 528.0132 72.1282
50640.42 55.34689 3107.186 551.0752 72.1282
50630.137 55.34689 3096.57 558.2073 68.42986
50638.22 55.34689 3077.6409 535.968 71.94036
50946.727 55.34689 3073.0916 574.0593 68.42986
50961.914 59.1056 3087.1365 548.89185 69.14
50931.77 59.1056 3059.5889 604.16113 67.08014
51214.824 52.85518 3065.429 612.94556 67.50425
51058.293 52.85518 3067.9478 589.6179 67.50425
50924.4 52.85518 3059.4292 578.62256 67.55704
50693.48 52.85518 3090.1086 538.41846 67.55704
50791.215 52.85518 3087.6345 570.83154 67.75017
50881.03 52.85518 3109.1921 509.55005 68.04924
50866.27 52.85518 3106.9727 498.97925 71.60074
50697.996 54.99712 3087.5383 514.0864 71.60074
50149.195 54.99712 3115.6555 474.41553 86.63218
50584.035 54.99712 3116.853 474.4707 86.63218
50723.004 52.85518 3116.1584 475.67285 86.63218
50661.574 52.85518 3120.8433 465.4707 86.63218
51134.523 52.85518 3152.3787 518.5217 90.40947
51192.707 52.85518 3180.3616 536.2705 89.24748
51224.734 52.85518 3146.5396 550.37134 89.24748
51406.457 52.85518 3126.303 507.69653 105.39122
51411.33 52.85518 3135.6194 513.65356 81.6928
51422.44 52.85518 3123.2449 524.45044 81.6928
51128.098 52.53377 3136.584 490.68994 77.49073
51290.4 52.53377 3142.4814 498.37012 77.49073
51835.594 48.57425 3150.0337 514.7258 79.3163
51772.797 48.57425 3087.2246 592.7534 74.85582
52037.03 50.28931 3095.9424 584.6565 75.29173
52365.637 45.73336 3277.3467 441.5293 77.49073
51847.285 45.73336 3113.101 563.906 72.69491
52489.67 45.73336 3198.491 704.1638 73.00068
52694.992 43.66964 3213.9412 686.63477 73.00068
52089.086 36.33923 3163.8992 630.1311 73.00068
52249.457 36.33923 3160.9333 648.95996 73.00068
52124.004 36.33923 3129.527 642.7024 71.9291
52840.387 36.33923 3175.4995 760.7268 71.9291
52759.613 43.66964 3147.7744 817.3823 71.9291
52492.652 43.66964 3097.151 902.1118 69.14
52163.633 55.297 3053.1484 977.5188 68.53938
51861.246 55.297 3064.724 950.8613 68.53938
51985.566 52.85518 3102.0408 913.3318 68.53938
52077.1 55.297 3064.6272 954.0552 69.29471
52026.38 55.297 3070.4507 953.9429 69.29471
51935.984 54.51653 3033.764 976.5867 68.04924
51678.84 54.51653 3035.3557 940.6914 68.04924
51583.16 51.91515 3009.5022 935.5659 68.04924
51820.69 51.91515 3021.7395 939.46655 68.04924
51921.3 52.85518 3036.819 949.38257 68.04924
51821.105 52.85518 2989.8203 923.9319 67.50425
51688.44 54.18109 2995.119 923.949 67.50425
51894.473 54.18109 3009.0073 985.3816 67.50425
51814.457 57.79947 2970.9905 1026.1492 67.50425
52201.97 57.79947 3003.1245 1043.1494 67.50425
51897.91 59.1056 3068.3477 985.2224 68.04924
51698.05 54.99712 3073.9058 941.11694 68.04924
51608.086 54.99712 3090.973 939.3081 68.04924
51712.742 64.27379 3053.0916 977.88574 68.56447
51756.613 59.32408 3060.731 971.26196 68.56447
51740.02 59.32408 3041.351 989.1162 68.15876
51916.875 62.54368 3008.8552 940.1172 71.37268
51230.684 62.54368 3025.5505 943.62476 67.64246
51346.285 64.68629 3049.134 977.23267 67.84315
51038.31 64.84218 3065.8245 930.06104 67.84315
51329.23 67.1209 3129.2961 804.8601 70.55095
51477.83 67.1209 3145.3093 798.8474 76.92278
51747.91 59.37528 3125.4473 867.1929 68.56447
51781.152 59.08652 3158.6838 831.56006 69.02046
51261.617 63.26168 3061.065 896.0615 70.05326
50971.5 61.73053 3110.206 822.8882 69.02046
50613.9 61.04222 3116.097 795.22705 69.02046
50608.36 61.04222 3088.6936 807.19434 68.56447
50770.9 61.04222 3088.4912 820.07275 68.56447
51734.617 54.99712 3184.684 775.8374 71.37268
51730.926 54.99712 3173.097 821.5012 68.42986
51622.973 54.99712 3174.4082 857.4214 68.42986
51548.67 54.99712 3199.6577 755.5957 68.42986
51423.477 54.99712 3212.0645 731.0869 68.42986
51394.64 56.55434 3177.6567 781.083 81.1678
51753.45 59.1056 3179.1582 783.86084 72.7438
51488.64 48.75191 3181.0696 733.2197 67.50425
51251.785 52.60741 3000.7722 935.86597 66.39945
51223.42 52.60741 3002.0288 949.8672 66.39945
51431.465 52.85518 3143.4219 833.5847 67.50425
50963.016 52.85518 2986.1775 971.51953 67.06267
50888.703 49.84605 3016.684 951.41724 67.06267
51132.96 54.99712 2900.9678 1029.9832 67.06267
51433.81 50.28931 2937.7903 973.13916 67.06267
51002.145 54.99712 2900.2258 995.7925 66.74016
51070.473 54.99712 2878.0596 996.20557 66.74016
51102.707 57.73047 2910.3088 1031.3281 66.74016
50965.336 57.73047 2963.226 978.3071 66.52797
51448.508 48.57425 2982.8884 977.06006 66.74016
50862.633 55.07579 2975.8171 949.91846 66.74016
50570.062 55.07579 2984.6594 987.3335 66.10358
50547.344 55.07579 2985.3013 974.6968 66.10358
50592.926 55.07579 3008.6362 964.3672 67.06267
50808.965 59.1056 2982.4453 946.7471 67.06267
50836.633 59.1056 2981.8882 981.3755 67.06267
50873.297 55.18182 2955.6848 963.64307 67.06267
50840.73 50.28931 3017.211 966.45166 67.06267
50939.094 55.07579 3029.5234 1002.14355 67.06267
50921.348 57.89303 3011.7783 1001.6616 67.06267
50795.273 57.89303 3021.331 978.6123 67.06267
50712.188 50.28931 3019.7266 932.2119 67.06267
50884.566 50.28931 3025.926 989.1936 67.06267
50724.37 50.28931 3041.919 987.979 67.06267
50776.08 50.28931 3029.813 967.126 67.06267
50757.54 50.28931 3029.4966 949.46436 67.06267
50763.406 50.28931 3008.9595 945.97974 67.06267
50909.062 50.28931 3045.3865 1026.2898 67.06267
50571.613 59.34003 3027.998 1028.7661 66.6605
50797.223 50.28931 3045.5076 1012.9624 66.6605
50754.97 52.60741 3030.3423 988.22266 66.74837
50775.836 52.60741 3011.7444 991.563 66.74837
51095.36 52.60741 3022.1692 999.4592 66.7775
50845.773 52.60741 3008.2195 967.18384 66.7775
50928.76 55.95301 3008.253 975.20996 67.06267
51042.957 51.05334 3031.05 1021.2134 67.06267
51029.523 51.05334 3037.1287 1040.0398 67.06267
50769.39 51.05334 3031.2583 997.77637 66.6605
50833.258 51.05334 3023.2332 993.8967 66.74837
50728.266 50.28931 3021.6282 947.4971 66.6605
50871.688 48.57425 3029.1125 979.4363 66.85889
50862.562 46.6412 3026.58 999.4778 66.6605
50805.28 45.92375 3035.2334 969.0857 66.6605
51010.54 48.57425 3015.3118 933.3113 66.52797
50984.293 48.57425 3015.1924 912.5654 66.52797
50834.34 45.73336 2958.8345 890.5823 66.52797
51078.934 45.73336 2953.7705 896.02124 66.52797
50940.25 45.73336 2975.9365 895.60864 66.52797
50708.484 48.57425 2973.6125 909.7805 66.52797
50682.465 48.57425 2997.2651 847.8884 66.39945
50935.016 48.57425 2979.3616 894.57886 66.74016
51096.254 48.57425 2957.1953 894.9922 66.74016
51205.344 43.92947 2972.6743 870.7959 67.06267
51016.82 43.92947 2989.9492 747.6946 67.06267
50992.6 43.92947 3016.8682 763.5305 67.06267
50694.914 43.92947 3009.6912 718.39307 66.4807
50946.406 43.92947 3035.2002 702.40894 67.06267
51146.44 43.92947 3023.1172 764.2566 67.06267
50864.945 43.92947 3035.1426 675.02124 67.06267
50836.938 48.57425 3040.3093 653.2737 67.06267
50929.81 48.57425 3002.98 699.9297 67.06267
50738.49 50.55514 2979.791 759.5742 67.06267
50839.94 50.55514 2961.7307 762.0864 67.06267
51324.65 51.05334 3041.0874 682.6267 68.16541
51670.6 50.28931 3141.4658 574.3342 70.63095
51588.645 50.28931 3079.2039 616.989 68.04924
51251.535 51.05334 3061.4392 648.71387 68.04924
50976.508 60.67036 3025.7227 669.98926 68.04924
50699.92 60.67036 3047.8938 599.9717 69.14
50483.062 60.67036 3057.2637 591.65845 68.04924
50571.848 60.67036 3044.3215 609.67725 69.02046
50232.87 59.34003 3104.309 608.7727 69.02046
50116.81 55.95301 3059.2102 584.73706 69.02046
50034.938 55.95301 3051.914 575.0161 69.02046
50048.77 43.59718 3062.1724 595.9968 66.74016
50353.555 43.59718 3057.2578 573.1575 66.74016
50276.125 43.59718 3053.0786 530.0598 66.6605
50253.383 55.95301 3030.8154 563.301 66.6605
49795.58 55.95301 3011.4058 585.42285 66.4807
49802.234 55.95301 3019.9255 587.6438 66.4807
50224.098 56.998 3031.671 605.0835 66.4807
49948.395 56.55434 3033.3699 604.0198 66.4807
50026.203 39.04208 3032.8489 575.17163 66.4807
49753.562 59.21268 3006.914 637.4541 66.4807
49750.51 57.12516 3016.0671 605.60034 66.6605
49736.48 45.73336 3008.8486 629.94995 66.3578
49937.227 45.73336 3027.5337 655.5525 66.3578
49851.633 45.73336 3041.8352 637.9717 66.3578
49685.773 45.73336 3027.5496 618.552 66.05127
49225.152 26.65704 3009.303 660.12915 65.35749
49455.58 26.65704 3039.3218 681.57275 65.35749
49421.36 33.19054 3043.521 691.53345 65.57835
49433.605 33.19054 3030.073 629.90063 66.05127
50217.168 33.19054 3029.0374 789.3821 66.05127
50044.918 45.73336 3032.9133 772.30615 66.05127
50152.39 45.73336 3003.0493 794.41504 66.05127
49409.758 45.73336 3001.631 694.1372 65.35749
49385.344 45.73336 3034.2356 655.595 65.57835
49900.48 45.73336 3040.277 683.5596 65.57835
50127.434 45.73336 3032.5293 656.3933 65.57835
50033.957 45.73336 3032.9653 694.46924 66.39945
49810.66 45.73336 3044.6536 682.8728 66.39945
50426.215 68.04924 2930.2554 1020.5818 70.50957
50369.895 68.04924 2934.7974 1025.6484 72.38182
50226.227 68.04924 2919.5286 985.8855 72.12366
50431.516 68.04924 2914.7417 983.426 78.79844
50380.54 68.04924 2949.5642 987.96045 77.22223
50080.926 68.04924 2899.6233 972.52637 73.00068
49859.984 67.94243 2898.7947 964.2676 73.00068
50071.266 67.94243 2915.3442 999.5271 68.15876
49994.137 67.94243 2935.6084 1002.59375 67.64246
49332.83 67.94243 2928.0532 700.57764 97.07942
50047.387 68.04924 2921.499 986.84766 75.13111
50231.22 68.04924 2919.13 1001.8584 72.12366
50185.504 68.04924 2926.4338 987.4055 72.1282
49956.492 67.64246 2940.2332 1015.1013 68.04924
50030.004 68.04924 2928.941 1033.9773 67.64246
49798.79 67.64246 2930.5132 736.1116 97.07942
49718.93 68.04924 2942.405 714.0925 97.07942
50237.273 68.16541 2968.0225 1021.70776 68.04924
50001.23 67.20531 2967.1946 1013.449 68.04924
50255.36 67.94243 2969.672 930.4429 73.91345
50780.33 67.94243 2981.9717 997.9751 78.79844
50757.664 67.94243 2978.539 989.6865 68.16541
50637.75 67.94243 2997.8013 917.5764 77.49756
50853.06 67.94243 2994.742 913.81934 83.50061
51221.863 67.94243 3020.1135 930.9751 81.26832
50322.8 66.96457 2992.668 677.61426 86.2778
50616.164 66.96457 2954.5085 717.25684 86.2778
51362.543 66.96457 2972.061 1011.26025 74.19471
51423.6 65.57835 3066.7607 925.3552 75.27856
51432.22 65.35749 3036.6353 992.75757 76.65204
51590.145 65.35749 3028.02 996.92725 75.4522
51569.48 64.68629 3172.1775 752.37427 80.12437
52024.945 64.68629 3174.132 767.4592 71.9291
52280.43 60.26007 3151.3257 838.3994 77.61024
52155.934 60.26007 3026.836 955.6494 71.9291
52001.1 60.26007 3046.5693 975.0371 71.54915
51489.688 60.26007 3086.1226 893.5635 71.54915
51816.117 60.26007 3033.8948 959.84546 68.53938
51556.234 61.73053 3111.9607 923.6892 68.42986
51372.043 61.73053 3078.4612 928.0315 68.15876
51735.492 60.26007 3094.038 914.53906 68.42986
51261.92 60.26007 3042.4026 909.70703 68.42986
51455.23 60.26007 3083.1597 860.4153 69.93009
51222.227 61.73053 3047.4216 848.01855 69.93009
51263.258 55.95301 3088.4465 871.62134 68.15876
51085.457 55.95301 3078.6865 861.6865 68.15876
51041.203 55.95301 3084.45 827.0957 68.15876
50085.97 55.95301 3079.9111 762.7737 67.64246
50290.68 55.95301 3068.9546 784.7466 67.64246
50799.867 57.45044 3105.3167 755.92773 68.15876
50897.902 51.41588 3131.5984 774.5095 68.16541
51053.855 51.41588 3121.3262 756.80273 68.16541
50901.266 57.45044 3130.6165 746.49414 68.16541
50610.258 57.45044 3125.9204 719.2129 68.16541
50666.086 59.34003 3141.738 732.22266 68.16541
50599.395 60.55045 3093.328 733.7876 68.15876
50455.555 60.55045 3102.3132 796.63184 68.42986
50586.85 60.55045 3100.026 804.5239 68.42986
50721.805 60.55045 3099.3254 804.7549 68.42986
50458.8 57.45044 3094.6184 740.72925 68.15876
50485.91 55.34689 3117.5845 726.7141 68.15876
50391.82 55.34689 3076.8455 625.1443 67.75017
50170.594 55.34689 3104.181 541.11523 67.75017
50507.22 55.34689 3124.8245 522.5183 70.47028
50444.387 55.34689 3119.607 521.84766 70.47028
50698.883 54.99712 3129.8503 520.44995 71.27214
50722.992 54.99712 3114.1562 545.33984 71.27214
50427.586 45.92375 3123.2783 493.9275 71.27214
50790.785 59.32408 3145.0657 485.1792 73.6228
50675.074 59.34003 3095.5679 578.708 73.6228
51116.13 57.84118 3111.0332 529.8989 76.08959
51209.25 59.34003 3106.1206 564.75073 74.05933
51413.414 60.26007 3098.1125 587.22437 76.47926
51183.64 56.998 3095.232 529.1875 72.58862
51254.598 55.34689 3085.5815 556.90625 74.63951
51349.695 52.85518 3143.6147 510.1875 72.58862
51497.85 52.85518 3104.6836 549.4995 72.58862
51355.83 52.85518 3138.2495 511.9756 78.79844
51104.074 52.85518 3130.5798 476.687 79.81155
51132.65 52.85518 3117.849 498.4922 86.2778
51392.484 52.85518 3141.6572 512.00854 86.2778
51441.07 52.85518 3140.2546 522.9448 98.12608
51297.906 51.41588 3148.6775 542.69995 78.19034
51798.336 51.05334 3137.7603 624.8613 78.79844
51812.023 51.05334 3142.3333 606.40967 86.2778
51758.36 51.05334 3144.5093 621.3286 86.2778
51772.492 50.28931 3193.16 524.37866 99.12666
51769.133 50.28931 3198.1565 487.6228 77.49073
51140.027 51.05334 3129.4402 477.98413 80.52892
51373.848 51.05334 3150.256 492.5913 77.49073
51731.78 51.05334 3165.2407 502.60376 77.49073
51656.844 51.05334 3191.1528 487.30444 77.8105
51533.27 52.85518 3133.052 550.9187 77.8105
51684.48 50.28931 3213.7021 475.0476 80.93449
51650.215 51.41588 3218.471 514.2859 80.93449
52316.37 51.41588 3217.2715 750.14746 80.93449
52344.902 48.57425 3250.9634 715.5635 80.93449
51863.797 48.57425 3229.5474 514.05884 80.93449
51898.906 48.57425 3227.4229 490.57422 80.93449
52157.16 48.57425 3186.028 568.30176 78.27084
51968.207 48.75191 3186.8035 580.1587 78.27084
52305.09 48.75191 3199.1455 672.70044 78.27084
52297.13 50.28931 3263.8315 641.0051 78.27084
52088.41 50.28931 3230.6494 650.76953 77.49073
51866.777 52.85518 3217.358 671.0808 77.49073
51266.453 52.85518 3159.4883 655.44385 81.6928
51320.164 52.85518 3162.3284 645.6797 87.80127
51009.418 52.85518 3161.803 658.59644 76.17896
51534.68 52.85518 3167.647 666.6509 76.6985
51583.336 52.85518 3188.0557 681.2024 76.17896
50897.895 52.85518 3161.5146 510.94165 76.17896
50916.35 52.85518 3161.0972 553.54834 76.17896
51078.734 52.85518 3159.5786 489.78198 76.08959
51184.13 51.05334 3163.4563 482.86157 84.67525
51144.39 51.05334 3145.674 542.61304 75.4522
50958.273 51.05334 3163.3938 490.53442 75.4522
50898.438 43.92947 3161.794 468.229 73.32973
51318.53 43.92947 3177.7458 494.39893 73.32973
51202.78 43.92947 3176.1143 489.77783 73.32973
51431.03 43.92947 3200.7844 513.85986 73.32973
51641.258 43.66964 3203.1484 530.11426 73.32973
51550.562 43.66964 3192.5654 516.0137 72.7438
51850.75 43.66964 3155.8784 536.511 72.7438
51762.125 43.66964 3173.9553 510.9248 72.7438
51936.953 43.66964 3180.1062 534.56665 75.52695
52002.184 43.92947 3192.8398 538.75415 74.85582
51884.965 43.92947 3167.6768 523.85913 73.21133
51704.293 45.73336 3131.6943 527.0691 73.21133
51851.875 45.73336 3134.886 592.1216 76.17896
51945.543 45.73336 3127.968 589.83594 72.58862
51973.61 45.73336 3137.0679 595.67944 72.82789
52123.242 45.73336 3126.442 635.0574 69.93009
51869.88 45.92375 3109.6443 566.6128 69.93009
51582.254 45.92375 3114.0815 578.6221 69.74838
51334.098 48.57425 3108.2734 591.6643 69.74838
51347.348 48.57425 3107.2854 595.0547 69.74838
52229.332 48.57425 3119.439 870.94824 69.74838
52390.918 48.57425 3114.2761 902.79175 69.74838
52279.95 45.92375 3139.96 921.2825 69.74838
52486.188 45.92375 3156.241 867.77075 69.93009
52437.492 45.73336 3163.9038 764.699 71.37268
52154.336 45.73336 3168.6763 742.4573 69.93009
52026.848 45.73336 3165.718 737.4741 69.74838
51798.16 45.73336 3139.7927 698.2346 69.74838
51880.016 45.73336 3156.2798 717.2864 68.42986
52107.17 43.66964 3178.5493 732.9512 68.42986
51682.316 43.66964 3180.0774 518.6975 68.42986
51498.402 43.66964 3174.3718 473.28076 77.43744
51323.71 39.04208 3157.0608 468.71143 77.43744
51344.613 39.04208 3175.711 474.34912 76.65204
51170.742 39.04208 3178.2979 461.17432 74.85582
51232.99 39.04208 3161.866 482.6892 73.6228
51245.152 39.04208 3176.9438 451.24927 76.08959
51610.664 39.04208 3174.0037 472.28223 76.08959
51743.703 39.04208 3200.2332 496.41016 75.4522
51822.918 39.04208 3190.2034 486.82178 75.4522
51634.656 39.04208 3190.3518 490.90308 74.85582
51686.082 43.66964 3181.4358 530.7068 74.85582
51624.73 43.66964 3187.6597 500.8579 74.85582
51676.996 43.66964 3181.4163 518.833 74.85582
51797.277 43.66964 3190.0842 505.9353 75.4522
51764.176 43.66964 3190.574 492.92847 75.4522
51736.688 43.66964 3195.514 492.7063 75.4522
51937.43 43.66964 3178.7817 536.03394 75.4522
51840.55 43.66964 3186.8137 502.1311 75.4522
51567.836 47.06613 3178.914 532.0769 75.4522
51755.824 48.75191 3174.1968 540.50073 75.4522
51731.164 50.28931 3154.8884 513.5769 75.4522
51462.54 51.05334 3141.3345 558.10474 75.4522
51427.902 52.85518 3156.9106 551.5637 76.08959
51184.676 52.85518 3147.2087 545.81836 76.08959
51174.35 50.55514 3145.1003 530.3047 76.08959
51423.535 50.55514 3163.447 568.5669 72.33989
51608.46 50.55514 3095.0452 634.3508 72.33989
52413.555 52.85518 3196.2056 703.9343 77.49073
52436.74 52.85518 3177.6448 706.51245 77.49073
52250.797 52.85518 3167.9163 763.145 71.37268
52165.637 57.45044 3137.2246 823.9319 72.5087
51941.06 57.45044 3128.1487 826.4263 70.75996
51893.23 57.45044 3171.8225 771.71704 68.56447
51670.586 57.45044 3172.2378 761.4219 68.56447
51339.754 54.99712 3169.6948 681.1997 87.79668
51308.96 54.99712 3177.4912 672.7285 77.34038
51336.28 54.99712 3145.12 711.6887 72.58862
51127.016 54.99712 3108.103 713.6902 69.93009
51046.496 54.99712 3117.9624 727.86523 71.9291
50959.902 54.99712 3043.8748 800.52466 67.08014
50946.402 54.99712 3081.37 780.2932 67.08014
50649.1 54.99712 2930.1616 903.52295 66.74016
50828.81 48.75191 3064.063 769.8401 67.08014
50477.473 43.92947 3057.3313 730.3469 66.74016
50745.445 43.92947 3043.4922 733.77466 66.74016
50510.312 48.75191 3062.3408 780.9104 66.74016
50438.19 48.75191 3057.825 769.72925 66.52797
50094.117 48.75191 3009.9143 819.4783 65.28069
50090.207 48.75191 3022.902 790.35645 65.28069
49383.473 48.75191 2971.7695 672.91016 64.27379
49531.273 48.57425 2973.3572 708.57227 64.27379
49930.934 48.57425 2952.0059 748.35815 65.57835
49979.574 48.57425 2960.6047 757.9822 64.16189
50189.652 48.57425 2942.4033 769.9807 65.28069
50587.37 48.57425 2972.487 928.3281 65.28069
50263.67 48.75191 2985.1858 874.9011 65.28069
50167.71 39.04208 3025.7947 799.2761 65.28069
50192.344 45.92375 3016.448 813.43994 65.28069
49906.76 48.75191 2988.547 821.90796 64.16189
49641.742 37.42426 2992.3062 704.3081 65.28069
49821.863 36.33923 2991.933 695.6272 64.16189
49515.44 37.42426 2960.9521 670.11475 64.16189
49834.652 37.42426 2961.6526 679.9385 65.28069
48163.184 52.29874 2868.7883 764.3074 64.16189
48287.55 52.29874 2848.787 776.271 64.16189
48190.215 52.29874 2845.4888 775.35986 64.16189
48326.95 39.04208 2883.8752 713.595 64.16189
48445.48 52.29874 2819.2134 844.1936 64.16189
49663.164 52.51959 2962.8887 666.21094 65.28069
49340.645 52.53377 2985.3716 610.7256 65.28069
48775.465 52.53377 2872.7297 728.49414 64.16719
49428.258 55.95301 2952.4915 664.8423 64.36086
49477.508 40.8563 2958.9478 679.48096 64.36086
49617.086 50.55514 2975.8843 652.895 64.68629
49570.71 50.55514 3021.4795 600.6604 66.55065
49873.67 50.55514 2954.9045 718.28955 64.68629
50168.277 50.55514 2968.2764 756.00073 64.68629
49793.484 50.55514 2964.7034 726.98413 64.68629
49656.965 50.55514 2987.5105 698.1958 64.68629
49763.305 50.28931 2977.6777 738.96045 64.68629
49575.246 50.55514 2986.21 697.9773 64.68629
49505.766 50.55514 2983.584 672.3638 65.23774
48946.26 50.55514 2977.4595 644.92505 65.23774
49779.387 50.55514 3002.8672 829.7444 65.23774
49872.66 50.55514 2992.2515 861.2258 65.23774
50205.65 45.59028 2936.6165 889.76685 65.23774
50487.86 45.73336 2971.0916 845.72656 65.46994
50611.23 52.51959 2993.1487 873.49316 65.46994
50699.72 52.51959 2964.3884 933.06714 65.46994
50120.64 52.51959 2870.1558 1017.5586 65.23774
49741.56 52.51959 2870.2344 1019.31836 65.23774
49430.426 60.26007 2835.9155 1041.7356 66.20195
49491.41 51.45221 2847.3853 1125.6746 64.16189
49052.13 50.5156 2815.2944 1107.2827 64.16189
48786.88 50.5156 2801.9624 1041.895 64.16189
48876.39 51.45221 2806.888 1079.2783 64.16189
48006.89 51.45221 2836.2903 780.8738 63.5536
48274.367 50.60658 2812.2422 774.5581 64.09615
48560.766 45.92375 2844.208 722.93945 64.09615
48330.145 50.60658 2805.736 756.6316 64.09615
48002.258 53.57693 2812.19 752.197 64.09615
48203.605 53.57693 2808.9773 786.01807 64.16189
48323.44 49.84605 2813.8997 776.51855 64.16189
48084.547 53.57693 2822.5928 760.4226 64.16189
47961.805 57.63566 2814.9568 795.28613 64.16189
48125.715 55.37424 2809.2153 761.2715 64.16189
47973.1 56.55434 2835.8088 709.1941 64.16189
47439.48 48.06499 2835.8818 657.15454 64.16189
47568.17 45.92375 2874.3538 636.66895 64.98795
51074.816 66.52797 2975.4617 1037.5701 68.16541
51157.008 64.16189 3039.7727 1029.8005 67.08014
51647.87 60.26007 3047.4216 1046.7319 67.84315
51686.195 60.26007 3047.7869 1067.2322 67.84315
51469.59 59.8137 2995.9626 1160.9998 67.50425
51819.28 59.1056 2986.7358 1119.9175 67.50425
51907.566 57.16117 3026.8833 1074.5552 67.50425
52237.605 50.55514 3045.5796 958.4553 69.74838
51231.543 50.55514 2976.4185 777.59155 67.50425
51774.07 50.28931 3065.234 668.2827 70.50049
51492.594 50.55514 3050.5225 697.21924 70.50957
51275.99 50.55514 3092.679 633.8074 70.50049
51401.79 50.55514 3071.0908 668.7649 70.50049
51370.453 50.55514 3083.261 652.5137 70.50049
51479.137 50.55514 3058.8677 688.59717 70.50049
51438.293 50.55514 3055.9639 685.3364 70.50049
51663.53 48.57425 3090.8499 643.30005 70.50049
51552.285 48.57425 3085.1047 633.84204 70.50049
51367.746 50.28931 3113.9297 574.7046 70.50049
51123.63 50.55514 3073.0286 629.95703 70.50049
51129.117 50.55514 3071.987 631.7434 70.50049
51354.062 50.55514 3086.984 634.427 70.50049
51413.297 50.55514 3049.1538 703.6892 67.92085
51074.348 50.55514 3079.0042 626.0371 67.92085
51702.367 57.89303 3099.1162 945.4905 67.92085
51344.36 60.26007 3023.117 1068.2715 67.75017
51424.89 59.8137 3033.0842 1065.8655 67.75017
51134.312 60.26007 3051.8748 963.20166 67.75017
51207.06 60.26007 3046.5044 931.92065 67.75017
50825.023 60.55045 3030.8535 940.34033 67.75017
50680.145 60.55045 3063.2368 911.72437 67.75017
50290.496 62.06884 3053.3096 931.24634 67.75017
50396.74 62.06884 3053.3599 943.29785 67.75017
50010.39 62.06884 3033.5396 999.1948 67.08014
50282.86 62.22839 3041.1077 1004.3025 67.08014
49655.625 62.22839 2961.4043 1046.7471 66.74837
