5256.0 0.0 216.0 50.0 0.0
5241.0 0.0 216.0 40.0 0.0
5141.0 0.0 214.0 28.0 0.0
5228.0 0.0 219.0 43.0 1.0
5232.0 0.0 218.0 46.0 1.0
5244.0 0.0 218.0 49.0 1.0
5235.0 0.0 217.0 42.0 0.0
5247.0 0.0 216.0 45.0 0.0
5245.0 0.0 216.0 43.0 0.0
5246.0 0.0 213.0 41.0 0.0
5249.0 0.0 215.0 44.0 0.0
5251.0 0.0 214.0 45.0 0.0
5255.0 0.0 211.0 43.0 0.0
5267.0 0.0 210.0 46.0 0.0
5254.0 0.0 212.0 42.0 0.0
5249.0 0.0 213.0 42.0 0.0
5237.0 0.0 215.0 39.0 0.0
5241.0 0.0 217.0 44.0 0.0
5242.0 0.0 214.0 41.0 0.0
5234.0 0.0 216.0 36.0 0.0
5233.0 0.0 217.0 34.0 0.0
5209.0 0.0 218.0 30.0 0.0
5232.0 0.0 216.0 33.0 0.0
5236.0 0.0 213.0 37.0 0.0
5222.0 0.0 216.0 32.0 0.0
5228.0 0.0 218.0 33.0 0.0
5219.0 0.0 217.0 32.0 0.0
5220.0 0.0 219.0 34.0 0.0
5223.0 0.0 220.0 37.0 0.0
