1043.0 1.0 66.0 66.0 0.0
1084.0 0.0 101.0 16.0 1.0
1077.0 0.0 102.0 17.0 1.0
1157.0 0.0 107.0 19.0 1.0
1172.0 0.0 104.0 27.0 1.0
1180.0 0.0 108.0 28.0 1.0
1170.0 0.0 106.0 26.0 1.0
1160.0 0.0 103.0 22.0 1.0
1151.0 0.0 106.0 18.0 1.0
1110.0 1.0 98.0 31.0 1.0
1038.0 1.0 94.0 17.0 2.0
1051.0 1.0 95.0 19.0 2.0
1056.0 1.0 94.0 20.0 2.0
1043.0 1.0 95.0 20.0 1.0
1038.0 1.0 96.0 17.0 3.0
1057.0 1.0 97.0 18.0 3.0
1066.0 1.0 101.0 22.0 1.0
1062.0 1.0 100.0 21.0 1.0
1077.0 1.0 100.0 22.0 1.0
1090.0 1.0 99.0 22.0 2.0
1066.0 1.0 95.0 21.0 1.0
1082.0 1.0 100.0 23.0 1.0
1105.0 1.0 100.0 25.0 1.0
1111.0 1.0 100.0 28.0 2.0
1108.0 1.0 99.0 27.0 2.0
1052.0 0.0 91.0 27.0 0.0
1031.0 0.0 94.0 19.0 0.0
1038.0 0.0 95.0 28.0 0.0
1042.0 0.0 93.0 24.0 0.0
1032.0 0.0 93.0 22.0 0.0
1012.0 1.0 69.0 56.0 0.0
1004.0 1.0 71.0 59.0 0.0
990.0 1.0 71.0 58.0 0.0
989.0 1.0 77.0 46.0 0.0
