3113.1033 172.59387 963.6561 142.24316 175.56256
3094.608 180.10432 945.85785 144.73236 174.07896
3062.0781 180.30351 958.69574 126.65607 174.07896
3064.936 158.15666 915.48914 175.9729 168.23352
3123.73 148.9879 974.283 162.51996 175.56256
3098.2646 146.42358 948.8175 130.9115 175.56256
3004.1384 152.48749 854.69135 243.12592 164.93126
3094.0127 145.06038 944.5656 133.80011 162.65744
3131.7378 148.9879 982.9878 116.92871 180.10432
3083.7441 147.01022 946.01636 160.21106 168.37735
3003.0078 151.46977 962.6369 66.674866 171.11234
2930.6997 175.56256 927.969 87.79492 171.10156
2736.1074 167.80708 871.0183 60.747803 168.23352
2867.2905 156.44406 919.7057 105.54993 153.60292
2941.6511 174.51805 903.1519 122.47162 160.57045
2969.1426 171.11234 932.8627 95.11658 165.63431
2998.457 165.63431 911.5634 157.29315 170.43655
3033.4531 175.56256 920.50433 161.84174 170.29402
2996.75 164.64369 904.2237 194.216 164.89452
2652.3694 147.66594 863.11755 40.49774 160.57045
2854.3196 169.51671 907.47 90.52063 168.37735
2935.3582 175.56256 916.8224 101.75342 171.11234
3078.5273 151.46977 940.7995 123.35712 175.56256
3087.1423 151.46977 949.4146 140.27118 175.56256
3073.7095 152.81651 967.9088 136.85632 180.30351
2758.471 133.08548 865.3578 103.124146 152.65053
3105.7502 139.48946 957.00037 153.0033 170.43655
3078.5273 151.46977 940.79956 123.35718 175.56256
3105.75 139.48946 957.0004 153.00323 170.43655
2888.107 141.10666 923.0525 89.98151 160.12032
2969.143 171.11234 932.8627 95.1167 165.63431
3074.1238 167.80708 961.17487 185.15118 166.57277
2619.9558 150.28746 858.97614 30.512085 162.65744
3058.805 175.56256 909.3578 202.55688 172.59387
3001.1033 172.59387 947.4372 99.121155 175.56256
3060.4248 139.48946 931.0442 168.5404 161.11539
3073.0405 139.48946 943.6599 132.91565 171.11234
3005.3484 161.11539 923.512 155.49713 170.29402
3014.4277 175.39734 931.1952 159.90808 171.11234
2477.7957 133.31015 817.03894 25.619507 149.77594
3036.6387 175.56256 933.2562 114.185425 174.07896
3103.0422 148.9879 956.86646 133.40808 175.56256
3018.0244 151.46977 951.9461 103.56427 167.80708
2531.185 133.31015 814.5258 56.262512 149.47963
3037.2605 145.06038 920.87 159.30115 159.09889
2807.0803 154.18167 911.03955 56.67047 168.56853
2786.5686 155.5343 880.6164 87.30768 152.81651
2957.3438 174.07896 919.7446 132.51184 171.11234
2665.3555 143.36017 853.0089 86.526306 154.11949
2789.9392 151.46977 894.7656 60.96985 159.31747
2798.1067 148.9879 913.91296 45.32251 175.56256
3000.351 158.81538 940.2696 152.47906 167.80708
2862.8364 136.44456 838.64844 190.25195 152.48749
3094.013 145.06038 944.56555 133.80017 162.65744
3069.8975 172.59387 937.47034 133.45532 180.44133
2978.1084 151.46977 963.73755 65.783936 176.18057
2952.1782 156.6483 946.83264 83.52637 162.17918
2985.4236 148.9879 949.14374 92.70941 163.30281
2893.871 155.5343 942.7641 49.046875 172.59387
2631.3193 156.26208 855.4424 33.439575 173.66588
3077.3843 139.48946 948.00366 195.52112 167.80708
3073.0413 139.48946 943.65985 132.91571 171.11234
3082.315 139.48946 949.88715 140.18378 170.43655
2924.0708 163.30281 949.9254 104.67285 162.17918
2670.963 142.96455 852.85803 66.605225 159.08867
2895.061 146.36084 844.308 204.06323 148.9879
2712.8865 156.26208 890.3867 46.622314 168.56853
2983.0715 158.76811 850.6443 224.6101 162.12308
2975.0037 165.63431 926.9241 121.12598 170.43655
2632.636 152.74002 851.98193 56.628967 159.08867
2906.2896 133.31015 890.6426 152.0227 150.98189
2659.7273 136.44456 801.8182 165.22601 148.06262
2715.162 136.44456 842.85876 112.6969 152.48749
2897.0308 158.76811 846.27765 196.92902 155.60138
2682.3677 151.46977 856.4143 86.067505 159.08867
2726.0889 136.44456 839.06775 142.15668 152.48749
2725.0007 156.26208 879.3291 57.672607 168.37735
2694.9463 150.07303 874.71686 43.07379 168.37735
2668.1763 151.57996 869.90753 40.270264 174.07896
2632.5024 159.09889 863.0009 36.80194 163.28447
2658.161 127.37373 800.252 155.17346 148.29529
2898.13 165.63431 946.5962 82.114136 172.59387
2731.418 150.07303 885.7745 39.48755 168.56853
3010.333 148.9879 962.0449 102.33301 175.56256
2605.598 159.09889 857.5364 33.850952 168.37735
2982.9194 170.43655 957.14233 82.813965 172.59387
2589.2888 150.98189 819.11316 93.06116 150.03307
2805.2683 167.80708 885.5283 84.38208 168.23352
2707.0122 130.75081 868.536 54.551025 162.17918
2844.8796 136.44456 794.12683 230.36475 148.29529
3082.8674 168.37735 961.55853 158.9477 174.07896
2563.076 132.45357 830.5284 50.0614 152.65053
2560.44 146.85654 817.44415 50.91577 152.65053
2848.8926 171.11234 932.11053 29.371033 176.18057
2607.5405 156.26208 857.2069 35.40033 168.37735
2991.9878 156.6483 948.26416 96.49426 171.11234
3077.384 139.48946 948.00366 195.52112 165.63431
2672.7417 139.75049 854.0169 67.78894 156.44406
2715.6062 148.9879 895.155 20.811035 162.88988
2713.991 167.80708 865.30237 77.634766 162.65744
2630.5474 139.75049 857.20685 39.293396 156.44406
2830.1152 154.18167 915.17993 49.33258 171.11234
2841.3257 165.63431 908.801 63.716187 161.11539
2626.6838 159.1573 855.62976 43.56555 168.37735
2809.5054 161.11539 915.2159 61.86432 171.11234
2693.1072 156.44406 855.68024 82.02063 159.09889
3032.61 162.65744 919.6614 146.73291 170.29402
2841.3257 165.63431 908.801 63.716064 165.63431
2982.8782 165.63431 928.5952 154.76526 161.11539
2980.1382 162.65744 921.26086 146.5708 168.82925
2978.2363 166.75435 919.35913 171.44641 162.17918
2671.767 162.17918 865.3009 50.786377 171.10156
2779.9531 150.07303 912.4247 47.536743 174.07896
2584.6921 143.42473 848.4342 46.478394 156.44406
3059.948 152.81651 946.99915 162.04639 170.29402
2490.1467 137.60101 818.6051 25.383179 150.28746
2540.802 155.60138 830.39874 26.930542 161.09023
2664.4043 162.17918 862.1583 53.13202 168.37735
2599.5544 145.34834 837.48737 56.334778 154.18167
2682.825 158.76811 857.02966 72.41797 159.09889
2975.004 165.63431 926.924 121.12604 170.43655
2529.457 153.60292 812.8314 53.466187 152.65053
3018.0242 151.46977 951.9461 103.56439 163.30281
2992.7886 170.43655 905.8954 185.20276 166.57277
2694.7793 142.96455 852.87067 78.24109 152.65053
2708.8477 142.96455 865.7085 79.47156 152.81651
2648.0432 162.17918 863.62195 48.981262 163.81062
2625.1846 155.03871 831.81775 135.25159 150.28746
2898.1301 165.63431 946.5962 82.11426 172.59387
3066.7078 170.29402 953.7591 134.22821 175.56256
2873.8025 170.29402 930.8396 68.11072 176.18057
2621.6858 162.17918 854.98505 35.26288 159.26941
2991.9883 156.6483 948.2642 96.49432 171.11234
2985.4238 148.9879 949.14374 92.70953 163.30281
2560.7002 144.3241 798.6333 90.525024 148.22198
2992.2415 166.57277 933.3641 156.06061 167.80708
2632.5022 159.09889 863.0009 36.80182 162.17918
2986.0166 133.08548 949.7366 98.82837 165.63431
2830.825 154.18167 906.5991 73.361084 161.09023
2982.9192 170.43655 957.14246 82.81384 174.07896
2893.8713 155.5343 942.76404 49.046936 175.56256
2627.173 132.45357 823.80707 145.08856 148.9879
2634.3206 143.49786 812.2263 128.66034 148.9879
2697.4893 160.57045 876.35095 49.089783 162.17918
2577.7505 143.42473 841.49207 36.19397 156.44406
2589.1753 143.42473 833.8745 41.744385 156.44406
2951.5945 175.56256 944.3905 77.9917 172.59387
2726.0166 127.88705 878.1349 72.522156 156.44406
2685.1626 167.80708 865.63184 63.9021 162.17918
2924.071 163.30281 949.92535 104.67291 165.63431
2661.0974 143.36038 869.88965 30.042725 159.09889
2848.1414 162.17918 908.761 69.00525 168.82925
3005.3572 172.59387 929.524 113.8327 180.44133
2733.165 155.41624 879.675 84.39606 159.1573
2466.0847 150.28746 817.11646 13.641968 162.65744
2469.3418 150.28746 813.4 24.885376 162.65744
2878.457 156.6483 920.7731 76.94153 168.82925
2630.5469 139.75049 857.2069 39.293396 156.44406
2530.398 143.49786 802.92285 76.79614 149.79512
2545.0593 143.49786 798.9341 81.33856 149.79512
2526.0547 143.49786 830.8865 44.909424 150.28746
2700.5037 153.60292 853.8281 100.19476 151.46977
2972.9219 151.46977 919.43097 131.88849 163.04944
2657.8179 145.34834 831.2472 80.924866 150.28746
2890.6738 165.63431 918.2092 93.17584 161.09023
2459.7898 136.44456 798.49896 47.293945 150.03307
2437.2065 148.19414 790.0695 39.89868 151.48897
2515.3354 145.34834 812.1258 56.07257 151.48897
2474.4104 148.06262 798.1028 51.60962 151.48897
2521.0234 148.06262 828.34985 25.732483 155.03871
2956.6982 151.46977 938.56274 84.30316 168.82925
2604.6343 149.1685 838.8919 59.88147 151.68239
2720.7817 151.46977 855.6456 86.14557 156.44406
2540.3298 136.44456 815.9169 63.12207 148.22198
2645.63 136.44456 791.5591 164.70007 148.22198
2887.1013 163.04944 905.5295 105.62842 152.65053
2621.9893 145.08446 844.0316 73.14105 151.26845
2581.69 136.44456 798.11835 155.0993 148.22198
2570.8408 158.81538 841.291 42.24164 155.03871
2567.1733 132.08876 814.25806 76.64325 150.28746
2606.5237 132.08876 807.17035 111.49017 148.22198
2982.8784 165.63431 928.5953 154.7652 165.63431
2546.2148 136.44456 804.91565 114.73816 148.22198
2815.1921 152.74002 833.6201 152.06274 151.46977
2591.1743 149.1685 833.2756 57.609924 152.8547
2572.3035 160.57045 841.81714 27.199707 176.18057
2558.635 131.08076 759.2816 162.12238 148.06262
3021.6206 161.11539 939.7839 186.10443 165.63431
2740.1328 139.3843 887.38794 58.578613 162.65744
2615.8064 133.31015 823.82935 84.40405 148.9879
2654.7358 160.58025 859.18256 77.51477 160.57045
2642.4282 148.06262 843.0747 66.32141 156.44406
2610.2837 149.1685 818.41315 82.90411 155.60138
2599.618 133.31015 832.05066 107.10834 148.22198
2740.1724 133.31015 837.9633 156.32611 148.9879
2969.1428 171.11234 932.8627 95.1167 156.6483
3060.5298 151.46977 965.9415 110.717285 163.30281
3041.9006 167.80708 947.3123 160.16681 166.57277
2715.5034 150.98189 882.3485 48.463562 162.65744
2807.9133 150.98189 889.44543 104.04797 156.44406
2896.3 171.11234 946.0617 48.311462 178.6093
2951.5947 175.56256 944.39044 77.99176 172.59387
2821.2302 146.42358 902.7627 74.496826 156.44406
2632.4102 132.45357 825.3565 153.34113 148.9879
2603.254 133.31015 835.6862 99.20282 149.1685
2644.0823 143.49786 849.7202 50.688904 154.18167
2679.6404 143.36038 846.62476 85.44354 156.26208
