9004.942 82.88181 1437.6692 155.71802 101.22527
9080.834 82.88181 1443.0432 187.5669 116.14337
9077.794 82.88181 1451.3583 185.4159 101.89092
9080.836 82.88181 1443.0431 187.5669 101.89092
8807.4795 94.49258 1359.3994 225.44495 91.83954
9047.1 100.28615 1433.3217 218.09094 105.07169
8938.767 101.66351 1437.1631 162.90381 116.14337
8774.65 95.05278 1416.7672 152.34106 92.39416
9017.332 100.28615 1431.9867 204.36633 91.96045
8938.768 101.66351 1437.163 162.90393 91.96045
9047.101 100.28615 1433.3215 218.09106 91.96045
8992.842 92.39416 1448.19 145.87524 104.26955
9001.846 59.42687 1448.0364 143.2107 100.28615
8773.064 74.54115 1408.12 113.30078 100.28615
8842.464 82.88181 1425.0742 130.33997 102.20926
8787.668 59.5564 1417.6768 108.43042 100.28615
8927.241 77.65333 1437.8807 119.36902 100.28615
9023.507 59.42687 1424.892 152.85364 104.06712
9013.843 59.42687 1446.2527 156.3667 100.28615
9057.367 82.88181 1441.4502 206.81396 100.28615
8594.834 77.65333 1331.4971 173.69873 91.83954
9065.289 82.88181 1454.1254 161.42505 101.89092
8617.25 82.88181 1367.6903 116.43518 97.07841
8767.919 59.42687 1397.2502 118.06653 94.49258
8989.491 92.39416 1427.8174 168.42212 102.20926
9026.624 86.14455 1418.1992 173.96387 102.20926
8983.049 59.42687 1437.3535 133.01196 105.07169
8751.454 74.54115 1416.7079 109.15369 117.85493
8768.996 74.54115 1412.711 99.21033 102.20926
8908.759 77.65333 1452.491 125.998535 100.28615
8934.324 77.65333 1445.0859 148.46313 100.28615
9051.5205 82.88181 1454.7703 170.29517 100.28615
8989.492 92.39416 1427.8174 168.42224 102.20926
8758.07 65.11522 1393.1265 111.19971 100.28615
9001.847 59.42687 1448.0364 143.21094 100.28615
9026.625 86.14455 1418.1992 173.96399 102.20926
8744.681 82.88181 1402.7776 96.81323 102.20926
8608.8 86.14455 1363.7102 129.02612 102.20926
9011.397 76.00563 1438.1866 149.47864 104.06712
8977.294 76.00563 1431.4817 134.23816 101.66351
8938.766 101.66351 1437.1631 162.90393 91.96045
9000.48 88.20019 1440.3303 184.68494 102.20926
8996.396 76.00563 1430.227 150.55212 101.66351
8907.027 59.42687 1425.1864 116.896484 100.28615
8908.955 74.54115 1426.881 117.12842 100.28615
8808.108 74.54115 1425.3197 121.99072 91.96045
8747.439 74.54115 1420.9883 105.27405 97.6226
9045.787 82.88181 1460.4438 156.68042 100.28615
8619.595 102.57836 1266.528 285.55505 105.07169
8768.858 59.5564 1427.0582 100.696655 102.20926
8775.444 77.65333 1403.3962 118.839966 102.20926
8666.278 74.54115 1405.4822 79.13721 92.39416
8779.21 86.14455 1427.7578 125.47034 104.26955
8666.276 74.54115 1405.4823 79.13721 92.39416
8674.114 65.11522 1413.3177 83.44531 116.14337
8842.5 85.5496 1339.5717 284.7937 91.83954
9062.465 82.88181 1457.9415 155.33948 105.07169
8765.048 77.65333 1424.2103 115.29236 97.6226
8550.564 102.57836 1236.9443 269.87976 103.62342
8862.125 91.08211 1335.7367 249.50293 91.83954
8887.737 82.88181 1358.6029 227.58691 91.83954
9071.398 76.00563 1455.4827 161.25903 100.28615
8943.749 102.20926 1409.4667 209.38501 101.89092
8578.874 65.11522 1333.6115 186.19287 91.83954
8723.813 77.65333 1403.0408 107.53992 102.20926
8877.248 82.88181 1424.3652 124.66528 117.85493
8911.44 92.39416 1446.3494 138.75183 97.6226
8710.101 82.88181 1267.2107 289.51 89.92229
8582.235 89.65701 1251.3411 308.6809 89.51116
8466.818 89.51116 1253.9133 281.89722 89.65701
8710.101 82.88181 1267.2107 289.51013 89.65701
8964.786 92.39416 1444.3567 182.24683 92.39416
8226.122 68.8373 1237.3743 194.93323 91.08211
8974.142 101.66351 1447.7534 167.37292 105.07169
9047.099 100.28615 1433.3217 218.09094 101.89092
8908.036 74.54115 1425.9612 157.6355 91.96045
8721.161 93.73109 1340.1826 211.33838 91.83954
8721.81 94.49258 1332.1158 216.44226 91.83954
8872.325 59.5564 1432.1761 109.543945 116.14337
8992.893 82.88181 1436.036 151.20361 100.28615
8943.747 102.20926 1409.4668 209.38489 101.89092
9055.098 92.39416 1439.1804 188.01721 91.96045
8939.964 91.08211 1324.0472 285.43884 91.83954
8977.991 102.20926 1420.0571 213.854 101.89092
8884.065 102.20926 1374.641 224.2185 93.52157
8394.962 59.5564 1277.2454 244.44861 89.65701
8402.925 77.65333 1252.2994 263.87585 89.65701
8805.1 82.88181 1405.2493 115.99182 112.08601
8766.552 82.88181 1408.2458 121.45984 105.07169
8739.064 97.52448 1340.149 233.38843 91.83954
8688.226 94.49258 1326.8153 206.68347 91.83954
8688.109 97.52448 1337.5629 214.69482 91.83954
8345.273 82.34485 1269.5742 217.91699 89.90467
8709.269 97.52448 1334.8486 223.62927 91.83954
8721.9375 102.20926 1355.8531 221.4093 92.7333
8148.1636 59.5564 1234.2523 220.6112 88.20019
8786.951 82.88181 1409.2389 128.63477 102.20926
8717.805 88.20019 1411.4312 150.62512 97.52448
8554.367 88.20019 1368.0168 136.85986 112.08601
8503.85 88.20019 1348.1006 129.72961 95.05278
8515.01 82.88181 1382.9801 95.73169 116.01334
8546.943 82.88181 1378.9623 96.500244 116.01334
8560.167 85.5496 1265.3861 266.09448 88.20019
8278.302 82.34485 1215.5792 249.84656 88.20019
8146.477 77.65333 1223.0985 236.34583 88.20019
8281.111 77.65333 1221.5647 252.97021 87.55927
8534.723 88.21501 1350.6304 131.94348 104.55863
8526.688 77.65333 1289.6736 260.31433 89.90467
8378.313 59.42687 1206.2241 294.40674 86.98873
8109.696 86.98873 1192.7719 270.62354 84.47538
8296.026 79.88229 1215.5958 280.4425 86.98873
8679.589 82.88181 1299.2789 268.98523 89.90467
8529.925 88.20019 1354.1194 122.58447 104.55863
8541.617 88.20019 1356.8336 134.98584 104.55863
8538.228 88.20019 1353.401 127.74121 103.10803
8180.932 74.54115 1258.5975 217.85144 89.90467
8177.981 59.5564 1266.4188 191.97327 89.90467
8302.267 69.90499 1223.417 238.46594 86.98873
8693.965 92.39416 1339.4307 191.58704 91.83954
8361.853 91.83954 1250.8771 214.03235 89.32391
8649.311 88.20019 1299.8783 284.97632 89.90467
8667.797 89.90467 1279.8228 309.96692 89.32391
8656.804 85.5496 1262.6981 313.07715 88.20019
8554.879 69.90499 1268.0667 293.16284 88.20019
8505.08 59.5564 1284.0135 295.98645 88.20019
8134.9883 86.98873 1204.5962 236.55933 85.5496
8274.225 82.59478 1200.2021 255.16321 86.98873
8377.952 86.98873 1225.2211 333.88513 88.20019
8349.886 86.98873 1230.0886 296.95764 88.20019
8308.729 69.90499 1196.0518 259.8407 88.20019
8350.97 86.98873 1222.2673 302.37524 88.20019
8685.391 92.39416 1328.6831 184.5072 91.83954
8833.183 79.88229 1428.4316 138.33936 94.49258
8560.426 89.65701 1268.4158 280.25903 91.08211
8667.524 74.54115 1386.9347 118.4469 92.39416
8788.812 76.00563 1400.1539 136.84705 92.39416
8824.101 89.32391 1421.2041 151.08557 91.96045
8922.55 82.88181 1417.9626 151.026 100.28615
9032.65 76.00563 1443.3588 133.97864 112.08601
8996.397 76.00563 1430.227 150.55225 101.66351
9024.821 76.00563 1442.0663 142.89954 108.3306
8990.556 76.00563 1444.5684 144.2406 108.3306
8954.835 76.00563 1434.2858 142.77795 108.3306
8844.722 82.88181 1408.1222 118.936646 102.20926
8744.678 82.88181 1402.7776 96.81311 102.20926
8710.34 86.14455 1390.8887 135.60583 92.39416
8763.937 82.88181 1410.375 111.31445 100.28615
8776.908 59.5564 1421.3673 95.215454 100.28615
8850.538 59.5564 1424.2208 99.23059 101.22527
8996.05 59.5564 1433.909 135.82434 108.3306
