7015.9834 24.83442 1048.2428 197.14392 64.62117
6515.4897 64.00818 971.2669 211.78119 61.16306
6518.353 65.28843 975.1422 229.22961 61.09666
6972.5674 28.56982 1127.3834 80.40222 68.10639
6930.674 47.74063 1079.5209 146.26404 63.51992
6756.8247 52.79583 994.08356 204.14081 58.65578
6315.4697 42.37805 1008.74304 92.25244 57.37252
6558.9043 50.63661 1028.3594 147.00256 55.75961
5422.6216 35.63612 803.33685 174.94568 50.63661
5652.911 29.51186 834.0918 267.44458 48.92436
5196.9043 33.15945 673.80054 390.92737 47.74063
5120.8433 33.15945 673.60834 374.8647 48.15001
5318.7954 29.37724 695.7458 391.80328 48.15001
5666.577 29.37724 808.796 242.07385 48.33817
5734.0903 27.42486 827.3321 211.53766 49.07034
5610.445 27.42486 845.2437 195.70905 49.07034
5525.8223 37.09333 792.2113 274.90466 48.33817
5591.7783 40.74879 829.74255 233.06604 48.70231
5643.03 33.14244 839.5893 265.66547 48.7467
5527.94 42.24591 714.0542 392.67102 49.37293
5798.359 36.72607 938.0515 51.851562 56.46078
6037.1304 52.28773 919.763 175.7276 51.93555
6961.7153 35.6964 1099.333 127.94702 65.28843
6138.46 52.28773 924.8452 191.45105 51.93555
5938.6567 26.64654 902.7811 245.74243 50.94983
7106.1157 43.02202 1126.3359 135.79053 80.01286
5782.598 43.31539 875.92236 283.3203 49.96814
5697.3706 42.61887 870.1654 237.71106 49.96814
5698.4434 43.31539 851.46686 213.28827 49.96814
6673.7197 52.29308 886.5563 303.14185 57.37252
5722.9004 43.31539 841.20087 239.43512 49.96814
6829.2134 57.37252 1028.206 205.60938 58.57526
5667.695 48.49126 828.7456 247.40674 49.96814
6228.883 45.3028 919.65845 281.44128 51.93555
6812.0723 57.37252 1029.5004 193.37842 61.09666
6458.5903 55.13396 1028.3267 111.31433 57.81812
6744.979 47.74063 1030.8296 158.60999 58.65578
6951.8276 47.18692 1065.8499 144.75806 65.28843
6745.5815 60.03695 931.76843 257.28943 57.75995
6665.26 44.4066 1072.5582 66.22266 70.59364
6722.7485 57.66101 974.3038 239.23871 57.75995
6971.936 63.11359 1083.9734 126.158936 69.49595
6848.7095 44.4066 1033.3655 177.99219 59.20862
6317.2397 36.02155 955.37054 138.85345 54.36641
6279.3657 36.02155 969.3983 126.908936 54.36641
6437.195 55.90015 1007.98975 109.22595 63.05764
6849.8105 47.18692 1046.3011 178.52954 59.84526
6754.4224 52.61756 1076.8618 131.96118 58.85069
6632.981 57.51766 1001.73975 184.49902 57.75995
6506.6196 51.52621 948.8307 271.83057 53.89002
6570.7344 43.29747 908.68256 270.13593 53.478
6873.7046 34.30858 1088.4366 99.80994 64.62117
6529.147 43.29747 910.765 273.17664 53.478
6567.5327 37.02857 902.59814 297.15588 53.1035
6747.1406 47.87917 1054.0256 105.04663 69.25024
6530.608 47.54001 854.45386 348.25793 53.1035
6489.725 52.25391 906.7506 318.15063 53.1035
6392.6787 52.40744 873.85736 294.78156 52.81433
6479.6963 47.87917 881.95966 297.6363 53.1035
6877.1494 63.07981 1081.316 130.77283 63.51992
6738.8516 53.79684 1043.9287 146.62317 63.29283
6724.5522 39.63217 1086.3954 84.213745 67.2597
6741.3296 39.63217 1082.3057 84.2666 63.18133
6722.9453 39.63217 1085.9122 105.816284 60.73545
6740.3994 26.64654 1079.6543 102.07324 60.73545
6439.209 55.6672 948.4214 208.45105 54.79729
6424.8267 55.6672 956.0363 213.52094 54.79729
6720.855 43.29747 1096.8422 49.240112 66.71399
6654.415 49.1285 1072.424 82.88269 69.7771
6644.8545 49.1285 1064.7178 78.70093 69.7771
6746.087 32.67483 1040.0101 150.6947 57.75995
6748.967 34.0967 1049.0748 176.31226 57.37252
6661.8486 52.61756 1048.4128 101.18567 70.20825
5927.0034 34.95045 884.2435 262.98474 51.05185
6706.4355 52.61756 1084.1892 85.25366 74.43851
6730.591 34.0967 979.6259 214.00397 55.70134
6258.179 56.81541 923.8677 232.89233 54.37498
6300.2163 54.58033 944.7866 210.79199 53.79684
6449.8506 48.27776 985.0075 163.21674 55.13396
6052.0347 56.16613 921.20764 137.22473 54.66814
6213.6816 54.58033 949.2132 193.39215 53.79684
5874.829 30.08806 946.5691 64.94141 59.81536
5719.6406 52.33474 868.4528 170.07623 51.05185
6459.275 43.27327 969.33923 216.0116 53.86747
6742.578 47.54001 1073.8542 100.88086 64.28838
5721.637 52.33474 865.8409 173.3382 52.33474
5686.552 53.27932 867.67596 164.5174 51.05185
6490.145 49.33981 985.38806 182.51709 55.00199
6250.517 56.81541 985.8664 104.550964 56.46078
5761.163 45.36795 920.987 74.79718 52.77459
6798.6377 19.55452 1075.6244 94.66174 63.11359
6404.3286 49.33981 989.8146 166.33093 55.00199
6383.043 50.52188 946.53723 231.22742 53.6649
6153.998 39.90556 972.61694 109.82324 54.07242
6237.1187 53.53115 944.3245 207.11945 53.77519
5994.532 53.53987 906.5927 200.03558 52.12299
6271.4126 27.11776 1004.6043 99.01373 55.6672
6492.0815 47.77325 968.872 250.96393 54.32402
6517.532 37.02857 966.7559 222.51996 54.32402
6484.8374 37.02857 950.9258 210.96582 54.32402
6531.4834 39.4376 952.17584 233.05426 53.93039
6545.599 52.79583 1016.878 196.66486 55.72735
6511.225 50.63661 966.6898 248.39758 54.32402
6601.837 52.79583 1015.5591 197.5625 55.72735
6446.8228 47.87917 967.85736 227.09454 54.32402
6452.582 44.34787 963.1973 203.49725 53.59238
6377.744 47.76096 974.8098 206.87146 53.59238
6044.2773 53.53987 913.8603 201.10785 52.12299
6059.3037 53.53987 922.9754 194.67767 52.29298
5386.5 37.92115 807.0752 198.44885 49.56928
6323.635 33.14244 1013.4837 91.02045 57.98466
6791.371 26.64654 1088.2577 99.3772 65.74827
6227.1963 39.90556 978.0234 115.65668 54.07242
6724.2686 26.64654 1071.4412 111.357056 60.72734
6589.6973 56.81541 1028.5381 138.60388 57.42746
6204.3457 44.39116 991.8783 91.37073 57.36559
6234.256 44.4066 999.4489 88.64703 57.98466
6244.4375 44.4066 998.38434 88.04706 57.98466
6128.256 38.0459 991.43787 54.9657 60.03948
6329.823 19.55452 1014.02966 81.28259 58.73518
6328.172 58.34188 882.86145 317.43982 55.13396
6243.2124 51.83669 930.631 188.55469 52.79583
6023.7495 51.05185 959.87524 95.28418 55.91177
6633.1655 26.64654 1046.7415 111.79248 58.65578
6682.591 26.64654 1066.277 105.79602 59.84526
6259.981 34.0967 984.0815 126.306335 54.79729
6670.306 19.55452 1025.4797 152.62292 57.20359
6407.476 57.51766 994.92566 138.82166 56.06667
6796.997 52.25391 1048.0117 152.62 62.99713
6216.2563 51.41435 898.64355 268.1776 52.28773
6251.2314 51.41435 902.5487 269.9652 52.28773
6762.039 52.25391 1047.2217 141.8866 62.99713
6470.085 58.57526 977.5638 172.37921 55.75961
6245.5493 20.00563 980.5339 124.28412 54.86895
6174.073 51.05185 970.2763 113.53888 55.91916
6881.9116 47.87917 1065.3916 163.8269 61.89501
6893.704 48.9174 1063.9252 161.66003 62.62568
6550.42 47.62929 1007.3766 163.401 55.72735
6244.82 20.00563 979.80566 116.1593 54.86895
6534.567 50.63661 1031.3472 143.6748 57.42746
6819.213 48.9174 1061.9574 118.849976 62.62568
6597.371 50.63661 1033.4161 160.4707 57.42746
6642.0713 50.63661 1039.4816 167.44861 58.57526
6628.7485 47.74063 1043.683 169.57092 58.57526
5953.583 52.41034 954.4825 103.99994 55.33995
6619.8276 43.27327 1051.598 136.1305 58.57526
6390.948 47.74063 921.1547 246.61627 52.79721
6955.5083 44.4066 1085.4722 133.39941 74.43851
6687.7944 43.02202 1040.4136 128.77417 57.40421
6711.6484 62.92336 1007.2781 169.69202 61.31929
6684.4883 62.92336 1003.271 161.79053 62.62568
6704.864 43.02202 1057.483 126.698 57.84421
6358.2866 52.45424 945.669 229.01337 52.79721
6567.3687 35.2795 1043.3859 130.60486 55.90015
6602.1147 35.2795 1015.3504 174.07831 55.90015
6294.5107 51.83669 936.541 201.66089 52.79583
6430.745 52.87331 997.7706 169.05591 54.86895
6547.35 55.90015 1014.79205 160.60944 56.84732
6560.3867 55.90015 1007.77594 159.03143 56.60441
6424.474 44.34543 926.77563 216.57959 52.79721
6590.4404 35.2795 1017.3664 179.03973 55.83956
6485.666 44.34787 1000.5651 167.04132 55.13396
6379.272 32.08496 993.9744 132.69708 55.44438
6583.7456 39.29473 903.0421 309.9746 53.77519
6583.566 43.27327 932.21 234.68768 53.89002
6411.402 43.99275 942.86273 198.42657 52.79721
6742.505 43.02202 1055.9899 138.5476 57.84421
6958.9263 47.54001 1114.2157 95.7218 78.03265
6853.2046 47.54001 1085.103 121.02637 63.87067
6621.4146 24.83442 920.2794 254.22205 53.89002
6564.141 35.6964 945.18774 246.74329 53.89002
6772.488 43.02202 1065.9694 109.361206 60.22829
6492.499 35.6964 951.2328 236.47058 53.89002
6615.368 37.02857 941.0596 249.76147 53.89002
6719.0654 43.02202 1078.6747 93.53162 60.22829
6747.705 43.02202 1086.3892 114.47266 60.22829
6901.3413 43.02202 1121.4703 97.78125 67.2597
6554.4077 55.53109 979.39404 205.68433 55.79691
6762.7505 43.02202 1083.7968 85.17041 63.87067
6815.5317 44.31553 1098.8218 97.89673 67.2597
6701.996 55.90015 1035.7017 149.82422 60.23899
5880.9146 52.41034 940.2351 91.43457 55.6672
5953.582 52.41034 954.4824 103.99988 55.33995
6925.719 50.63661 1094.0654 115.38452 66.70453
6053.7676 52.41034 963.682 107.85474 54.44818
6577.536 53.77519 927.12164 294.70624 57.20359
6953.026 50.63661 1098.6007 116.81262 66.70453
6533.074 47.76096 1036.0728 136.73572 56.73611
6685.2515 58.57526 1018.95667 161.41943 59.15611
5933.557 52.41034 946.4132 104.23767 54.44818
6626.7124 53.77519 938.6508 307.18146 57.20359
6368.6196 33.14244 1022.45795 91.20758 58.22231
5870.081 52.41034 941.61237 87.38519 55.6672
6696.9487 56.60441 1032.8679 160.5166 61.44586
6908.5723 44.4066 1088.0353 115.910645 61.0541
6376.465 33.14244 1021.6756 83.73566 58.85069
6944.5186 43.02202 1112.8427 89.01807 73.82565
6931.8535 43.02202 1103.2964 153.70166 65.55874
6993.7446 43.02202 1084.223 151.18481 65.55874
5937.929 52.88475 919.5597 124.28772 55.61841
6337.021 33.14244 1024.7754 83.80798 58.85069
6340.7173 24.83442 1029.3352 63.685913 58.85069
6960.811 35.6964 1095.7158 133.93591 64.28429
6597.586 47.76096 1039.1295 142.39014 56.73611
6025.1333 38.71996 946.4103 111.65527 53.88631
6616.6504 47.76096 1030.5833 157.32764 56.79358
6583.7285 37.02857 1006.2049 167.22162 55.72735
6455.448 33.14244 1021.7841 79.36139 61.58285
6615.148 50.33316 1016.0063 176.08649 55.72735
6770.9346 50.63661 1031.961 174.44348 58.65578
6503.032 47.62929 1008.0957 122.38513 57.36559
7007.1016 35.6964 1113.3555 94.293945 68.02489
6899.685 35.6964 1093.8934 102.95801 63.53083
6180.5903 55.73018 950.1282 164.50879 53.25053
6839.461 43.02202 1086.4377 88.96106 65.04
5958.487 52.77459 954.7569 97.233826 55.6672
6847.2397 43.02202 1097.309 78.77673 71.41825
6476.5215 38.20188 1005.9333 150.81268 54.86895
6493.5415 43.01435 1036.8097 158.35754 55.83956
5808.4004 34.52555 927.8241 99.47217 54.87546
6448.9893 39.45048 999.7052 155.04663 54.86895
6508.7876 63.99561 965.5784 252.45416 58.57526
6840.1406 44.31553 1096.8275 103.12683 66.71399
6342.585 63.99561 956.7153 238.4383 57.20359
5791.105 44.31553 927.74115 90.08844 54.87546
6444.326 49.02569 1025.2275 175.4226 55.6672
6593.696 63.99561 970.55707 245.8924 59.07154
6751.892 63.99561 987.9456 248.11041 59.07154
6477.565 49.02569 1027.7006 181.1875 55.6672
6555.0977 60.63562 846.5835 395.08618 55.6672
6554.767 47.74063 1026.0754 194.78113 55.6672
6602.9614 47.74063 1020.89984 228.4029 55.6672
6493.6157 56.21327 1023.6068 114.67114 61.63964
6606.123 51.18311 1026.971 128.61133 57.51766
6629.7783 56.60441 1028.411 164.57031 57.37252
6572.491 61.53574 1026.6964 127.01123 57.37252
6602.353 52.79583 1009.4924 214.42511 55.6672
6662.214 61.53574 1037.5378 123.34631 59.23911
6785.668 44.31553 1098.1936 87.81531 62.40524
6299.3027 38.63698 976.80096 136.35822 53.77519
6240.98 59.07284 1000.9985 110.51752 59.07284
6565.7407 63.67736 1008.43274 209.3346 56.79358
6792.196 26.33491 1088.3759 109.90466 62.40524
6518.5283 62.80075 998.16296 195.77856 55.6672
6849.344 37.02857 1068.5566 109.71069 62.40524
6623.458 47.54001 1045.7549 156.03223 58.57526
6583.289 47.54001 1032.2104 169.3269 56.39807
6661.894 61.53574 988.7817 171.80536 57.37252
5774.3413 52.25391 922.89557 80.820496 58.37429
6589.8076 61.53574 982.3749 170.16638 57.37252
6641.625 61.53574 1034.191 121.03491 59.23911
6647.831 61.53574 1033.608 120.848755 59.23911
6556.129 52.41034 1059.6704 68.09436 71.75521
6632.392 57.51766 1027.1005 169.22131 57.81812
6686.85 55.90015 1044.2369 150.11804 63.07981
6513.126 47.54001 1034.9202 155.3894 56.39807
6461.0835 41.25885 1007.2485 109.44 57.20359
6545.7886 47.54001 1032.9235 138.17908 56.39807
6625.217 47.54001 1057.8063 105.087524 60.84615
6572.625 62.80075 1001.0663 207.04309 58.47508
6622.99 63.67736 1011.336 203.99713 58.68788
6731.6724 56.81541 1023.756 140.20361 63.11359
5973.8447 46.74719 955.31836 101.46423 54.37498
6441.5967 57.66101 934.63605 238.23553 53.59465
6578.4565 59.17571 999.3641 236.31976 57.81812
6828.61 47.54001 1033.417 161.24622 63.11359
6455.7056 33.14784 977.0778 239.30011 54.07242
6679.8647 45.3786 1073.6013 114.51831 60.84615
6510.4194 33.14784 955.7827 248.36267 54.07242
6684.0767 56.81541 1044.454 152.46204 63.07981
6008.7656 30.08806 961.88837 74.46112 54.37498
6651.7363 56.81541 1043.9534 120.66809 64.62984
6811.8896 47.54001 1093.4895 112.13696 61.54085
6503.2803 33.14784 942.4211 232.73846 54.07242
6644.8457 56.60441 1058.3657 104.52246 78.829
6649.6226 56.60441 1041.6526 113.655396 78.829
6239.6143 58.73518 1002.4665 91.61896 72.78552
6140.2783 57.51766 983.65045 78.237854 72.78552
6686.3115 48.9174 1058.579 100.486694 61.54085
6778.811 56.60441 1051.3136 172.98242 63.07981
6895.233 57.95742 1057.4407 155.74976 68.10639
6786.2085 56.81541 1050.0923 185.70703 63.07981
6859.1157 57.20359 1021.32367 205.31732 62.74834
6043.643 49.41675 967.26685 76.99426 58.73518
6022.0674 30.08806 973.1138 80.04883 54.37498
6205.5664 57.51766 990.3375 93.77869 59.07284
6991.6694 52.61756 1077.4962 151.30933 63.51992
6926.82 52.61756 1085.3341 138.25195 63.51992
6025.5376 30.08806 966.09 82.065125 55.61841
6656.4507 48.9174 1056.3511 103.58008 60.72734
6136.1436 56.39807 981.57477 89.072815 63.50991
6033.276 30.08806 969.5592 89.65039 55.61841
6776.776 47.54001 1081.532 119.87952 60.84615
6745.1016 56.81541 1052.8259 176.96301 63.07981
6887.785 52.61756 1046.2986 179.73157 62.80075
6830.384 43.29747 1101.4767 102.02295 64.66654
5599.2617 49.41675 890.141 85.295654 53.27499
6134.6934 50.35661 956.3897 126.01471 55.53109
6042.052 30.08806 969.4166 90.26697 55.61841
6706.577 43.29747 1066.799 110.15869 60.84615
6787.0757 43.29747 1073.364 106.92468 61.54085
6821.3994 60.03695 1047.9956 172.98828 63.07981
6698.551 63.37003 1028.1041 195.64551 58.53434
6736.545 63.37003 1036.2914 178.7384 63.87067
6709.681 43.29747 1027.2311 148.85999 58.12392
6800.909 62.80075 1027.6559 180.30493 63.07981
5607.859 49.41675 873.17114 105.10596 52.35755
6871.2393 52.61756 1068.6938 188.58203 63.07981
6342.136 52.79583 924.3166 211.69904 54.07242
6516.2764 58.19852 995.2325 190.5268 55.6672
6279.087 51.52621 1000.8115 112.27539 55.98789
6309.387 52.7086 951.3412 196.35364 54.08098
6879.701 52.61756 1056.2346 184.45251 63.11359
6947.429 52.61756 1101.7053 137.62854 64.00818
6868.435 53.53115 1039.0919 163.95007 63.11359
6189.8228 30.08806 988.3843 76.88013 56.04556
6172.2915 51.52621 991.6037 78.68219 61.20333
6283.531 51.52621 1004.20197 117.53485 55.98789
6507.3027 57.66101 929.03796 239.54309 53.59238
6373.7275 52.39294 999.4552 115.25635 56.81541
6844.2144 38.0459 1061.0988 143.69617 60.03695
6839.591 53.53115 1056.4749 166.25256 60.03695
6202.5005 30.08806 988.28595 89.65485 56.04556
6783.9067 61.09666 1014.66223 236.99304 61.79756
6505.7305 43.29747 904.08765 237.48889 53.28526
6760.039 61.09666 1014.30035 232.69122 63.05764
6526.4023 43.29747 907.163 250.9815 53.28526
6740.198 56.81541 1046.7283 169.06116 59.17234
6780.7637 56.81541 1043.5521 180.13037 59.17234
6652.957 56.81541 1039.4124 165.4513 59.17234
6507.0903 32.08496 929.35205 227.05908 53.89002
6890.843 61.88343 1051.2305 167.7876 63.29283
6527.2485 52.25391 931.6931 238.84839 53.89002
6070.7397 32.52272 966.24457 87.89264 54.37498
6499.6333 52.25391 938.82605 251.48242 53.89002
6350.602 55.73018 954.63586 165.5039 55.29238
6811.731 54.04918 1031.4453 190.54248 62.80075
6854.446 53.32561 1074.159 145.38464 63.20523
5907.1406 32.81215 928.7019 105.376465 53.81122
6093.0625 24.83442 970.633 95.92853 54.45232
6566.576 46.58046 939.6391 286.72003 53.89002
6377.066 50.63661 973.04724 152.69336 55.29238
6800.679 52.79583 1093.1631 160.05725 64.62117
6430.8135 58.19852 999.0201 188.06586 55.6672
6876.8145 52.79583 1078.2401 167.17029 63.20523
6047.925 32.52272 958.72034 87.16174 54.37498
6800.5747 52.41034 1033.6655 166.05261 63.07981
6669.9766 46.58046 899.27344 304.8888 53.28526
5982.315 34.6991 950.49084 89.314575 55.90015
5965.2466 34.6991 953.7994 98.55072 55.44438
5898.0835 34.6991 945.03424 71.568726 58.19852
6685.1006 61.42757 1022.9727 170.41888 57.95742
5899.8804 30.59833 956.09607 65.71033 57.37252
5890.073 41.90671 950.3034 77.179504 58.68069
6696.427 46.58046 901.94586 288.90704 56.73611
5949.8813 29.70826 958.422 73.20337 57.37252
6648.832 52.40744 908.4444 305.27557 56.81541
6746.823 61.42757 1031.4349 166.75403 58.90936
6842.9224 52.79583 1076.5016 124.692505 64.09595
6251.258 58.19852 975.63885 139.28937 55.6672
6517.2812 52.40744 888.60297 279.502 53.28526
6344.532 58.19852 981.9834 158.87073 55.6672
6358.294 39.07866 939.45825 187.87268 52.77489
6670.149 52.79583 1028.4214 166.71631 58.68069
6240.1284 55.73018 959.6471 178.3064 54.7565
6635.408 57.51766 1033.7958 147.65259 59.17234
5776.9653 41.90671 914.37177 69.55878 58.68069
6426.8574 43.27327 1023.5501 103.77789 56.81541
6544.12 56.52375 1008.33386 154.96484 56.87085
6418.795 53.37204 889.5676 276.67175 53.28526
6534.3003 54.37498 1033.6995 147.24731 57.51766
6736.486 57.95742 1026.3314 149.07825 63.16225
6401.0874 38.63698 969.4514 203.46411 53.50289
6366.9546 44.34787 958.00793 173.43579 53.53115
6400.2646 44.34787 957.6258 186.79254 53.6649
5911.902 29.70826 961.40515 63.891235 57.37252
6021.0464 32.81215 941.15247 110.41492 53.08484
6457.907 46.58046 970.64453 197.37085 53.6649
6627.891 57.95742 1023.43066 150.24878 58.19852
6355.0625 49.1305 1009.0325 101.99475 54.9494
6413.905 46.58046 965.50684 195.15161 53.6649
6967.6934 45.48005 1025.4122 209.43127 63.17007
7008.6646 26.64654 1084.7244 159.91772 61.54085
7001.2085 32.08496 1077.2672 161.91675 64.62117
6404.451 46.58046 958.9038 192.30103 53.6649
6275.61 54.87546 923.6378 207.9491 53.59238
7068.2524 43.02202 1124.8613 103.83032 65.6203
5931.046 29.70826 951.6509 68.550415 55.44438
6190.5415 59.51512 950.4972 205.54114 54.7565
6627.56 53.32561 1011.4002 153.30353 57.42746
6560.242 57.95742 990.1151 197.17871 56.60591
6317.6265 55.73018 967.27814 187.4732 54.7565
7015.4883 47.27172 1072.9441 182.2998 64.66654
7071.1704 43.02202 1089.6648 166.23083 64.66654
7089.124 43.02202 1083.71 197.06262 65.6203
6962.7793 43.02202 1094.2253 149.65662 64.66654
6491.2163 57.95742 990.3087 181.65515 56.60591
6261.3545 57.95742 939.60175 223.39813 54.94806
6298.7427 55.73018 944.2704 218.70154 53.73738
5858.284 30.59833 947.4386 71.118835 55.44438
7025.7954 43.02202 1074.7745 140.59802 64.66654
6676.502 50.62144 1011.98883 149.2652 57.42746
6152.0596 45.3786 980.8954 101.230835 54.04918
5744.2866 37.41382 923.36005 66.60596 58.68069
6986.1084 43.29747 1096.1525 123.43115 66.71399
6899.441 43.29747 1102.737 130.02234 66.71399
6847.1143 52.25391 1099.7306 122.63696 63.57337
5879.581 41.1458 940.61835 75.87854 55.44438
7021.693 47.74063 1054.7827 218.05347 64.66654
7077.658 47.74063 1092.1862 172.35425 64.97086
7055.2173 19.55452 1069.745 153.77185 64.97086
6813.286 51.52621 1081.3057 113.02063 63.51992
6744.0166 51.52621 1086.2612 111.34668 64.62117
6708.2593 51.19741 1075.2379 108.35596 74.4536
7060.185 44.4066 1081.0552 166.71838 74.43851
6650.8228 50.62144 986.30963 179.07489 57.20359
7048.2954 47.74063 1069.1638 161.93677 69.69477
6109.598 47.89979 966.2405 134.03174 54.04918
5743.9404 38.20922 925.9817 64.48273 55.98789
7072.084 43.02202 1066.6697 157.5 65.28843
7097.0264 26.33491 1111.554 149.92688 68.80523
7005.5557 26.33491 1097.1066 136.11475 64.97086
7012.403 43.29747 1098.4376 131.82776 66.71399
6952.6865 43.29747 1098.718 143.06421 76.21087
6134.5767 47.74063 980.4241 103.583374 54.04918
6975.9116 26.33491 1097.9987 132.83215 64.97086
6408.622 63.16225 991.48517 168.11627 57.20359
6945.2686 47.74063 1091.2988 129.19153 66.31194
6214.0615 47.74063 979.5201 112.22919 54.04918
6086.959 30.08806 967.72546 92.70874 53.48249
5724.8315 36.15758 927.81177 60.600952 55.98789
6193.669 41.44337 982.20874 115.37537 54.04918
6643.5312 53.32561 993.3258 173.37976 57.20359
6315.1343 60.73545 974.7929 147.80927 56.46078
6913.5674 32.08496 1065.0576 158.02002 62.74834
6810.6953 50.35661 1042.2332 159.2378 57.20359
6490.1313 53.37204 878.63696 299.2295 53.28526
6068.0156 32.81215 943.17334 123.92078 52.39294
6334.646 57.95742 948.91724 229.4126 54.94806
6366.042 57.95742 944.0006 248.57349 54.94806
6166.538 30.08806 968.37476 116.03638 53.48249
6859.1694 47.74063 1070.9304 138.5636 63.29283
6736.538 47.74063 1061.1399 137.15637 58.65578
6417.836 51.52621 985.69336 163.89636 53.77057
6676.506 44.31553 1059.8154 126.20911 59.06736
6725.2256 52.79583 1045.1567 153.67322 63.05764
6551.8477 53.32561 996.60425 158.83386 55.98789
6656.1562 55.8184 902.8892 290.45245 56.73611
6613.894 53.32561 1031.2281 134.36267 56.00075
6562.2363 53.32561 1029.9512 126.70715 56.00075
6500.271 54.37498 974.62274 189.59418 55.75961
6469.588 53.32561 972.1494 176.46582 55.07387
6279.753 57.55273 979.1353 149.99237 56.46078
5975.9688 44.67881 934.4195 106.85809 52.39294
5743.234 35.54458 933.9388 44.218323 64.73667
6444.9146 51.52621 980.2808 165.6568 54.9494
6469.964 52.25391 959.552 199.86084 54.9494
6090.213 47.74063 986.0399 85.87622 57.84421
6478.3306 52.25391 962.87427 200.50024 53.77057
6264.309 56.07936 922.2351 215.50317 53.59238
6404.8286 52.25391 951.3635 193.98486 53.77057
5661.717 19.0372 926.5188 42.7771 61.66431
5692.6416 36.15758 920.85077 54.963806 55.98789
6313.5093 39.29473 987.57886 141.54407 52.84988
6344.545 53.32561 963.86523 169.36243 55.00199
6383.0225 32.08496 1000.0043 144.53235 54.37498
6342.4717 51.70642 986.9622 149.46136 52.79583
6850.98 43.24795 1007.93646 233.04059 60.23899
5720.7974 38.20922 931.8336 46.032593 58.62723
5720.251 38.20922 934.72833 52.936523 58.25325
6418.3877 47.74063 999.8509 151.98627 54.37498
6433.364 34.30858 971.3274 188.50305 52.79583
6335.0615 47.76096 984.5348 142.60657 52.79583
6638.8926 53.77519 907.7782 282.5758 56.73611
6675.3916 44.31553 1062.2751 121.14111 59.06736
6700.5645 47.74063 1054.7874 131.86304 58.79998
6086.522 50.50341 968.82947 116.86096 52.79583
6250.8735 47.76096 978.47284 135.74347 53.63053
6379.6265 47.77325 980.92975 150.68817 55.13396
6490.846 47.77325 1020.7583 125.551025 57.20359
6372.336 47.77325 1019.0298 123.90747 56.00075
6261.575 42.37805 994.50336 125.60602 54.86895
6968.055 43.02202 1056.8208 167.08289 61.89501
6931.1396 40.16531 1054.7716 163.42249 61.89501
6863.9346 26.64654 1065.4319 146.80457 60.03695
5802.8784 26.33491 946.9258 38.596558 70.49271
6249.439 51.70642 963.8851 131.0943 52.79583
6196.1514 35.6964 967.2224 134.75952 52.7086
6269.217 58.12555 993.535 110.77875 65.25851
6352.211 45.90413 973.4105 169.38489 52.77489
6277.47 47.74063 1007.0366 133.28784 52.77489
6574.4355 53.77519 916.24493 285.19647 56.73611
6246.137 60.87269 989.23914 126.25464 55.75961
6624.4595 43.29747 1045.9026 120.62085 58.65578
6683.1357 43.29747 1053.825 121.94177 58.65578
6209.1816 60.87269 990.4898 118.39215 55.75961
6368.08 63.87067 1009.99677 139.39142 73.74339
7039.7207 19.55452 1072.2885 163.89758 63.11359
6596.825 45.36795 1030.4025 129.9508 56.00075
6268.4834 47.74063 968.98 204.58118 52.7086
6153.523 47.74063 969.2551 136.09058 52.20088
6257.736 47.74063 987.3026 93.927734 57.84421
7071.445 19.55452 1084.5238 160.00977 64.66654
6207.6606 61.29035 976.6697 161.02466 55.6672
7094.649 24.83442 1107.7279 136.91101 68.72882
6170.063 53.48249 961.8279 129.2815 53.27499
7001.6797 24.83442 1077.4534 147.8855 64.66654
6151.8955 44.84552 961.49304 113.35657 52.77489
6934.733 24.83442 1084.2793 120.576294 64.66654
6360.397 46.58046 940.8958 217.84308 52.5117
6287.707 52.25391 945.3761 226.22852 52.5117
5992.7197 32.81215 947.50366 104.35681 53.93039
5772.5117 18.85085 940.3254 45.589478 68.72882
6244.405 52.25391 942.36584 223.08862 52.46244
6980.047 24.83442 1098.5253 142.71411 64.66654
6973.157 24.83442 1091.6364 141.43762 64.66654
6074.176 55.27036 939.7729 139.1972 52.39294
6212.6113 47.74063 988.5993 110.40033 54.52553
6711.4526 43.29747 1057.8938 111.47742 59.44316
6923.7515 34.30858 1088.73 121.17822 64.66654
6682.6978 47.77325 1046.8661 141.66016 58.65578
6711.8965 47.77325 1043.8834 149.43555 58.65578
6017.05 32.81215 961.5996 87.597534 55.90015
6208.766 42.37805 1003.5225 101.95026 54.86895
6192.198 47.74063 973.69214 124.80249 52.88475
6233.917 47.74063 981.4307 128.69037 53.77057
6222.297 42.37805 1001.53125 109.73425 54.86895
6037.727 43.63696 878.21387 245.92932 50.88781
6194.27 50.04527 942.71497 177.08765 51.52621
6225.742 61.20333 947.59406 150.88971 52.39294
6248.157 47.87917 934.0959 183.60443 52.20088
6239.319 53.48249 957.2706 131.89551 52.39294
6260.338 53.32561 966.20074 137.30011 55.61841
6278.016 47.74063 971.9516 128.857 54.79729
6077.8066 51.59057 936.4941 187.2326 51.59057
6777.7935 43.02202 1060.1466 156.17957 58.65578
6213.4404 53.32561 960.5289 129.31818 54.36641
6244.627 53.32561 969.1799 151.49664 55.27036
6836.828 43.02202 1079.5254 120.58655 58.68788
6739.636 50.63661 1054.5905 124.88977 58.68788
6668.334 43.29747 1074.5284 88.252075 58.68788
6311.1543 45.36795 1005.7169 89.68555 58.19852
6292.228 52.01514 945.7292 181.35358 54.52553
6679.208 46.58046 1031.6082 158.42236 58.57526
6269.739 49.1285 970.02795 132.0398 54.36641
6692.984 53.79684 1070.5845 106.855835 59.3513
6289.074 47.77325 1000.2458 95.14996 56.27516
6153.905 49.41675 961.55743 125.835266 54.36641
6247.965 52.79583 936.2823 188.95331 54.52553
6306.49 47.77325 1005.65485 97.83014 56.04556
6647.7983 55.13396 1036.4448 141.04431 58.68788
6475.945 55.13396 1005.6372 121.13037 57.51766
6293.5957 52.79583 949.26196 211.21997 54.52553
6411.1885 44.4066 1027.6086 94.24744 56.04556
6037.636 47.74063 965.86 90.77942 55.90015
6635.149 46.58046 1035.4423 136.56665 57.75848
6533.578 55.13396 1030.3014 107.972534 58.68788
6239.501 52.79583 955.77997 199.79388 54.52553
6478.6016 44.4066 1022.25464 121.9281 57.51766
6154.088 49.41675 968.7108 126.5863 55.66837
6413.918 55.13396 1017.98224 89.041565 59.3513
6189.9043 52.25391 962.86444 184.28094 54.52553
6171.235 43.29747 934.20123 169.96674 52.25391
6368.085 55.13396 1003.65985 99.71417 57.51766
6380.974 55.65229 1025.4788 104.27991 58.57526
6425.554 55.65229 1006.166 116.15857 58.57526
6205.825 49.41675 981.2134 127.78772 55.66837
6205.4414 43.29747 933.4065 169.54175 52.25391
6497.328 26.16173 1035.0731 97.467285 56.04556
6227.3447 43.29747 971.02795 121.98535 54.52553
6273.6255 38.50861 945.9124 200.31793 52.25391
6476.593 29.70826 1037.0643 88.39636 56.04556
6491.3223 28.56982 1049.2257 65.0166 62.19352
6253.0903 38.50861 925.3762 210.43604 51.70642
6273.9277 43.29747 963.9435 133.18127 54.52553
6320.657 43.29747 967.82465 137.58685 54.52553
6280.1606 43.29747 968.0344 133.4508 54.52553
6502.245 26.64654 1034.219 88.846924 58.19852
6313.051 43.29747 973.3903 131.81476 54.79729
6240.384 43.29747 976.0736 133.09619 54.52553
6238.4336 35.2795 970.9591 128.02466 54.79729
6416.8154 26.64654 1020.85944 99.84332 55.6672
6034.9673 52.77489 910.2663 205.7862 51.70642
6054.3726 52.77489 912.23456 216.6607 51.70642
6254.745 52.77489 951.6413 190.02924 54.45232
6108.599 52.77489 904.1401 229.445 52.25391
6197.3574 50.63661 935.25446 179.48529 52.25391
6154.0884 49.41675 968.7109 126.586365 55.66837
6406.505 38.50861 945.4267 200.08612 52.25391
6443.553 26.64654 1022.9015 110.27905 55.6672
6269.4233 50.63661 971.88745 160.24048 52.77489
6452.3955 26.64654 1012.2653 148.46844 54.943
6668.7466 50.63661 995.3186 218.21521 54.943
6410.137 50.63661 927.70013 266.22882 52.79583
6392.0537 50.63661 911.02454 258.90027 53.40034
6378.434 50.63661 935.2564 260.18488 53.40034
6502.75 40.16531 1008.5935 138.67493 54.943
6570.343 43.29747 1021.3433 148.7154 54.943
6316.276 53.32561 981.43463 136.62762 55.64872
6281.696 53.32561 984.1676 150.88696 55.29238
6502.2886 26.64654 1041.9825 127.933716 55.6672
6528.804 26.64654 1033.2979 110.816895 55.6672
6340.7563 50.63661 917.1291 260.74896 52.28773
6294.1235 50.63661 918.16565 268.432 52.28773
6049.9185 50.63661 919.039 185.3565 51.90198
6186.918 55.13396 955.70605 160.3949 55.29238
6251.4756 43.28073 910.032 233.91846 52.28773
6248.376 43.28073 914.2202 238.3722 52.28773
6255.714 41.46089 919.6387 243.02454 52.28773
6540.198 43.29747 1019.35535 142.281 55.6672
6285.1294 41.46089 927.7724 264.30756 52.28773
6650.971 44.4066 1020.63806 182.80432 55.6672
6494.038 47.74063 990.40015 192.9148 54.94085
6180.4395 41.46089 943.3769 176.57953 52.34418
6205.5986 41.46089 943.4334 182.61346 52.28773
6190.9673 41.46089 948.0028 202.10156 52.34418
6521.72 47.74063 1028.0663 177.75598 55.6672
6298.021 41.46089 947.22687 203.34698 52.34418
6241.3193 41.46089 967.4384 203.09149 52.34418
6246.593 32.26907 957.38055 167.81598 51.90198
6085.569 44.90975 935.2081 169.7345 51.52621
6126.5054 44.4066 944.91016 211.79419 51.90198
6112.224 47.74063 946.9935 159.07996 51.90198
6020.2065 47.74063 919.00336 177.27936 51.41435
6559.7593 47.74063 973.1917 186.88068 55.13396
5915.8486 40.51479 908.7178 165.78845 51.41435
6493.428 47.74063 1021.3393 137.05048 55.6672
5982.913 47.76096 922.49634 166.4497 51.41435
5884.3916 47.76096 913.442 156.73889 51.41435
6420.863 55.90015 998.05383 160.67871 55.6672
6371.7344 53.6649 1004.1684 165.19745 55.6672
5908.2544 51.19741 892.2522 199.65723 50.21677
6283.8037 53.6649 993.0981 144.05707 55.6672
5825.095 41.39119 882.3878 194.15894 50.21677
5826.8438 24.56882 891.68524 195.56158 50.21677
6144.8013 53.6649 970.86615 108.66998 55.6672
6289.65 53.6649 989.50037 153.49976 55.6672
6136.4355 53.6649 973.34344 101.34149 55.6672
6139.1855 53.6649 970.59985 98.45398 55.6672
6146.3867 43.29747 981.93286 82.495605 57.84421
5913.103 51.19741 880.2012 205.3429 50.21677
6164.125 53.6649 980.89417 92.00122 57.84421
6212.223 52.79583 991.6905 87.17853 57.84421
6001.4136 53.84935 893.8776 212.11456 51.52621
5953.706 53.64393 902.97705 177.98328 52.36256
5974.2744 54.01698 917.5179 180.42267 51.52621
6319.9814 38.33417 1025.6499 73.73328 62.17525
6119.943 54.01698 924.8936 206.78107 52.34418
6315.384 52.61756 1014.55927 108.633484 57.36842
6301.63 52.79583 1026.682 46.89917 61.55377
6359.189 52.79583 1011.4486 110.45154 57.36842
6039.5977 54.01698 922.6439 198.44458 52.34418
6196.6016 41.00806 990.6988 72.47797 57.66101
6294.955 43.17371 1011.78864 77.26483 57.36559
5862.6167 54.01698 905.6169 175.80829 51.52621
5832.2803 52.09035 890.78864 166.37494 51.52621
6176.101 51.73278 970.1997 91.6687 57.36559
6143.497 51.73278 973.34595 84.61609 57.36559
6147.1763 52.79583 981.3054 80.20227 60.84615
6206.9805 50.35661 997.1352 80.00726 60.52203
5772.844 52.09035 896.2152 167.39172 51.52621
5614.739 52.09035 881.3112 143.54584 51.52621
6094.3833 50.50341 983.96576 57.260193 60.31166
6056.581 50.50341 979.86835 68.36456 60.03948
5633.4443 55.66837 871.3543 160.95648 51.52621
5799.7544 56.60441 893.7207 194.14783 51.52621
6088.5596 50.50341 976.8796 65.638 60.03948
5874.0625 54.07999 909.9595 179.2334 51.52621
5871.6206 54.07999 912.17535 178.84064 51.52621
5944.3364 50.76307 911.17944 179.11035 51.52621
6160.8784 50.50341 977.0055 93.66345 57.7986
6130.2207 50.50341 984.3349 88.64838 57.7986
5862.224 50.76307 915.87915 134.63928 51.52621
6070.858 50.50341 974.51 85.519775 57.36559
5763.056 50.76307 904.30676 106.81317 51.41435
5745.7764 51.19741 905.83136 105.39093 53.15444
5796.006 37.41382 911.6498 94.59924 53.15444
5720.3013 37.41382 906.3657 87.20679 52.34418
5983.363 50.50341 969.0099 77.438965 57.36559
5715.353 37.41382 901.93506 91.64978 52.29298
6015.401 50.50341 967.2813 77.21124 57.36559
5664.207 51.19741 897.6935 110.58276 52.29298
6037.616 50.50341 972.2086 83.67407 57.36559
5605.1455 51.19741 888.3923 101.745056 52.29298
5662.637 51.19741 893.22235 98.18213 54.52553
5661.682 51.19741 889.6468 101.5567 53.19848
6095.2993 50.50341 980.4091 71.38043 61.42757
6110.9355 52.79583 972.1804 86.01367 56.04556
6221.239 52.79583 972.73724 113.09906 56.04556
6173.871 54.86895 966.2563 113.587585 56.04556
6236.6265 56.81541 973.3393 123.40582 56.04556
6126.01 42.80919 971.41675 81.6178 56.04556
6146.0103 56.04556 988.4204 75.8844 76.19376
6313.7397 56.81541 997.47327 96.96033 60.58987
6283.615 55.53109 1003.2437 85.0827 60.58987
6288.645 55.53109 1006.2155 92.68732 60.28402
6291.5747 56.04556 998.6092 89.92413 60.52203
6614.3564 44.4066 1063.2598 83.62378 63.11359
6616.283 43.27327 1067.9363 74.14966 63.11359
6620.608 32.08496 1072.2013 82.2345 63.11359
6573.279 39.29473 1062.5981 56.60974 63.11359
6582.481 43.27327 1061.1239 70.31946 65.25851
6583.4893 30.41162 1069.4475 63.00415 63.11359
6586.0034 30.41162 1068.1255 62.77527 65.25851
6586.5757 44.4066 1061.2749 72.82507 63.11359
6595.527 56.81541 1056.7964 94.31506 65.25851
6446.223 56.81541 1001.80756 111.39166 63.11359
6550.9 56.81541 1046.5499 75.91492 73.40962
6563.2983 56.81541 1057.8895 114.15564 72.91981
6503.5137 56.81541 1015.34204 118.77026 64.62984
6551.58 56.81541 1054.5273 78.658936 67.59782
6666.008 55.73018 1063.6194 107.62744 67.59782
6603.6187 56.04556 1058.8254 103.59363 65.85149
6617.1685 47.20225 1056.7861 98.33777 63.11359
6668.237 55.13396 1054.0388 118.92297 65.28843
6637.593 55.13396 1063.4567 101.51416 63.87067
6665.3384 55.13396 1051.1395 86.623535 87.22248
6643.105 56.04556 1045.9213 117.67798 65.77544
6610.2295 56.04556 1057.0544 85.4386 63.11359
6600.2104 53.04908 1054.3982 77.59265 63.11359
6549.817 53.04908 1015.0498 130.04504 55.64872
6606.6006 53.04908 1052.3142 95.08923 57.75995
6611.4604 52.79583 1063.0919 85.52051 58.57526
6611.2617 53.04908 1049.8823 101.66113 57.75995
6607.5312 52.79583 1072.2656 81.837036 60.03695
6708.0327 52.79583 1059.6271 113.14172 69.06072
6662.046 52.79583 1065.1262 105.77539 69.06072
