1177.0 0.0 106.0 25.0 1.0
1037.0 1.0 84.0 41.0 0.0
922.0 1.0 78.0 29.0 0.0
1165.0 0.0 104.0 24.0 1.0
1159.0 0.0 105.0 22.0 2.0
1039.0 1.0 87.0 43.0 0.0
1046.0 1.0 83.0 49.0 0.0
1154.0 0.0 105.0 22.0 1.0
989.0 1.0 85.0 34.0 0.0
1155.0 0.0 103.0 22.0 1.0
1081.0 0.0 97.0 29.0 0.0
1072.0 0.0 94.0 28.0 0.0
1014.0 0.0 92.0 17.0 0.0
1000.0 0.0 94.0 12.0 1.0
1065.0 0.0 91.0 27.0 0.0
1054.0 0.0 95.0 28.0 0.0
1143.0 1.0 98.0 34.0 1.0
1057.0 0.0 94.0 25.0 0.0
1050.0 0.0 95.0 24.0 0.0
1036.0 0.0 93.0 23.0 0.0
1113.0 1.0 99.0 21.0 1.0
1032.0 0.0 92.0 21.0 0.0
1139.0 1.0 100.0 30.0 1.0
1133.0 1.0 99.0 26.0 1.0
1051.0 0.0 92.0 23.0 0.0
1143.0 0.0 104.0 21.0 1.0
1119.0 1.0 97.0 23.0 1.0
1129.0 0.0 105.0 16.0 1.0
1131.0 1.0 100.0 24.0 1.0
1131.0 0.0 105.0 17.0 1.0
1134.0 1.0 97.0 29.0 1.0
1112.0 1.0 103.0 19.0 1.0
1145.0 0.0 103.0 21.0 1.0
1137.0 0.0 104.0 17.0 1.0
1127.0 0.0 106.0 18.0 1.0
1121.0 0.0 106.0 14.0 1.0
1111.0 0.0 104.0 13.0 1.0
